0.0481085875332737 0.477415405862254 0.34786067424264 0.4411794569787 0.281982587237106 0.582714334874203 0.170779407185058 0.10327022107682 0.0251698554585674 0.200430893118238 0.011433807055024 0.615821769944365 0.0606636547357676 0.041032200644074 0.452092567033433 0.26698454626314 0.267200133212417 0.258575715417071 0.00267930136275145 0.000929783087763443
0.238688715820725 0.5954777320368 0.580080247906373 0.543719938069796 0.589082013505033 0.264572907544252 0.264768766425605 0.878210029185523 0.790669995827186 0.595574501736284 0.597644639361857 0.919704846924915 0.462254749280552 0.303041281496067 0.368034699617162 0.985198265439131 0.585664159318186 0.712193716149846 0.0279647641860081 0.094424206519463
0.022922298360062 0.382486908465567 0.686242323677974 0.589530713527999 0.012751994372342 0.165255959371937 0.00844867529381922 0.0104189572381638 0.00837683922993513 0.0133523788657287 0.00231850102174819 0.179723260085503 0.0232136937685854 0.0324801549854624 0.161951783861874 0.0146191194604603 0.495544936006186 0.317712839992169 0.000185082784045515 6.5756348885426e-05
0.196217421527527 0.592750043060291 0.71201725717426 0.83824240772559 0.750168078567042 0.678832907533147 0.280435085043967 0.635101412424185 0.581673468784434 0.603677459409721 0.8564471346154 0.743516490714749 0.100908699603516 0.0966768717816553 0.670445631747812 0.953485090544229 0.627836074609945 0.647856861677274 0.337949437488278 0.94989671121374
0.0658357540308188 0.546900112025035 0.425143430011359 0.659608416959049 0.87288283908616 0.651483223357816 0.178828835038791 0.101908386426871 0.0909512627682047 0.119747454581877 0.416079021773747 0.988223251336521 0.224336521594669 0.165493457853965 0.296218297905962 0.86562451370632 0.320084677302745 0.711181604119076 0.990755000990636 3.90895640626758e-06
0.316330059310391 0.596158867856911 0.486377571038372 0.455499580841468 0.311321296589734 0.516768582929667 0.0743445990720128 0.51549127974958 0.783025974590401 0.151443625953935 0.187539442797274 0.966778642913787 0.363997752079318 0.128716706971981 0.59954059217494 0.981320129878264 0.416648076299093 0.722814958880123 0.569331835537721 7.52695618937277e-05
0.0451523708106394 0.536088134269291 0.711121867977557 0.650424266181475 0.0664576275126488 0.272888935159816 0.0149084818433193 0.555972551205055 0.499777033839677 0.151658975184671 0.143724886630445 0.58231656354778 0.10292156972216 0.0585589299171509 0.729045407169543 0.768392729118416 0.672437547625833 0.59345278014797 0.00688767914107047 0.709274571119804
0.338352945149473 0.615661647344875 0.590810208763604 0.558396059730396 0.365816889314085 0.672926325959826 0.068698881468428 0.902999718281052 0.859152917427986 0.404014227888841 0.661485139630447 0.956598302664398 0.351947776075304 0.0490422125945926 0.74933848072173 0.745323489574757 0.429601937202257 0.342258808368857 0.088514165408711 0.997667756035551
0.449155541645122 0.706853626102712 0.428946908541998 0.794695399340544 0.994552994485622 0.574522302053097 0.296743561760285 0.994663855291242 0.791341795021968 0.732473887848765 0.965942381889424 0.998076307047738 0.892015535385678 0.343049735042753 0.920527960010234 0.999383420358866 0.776791364237674 0.604447086584021 0.780683610120027 0.999999
0.0969339363372789 0.61914922453543 0.149134223661985 0.633889654958042 0.0847274508509284 0.436423685347762 0.0632932130871114 0.252726454121739 0.0932517549287253 0.0999752743610984 0.0133671496920854 0.872397254307012 0.139142121361413 0.0788252149751294 0.532037450635309 0.468709419967474 0.255571777860027 0.47586373290125 0.010450577765603 0.95909578978793
0.176116577630026 0.65181880653594 0.469158348225433 0.687675180806922 0.800748405794113 0.305774969573625 0.0419260085258979 0.377532574149404 0.388992350063562 0.613107991706937 0.790645414352518 0.998351798527783 0.410583248295117 0.111872643466274 0.896125465951897 0.970778012592316 0.534494498901437 0.711124320974982 0.451341717834145 0.152527792313655
0.15203708842817 0.534375071432934 0.345318222422028 0.757765289873074 0.519853987695464 0.418839905823767 0.257189051543388 0.233710429708116 0.183190423186881 0.494064209023134 0.101284967184361 0.265431583473112 0.244171483282438 0.157017343031629 0.724481911396258 0.732785883118707 0.447818569914631 0.636365266853421 0.996543703075212 0.835556928220167
0.177076979464098 0.578259660360617 0.783138842157325 0.470544826339563 0.790138899214649 0.162330718866868 0.0696257034233845 0.150579020831523 0.288884780868196 0.257618980010807 0.0829733268042583 0.979853325423582 0.067650035687281 0.0852754799452266 0.672878572165443 0.692890508869669 0.34666718053088 0.512911589787106 0.144291681747448 0.0788085765486859
0.192226960187042 0.609843551572691 0.341267283680368 0.572824006478668 0.532053018252106 0.39427858134674 0.277666091365885 0.754449622424758 0.465179197876404 0.530047469865376 0.903580862109261 0.990335606954971 0.34479288174336 0.285418398766688 0.787247517137453 0.571175618789991 0.684519994904061 0.613495659043643 0.976143530311976 0.470216443905202
0.267792480048593 0.649206180803361 0.911942359883104 0.785243112821188 0.962429300235935 0.358337111473999 0.52608756047959 0.965476859932086 0.90842014108916 0.73973990414724 0.17557392481042 0.968767263281715 0.34787770911114 0.197395376584276 0.895449556676871 0.998082912000648 0.580729154868964 0.626232927918477 0.35673176262162 0.958540597160931
0.448309485890075 0.669898852619801 0.844545875702534 0.855054755601485 0.824165242360079 0.232960038018669 0.740917438273274 0.718201551611998 0.935966111998667 0.627993645674248 0.912155152408961 0.972366791250961 0.599645625197234 0.329737900059102 0.834742530052283 0.999707604604354 0.747616045408998 0.684961792879184 0.00632327058280494 0.920846451678223
0.153045524442104 0.721239950690659 0.73944922583957 0.72086025721901 0.864278710610287 0.15589398582152 0.244408124630068 0.359302980392239 0.983375431230662 0.289674122114052 0.286031735278887 0.960116770033184 0.230115735775675 0.182589392933098 0.853229936493627 0.995050777285519 0.354001748425792 0.684130298925399 0.0188170383085707 0.99990748945501
0.0727578859640718 0.39103021404836 0.12940418646473 0.419211030119092 0.100275439470051 0.255887681065736 0.011786531523027 0.0210190977878594 0.511879714323752 0.055848126491831 0.0240305099667905 0.17954827007835 0.0248698250523055 0.0650646907524787 0.332524530229253 0.00588396652455916 0.513222652767386 0.466721372371533 9.07306127755624e-05 0.165367581300645
0.0707035160374836 0.561912252432453 0.352625350752858 0.765764135969374 0.587804344969953 0.437966433961754 0.0901836345339451 0.318330101592806 0.567551647098563 0.0787310171762401 0.179597215463974 0.464961082948819 0.0783778725316023 0.0698101440656532 0.261613045557259 0.671625790724053 0.307540082169745 0.417098806175945 0.474660790298643 6.84702461055165e-05
0.266839284250401 0.681845209063582 0.239483096947355 0.784639969434589 0.846407601492563 0.805028709749329 0.284620991529645 0.577333592507783 0.700983299380087 0.327178086807924 0.189848106872655 0.998098274745176 0.293246416580763 0.110071159711196 0.756861461242412 0.596668146617381 0.568507955393591 0.800753824176603 0.0267020820119971 0.0381352277047499
0.294040141652409 0.600349546077484 0.931903226023682 0.643516566907654 0.255535015253137 0.69039044216724 0.119133069866579 0.663601666985346 0.481033454484471 0.475733727838597 0.481835969739868 0.985303989272916 0.45730106789657 0.304150210111098 0.949956591226059 0.993181074384955 0.512053606542495 0.73712306518278 0.294970076364921 0.99984420923515
0.178385044671152 0.591289815290004 0.820758502446003 0.495691206853958 0.757633066366956 0.356827221212419 0.157873548165719 0.963474449873422 0.0675901774543767 0.479452178430982 0.868901008270529 0.924797156122358 0.27555832948195 0.199692753105951 0.70337174407875 0.893107143928928 0.492658076268196 0.520021975800127 8.94730513966188e-06 0.00414348718946489
0.290049632587991 0.481401919011919 0.57161123953429 0.72722267138754 0.167580078916424 0.670664824931783 0.147770190648632 0.607870794982149 0.403386354705101 0.482870230820103 0.490964143490217 0.847092338235229 0.422937267654516 0.0876663635890486 0.458015356545827 0.999112621026745 0.516523082632154 0.64404192511915 0.000655305629314193 0.971612103232276
0.559802207595839 0.730548670542537 0.87654264289172 0.703346370879098 0.992422365431638 0.110835519140992 0.559551764953601 0.970317823973632 0.826614880583814 0.971262745630692 0.949380601325636 0.942747145552687 0.652114002787538 0.355906856819016 0.96638263831705 0.999919146531327 0.556615020269493 0.937178463633753 0.89661056875761 0.954920621000554
0.171483794433468 0.600725135590357 0.599464054896322 0.718502222829369 0.920818186913753 0.435600440791703 0.313975713309444 0.586820475526739 0.660743722907927 0.224213921792115 0.793586907913353 0.924834155454079 0.321656481051379 0.265304577137989 0.95194892091231 0.751053448721037 0.488580992521193 0.468669569717326 0.978119349503357 0.999774872198737
0.495829994047452 0.766718663448008 0.922341794029601 0.752784379986723 0.938691149001755 0.190662240586504 0.794372309538329 0.994628887258329 0.982984952832495 0.941930050220348 0.938492905445636 0.994699058463594 0.864168782480705 0.405032468640169 0.91657972758812 0.898900592069596 0.738410406491851 0.841600717021347 0.00315495441691518 0.999998439917397
0.049413979404131 0.43719464593086 0.0470152903748465 0.493343328349072 0.0165004239930958 0.175168536242459 0.00709365052086433 0.000998335445860874 0.0981593375406317 0.00609768412801607 0.00285738624245002 0.141783450939568 0.0263316587195822 0.0268686077873979 0.338454133261785 0.0343133543101006 0.153064687351566 0.189468600677423 0.01156256530772 0.000632852518738037
0.715350624818882 0.803010844345357 0.763872589809643 0.846419912276407 0.993938355456033 0.832676644137163 0.73383349865111 0.969416571719544 0.982668864314637 0.941485309954021 0.943307208614711 0.999394375083298 0.894075174831785 0.670045809097874 0.957610155657824 0.99975700039691 0.789162378962867 0.915813507926506 0.259122400868694 0.949464163103448
0.104042555316204 0.431149798640921 0.0404328542370066 0.647773251288774 0.234955931346246 0.119620022049098 0.0225984689424508 0.151204333136152 0.0129300518098808 0.0169017094637463 0.0462494779401998 0.169207853859286 0.157337614383453 0.089360636515471 0.281606572101027 0.575192445339703 0.307464710373102 0.261419095995023 0.00439101547080492 0.393459425052847
0.415097883421256 0.559739442184807 0.310944220609513 0.772829998723436 0.109137160327011 0.450135237881022 0.2923960270709 0.837197679718336 0.0207293094302692 0.726885182883319 0.63924926831072 0.97482315773455 0.237067904661686 0.263123204497192 0.881714546281546 0.893640010338338 0.546074739599405 0.525987514627219 0.0536352542452817 5.22977838290479e-05
0.585972627682907 0.68599167016764 0.7586217024557 0.567856903289695 0.30442209742692 0.631602964015315 0.160968818431425 0.675758413688186 0.986615138084114 0.513262772589666 0.854512332016856 0.991794180477132 0.259159128152399 0.186074136094434 0.610173174711779 0.982753405933768 0.625722734945433 0.3876910736521 0.961706529683555 0.978236045555061
0.268392761256244 0.582162393976453 0.514807930974326 0.529794501986469 0.806678309702065 0.0800030759249002 0.408653025183288 0.834116692441761 0.990121553367191 0.6765596095991 0.525979769244717 0.994151477199958 0.524881172244721 0.295744047474045 0.493338299586727 0.99684697293654 0.439244844288921 0.86368301137945 0.889090656430935 0.468951804432266
0.0358915179214803 0.536202966741523 0.776791434792187 0.531083259650811 0.302445633177027 0.738172413920328 0.00282223191513855 0.232285415577061 0.108685738899623 0.119695663652828 0.0452907126158619 0.317231009316698 0.0557871991112623 0.0434527301504768 0.220687073199724 0.472917459549384 0.503734127104625 0.352347634054179 0.306563921984343 0.00563454572753748
0.314361785520263 0.683199818326314 0.690121226814657 0.579223342911637 0.870279355003647 0.562456252721065 0.197150559820575 0.960717067582385 0.173849886471719 0.901243881666767 0.646121704602984 0.997962065976235 0.532134665015821 0.439594049992683 0.657671546230658 0.999230932232905 0.499833625258378 0.618268681613643 0.630490135396237 0.00180374034198147
0.0478952932873881 0.400364303772398 0.203260365015883 0.636095313387647 0.0137179213685885 0.251862898565133 0.00861684958376378 0.0218086528619329 0.00302366353013614 0.0429934029869863 0.0210561749474938 0.517298599288517 0.0471080783220706 0.010250794892373 0.196183449753577 0.0801614997735168 0.223202095415078 0.297710292419998 0.00102897958677235 0.0555124525859073
0.152846853514242 0.662552923938121 0.896913779601817 0.575615598187734 0.872412827303455 0.415961425837996 0.545872828860917 0.940534202176105 0.689893619416786 0.77154475412457 0.414786158635761 0.989802269556487 0.378883616725027 0.305372081471845 0.597887306432917 0.990486922677892 0.524928222183472 0.777583737789003 0.756439196875015 0.808889994950828
0.0158139395959015 0.469154209266733 0.695038917645836 0.693526850166366 0.220575013310069 0.615718199712594 0.0113477397916099 0.0490065014952846 0.130731498860614 0.00598654974664663 0.0106855421203041 0.76177756734804 0.0961612595189125 0.0370947092329319 0.326440021960223 0.000351832247071229 0.214643682347498 0.251891640174078 0.0127665615034523 0.00674793976499306
0.139642219982695 0.434839287105704 0.231527505938183 0.645603393395276 0.602089976507977 0.673251236773867 0.0169403262099391 0.359678824148491 0.447310408502015 0.107306168603837 0.476661850359062 0.348670634211748 0.136241340367109 0.109218379304161 0.324429060717291 0.939505049103919 0.351055547913512 0.522996728337198 0.866297193611619 3.73827279639667e-06
0.0603499125436391 0.442775845389948 0.100745129601318 0.67179441521665 0.170704169993646 0.508910283446092 0.00691307556319133 0.287238389019465 0.287776350717555 0.313468051514966 0.327088490923071 0.938689282101045 0.282136005205564 0.07619124103472 0.608442342678879 0.759167465491718 0.626339797161014 0.262809872371108 0.176282935333795 0.999996012780609
0.0369439927205742 0.415590138137895 0.592652169854028 0.465123282301801 0.466269135044741 0.227870570468834 0.00772693636415397 0.038059172334851 0.729478876936996 0.0762239424930753 0.0565245321541354 0.692887850008861 0.0491439330062913 0.0740529619541312 0.588617240095153 0.839833873685048 0.48159970037966 0.16226062124895 0.00026491118467615 0.245694665008079
0.559661158861938 0.779254485412742 0.872825392927233 0.75277347039222 0.980200833614539 0.760009667206563 0.48181010686651 0.995002476882207 0.870386518408703 0.91174553395624 0.996871917966556 0.999048623534968 0.821296511347943 0.692201787411591 0.735360982295987 0.999006018185559 0.871442440472502 0.645687337786497 0.199628933505891 0.99985771079803
0.334510904661072 0.648197833803074 0.538867630439224 0.821450627406629 0.884146138796097 0.672436972296628 0.114217903460942 0.892640710675057 0.923455797693031 0.327456034811328 0.818321661424956 0.995976621016544 0.245741393173842 0.410458799595098 0.926362694242916 0.98979964758376 0.632380038721134 0.727332274246916 0.142218368704414 0.925964368496712
0.186478160996692 0.561479458436578 0.629006567883199 0.585988384968469 0.29981390067882 0.109116664198046 0.079299637165869 0.724930651849225 0.81332355448243 0.602628299774784 0.531023902597548 0.871157606414405 0.207011314978432 0.085825805851564 0.270991854635192 0.991769574541361 0.315789663970146 0.376284292080686 0.313273685680325 0.999752681422065
0.0651245551487354 0.547427333018572 0.405067614559843 0.557209475204878 0.634232720382998 0.148130005447758 0.0625563731876175 0.0398626519323709 0.514196306006702 0.132338019183363 0.0194252585889938 0.955604816764028 0.0898769973781332 0.040790861909368 0.503525232893068 0.625958333123403 0.384143516220925 0.479379631697789 0.614633044562242 0.2864940309224
0.82781454963013 0.678000401882648 0.819098909739202 0.815066621170102 0.971432030512004 0.26754495587643 0.553053706112307 0.99786791788771 0.976799357267481 0.957929172237701 0.687116124197097 0.986801651055305 0.924268922073243 0.470118465517264 0.924396754978195 0.999775485235018 0.537160219564596 0.78663327974999 0.983339760809094 0.00577901012020091
0.421768959853251 0.645787654089302 0.704918456070462 0.499585667556658 0.37763479662198 0.232133753146564 0.290664685154393 0.870576920206678 0.994322873315906 0.684491419155478 0.921771039421904 0.982036347480952 0.403546688057613 0.179042867814909 0.777619945231949 0.995103758099676 0.720843835344804 0.598414864770586 0.99751810309863 0.99991931361238
0.0388489956300098 0.352357913469655 0.526693942327136 0.306460906765742 0.182372762300478 0.238703384874934 0.0489356181985241 0.0246560190585787 0.499914561902254 0.0188994281326577 0.00540930772973557 0.66739741664637 0.047962132549299 0.0631182771473852 0.498904643991176 0.595568788891663 0.454480013393061 0.210850151588167 0.00714772074877676 0.952169065830742
0.275470989645988 0.682504797595994 0.819945090881279 0.695652258371736 0.934043171257585 0.246154812048332 0.0338624312373648 0.697049891080338 0.486748319272737 0.726924851337411 0.5918068269243 0.884883074336345 0.285670078875264 0.0977684824557704 0.615990393838876 0.905357719269492 0.49429096504168 0.5029390482462 0.177287881636729 0.965407784887664
0.265243870158985 0.609064636957126 0.695672403444692 0.823427401026631 0.815811911278495 0.499006446603436 0.268615066972406 0.844235439258417 0.913803612378702 0.807649083984949 0.934787894032805 0.99445859365821 0.273733903726271 0.219771263928627 0.683931909187179 0.989898586973098 0.27039398687017 0.532799241131996 0.633818787100433 0.0150955241108077
0.306697886511174 0.705332022824563 0.490995020101774 0.609872348799309 0.815205994994133 0.774458573633748 0.62296785163453 0.743901357141212 0.224522265726114 0.193304953827798 0.550991558957837 0.983010533987469 0.280389431313446 0.224819625662956 0.71485266188588 0.998153129915173 0.564669632864147 0.722640641569336 0.00229462699932468 0.0275771239638146
0.170314863543255 0.689064048882514 0.238472814950769 0.760156845391552 0.649015992195429 0.0652097664819456 0.18928154373956 0.458676670146215 0.0382126417609801 0.362653967385921 0.140861134911715 0.948618144745817 0.281246965488647 0.0766846771529622 0.615895414103342 0.791655996681552 0.698638472175249 0.73900436778014 0.00230867494058418 0.000452583006900599
0.761479587227941 0.647824045294781 0.556814626009289 0.607511501907832 0.98294824263173 0.242823673403307 0.277494680318187 0.932668266485915 0.98598377441502 0.990064211724123 0.964796379461923 0.999608485371321 0.294042811082665 0.384288661910743 0.881799153402874 0.965990882790773 0.619485033762597 0.559514022114921 0.983963994685209 0.871268705974623
0.630719395194432 0.764867977323616 0.91923834727595 0.805335450971134 0.901226710295212 0.197293409428289 0.381416194027869 0.594528058508076 0.997716200159428 0.966515430956097 0.760105046508933 0.997262842189823 0.480389734533767 0.410749179509954 0.620979932804429 0.895603935817585 0.708912256549527 0.758681163885039 0.048074625877024 0.828459726599779
0.559998890580977 0.669450967952145 0.804829393509802 0.630220112458749 0.910355834401842 0.516684312110311 0.587961257648761 0.730688656690575 0.975593967495626 0.962070823381445 0.692024336835475 0.991571795129683 0.420182085836022 0.342871056564868 0.825079375536092 0.995234853287788 0.380672902272578 0.843014036268328 0.999232905562072 0.999997095135625
0.261328650809062 0.716972397251983 0.434133509682489 0.535899062256436 0.742078358279538 0.767748395699745 0.0496971992734952 0.933476841922074 0.843749217764776 0.466372500217926 0.4541901836268 0.931814924425059 0.355700712181453 0.156572183070252 0.697516718433377 0.998710811343446 0.521981327291544 0.833318266120596 0.997168077200585 0.999079896003916
0.463301001196354 0.52670160907967 0.890929819811701 0.599589948310487 0.625067060135054 0.34302025509928 0.22950740250646 0.539623757526872 0.975769434568225 0.53228831749547 0.450162982805966 0.986525096150271 0.490048985080561 0.348887499826482 0.84422198133554 0.999218438105588 0.703002975745636 0.59582332753104 0.0527964212069185 0.999999
0.481094988660475 0.633795925514758 0.804616059020036 0.676759887478452 0.697698140379415 0.201490079900552 0.14350862833269 0.743074598598099 0.668855607664447 0.436149396720497 0.829392196572876 0.993839095644267 0.22878157904201 0.323286595948099 0.917125828444806 0.959268413310062 0.290615413308386 0.605558934949278 0.00482236560258505 0.829657583686195
0.0467988647445864 0.50803298595204 0.23569688643395 0.566116996256197 0.3978418955516 0.469217500887799 0.0249069585223216 0.0358348250831878 0.91742559519781 0.0345290949682572 0.060451578020344 0.923930115803214 0.0422853452265844 0.0244258955858109 0.468997648043062 0.944703993882986 0.115569434026741 0.196431386012191 0.21762675985147 0.0007354060925907
0.527996368822212 0.758933991273845 0.629033097591369 0.709529855051829 0.977827243347664 0.369540848146327 0.259855961338327 0.99458877203707 0.964622480810612 0.847784199928227 0.805319344966311 0.979713153296279 0.650277194575035 0.325870056186083 0.712139659672549 0.995309476701646 0.570060130785374 0.828333454521977 0.915904161715632 0.999998576393057
0.63743534299588 0.835667584639563 0.338324456263679 0.485788071099534 0.996098516502089 0.726355494872767 0.593362676887548 0.953908260799608 0.474148164431072 0.911396070795142 0.987708252792512 0.998376052180461 0.737916001493221 0.701253719365045 0.848534171468527 0.986974085889704 0.640833473136799 0.699703691709417 0.280001259893678 0.999999
0.144067246285157 0.608655365900171 0.218472110664717 0.732697270816445 0.0685779244856394 0.276970433096039 0.210824227534043 0.815621646226649 0.579749035089002 0.350411612852227 0.630099186771814 0.768210385130823 0.133922713684897 0.0440732634580779 0.691754549676624 0.28556691308037 0.215857190799932 0.288384089052109 0.457979664631152 0.0884023560161813
0.31004034550822 0.713702993930426 0.25722605404851 0.877247963097337 0.52681797623901 0.516137731808815 0.387270991529469 0.0858552613826115 0.883746142520924 0.90167075461345 0.293557055069745 0.99850218023981 0.505952710921947 0.29220856340055 0.715346893973759 0.996205772095349 0.241309104432465 0.569915879228586 0.650429293495149 0.00166599623556405
0.241317364479935 0.600977696108915 0.413892992968086 0.763725964979404 0.964843899188978 0.440384610543849 0.215902623499182 0.98816146969275 0.605557163632968 0.538133314240486 0.84569958651561 0.821467982892964 0.229951315111919 0.129128517627489 0.619301740612371 0.954443408829694 0.532410125136056 0.683749033192602 0.0138116636490981 0.162074461041032
0.404152732819767 0.61318123456006 0.779012060958903 0.62652009413519 0.916933562511259 0.306688098984364 0.343446327648021 0.937670093242936 0.374294223840688 0.834517081225175 0.903613135887271 0.988305083825279 0.599802802734856 0.274415984221519 0.640848841690739 0.998672946613635 0.676310752060304 0.616576403907015 0.348769548351947 0.901952949712124
0.0631615579436423 0.589772042911188 0.316754280536444 0.480256555688766 0.791877465129048 0.325817871837099 0.197790809038579 0.733435515411305 0.723306566637027 0.409771714572483 0.70320825726598 0.972725578575864 0.430488054046462 0.150221212095343 0.596484649309599 0.995170636957764 0.501583373179761 0.482098475898283 0.138825804326894 0.301769898494095
0.182864439832848 0.561193326598528 0.766860530850085 0.251800133084885 0.451681050012213 0.240065397047039 0.0527815910615905 0.305917997800944 0.717178056374265 0.433928143279114 0.602341906556662 0.885006121884235 0.170737013598845 0.046275969581562 0.677644890367814 0.955459256067473 0.671167881008586 0.336955722862945 0.00329060134104167 0.000209461985869195
0.0426369299662657 0.410808901482427 0.0574111792350637 0.304544754523187 0.0501984380042493 0.245576733892592 0.0101162013489282 0.0517421729263756 0.86345688285934 0.00784628079124565 0.0701700503987445 0.731550009326903 0.0111010350593439 0.0425647396130157 0.512713967103144 0.373849146943776 0.223475834552115 0.180959475225063 0.000205866750223869 0.00217152704591096
0.147605980406741 0.647926685129816 0.349597318978924 0.697517261200229 0.744112912667681 0.164180053096584 0.169169463402199 0.670347838125816 0.0908831891474729 0.661969925876875 0.187911650563042 0.986970823569449 0.244166586093381 0.137027892593072 0.533404470218582 0.898830779119116 0.525276087413813 0.50948758155242 0.000214060899547467 0.00810698943192312
0.0259782963514244 0.44668559396519 0.221774354274204 0.651891753420961 0.0368959530017199 0.390475041849348 0.0638333207800738 0.00793026510725542 0.00129005174273346 0.0543226132424611 0.0530310105864562 0.987351264113859 0.0337542427908844 0.0305453300412535 0.456029912966764 0.704582389634103 0.256655112295488 0.232586568859448 9.56850718317182e-05 1e-06
0.302007365832492 0.691503444889566 0.879314848939383 0.673023203844314 0.917560867217209 0.342787004952732 0.00474165962296588 0.448318239648229 0.961015885162595 0.489543777112037 0.716677257836324 0.955473166172291 0.351058577922617 0.120390072418166 0.818328491994927 0.966041534996077 0.68968152110786 0.530360130866824 0.0866455292135081 0.999012240671673
0.0222491898792441 0.576356368415637 0.462661797929734 0.525877746712139 0.0206932310091119 0.128543840328357 0.0667560017709177 0.0582834718436866 0.00469091928531293 0.0966744228901007 0.00665323793679537 0.947990225632538 0.0186301133372609 0.0332002810674754 0.181931577080095 0.150898015888729 0.350060938611112 0.499197780218225 0.0172379699620877 0.00604653073061232
0.260954928676106 0.681420708453236 0.743835291779577 0.903325877924716 0.971828643571883 0.384457358661241 0.398757074455694 0.467829041030923 0.757089623276743 0.778041260590545 0.675621702256082 0.999890099393915 0.604232904728759 0.12571509647839 0.765458209262376 0.93975346978894 0.440778055734693 0.531344501592768 0.09039146392045 0.205780279405173
0.569252765984054 0.732804378548852 0.690817525705827 0.787567646626812 0.973961243307215 0.663750605614122 0.307196237985125 0.670824552489443 0.811736071116911 0.859421861220161 0.977710411083822 0.948907313480092 0.520515162561847 0.164949353646095 0.720525675123937 0.998184729739794 0.423719111309536 0.866184903640983 0.906830882487669 0.999619765255337
0.250401981708467 0.562483171376314 0.941869937728586 0.832460338447587 0.42207295654195 0.233292396432005 0.402019752778525 0.735030465957739 0.487093178478674 0.729426081984217 0.896094045261457 0.577355750067015 0.6376699296607 0.137902359401495 0.701576053620417 0.523462913611065 0.496065666668781 0.64847130230013 0.00105000670046473 0.226523150821638
0.312494468021317 0.681549058997433 0.425280944190246 0.648098274263159 0.948401651049453 0.160000071350191 0.243277785937773 0.802890307275209 0.821833252135753 0.428560522169121 0.786696200293273 0.966675513017387 0.411055084283683 0.170358168337048 0.436642005962959 0.418429290541814 0.59970371167382 0.667060242829735 0.0148530040207752 0.809629490601065
0.0221521964449603 0.335881681308007 0.0604803186683403 0.661636482817589 0.114270010871436 0.235697113203069 0.00734749717330109 0.104142460726649 0.347644074530826 0.00553672365952185 0.00278602898057819 0.939631543859762 0.0205961525775421 0.030455648840042 0.47281713376868 0.296491599676422 0.232796520577216 0.135810327195468 0.331745836113029 0.309014862309183
0.0639239849590025 0.480154206383298 0.0854724110815101 0.642770092708718 0.0305052889116606 0.421283842748695 0.045810486792964 0.0328222694794759 0.0833240024523716 0.0489674738264834 0.25337849484384 0.775547396135 0.0196268192801229 0.0276792425264254 0.138820040674003 0.97404827388193 0.288184171242667 0.416485557326633 0.0165720427923051 2.1434129754835e-05
0.0369158813440417 0.457682388811942 0.0601371397049223 0.473029237350692 0.146373946843028 0.193414200480611 0.0302584469299954 0.178714041372406 0.0221603712741543 0.0749576238363866 0.0640306882799803 0.43468719202359 0.0551281372598215 0.0311658499707933 0.317155301589408 0.0241456695299236 0.352917401180433 0.238279428880021 0.00249985257797729 0.990631051858854
0.0309645717295877 0.42219536434568 0.353691064416751 0.517481883311442 0.120696767251163 0.301524021584637 0.182295365010444 0.00816785291432287 0.208911029569292 0.024427741560207 0.0128427761188944 0.082406662800592 0.0615628468507523 0.039731616605068 0.06076270292202 0.921361306212639 0.483576573122211 0.35294107722434 0.00209055595143413 0.962985731488158
0.0870320494253605 0.611632575824111 0.211503841730197 0.639735237960574 0.0269576247811654 0.207160646160023 0.0486929939183285 0.0455282394743712 0.023718720781709 0.0197219940989015 0.0307893400105431 0.541333363563054 0.0930689941447724 0.0456523316081686 0.129133537133125 0.532465469320607 0.253657595803224 0.567541257562973 0.0180341678479402 0.0235003313807229
0.522016434053373 0.811115220082785 0.601156842456122 0.857537086081071 0.89895745930413 0.418779648699099 0.153524442462281 0.988072529927345 0.94881962259735 0.90144956900239 0.969503086782615 0.971056291063478 0.81683770306122 0.305300805970827 0.653260651937878 0.998530271553426 0.317424464355071 0.786482320311506 0.180558900130297 0.999831598195626
0.0735138930231257 0.526427270570736 0.41403858907556 0.599755723513282 0.0632177384482012 0.21186923458069 0.182749583860463 0.879606551566323 0.558995027776431 0.152115225918651 0.220125356237301 0.504585769446307 0.0503138503396999 0.0881922623540324 0.234483944018806 0.907435793937783 0.114475136015057 0.437661440823892 2.62656284114076e-05 3.02124022652558e-06
0.395243414312323 0.750710717399451 0.786014142590993 0.575717049321934 0.799262827585628 0.714654145690843 0.124765216545665 0.955407123456089 0.794372000163265 0.69532575278229 0.898231368145193 0.990424244954967 0.333179408516192 0.315184979764105 0.805768546755517 0.973557640952522 0.84848619439728 0.748598225199232 0.0146051799452592 0.217921381288203
0.0775779886224958 0.647528755635221 0.797924210515 0.515954216674507 0.904654296164478 0.627630464247493 0.110430610185953 0.47811901971496 0.415544163343641 0.284712131321925 0.542298435428973 0.936016183782606 0.153976659623127 0.16965061910235 0.57495539343963 0.256383534770577 0.576123784461304 0.436388264807224 0.425423945116178 0.995596717961266
0.333261487091059 0.677902611150694 0.646230655135639 0.655118162765934 0.230350850943049 0.354183340313432 0.0522325873048276 0.220618689066862 0.795348586929748 0.36626049187638 0.416006379615859 0.496534065367059 0.239209709186491 0.116224958074106 0.385106655523519 0.534113147170406 0.692951264353856 0.719676908886774 0.746611600816149 0.142529247501932
0.0875774677790402 0.537224020802768 0.430844093069497 0.257890527285268 0.118091766587111 0.653619693450974 0.00714243497866721 0.17919241516551 0.845312920835308 0.00795777393097064 0.0149503259151836 0.968057678427635 0.0777668161011434 0.0303133588150251 0.154376773000592 0.948891453043315 0.218830986916754 0.173861157603248 0.0101078691609346 0.96440166400886
0.0300561172315829 0.456450455205224 0.340717180121449 0.2985893072455 0.0402525705210618 0.181592801094535 0.047018655899384 0.0265406730279761 0.650638750484101 0.0234976997343195 0.126802348419319 0.461884895964169 0.0228789832242709 0.0435253771733939 0.26219160474002 0.331368408720588 0.517067577614398 0.225918052568163 0.442051539241169 0.000164752634122394
0.0370434785170395 0.575672649228032 0.345922239505713 0.376839457126666 0.153633323368918 0.736389268196539 0.051890666251429 0.0488271872923006 0.853515711513123 0.0494631398079143 0.050530880912812 0.992074162556057 0.11621647821174 0.100465550480117 0.361070701989218 0.917799933949921 0.534110096764231 0.399927029189572 0.646316399655889 3.24647580648119e-06
0.831730619388754 0.824832013454258 0.946752662857791 0.711369618481861 0.985945772739728 0.430333295057436 0.808920483671521 0.998929223198429 0.994548896066867 0.985214135369729 0.947622061622812 0.994932568526506 0.935198800649373 0.611042688054941 0.949344650750503 0.999969521323101 0.843150920089844 0.944593199426226 0.995598475193016 0.977944463645668
0.278901333320577 0.592112881266996 0.78449175259058 0.591593620057777 0.880294865561631 0.542675543438516 0.483918466790681 0.158742367377176 0.896053986477454 0.549408136634431 0.933209751505816 0.875158143160076 0.30899584412556 0.185852015733884 0.874036484688941 0.989084600170196 0.566300486531631 0.680263982338832 0.998667008974435 0.606853259902982
0.156260334663381 0.580680491160507 0.562608882312719 0.684532597309174 0.943999085363253 0.611307370160661 0.166196203704457 0.0174489513229863 0.833598275164617 0.12427116142303 0.15149664688121 0.257533405795615 0.239960762600913 0.0819462675412842 0.261487950744558 0.205333165301065 0.333243961422118 0.441445655743621 0.00464411614291111 0.00390389342629324
0.047737314748351 0.596627759123579 0.167899008612148 0.580546275542077 0.670961758394233 0.267064614762923 0.0255475856387572 0.358476455926396 0.786780568385201 0.282276733878666 0.0496086716115125 0.973497910144334 0.0407399503568601 0.0499465653286017 0.394821291000533 0.0486057866867122 0.381555310886625 0.131573462732089 0.0753893521289982 0.0250764688424385
0.590436827341138 0.788230790427621 0.615958607084762 0.494208656002137 0.995823872109325 0.391407977469006 0.815451969967427 0.988453696359587 0.990977512162558 0.90216304865427 0.963091580422326 0.986463208098368 0.401260245771279 0.309827227552078 0.868919380814308 0.999861008260792 0.69972841435007 0.720356633536575 0.0146332181643007 0.999837505265375
0.587709770093314 0.703421097116839 0.674488482475449 0.569176466109212 0.899148827978282 0.624633027450791 0.44549584970961 0.967904015029372 0.995506374149233 0.91558512013174 0.961849837696904 0.959083776140772 0.481747428024911 0.378638757933631 0.788993741634987 0.979921526861487 0.66809385910435 0.788773865069229 0.0583859350390313 0.0193159207382952
0.217518915607641 0.577543083590643 0.545138674577197 0.753141410416757 0.959644928364345 0.593642621562359 0.0340587032220204 0.548886581115796 0.93577060617868 0.663004152080655 0.868954870556304 0.982833422124638 0.321298233985178 0.150953439455462 0.401793008670572 0.993271859465203 0.573485638193729 0.661936225153043 0.991727900677544 0.000951621534344748
0.452865998204677 0.73408499317141 0.908196419280072 0.671760735023556 0.982324231885017 0.462068332732313 0.526519366878248 0.921503604608738 0.55063930116501 0.967002202142492 0.981124397944067 0.99532525439538 0.725824565719095 0.283746211759504 0.95338718005731 0.996576575694078 0.372094675680548 0.774580900133605 0.0248835325014848 0.966228400747117
0.116879132908305 0.598203606921185 0.480801323075662 0.623024284978855 0.0210518032482707 0.369751200885255 0.0420247270162627 0.890413783621175 0.662977585564157 0.188922596978722 0.317250484134056 0.993436105556685 0.193088452833736 0.0305553581781418 0.831352661592162 0.025541302191027 0.304121937333251 0.599682501867761 0.00891462285655582 0.00438544687730805
0.122099584477164 0.508496639759011 0.234023615923883 0.489212334724419 0.633744714838115 0.192369656135386 0.117767309118384 0.159319705718114 0.693706913473542 0.386127593311784 0.11101776455316 0.99896381940527 0.112093802745562 0.186837512104606 0.291402473505658 0.34283460051114 0.280712222966909 0.431544258489278 0.0967438662209391 0.00595347281468656
0.21626009438964 0.711085743360714 0.67644076250094 0.712880091645592 0.951366995791048 0.410380283713132 0.284010792515929 0.816636537603675 0.998165509568178 0.929898372201097 0.43165743283708 0.996841258416569 0.389541620075299 0.364868651858099 0.807860467763812 0.994909617689351 0.741142207691376 0.751475881875961 0.0213843528641537 0.999148015268468
0.446262776451183 0.638344307902824 0.701091579012863 0.745105090285278 0.988091502447799 0.899928314183974 0.443124034971106 0.981999210095854 0.990212457697575 0.9194316287581 0.91245576448234 0.9846028606926 0.463518464282589 0.356456847756818 0.914772780473313 0.94184536776892 0.518838167686404 0.740166471202532 0.986878989493633 0.999997936419199
