0.0457824230498067 0.461373129802025 0.598433955238569 0.370506534841973 0.417142100141705 0.264890829403067 0.206414064420987 0.109727782770452 0.132347764459671 0.508909834788328 0.513724139114844 0.967270409410567 0.0537879058519339 0.0848869883933031 0.196133693536983 0.992913039089508 0.520411456604182 0.261766851468627 0.013143981494648 0.00180961769954498
0.200738222259854 0.598666817695179 0.0851535000181295 0.614005545338005 0.8529828546721 0.509050015729452 0.10925671989782 0.399661740651034 0.909193634033707 0.598330711346535 0.441871865024846 0.993888178214069 0.441511331716285 0.119917548273333 0.530942382530233 0.976056853323472 0.385019843857919 0.79846242663658 0.00567679259716624 0.00703267620171416
0.0244054009240766 0.414339267864196 0.103656614189687 0.30598231252056 0.104585103088797 0.171263970910499 0.0103200117130227 0.0585850113295257 0.155485265007413 0.0129208847124457 0.0057836040918708 0.994401087139229 0.0165171069781968 0.0187789269923425 0.0960358625036655 0.0688436146732567 0.346527890958243 0.298741303688025 0.676368458894229 0.0138732434793546
0.14898045496676 0.762245990571651 0.597799706427747 0.609569462871316 0.704670771564458 0.712203888713379 0.101988897773913 0.837506288397645 0.977309770843074 0.185519037032076 0.313364929596829 0.990821952176705 0.196140231220829 0.0734976954522952 0.755453165214021 0.57430722575712 0.649938180489584 0.663620499466226 0.726049541468076 0.0858285565333168
0.0349795153508198 0.585136117431561 0.117278537369302 0.372652969595634 0.093882584104795 0.244886908253343 0.112296547119149 0.360657238894977 0.972029666080136 0.213398541195713 0.0482242446826249 0.9170503436755 0.158952980592313 0.0871290302282451 0.810528964573368 0.803325041024951 0.727183534985915 0.620862828793189 0.00026032978941152 0.278409019929974
0.159776453802787 0.611669261449843 0.596005493079496 0.932750200509593 0.871549775153943 0.208713187103975 0.435420179705953 0.321741194124418 0.810230461080858 0.319784781271995 0.630682427567633 0.990184312244214 0.116049297730654 0.126330803589933 0.476826364530955 0.936899685941718 0.77189380464063 0.542695779412548 0.028842723673778 0.985829089467372
0.162807457359781 0.51298505095297 0.225067614078923 0.420868084722521 0.168949195953763 0.306071570451296 0.0262147768194584 0.191820884401147 0.580340970600821 0.197086021521295 0.317941927843963 0.858531905774313 0.0722549045384964 0.0960897382233304 0.530330896457718 0.566803317659602 0.54891373485708 0.395428076959296 0.0046705560633885 0.999364797713226
0.272067595204357 0.581429157286357 0.372023533426564 0.87369198579308 0.474436630983319 0.302960147184754 0.183548840102981 0.197513880300011 0.928521487403227 0.149129203286751 0.133787271179059 0.712652430634154 0.397336280322226 0.144036259408034 0.446546653978038 0.987150669790067 0.306356855402351 0.426533512648067 0.266780425455742 0.0101944657688952
0.528255945746601 0.682725472286417 0.604377242494571 0.714065860537916 0.942796570026937 0.154035436518803 0.823915579749873 0.89959491227406 0.401493474772553 0.917836801895319 0.943676299315653 0.988862970258587 0.531046292613013 0.601618584113872 0.679373242079721 0.954843781983834 0.672786260298665 0.839211406659548 0.547219249571817 0.9999641373888
0.212715565762611 0.513690649870617 0.150169499803377 0.595491230071002 0.497520960949498 0.173456995920323 0.128109341689822 0.498496181858084 0.741370978602998 0.155185827750663 0.0858326759604419 0.751246402145183 0.0688281720983095 0.107018050887413 0.536857616014922 0.911169720223759 0.531939869787982 0.187845215810663 0.817971822069469 0.00210739803462464
0.209701578559736 0.702406406685106 0.831754415016159 0.912630677465971 0.955957386297761 0.482961979963328 0.197329645964747 0.455580379997631 0.456704984574014 0.677841604432789 0.62850078616912 0.749176920293009 0.25965312070089 0.0860071557786912 0.62061738453635 0.885222705281613 0.197264737134639 0.389655172757453 0.759709736598567 0.0133693395451758
0.0872285596524961 0.601029887705204 0.562969680923545 0.470478206551874 0.618440523577539 0.31201997490513 0.0497057470944699 0.456225881505886 0.272766883842152 0.390920602721409 0.450407993103827 0.990587617892606 0.170589247266871 0.097091767166151 0.760050770600281 0.994008570733566 0.599335103866013 0.539837145327087 0.35191458047629 0.00886995039390922
0.114381360065688 0.431616251706798 0.236301234167097 0.662755415677067 0.93885286472141 0.170155045190805 0.197756939894934 0.0921329155598871 0.638955160880898 0.29170504455618 0.268737964477257 0.986954834418208 0.130350759331972 0.0396272670880138 0.510139686005396 0.977584323618642 0.27282402308176 0.127551731879005 0.494960583030104 0.0165569284624159
0.171479689300169 0.645902166098449 0.78671157959476 0.289323226451738 0.931212884934434 0.305544580674857 0.211322629220203 0.399573902701888 0.688799737005474 0.853123999091504 0.853717683168037 0.943987742410926 0.26525166521687 0.203818064492521 0.549056954296179 0.778922878933113 0.647681826054259 0.463245020942696 0.0106096345051396 0.70753617123074
0.750096611343932 0.703740843836289 0.553879551660704 0.812972881807292 0.79991478531248 0.476817164752814 0.415000091199063 0.809317038286055 0.551395269149354 0.827034364441553 0.988553848221125 0.967623187636877 0.462103499063614 0.449424812152346 0.894246687376918 0.990294989887648 0.848228338743127 0.627075310460203 0.301625153843395 0.00018353685120277
0.615657120584206 0.665040783533978 0.448057357664781 0.623722690206661 0.995326258174894 0.187855430663599 0.325110063353621 0.940350317419377 0.0855852644031316 0.889131466355379 0.962123587504162 0.948293400210873 0.511978026934549 0.360736961025481 0.85996805357781 0.999887691269992 0.754332929632426 0.764925914036584 0.796129404742764 0.00589262542068383
0.283190107268159 0.579418347205762 0.497723019930042 0.675233354062335 0.839990189741747 0.488016277089317 0.0173445228314568 0.913917006152531 0.375707421017375 0.379659320769277 0.165726359741928 0.961966027613307 0.469859515795914 0.250792773172934 0.464172127127419 0.86026679772395 0.464812295607887 0.802990449243585 0.0358371173647233 0.920364786366721
0.0321667075944635 0.434336468350677 0.502802064447361 0.434535669443896 0.699962419418489 0.142746049657574 0.0151429844202025 0.098451909954567 0.630789413857094 0.0601975249184259 0.0190306549391597 0.963342840233108 0.0868602495309355 0.0396510295254351 0.058048091333251 0.511377223029689 0.178098972206918 0.43474680584245 0.00080258172457487 0.01368994993519
0.0516488367872385 0.528626649728212 0.58639629922257 0.597707443062847 0.451726089811869 0.607884997062994 0.0913691484754958 0.134158900623897 0.939370166916759 0.18954133914171 0.0942636375688998 0.226019767071177 0.0598289035862349 0.06436199766856 0.593326781641933 0.402547741664935 0.162319263652626 0.418684102127263 0.0418876563211186 0.728065028212004
0.382396357758478 0.725829864730961 0.81420432226851 0.681615711175964 0.588032750848738 0.649595124837058 0.0840971103596198 0.747638617258596 0.99432127525106 0.348622868859883 0.58955545787375 0.998631574113182 0.339312136267475 0.288124738399012 0.392057067029614 0.999389594990785 0.591771163168663 0.66935970468284 0.000409633155751049 0.993038855931467
0.338560500095193 0.735976698467689 0.371023296994434 0.638693464110705 0.992467143434411 0.69476310299543 0.198953686442715 0.943628433507412 0.879870369850603 0.823913256464835 0.871411617380045 0.99941701337873 0.172605983223595 0.157574001717298 0.657518040660591 0.980962232160513 0.674460770138273 0.480463945520347 0.876241815255457 0.998789905477216
0.230217320688421 0.602104755319983 0.794934972537844 0.603725861694053 0.924056433119882 0.640343193428208 0.393033570101573 0.375000986450924 0.257794914812313 0.534301379638032 0.311223425441131 0.989480801059132 0.506523407635688 0.120369829715904 0.885264770755808 0.740817954906735 0.335186392379277 0.627607543945034 0.0915647235406604 0.967044202311247
0.28610243913128 0.5164824067447 0.451121081477242 0.65433681586427 0.900096553962681 0.364314419745441 0.18582511265821 0.410974288502017 0.475785371573209 0.494287780745638 0.29257076242497 0.960280055882126 0.132299509594947 0.0797955276394523 0.706505426892307 0.99284146035405 0.540247575805255 0.548603188144266 0.00044297548854144 0.999974575086151
0.748407335034457 0.783533889025565 0.710016256490305 0.826243186874111 0.876826374142164 0.518390828798883 0.431436918694224 0.997110435880745 0.993223499888672 0.94689536610757 0.993706813680582 0.985271904743167 0.579386058870642 0.350675309900778 0.893863345199718 0.991772645913826 0.819991511933765 0.895522170213754 0.997989747828865 0.999960780536021
0.171497811166523 0.593941233286985 0.836421401618462 0.663395141923288 0.872531328506933 0.735594515290299 0.164441040619658 0.064965180172041 0.505460056224039 0.672384503366689 0.642448540800521 0.948315953337086 0.492194542725724 0.146951154491045 0.734456352454599 0.776707074957608 0.478052384060477 0.540626991065729 0.417802735278668 0.99788352657302
0.455849221963021 0.792092133335516 0.816339534070401 0.883867245569765 0.916266478368892 0.244870788492368 0.403126447050594 0.928604271149511 0.440962462023442 0.773354864748211 0.696275829698676 0.99965126077286 0.707344632854117 0.266567592391458 0.886655807536814 0.999940812609282 0.599652282781687 0.794593845669826 0.98590432155384 0.263595617953651
0.0562551314061891 0.330159290488861 0.109371243455044 0.580455385789928 0.0805734489786324 0.0497556665549377 0.0260623026223188 0.12188738933839 0.711957370072375 0.0514615950847861 0.0100386245147648 0.0953277113307687 0.0079835697528167 0.0113448384554311 0.152894136318941 0.240954537818426 0.143115932700137 0.260875800678464 0.0592473999698635 1e-06
0.769184848131282 0.753223240530592 0.905742522783533 0.729125726138161 0.990346754680294 0.376318632749898 0.815507860010767 0.992473415382765 0.993071090696773 0.975882877882158 0.978385341058171 0.999826751783487 0.659103202088626 0.587332456510269 0.942501326962652 0.999925801741866 0.658481575723814 0.879004717962949 0.957867553612721 0.999968595233328
0.0344892801740635 0.47438394825714 0.529893647795287 0.525118385019114 0.219048653866294 0.562332510139993 0.036921809453864 0.0424676287496615 0.0383535126819662 0.0173083284716824 0.0175983191552423 0.701712205839264 0.14294274607553 0.0216705992573978 0.539331585394703 0.833241858242596 0.604996119475226 0.444991608217884 0.00481712467374185 0.00110841628068902
0.301055845479948 0.666784572287111 0.19243744651761 0.636859583086325 0.369026837465132 0.488124312690895 0.204043603227165 0.458109650608665 0.400359924939072 0.560813115068582 0.115296079806245 0.505243703289829 0.258808772807846 0.22303692591855 0.695951751149259 0.975697996848256 0.496049612504798 0.515398546145294 0.950446435013247 0.142401832630692
0.240173025553745 0.670705565781694 0.730948988477652 0.626637217714494 0.986242939729859 0.336027725437572 0.0998586201734768 0.147224219899941 0.940791932141228 0.851287994635247 0.360756333542669 0.972707860336858 0.292357142250648 0.146678018258134 0.856038425803788 0.636678823888565 0.687286974637821 0.647771222935056 0.0882322613667429 0.556603747287464
0.415730034446717 0.604974165328853 0.64527179323559 0.485444512129898 0.462149569619427 0.0724197068724844 0.383443805345672 0.418276949481296 0.198465288114212 0.806225619830857 0.884899996997356 0.941575191706587 0.237894232723565 0.31725452306439 0.927039681185515 0.96329262257622 0.651857599303002 0.569521492311179 0.00261762697368842 0.691099167405895
0.069109069389856 0.433414425823543 0.452387131383904 0.780780904642253 0.143775581160199 0.167328739796925 0.0135216738015568 0.0540018481925174 0.315121739539095 0.0236368578074588 0.439777981491429 0.234034910066943 0.0536090669539806 0.103818682920374 0.303025581659155 0.839065849642761 0.284371742481819 0.249140487682113 0.00147289902306304 0.999955027261274
0.314452194206964 0.705795427989969 0.847687972711527 0.579437123815415 0.998332368988222 0.536836134043345 0.577555065102412 0.980074292273057 0.945729255916706 0.769080258620364 0.836236301961735 0.990753567408121 0.631918415433458 0.275837899898349 0.500119021020114 0.99862771337863 0.353837822870003 0.778616392805031 0.188774276477014 0.821821501495922
0.0420573019557061 0.468802732476832 0.316410072933862 0.70215733628627 0.0993694589132481 0.640996477076132 0.0149933081303835 0.0428616786118383 0.128935974767957 0.0356815839870466 0.0338007290693964 0.744320550532554 0.0192179898744341 0.0191300569828316 0.602031634309226 0.0346643834280338 0.46882888138946 0.53168528023724 0.25750585105505 0.243166791731296
0.465870037998289 0.71966922052919 0.929157492777318 0.697771073703957 0.417926043178656 0.776815230047211 0.223872914839438 0.875948328802954 0.443017176650285 0.836005499917194 0.785604084722033 0.967784812114126 0.249420957834431 0.268835027117184 0.826200545732237 0.970607402200486 0.644709491817848 0.702950929494423 0.841758085590389 0.939097850262331
0.0374050451168655 0.446515099957973 0.264664810412556 0.543584103244984 0.133124264822341 0.388769270969829 0.0107853631773227 0.0282973115146269 0.197809315470927 0.00314870481455406 0.0198213174821983 0.0380620872657476 0.0226754394885909 0.0197637473860008 0.144320609568744 0.206743588176703 0.368998240846426 0.113422677842381 1.23710081662166e-05 0.00159345810491309
0.0996174006021901 0.5910825667218 0.729460829698533 0.318755216854333 0.196054328731407 0.41976407230224 0.193792288747546 0.613925846806513 0.995789346949147 0.138089678795658 0.333208477820032 0.95139383070111 0.135950308200753 0.144866883998733 0.270315823119904 0.986306999931965 0.233777475172204 0.316346906068474 0.00956970134883627 0.000664527190205078
0.0649952217668174 0.486596940779138 0.540181840228236 0.381624093884843 0.75835569788045 0.724505144732881 0.0614046595424175 0.75056384382071 0.0818884298029622 0.450067360545149 0.583049157678278 0.609005638843912 0.0988944526350669 0.0659009996305857 0.449469006336557 0.361167663986269 0.226388744321679 0.304745883983346 0.00183530381191001 0.999807457354772
0.0442630431213732 0.369256876728647 0.165673216990811 0.551679866784052 0.0205065558820751 0.243744114200428 0.10138899958371 0.0555522346746505 0.366786362711124 0.0750336703289383 0.0112100478316766 0.027482518409858 0.0452079521158227 0.021466489456314 0.224909230720928 0.784609696516618 0.302625779921646 0.568675643763747 2.24565225736335e-05 0.00295364350208213
0.603385115359938 0.749110052419289 0.847231767916094 0.782870092099504 0.964712411826375 0.607429567378957 0.488953129544827 0.978605746825723 0.159444275198353 0.873627156465761 0.929372346723553 0.982693082117531 0.725142006047578 0.451892411635969 0.911454182916732 0.998689311391239 0.401597664796848 0.457124863053895 0.883215688702233 0.999868328778782
0.663900260346665 0.680801013828006 0.498197281169709 0.632884691186718 0.949943542930472 0.503003082587888 0.685613707747061 0.497207652855553 0.403179466818936 0.708076165073921 0.905675040574564 0.807953937332488 0.509368364416007 0.252463879498794 0.58711467151283 0.982696994177979 0.558083587877173 0.697662045503464 0.985159722995856 0.999947739073379
0.186276547994465 0.595360630355326 0.31203777130945 0.531897251143205 0.752709154232002 0.312730515282154 0.10412891035305 0.733878081569569 0.92975576146061 0.410686971015687 0.098818199706532 0.919241314232191 0.173629589884863 0.0834605834893455 0.572248120546159 0.937086191684833 0.363763690879437 0.524777232681125 0.311151812229942 0.515423571354661
0.0406801193968912 0.507212041079609 0.672283318945279 0.58235636584476 0.0274658335565739 0.40342902259919 0.0696101773660068 0.0438975168270357 0.833283455715967 0.0884406740141914 0.374861440005599 0.635666422894236 0.0405455197305647 0.0424816215461198 0.519021994710765 0.865624800484933 0.492639745863902 0.501892796962809 0.82917095344728 0.0610296790262425
0.679891604712281 0.782312929011147 0.904793242194947 0.791778559727104 0.945793397046855 0.621165789187461 0.714054650332234 0.926171777987561 0.978946135895737 0.984639385240876 0.982023739412009 0.9998454001704 0.815366707299195 0.427566185884098 0.856219722891545 0.998024557366974 0.53569111735691 0.880437677354038 0.939810071631038 0.948723805476184
0.311061116915292 0.688947257211549 0.652108914573096 0.282468451598455 0.87142147927816 0.720406687533726 0.407115331942936 0.945129096056669 0.894234401750793 0.625636882062182 0.864018624532567 0.945255077467965 0.318486375449993 0.480737356744542 0.74454411949982 0.941665717448802 0.579468483157291 0.867478948649314 0.896504395444453 0.999909587784507
0.0596146096215551 0.415502878506159 0.357304633160284 0.516132891029952 0.0459527432384733 0.415222099643191 0.0140377354556969 0.267236405308398 0.506590822467709 0.0106723037415757 0.00783297486486296 0.298293578599079 0.0324831893898782 0.0450398875168138 0.490183867023286 0.180966376483895 0.20275357583424 0.173822240083697 7.67470045592266e-05 0.0462308838827998
0.166763310025442 0.606550890901064 0.669766125181272 0.732954523204764 0.934829882422845 0.413404394673977 0.14927889292119 0.274206826189314 0.995546798402836 0.578905935187076 0.71273645911049 0.981110142464557 0.487244170204526 0.175268796045878 0.341781387846439 0.990167198886241 0.545703736673321 0.386797776688148 0.00536703315607167 0.0506001063172145
0.178721272014737 0.755370350706473 0.764622945667769 0.683296084669014 0.957436798236438 0.704759112430623 0.211489507334804 0.69201876440419 0.613611773019799 0.778952843747185 0.347488567638796 0.997630231501378 0.291939865701947 0.410676699348432 0.844811132634344 0.285351092691526 0.543010964937114 0.685467859486973 0.777491696817634 0.0201420270502622
0.133389377468841 0.630828644739691 0.60232927518488 0.629482124734532 0.518343450222079 0.801138760043667 0.120289083043722 0.622451133827242 0.426698204442581 0.554616414233126 0.586010027978091 0.914692188352983 0.424716959253167 0.114906786660392 0.882102288895979 0.990463846368673 0.528131968822659 0.512610262374829 0.327006414576653 0.0282269000628038
0.104458866899626 0.574526809309064 0.28126336310706 0.459947863714464 0.656608348459568 0.458552409162941 0.0391407686016654 0.0685279795427213 0.245735834620979 0.339566845362215 0.428336983162215 0.980063859799377 0.118471368786887 0.172130958194207 0.543552215998305 0.849872089022605 0.34596272226125 0.603131714336142 0.99833677750287 0.986744897859424
0.511411608551403 0.789568141254401 0.738214251344811 0.720645040187889 0.980449640044207 0.657581163357543 0.163109043712614 0.883988635412421 0.98704199229394 0.947178489069197 0.932748177015927 0.976087822266503 0.7578810681534 0.465090969842874 0.960197857828242 0.995297441761333 0.851703968522592 0.707787738423951 0.828823882201756 0.356776583176855
0.385184263405867 0.62733163768399 0.629674124740574 0.760156913525296 0.453376358265255 0.304035660473828 0.774452421368587 0.991407212795055 0.674643802919781 0.83633148983467 0.978280886455775 0.994550827417587 0.395343539978846 0.632679609699418 0.955757696541542 0.988145204039591 0.29544508127814 0.842482286333694 0.528668957811243 0.774422646629624
0.339677616877111 0.659259662679131 0.775628093559824 0.837993440868991 0.651086193195258 0.0851600574228332 0.215159782572517 0.918042358123635 0.998562629725577 0.852064876288825 0.284464707772221 0.577839436435428 0.548966753291568 0.428631414530731 0.646314742642244 0.990254410673594 0.557102685920339 0.60733473994876 0.498367516091525 0.999968336680479
0.552587863805817 0.731612117502984 0.795652355931642 0.616492341280917 0.798548977006773 0.611601710939608 0.450313932894645 0.928012719378459 0.785418714688793 0.589533130529065 0.849522185894318 0.992680533273746 0.418563163228269 0.350191613305432 0.430404744526069 0.99858779375572 0.666864422065755 0.779923237887064 0.0725201830364942 1.2850093207876e-05
0.38190520248584 0.610000991198505 0.761547505998176 0.59387011172739 0.613111337754587 0.14133539193701 0.21525540958951 0.889601317503069 0.863064006625648 0.682286702773987 0.414293232299164 0.996512199476679 0.317643754298575 0.251054096065684 0.724729011728794 0.962257636474356 0.581329495701578 0.605050885486871 0.150817975341061 0.00559558009184842
0.485323788446334 0.61340613330542 0.273915181739404 0.806003843766139 0.918480479332676 0.647821565452687 0.373901854877192 0.771734034711255 0.873418391839845 0.891671947034814 0.563010828832191 0.807480170862831 0.464579526058141 0.466093063251456 0.821923227949673 0.92266134673451 0.455720467470268 0.780600224672852 0.0746230246661567 0.107667182485211
0.0513244365885053 0.465656956569447 0.038152506915067 0.670872758791313 0.0444387533001512 0.328062303262331 0.0137738309691535 0.201444954980137 0.737991590471592 0.0704271044647383 0.0140674278006067 0.270240224358038 0.0848928823507109 0.0406198163737612 0.812316630886502 0.254308777116254 0.378371720500533 0.308003756833926 5.180092860346e-05 0.219451309885349
0.625751563738503 0.786892096897714 0.809594058142886 0.844539300091829 0.564389750356995 0.562274434805159 0.263301059288692 0.901659388571532 0.953377693741545 0.943105841947044 0.961573749229402 0.996868239373311 0.778796719424153 0.57151782453162 0.668239289893474 0.994225377431782 0.332785363768898 0.765166488342791 0.991346060732718 0.993184933262418
0.524067791329244 0.798600320156775 0.409767354002313 0.742711176991488 0.99627438564942 0.897346884148671 0.399103403665244 0.985128318150055 0.972607395091016 0.977215805298663 0.946289284500188 0.995841471146106 0.785416113430475 0.412440785985382 0.973505042463983 0.99993200553435 0.685957325365165 0.682288032875583 0.942292428768048 0.999157116402906
0.0981542756745982 0.581883627591491 0.289696028627018 0.716074932526752 0.570248833500419 0.202439075499175 0.0296170473502019 0.737341948861498 0.00635489299605565 0.759084514229311 0.681654606730703 0.990857921732063 0.126039685836686 0.140773111017734 0.337896149261974 0.965745230929162 0.437009663138598 0.285446601159005 0.353806539341011 0.0554411497079299
0.154894556797903 0.683602474931863 0.344387023526211 0.592131006483262 0.795544034381492 0.539770768513102 0.0869048379628353 0.839375977077955 0.528648613170772 0.179086754101478 0.502304182386588 0.932931353971987 0.246243695728929 0.374418524061361 0.564429854543807 0.999086513289069 0.573783386919318 0.795772251688386 0.00550178094237874 0.0218094543661084
0.203115501093247 0.645131710781076 0.750500494779176 0.700558583891508 0.96540955616437 0.258522705425361 0.100289508079159 0.78767852620077 0.81333556143319 0.853533420708281 0.876818446200263 0.932418180653082 0.510427522655626 0.131617800869118 0.936074125712788 0.999886794795668 0.598901522953037 0.516035033489693 0.136806849242119 0.998867672003835
0.54169364917798 0.59936603332973 0.800479406022635 0.745339034830848 0.9720893055241 0.193349663669417 0.549774733230861 0.956818828102894 0.166473704411043 0.549922970616781 0.955707311526342 0.996217878813521 0.570397037697975 0.187867314052745 0.956861630502964 0.999367440690105 0.661870913088907 0.594280205304427 0.00613933759963896 0.00215206478983761
0.12934922766019 0.526305222673753 0.335423452176997 0.526618668609356 0.691866162721816 0.359183043354234 0.1213478661277 0.189362200807712 0.0671438511058995 0.174063587521003 0.51156174212074 0.952048413651907 0.258287551179481 0.153616500074729 0.865997200184764 0.275045572733414 0.552090222885577 0.467034688273348 0.0386246935688371 0.0226538493631588
0.253127769992831 0.575459214730808 0.723700368286694 0.628226397332426 0.771394990768861 0.46502226269847 0.241487438511149 0.145318895679301 0.960114470846178 0.466578350459815 0.524759998831847 0.99443609950258 0.120101980634994 0.107676083068224 0.549665176143845 0.323919892779944 0.468655365278296 0.719798378398617 0.178875511689101 0.936628564123261
0.0255439912152414 0.407610688804826 0.363192636495736 0.60754185122174 0.0171750859134008 0.182619885225998 0.00718719392007688 0.0157190943354991 0.309220168965802 0.03409432012639 0.0737852020911577 0.968537692548267 0.0509770441406179 0.0261308595727477 0.408474262843543 0.530909983443416 0.2912333226012 0.305805084464326 0.00236143661426062 0.736155931101265
0.0883374035432605 0.665802077869131 0.251273980904264 0.493082306445897 0.250528208793712 0.296953239154464 0.295900593838009 0.346397380255591 0.643960885267357 0.183929733489742 0.508702389772801 0.408119033890136 0.119334624381951 0.0897965668636806 0.861359857732991 0.440211307194521 0.488972118360389 0.355220650682831 0.0123168428151058 0.989350769777993
0.0255168586485532 0.486112574062057 0.329309047900968 0.420791339163047 0.00412029097262365 0.446883613176834 0.0272420737262907 0.244097117145347 0.28738628089247 0.0210711739806252 0.0166576554596018 0.833852751402289 0.0294044479433005 0.0126689885923379 0.0612668678891693 0.0719982063594827 0.614040276457608 0.654963488302564 0.2675614167323 1.79020321245184e-05
0.194247434728871 0.676277110970932 0.861101320964105 0.697668499844893 0.759837485400843 0.213941567350975 0.650537395234984 0.636590104069659 0.381850116183878 0.743583847531145 0.89469978163278 0.993313616523447 0.552566512575449 0.0727545408587659 0.257942855746804 0.503331959676301 0.646580681717004 0.533007195451546 0.0946832486767942 0.112489579551709
0.0236683635732323 0.329608521259734 0.761731056936074 0.695244905058767 0.331288906747719 0.17190896910302 0.0191126492120952 0.0081792097501661 0.039058427053467 0.0157098640029301 0.225855413868356 0.453622788303793 0.0569504916096808 0.0240265363653501 0.348790380900184 0.0762609790773337 0.186138918344286 0.36778146150965 0.000713688547182302 0.928393321616424
0.374903562446308 0.684471445885439 0.547146848892946 0.660841228857059 0.951387214684589 0.345044663974661 0.495655661559133 0.43683675088544 0.730003362570605 0.700573221674288 0.978624220554173 0.990780445889561 0.521249981480147 0.0996250019191032 0.854726760871104 0.932491919003747 0.430244142763449 0.661729149670661 0.0995067303892829 0.99565211707176
0.669396964484267 0.721729598723265 0.290166510735449 0.836405118903071 0.905500182403603 0.679482005026205 0.0904571338922028 0.994307863520494 0.325929363087284 0.780989577678431 0.736729732846065 0.993743833175109 0.379959654897224 0.34521313056476 0.927118285518658 0.999887160204787 0.572077039774188 0.583154748343984 0.0142636837574375 0.998116585012982
0.48051173481678 0.658835579897042 0.549907991068564 0.652131839783015 0.774790978322812 0.512335962153136 0.241135050477756 0.966924756343726 0.834890314807988 0.480847635694131 0.765758408053127 0.921967595427837 0.286666259956707 0.165309819658195 0.922165842937224 0.809650347958355 0.265106413136969 0.446705337511524 0.0182821403056616 0.994371679353706
0.281457096497221 0.63631719410846 0.943531331259024 0.714202688816099 0.982543978062403 0.182022021538857 0.0546245074307377 0.953301378358669 0.97745497327672 0.64510150466297 0.968358153148701 0.98765755188445 0.638233774345136 0.167261431213667 0.702609679360677 0.991791530822989 0.39502516624194 0.503200147301931 0.640668902558732 0.997600754287414
0.054655065362852 0.429301047432786 0.276927896358048 0.569381005992371 0.0177063498083968 0.251627156243951 0.0856294443687039 0.253711647218316 0.0281489041775816 0.014456876205657 0.0230846445107185 0.891978797326624 0.00260551195577967 0.0403674197828209 0.126477258008775 0.215957679392699 0.314999629925443 0.282408111069854 0.000811315178282562 0.617829226116186
0.0280934922190171 0.448426181049482 0.0782989854463465 0.426930356311674 0.00320499620753257 0.216637885749435 0.0901980923275714 0.129994926752839 0.550436873074925 0.0264514894493711 0.0180451621974227 0.103653295493006 0.058515545192034 0.0402782667487471 0.26456911990302 0.0469653741673126 0.267550210152359 0.320261590790822 0.015407766579297 0.0150599937181937
0.0354172818904752 0.451948647807439 0.469236458829829 0.693412768363657 0.568138555060506 0.218272047444292 0.0123430414653311 0.00751722045045651 0.518176196058668 0.0376092127756665 0.170934021802931 0.746186766564421 0.0792321645101528 0.0570109820403484 0.10331649885724 0.585033053825129 0.553283943919234 0.366474378788203 0.000342370809021068 0.260032285306965
0.0428923632645125 0.410371434253274 0.6628308847241 0.379466289689434 0.0732160621212649 0.161753168383766 0.00915371440612128 0.0421569182218273 0.0689584350130435 0.00688523468557289 0.407645653759278 0.191573612040059 0.0365009677744031 0.0307200774648146 0.347674665550047 0.941523599274822 0.466289316511251 0.410606776265536 0.141364359041321 8.20488173292506e-05
0.0951475588946705 0.441082724139801 0.149665813524253 0.265849816333243 0.0618097448354441 0.288769650778799 0.0573712356229051 0.0664834662693363 0.376355017050243 0.0754404562572706 0.00486207671240523 0.476420965216658 0.0537834694182864 0.0681064135856405 0.336260622563206 0.934165522045579 0.456370248514949 0.251789251091657 0.0470380809910283 0.788093328753976
0.637667142482292 0.716831853396926 0.792899953777669 0.708778474366715 0.974867918489076 0.34053657228897 0.481107620545095 0.870698220478337 0.145005341805617 0.521717830980744 0.961918884488349 0.997767550883773 0.4770399092405 0.371957215172003 0.727905157261725 0.9671320879706 0.562864614400057 0.830637830867786 0.997566911507068 0.845032565352237
0.0817645381561776 0.63982396169039 0.408758126256102 0.901279800227645 0.462183643376579 0.597212894990027 0.132436507409244 0.401680644351154 0.952030412412945 0.790805892825341 0.259389519160065 0.129327617361658 0.105131924553405 0.0750280338280218 0.369726827756961 0.444489945131513 0.295478773313857 0.485563884062515 0.894401963818491 0.996727276661832
0.51409216944002 0.594578615741733 0.76619605412615 0.779547397825037 0.966669043216297 0.572529799506638 0.0564597951195071 0.986647429353964 0.932113952377301 0.816550205857184 0.843632424225146 0.905909926976246 0.520274784438231 0.545385883088195 0.73712358910471 0.838314802339609 0.606525938024825 0.843582504893778 0.121950478940382 0.999989816884152
0.239183585805889 0.702010064901747 0.248680405929053 0.673785442295353 0.844465725632125 0.407405810862003 0.0339348940898762 0.496905329602326 0.549592638373299 0.0932411613999575 0.646990642587781 0.34537843472518 0.0885406730355014 0.122618758861792 0.591706481747169 0.874458329394611 0.3348889045229 0.474724863299907 0.00882038600276627 0.346433010953593
0.28894912640985 0.561030463760497 0.672511844999739 0.556449002112115 0.519005113072036 0.521433970456638 0.267417609133076 0.609138032363991 0.276634235569734 0.628889528916262 0.347549637644331 0.777190359081802 0.259982689197606 0.19338076145315 0.622455398731933 0.982604435802023 0.660709836547499 0.551893730557182 0.415678240105056 0.995061002384609
0.059240233863969 0.580347963540178 0.268270178116454 0.407154108222671 0.779158360076744 0.602488421366117 0.0325774113555391 0.479914234664464 0.939616387318757 0.0388756070084866 0.0166546051460743 0.612902536030547 0.0225866587402393 0.0626096743611659 0.673058528760813 0.0868554761769452 0.337612823175921 0.449930674728608 0.0215815756744949 0.997550452423067
0.0510507715435136 0.452001388529682 0.703092464693427 0.298307742128593 0.0170073060403226 0.846610516619618 0.0511411881664492 0.0413190094411569 0.582624570953913 0.0307424804139347 0.0180576898553876 0.323551747472982 0.0477736022864542 0.0363017107384892 0.29821641898574 0.828279216065362 0.115286481941418 0.100525790443571 0.0383423947332827 1e-06
0.0655191987278362 0.443901976532072 0.515869718183181 0.431694839755794 0.215842760366824 0.0839821439989855 0.168360828329689 0.142572642108637 0.0474324762817193 0.103501329257918 0.0348384562147667 0.727676960103604 0.207714988972181 0.0696530085098501 0.525487393004755 0.132805638455421 0.370520778396828 0.353161245223055 0.000137037356667324 0.348890111234039
0.82653988863147 0.77055015837119 0.919038002395464 0.67159451297922 0.990481557814156 0.744984060594689 0.911998083400614 0.981440081183042 0.999994731642775 0.994501687715902 0.983707440832878 0.999880183300702 0.821074443925712 0.648373304839325 0.988645653766679 0.992014663172809 0.651359375137633 0.499033853045989 0.0319303809063139 0.999755648948204
0.226294714309509 0.647322604797908 0.230726353451905 0.582257596368252 0.922660966412288 0.173649346984204 0.151944431308499 0.584740807188911 0.362163203741265 0.543039021005383 0.279393319781353 0.516300244838254 0.261594588097217 0.186181423250299 0.669308491936057 0.969945440405333 0.506033357498322 0.349031745329526 0.00247224519235547 0.00506117733969559
0.183270970035826 0.501983878539392 0.850997677445714 0.748882166006712 0.521313153905448 0.357135858339437 0.335876102751062 0.0532311001856656 0.136724826251252 0.0996422251310796 0.109995600624786 0.812355300002935 0.331110438016481 0.090787483364085 0.378590174203846 0.706517264937819 0.590705135357523 0.550993578694829 0.00537465098336336 0.993778384264045
0.0270655924343569 0.512411225224419 0.0279542560294728 0.658833860614646 0.267825096217683 0.277644663860071 0.00797755988114893 0.352557053777247 0.178150907445402 0.093204127292255 0.190729725713521 0.951797004854016 0.0573463529827691 0.0315408938902019 0.282009594030232 0.446808379661837 0.155559339425984 0.432261118090612 0.00104985119941451 0.00289141813861407
0.569888429084621 0.771151151159415 0.912900226730758 0.700533252915288 0.998367754758146 0.230929299728665 0.706716789587072 0.985861567293944 0.980531130117959 0.91606329299265 0.98524579987991 0.997725731484466 0.703792390768959 0.388083241626122 0.948625916694886 0.958103537683428 0.790193891847299 0.840239701458378 0.953871088753164 0.978624294321253
0.644111125562278 0.777658560454079 0.769606990764062 0.704425183033414 0.931969796987046 0.34306678215041 0.748641810386051 0.812796965388303 0.974016353433016 0.947858633940158 0.930416914169742 0.998319613061449 0.731811390596754 0.323265327791789 0.906252485217661 0.99994467916584 0.847355182047682 0.606906787466736 0.532591076258693 0.00129741137015954
0.430605083222695 0.719138023597995 0.326057973858888 0.707960528589165 0.82747520897948 0.406211278020481 0.036647274836002 0.979329048927515 0.861551071192998 0.693986739295881 0.75656654544251 0.995821703651745 0.526850218698977 0.160717298277206 0.840611286466118 0.993271965818567 0.458703774436613 0.764799403930441 0.349510393964201 0.335293755629776
0.445549853141766 0.70376550729346 0.687480982589394 0.517629008275788 0.964998323393959 0.28140427612025 0.500471417523902 0.97277956299177 0.991330046270531 0.950375055749885 0.930687320106307 0.999877867986269 0.608330886812586 0.347883015927118 0.96777552319698 0.99992663722668 0.708996715132761 0.536800286944309 0.993297596461473 0.971507758095084
0.0911374484178813 0.43088179025811 0.104848016283398 0.550373338496318 0.489960322901627 0.284383818564367 0.292237573727646 0.079344916553887 0.881120755017691 0.62537298699418 0.675025507587537 0.962584175415373 0.210315869324884 0.0923237556305465 0.421814507383559 0.99004058353928 0.326762218314087 0.345515112743928 0.0894785679468416 0.00804248840881974
0.0705417426045756 0.568721036981566 0.833910799208814 0.664665362727562 0.655794840158159 0.128802789998173 0.0638714296746913 0.413624791490887 0.158222122483 0.361522063809091 0.304943101144308 0.65090162506461 0.0684543022999528 0.0696560023470357 0.662149354870505 0.990482503364037 0.273645176896704 0.631272312516316 0.000582646797463061 0.861242377433701
0.568016049193195 0.743929339736146 0.503973869334684 0.644558741959582 0.99203022044835 0.0272838342106201 0.653823523593273 0.977472768986022 0.953244514297 0.933027825887365 0.721299105807063 0.998690202946021 0.286632238510628 0.192848253604156 0.894055112703638 0.996173806142971 0.60945907633243 0.91305998288518 0.0567060516499006 0.985916283692241
0.593105534774276 0.818711064911424 0.636587667150736 0.544362506312773 0.579671544684805 0.221458011413785 0.306848345335863 0.993980919704987 0.962747568075102 0.905514295964343 0.983156569084748 0.982947550343059 0.379797128715751 0.456831813785662 0.880324945816081 0.996012163251754 0.692092871203556 0.665570836622182 0.0787854847560827 0.999971034969568
