0.867962959762688 0.493851890019313 0.997582268057775 0.796997837803964 0.999920385226634 0.494913436388189 0.827403657322155 0.573925096052957 0.267306969894176 0.528725641701126
0.55152591193149 0.312851403244521 0.584489309912237 0.308303298088023 0.981996989149588 0.0522113505617919 0.241509377999765 0.504883218880649 0.0569146283500931 0.217826663809707
0.305114737059325 0.0442533838253905 0.999630348275357 0.277807883397554 0.962953525850555 0.00905995734222127 0.105972154992115 0.49140452774176 0.019612724912786 0.234325272464598
0.816527086725237 0.911094746368215 0.999307205068968 0.598151032113368 0.999365687276263 0.179570837191083 0.377391505046233 0.535146022821505 0.304115834354154 0.489252194670478
0.785721291728015 0.00460242568483664 0.79855692956848 0.590417889082197 0.878729272598406 0.328497571081129 0.264793065170598 0.553071969196594 0.0667927438351437 0.694611489882923
0.572528387901425 0.187113503986598 0.845367804373018 0.325534358876149 0.385926566124404 0.0181639136585628 0.0460857128049865 0.474968417550017 0.057987980226438 0.490256261605458
0.778945250774371 0.933498678003677 0.969868276986674 0.709545808475242 0.992969181391737 0.117157998886051 0.626160041854256 0.572946508527545 0.170654385834192 0.65300111818959
0.917534064857369 0.714649809293748 0.957254262188199 0.692418942666945 0.995266508305635 0.616865690358267 0.180921968328227 0.583818259496776 0.185979767584445 0.526058525964957
0.864939277495003 0.479554254800897 0.946293433569993 0.477728851350474 0.999138038174067 0.282038675106243 0.371897519560852 0.54195254847307 0.118610926854825 0.574182580041569
0.305798233667697 0.0509402275581911 0.99616130014582 0.43206344083545 0.879322417964988 0.00872193945132583 0.160226494651205 0.480387035283751 0.0152091205155456 0.283409391837658
9.52184502479853e-05 0.690611991979088 0.975524645232908 0.676178687581445 0.964939895436833 0.127626978714957 0.137976582803365 0.589050503873274 0.386692798483198 0.590286168850876
0.0525556511469712 0.14144634291971 0.986579861901419 0.77859113544731 0.995492564807312 0.503579098616645 0.340773172297083 0.601011002138445 0.234273674523181 0.606324591896996
0.839458850796627 0.0857598442547322 0.988672079531168 0.494115178570147 0.964957083257062 0.0865891329872987 0.378327095824481 0.508508916428619 0.130278019914944 0.637519286230144
0.927014446114675 0.00226831093403404 0.862966241267517 0.42200688748766 0.925229880810493 0.0250225685981242 0.181347740278989 0.522546696678718 0.0374831236685258 0.35639603387888
0.15292989278352 0.0227642592977583 0.941273021285228 0.351191229287545 0.998737542502498 0.05077054201296 0.401938508215977 0.545781204742883 0.129024304105704 0.32843192280755
0.00836954906141021 0.350829638714294 0.999307224225186 0.414269106590118 0.993867346010884 0.125800838442331 0.0671720370462723 0.546658772302884 0.182780454431878 0.581547071456264
0.887612572492422 0.403048710713711 0.0642354147319409 0.52957071140133 0.957167597785127 0.0620180876830259 0.156635551971542 0.546085623305176 0.165942056850072 0.695095260020518
0.88964711088544 0.00313316582400564 0.990441121504752 0.417318167762342 0.990166366305311 0.0372165497793025 0.173556756435895 0.538236941953227 0.10096852737334 0.485940097522704
0.515089023390966 0.0447620751955888 0.940934361722711 0.254914033322126 0.894786668693249 0.00795108486149385 0.140968149537592 0.45955215667594 0.00737549988248211 0.406858260221604
0.974922070821357 0.477326045994748 0.74855272505948 0.205802949388082 0.909454472081577 0.0052012151854099 0.342189586395094 0.5176187480449 0.0529938219530954 0.383624841120618
0.979508780108196 0.463567703333208 0.999832980107651 0.682904111795348 0.997684072222063 0.239257988959174 0.186894353651731 0.55086136734091 0.158585222642992 0.683107171450039
0.999531729126084 0.997821092051017 0.991245431160625 0.730749677072449 0.999479188834903 0.256137841807723 0.810297413018899 0.590320753846208 0.322474063963567 0.760898692542805
0.587435434303445 0.00407099523299496 0.995141071086338 0.255791119064941 0.616258834307291 0.0337465842149717 0.0335153204097342 0.480026466665792 0.0235774280337261 0.465930389769213
0.309912981716644 0.00204567230304047 0.0014473447384069 0.21508595066245 0.100367878165031 0.00442763230958635 0.0869913584448209 0.408406760756888 0.00594796455107145 0.174703265520964
0.937779296554795 0.303155667215851 0.986708367579435 0.410657114339937 0.962050630792839 0.190972746754947 0.322940428974228 0.560781731853472 0.220139686998256 0.550771325356829
0.999467892285347 0.977246577745355 0.999778102309725 0.967384405760435 0.999980395187087 0.630613584465807 0.695674753128823 0.661469975274336 0.681654484472296 0.771921740558325
0.888504956691386 0.337518175710872 0.95271548235781 0.743333076554234 0.993914039244129 0.379132076535465 0.247826150802068 0.583470228724933 0.561096347829004 0.72080487887213
0.993134707232911 0.0667308785868968 0.791909648017602 0.65097870680645 0.999359473911523 0.0332903613304702 0.821909078012027 0.550888191481242 0.073351599801854 0.637395791918673
0.061767827657573 0.995431335066255 0.983878010153583 0.355813696296669 0.99294000775604 0.0224777569859186 0.137492129849263 0.537799800849455 0.0357361959919956 0.452110728377094
0.822001818942369 0.475300578884905 0.98005383239831 0.608275466466391 0.99899946806806 0.564677068905316 0.501212689398532 0.56340556568261 0.200270833027817 0.657082653896251
0.899377795288872 0.00291445618741907 0.981997891519501 0.412200467968552 0.661229645896379 0.0626786076628845 0.30375036732321 0.507587338618918 0.0463451451291715 0.409566115035384
0.958606899038637 0.110613642657733 0.990913956702378 0.535326486288698 0.977557890107774 0.155545078447922 0.0393337023477437 0.559115250927987 0.21422179877129 0.682619615932175
0.317515719946972 0.288158181515246 0.984956773967013 0.413745519888272 0.862918362036834 0.0386245896480009 0.095445797239986 0.539588544828263 0.14230022837496 0.540910683327707
0.00731093559842217 0.511715397929005 0.809738056578569 0.60127407004109 0.996138952805937 0.0172389645434941 0.0645042155050405 0.546241090339707 0.0386000997663871 0.361631023620914
0.177572974561602 0.429732838956311 0.991757917349944 0.56959203227493 0.878744192993362 0.00783046332550231 0.113632966009666 0.471568236847228 0.0664685264895181 0.443277605552564
0.0701812191723824 0.00675460768864994 0.990112585273388 0.306364505968455 0.736711793553437 0.0762896966284705 0.231571737461677 0.551998403520612 0.167953863795232 0.412461382909794
0.998387235550657 0.769332378419857 0.996705685611431 0.654047532030589 0.986186583187322 0.0932162922957969 0.847595692219177 0.556349432881299 0.370803692708709 0.77999664873313
0.370864566125357 0.999211156423876 0.877750765872001 0.794862307562263 0.999856587984276 0.626462270765684 0.895988127146119 0.660906323702275 0.609928944475006 0.78293751604495
0.998066726892775 0.696227038410789 0.301031233622387 0.405846898082062 0.993472513380371 0.0243191310385033 0.701128273174378 0.548918367891081 0.0656138269302413 0.505674055148088
0.999190277647157 0.308692781969259 0.979823484828669 0.489086604836535 0.905428973300847 0.168407319311601 0.236839175020228 0.562854768124987 0.0801381369051481 0.506835547288261
0.0314702862198524 0.0691321923820536 0.203027326944454 0.348052202279028 0.989305491761785 0.011948498516019 0.329210898650196 0.46569268226876 0.0911696733549815 0.424927478890232
0.496702308657699 0.981919279899563 0.999959513535959 0.524311745637119 0.999436199851959 0.062648735500224 0.156178883427855 0.537189953055987 0.181157141222856 0.452273710483457
0.895424602519134 0.0570717536800243 0.971185170040438 0.208695034819307 0.363539754514999 0.00900592307021624 0.0700480763386753 0.456478629079245 0.0207356145446479 0.418436005424097
0.127412472836485 0.186188022518736 0.996030324086022 0.485756671571454 0.951721973179186 0.0434806442565922 0.53519010244455 0.494947875906111 0.0394877198548057 0.386766028889047
0.945034885803891 0.67755130387593 0.732253662779983 0.798927487119668 0.967120484213282 0.305184465267685 0.127138623893027 0.562313532434267 0.496036954594461 0.484129896293349
0.994239237113629 0.930058349639543 0.852927766468852 0.87244468596253 0.999602329632713 0.528254104916051 0.585486806916702 0.597842659345112 0.740443871606992 0.633817077548973
0.0611871767385791 0.00243408928453796 0.863176861058994 0.16195195247807 0.570147589102016 0.00767012427307001 0.0372070936947826 0.47499193520106 0.0241380532204135 0.292203325777314
0.252023276071283 0.350323138392162 0.65991556538077 0.413236661146406 0.994372096715885 0.0085549785713725 0.00752390404097505 0.500951848162313 0.0472856892879208 0.278255181321148
0.128663362735744 0.321588832419857 0.964306361893343 0.422967076122595 0.985553559684737 0.0533168229681083 0.234374135188002 0.557503038161206 0.148075913356022 0.40530818466518
0.989491736681804 0.600495360582993 0.999485385342306 0.856643146557767 0.999745640001973 0.375751982901327 0.860432661445549 0.616844751721685 0.360925085620717 0.715002332805789
0.668060661468608 0.806462704440452 0.99781055417966 0.749766738283415 0.999194037805807 0.232392369556112 0.757400355810241 0.57707005502456 0.331341498583684 0.696349531562531
0.131130521637091 0.450379803766574 0.251189626605036 0.225016209791077 0.312517138819024 0.00423604887329843 0.452486009026575 0.474539554629556 0.0155227738997397 0.4999510618701
0.987493020377955 0.995328540951179 0.995660412794367 0.90281576229024 0.999892604375547 0.696146363527562 0.799465890958815 0.638354420923393 0.439299573657154 0.739970592291157
0.528965226002602 0.0218017425767654 0.446244443452684 0.616996865391423 0.997922152943269 0.352725440655129 0.625099414972223 0.569640472184606 0.233000998826925 0.673174921576913
0.378892167869055 0.136226701521548 0.966357797200583 0.245588001932819 0.739631413949204 0.041504855225811 0.0244173868406587 0.494091414246325 0.025912374843042 0.368985118076811
0.00016727371741262 0.813204685551217 0.990753858160847 0.336339629965084 0.707460497564142 0.0047235169658855 0.214923930938995 0.455025982101731 0.0144401615069578 0.294714217208435
0.0082117919907689 0.766271412752731 0.178232135285111 0.369022286272958 0.998258728861001 0.0244636466573833 0.0632430365059025 0.574256195570342 0.120504915707684 0.391981299574102
0.742897639011129 0.684262930757209 0.958576683812882 0.634885166770873 0.948471416801273 0.37416321250649 0.476726433904173 0.567728450274184 0.24869384944895 0.664674626929978
0.689235199744171 0.0305022221456757 0.97046286981074 0.434147946724063 0.991432593473107 0.0159691450143679 0.33273192954392 0.549013258952849 0.43020740196008 0.278162932054087
0.996699024691505 0.359616249983319 0.994710187115397 0.456526819134481 0.999940444420653 0.190590203832748 0.740360605736692 0.570582123769084 0.375851384376011 0.545233165268895
0.982554050826258 0.101296488839067 0.391507002636235 0.153316483632845 0.853341965217331 0.00778456621667695 0.0837801029126492 0.485896479962049 0.0932373860933102 0.414489726857871
0.296385714664928 0.0566703636843727 0.99948932928303 0.49842945409031 0.949117041439648 0.0633785887144788 0.122749911539703 0.567835632747356 0.12856919944589 0.508520682004714
0.713103047984852 0.674951126087229 0.992534310261878 0.587779356326624 0.971596711198984 0.0276661893848377 0.200875479831811 0.53315134548488 0.125612710509447 0.562094669549156
0.145347002528738 0.0199186076448417 0.963765692946894 0.593365959643835 0.996697799638874 0.0354978833222299 0.561190097986272 0.565776486245113 0.0572156795464811 0.492379196908239
0.572080673773195 0.00507834279786696 0.601892230696638 0.190693631094058 0.382928833827262 0.00539706146082826 0.191753975890111 0.428813035869943 0.00442706451964238 0.251284875764829
0.941851443851115 0.0669348316807231 0.898226681840224 0.293428179088562 0.79146225501473 0.0716741650359378 0.629499495688322 0.51812036003904 0.112349613020677 0.339856266000341
0.922614587207004 0.984941879010936 0.985565304832571 0.609617274409051 0.990915575788155 0.211842931854051 0.319212742267069 0.582810220647571 0.540480765505773 0.531511648130484
0.0635261244117147 0.0184493829716689 0.086908758076828 0.279049635101537 0.798605876050931 0.00220899911234838 0.271144405114406 0.489516517551156 0.120797939794415 0.213574437049055
0.900206789975767 0.189994693647142 0.818864520089008 0.556537351053431 0.967564100217616 0.606189725969907 0.316343792938868 0.572516633155977 0.298882505256012 0.566351646103587
0.890163225620205 0.386781504879901 0.988126451114325 0.298698500379405 0.979055235908432 0.0475095258282398 0.491011545802362 0.538643767233498 0.036361395595888 0.463253004658641
0.494812301553903 0.0450652736041754 0.97085022377098 0.544435146227475 0.997758688365034 0.00828378890638538 0.478604877146395 0.553925307455651 0.148773452894333 0.611094278739816
0.77475209687551 0.123229717393809 0.215417916228886 0.309118477504966 0.872202091275764 0.0124694718320569 0.115827809235645 0.542952291274899 0.0303367413844715 0.34407292221478
0.0162158301684718 0.133903841973035 0.0368287590675716 0.27543382875358 0.969843696147655 0.00693284960648482 0.0330284500551833 0.497223022275682 0.0235501254279009 0.19296954379895
0.725380611307903 0.625195442179414 0.911503949930427 0.723181075658869 0.997776140693021 0.585004124596379 0.268321368799439 0.573771873654016 0.361646044867157 0.629890237470694
0.244052504792218 0.943259543419889 0.771655806126722 0.585697159775637 0.98792054225669 0.0948199221369709 0.093109753357421 0.536258719731954 0.225865947969972 0.509303352496184
0.999903983898561 0.908259632212981 0.981510690806838 0.805627394001631 0.998874709465811 0.424152222353004 0.344170546451722 0.608392080161825 0.571054125497828 0.604044798761961
0.906824210625368 0.562110176730014 0.98897311774257 0.354675841917074 0.982864624100055 0.120367053657022 0.188773255129339 0.526073065768518 0.0232163589457182 0.606458402396656
0.986871123875771 0.179686203373856 0.767252192239718 0.827797400553238 0.994372488106075 0.229243541731702 0.674269429884434 0.524094880208709 0.320577947168272 0.63628120520061
0.583816095677057 0.0870573568196778 0.102942982492215 0.591745905284753 0.9993743479873 0.2396098955061 0.392267263508709 0.561281658508153 0.0772886141510937 0.275833233592099
0.978477448334919 0.595226309459014 0.971515053737315 0.699356806338677 0.974165526453835 0.226364266387607 0.780377750034366 0.562994481933312 0.160240404251871 0.594461863002965
0.535124320216507 0.966288911119033 0.999898775085363 0.766537446280468 0.999435176255232 0.0692763060792954 0.038367665391355 0.607746320067621 0.22907901704527 0.614948700602831
0.257587266308364 0.726368499640958 0.935138755138126 0.405965607204865 0.836938374762373 0.129668484407596 0.174266314430168 0.510505626608266 0.103188769503352 0.447775005061635
0.912898065556471 0.653025825005206 0.998928319710296 0.413909045142123 0.847340733958433 0.0314567319769259 0.311445599909788 0.509394721475297 0.0852060452825249 0.420398020596464
0.820107027311338 0.5167712086496 0.942299772575056 0.330741075455687 0.952410925140712 0.0122187482468451 0.251312549208953 0.492000215375619 0.103348097284023 0.28110135617502
0.00489280427732877 0.520529868052533 0.850402769997442 0.145224278984627 0.904062400928559 0.022559925633075 0.0616401228019665 0.468047926670651 0.0289756946139306 0.237246650145321
0.0328416821175045 0.0357466408796019 0.180745728683877 0.265773510167104 0.928994134812197 0.0138873723472285 0.136668460066989 0.482209977085262 0.0207057361579787 0.395627929141498
0.141154125603969 0.409935921432127 0.993385930350274 0.625493443344486 0.996091977024593 0.379929802253612 0.717062914457341 0.591356900151292 0.323821221172428 0.749783217600871
0.193720636552729 0.00695060094809095 0.724382811408129 0.115539451103163 0.443348867029403 0.00757238870557382 0.00416494890671208 0.434369072626455 0.0374085541831384 0.217699801912983
0.767825130043211 0.0108667082037069 0.955887335952975 0.303216494590676 0.850902480150104 0.185161298596406 0.31972589079271 0.518509358485162 0.105967337292141 0.42919893852398
0.249990251120158 0.370447501387413 0.877102922994461 0.621327894455537 0.995062203554627 0.0727584896868593 0.238944243947157 0.540401918712039 0.226117805320294 0.558713250773812
0.839217497159396 0.827331139670599 0.992188103278297 0.372992351651524 0.99109888914566 0.0570946042028483 0.174467451431276 0.559147946765155 0.329001668952981 0.682393152786086
0.349096898633136 0.000273871634703779 0.159879701375883 0.133726033205726 0.177462718390308 0.00433940664285148 0.125685358752311 0.488748436994032 0.0463290993074883 0.454513598552186
0.196155367756741 0.0795491709731062 0.991457576577962 0.243821038400048 0.38347443373422 0.0473016132088266 0.564705940893725 0.510111941015151 0.0269549589866407 0.512142782596414
0.232727780911295 0.92326866775608 0.384137144350343 0.75960641012407 0.997346252484769 0.376922933396625 0.226834584465503 0.536534978332374 0.223854373230809 0.618417791674385
0.0129461509291211 0.000136952083456035 0.056160868488566 0.231904275684418 0.922322753683179 0.00720452451519307 0.354009630343775 0.483934163117371 0.0298795946250238 0.307145253106169
0.051446276709109 0.0966049260796877 0.760958883393644 0.3721852090532 0.921169637623376 0.0330962757779149 0.14447960436785 0.517695987716963 0.052730452344058 0.486830851347125
0.983594325114571 0.78424141428611 0.995283207808896 0.934917955328524 0.999966436540995 0.939289298745585 0.801104861856271 0.664525693568938 0.27401383028716 0.877548162211745
0.0889806250196456 0.206985064830576 0.266049910541586 0.152972422592907 0.0392611544475024 0.00253186759058708 0.0159078540828425 0.451079884183891 0.0375523529642274 0.195492336801993
0.872899538955233 0.81875027426533 0.993545026957308 0.820100387100681 0.998924320595815 0.122830382763145 0.708827234023426 0.619233317621953 0.281022062752954 0.821943377517966
0.0419241445777689 0.0806457516197769 0.790609725761732 0.254553597224703 0.620569661190737 0.00300024644685489 0.556549541582231 0.494720114621326 0.0246870707186855 0.518870746480406
