0.667266244324561 0.00127264095773187 0.936011275700685 0.485660332574023 0.97025328152855 0.0215872312623272 0.0301334530151997 0.503009423243284 0.105825340016386 0.421679837824024
0.970554391413725 0.005252120078192 0.936150007511439 0.450740443321606 0.862781070223605 0.0434887399328362 0.29102930601989 0.507823302900886 0.179010998346888 0.37237873984115
0.867559821647003 0.14390872380513 0.96969261968152 0.261243900824489 0.971868672500684 0.013464042816289 0.48284802503139 0.529194188141987 0.0510788638966416 0.577745234166833
0.8758159920207 0.65924413681009 0.990882455023079 0.437691196793191 0.981265260172891 0.0277039406389744 0.0731639888793118 0.546663633152389 0.197648117073204 0.567938756283787
0.91041878571027 0.262921188775457 0.691529231097351 0.459049300882794 0.82689404916275 0.104169997567065 0.838414037957038 0.534528564893911 0.111069574731394 0.430102122381514
0.867832949067448 0.904940973038393 0.999949294118408 0.706543197378531 0.999509607032962 0.450609592395337 0.655721072903461 0.604946020278134 0.0978699211156501 0.543982207829146
0.737497475783698 0.986100789518382 0.978495723849398 0.795868926403468 0.997448937211318 0.700745827546736 0.157325985668318 0.603687922314178 0.62501665450615 0.868101165417454
0.0177308762085163 0.00829957942751476 0.206417157872746 0.528405149308684 0.98913028983096 0.140829048887488 0.138489924256149 0.540158370132551 0.082498624520085 0.445371741791324
0.441285754657047 0.0719363716747639 0.985629132641026 0.530990191358549 0.997614920807018 0.0310871005333704 0.333423515835345 0.524630553910957 0.161178449617439 0.521295855014392
0.995392018489444 0.878515886864256 0.906158971878492 0.894669458776493 0.999563644156036 0.674076831181805 0.666107080603447 0.597208969396173 0.527589555141047 0.730751480944119
0.0220431028960201 0.0769037990496551 0.327144521429274 0.0609112439658177 0.71289513605223 0.0018492970975318 0.00296919417327649 0.430312761002627 0.0154770408422645 0.177728936133582
0.133837449260171 0.801649532692024 0.699622246932359 0.595580129272562 0.859470533990562 0.19016442362479 0.68327702408952 0.571615867854309 0.236498797919325 0.602705007398803
0.996250849208268 0.225318500833478 0.999689708351488 0.631280836539818 0.982274682449347 0.0731785879098923 0.145516239552906 0.574733168216 0.168340397033059 0.58238143421049
0.941483124096686 0.947551512128813 0.993530880036163 0.829047761799665 0.999139309040495 0.528668204400053 0.814123143422269 0.612453320055477 0.560823944578071 0.758154915510538
0.573045562469221 0.00420197236503547 0.431392219811406 0.634517938263917 0.999801989686734 0.59537633259904 0.377148059110126 0.574571744768144 0.276753543917076 0.61855507206008
0.909150567974463 0.0301379571155975 0.971693225445044 0.722925544722604 0.982502082439494 0.182887389852381 0.243643994644711 0.569869293689097 0.183288327758481 0.828423316155931
0.979030693247176 0.992155106804308 0.999068516098469 0.602308093207794 0.990883521130859 0.213903783681877 0.204759672809449 0.558068872444333 0.163351629885256 0.658608838982661
0.0289351806949124 0.0101851546183208 0.406857771050322 0.144011023489065 0.77860594234441 0.00994874337582486 0.552831665163779 0.465330254384796 0.00649118614788385 0.250986805978461
0.973159234522033 0.859742004891443 0.798098613206172 0.528550357691577 0.985476310009032 0.0645085750505883 0.102795384605095 0.556619301319917 0.0543548966636999 0.401848019211241
0.0928763377006618 0.996472966213311 0.999865067572781 0.645283381847824 0.995957415955968 0.189735562827487 0.535785993040115 0.568034468086325 0.615891404705208 0.64693023735894
0.037083808228601 0.0561429284843393 0.99635979392797 0.646644562118711 0.994022141463544 0.0490171089739046 0.441767017648003 0.505144108181707 0.116542736677704 0.712925484509325
0.661798498915636 0.850796076211673 0.998516714676465 0.627526905605566 0.999524627608029 0.122425532639178 0.482618121186587 0.580536503248507 0.296087918175215 0.376516639031527
0.218232585420661 0.258378876438563 0.392637714615555 0.362274190770563 0.900264554666945 0.0296607258751177 0.0843228954048569 0.519857964597784 0.0437644470575707 0.48259065959297
0.196567145009101 0.0435532604502288 0.970761795122659 0.412113783148058 0.447828938132675 0.00763430717089933 0.190283346955555 0.470655571462909 0.0578317782881198 0.423376800582323
0.885139238940943 0.263349453463147 0.984793699655797 0.62468057211699 0.982296883882321 0.0678819135179483 0.150921856767116 0.556606067019218 0.286528012081552 0.708165086240195
0.854295664321956 0.432749099296566 0.999563610906473 0.776531214563466 0.997603972254023 0.390817237971995 0.162592400816972 0.609681777143829 0.584917603354801 0.720943417338595
0.933138811257105 0.999454962518891 0.988411031890448 0.739366707149362 0.997746097275902 0.100825922879775 0.609126178441675 0.584172566920863 0.309792299475722 0.645758457145258
0.0338540784995442 0.423111203963234 0.985542114207169 0.600389349343084 0.981918312704292 0.201479981136485 0.252543500561692 0.528381445969434 0.183352191747223 0.478414729601165
0.354373240148335 0.588547233229673 0.993844011306576 0.617872911970337 0.991101795435423 0.0193724156340613 0.0998550632554162 0.546387726342599 0.204239657751156 0.40830801763875
0.0250783549908781 0.233892591487357 0.666481447822106 0.650252228289858 0.991000161533105 0.0642004238120187 0.724021745638001 0.558246964077845 0.203742452842061 0.487733567154383
0.0321454177350719 0.0143944180738117 0.840974945687248 0.188489152801056 0.690634867935707 0.0357808849437987 0.00893080559428641 0.505081204407921 0.0382178892166972 0.243981813795915
0.739497869407943 0.215690169313619 0.617797332169195 0.536384212649137 0.798192363642052 0.0623835962873739 0.139950570832318 0.525915643703782 0.170231168583339 0.642623045139242
0.986404119171639 0.888209293358768 0.99878290580716 0.640588947281055 0.974912222313214 0.0591224554643362 0.089099255968635 0.563858315679182 0.0540319439281871 0.583441332933551
0.999466835043638 0.984191224181916 0.979678948522366 0.675235041517985 0.99916575230477 0.508504044969309 0.350900850224334 0.619633240042528 0.546081457243498 0.718592349340376
0.153425437445725 0.00214787295424872 0.985154181176107 0.0854502678708923 0.711097403438955 0.0129447774442926 0.00979301252948887 0.448686440803858 0.0232797382007198 0.295624231854616
0.00782563649671754 0.00371016197140998 0.169271643554554 0.306360096035606 0.821375395471988 0.00836738705462104 0.184106732591556 0.463679740726336 0.0277543082991926 0.282991807366299
0.947596000102719 0.0585528107350666 0.984777546731955 0.366946324219377 0.955910618827224 0.0461453201827265 0.269615064347119 0.520489252630538 0.146089957343838 0.409574871333221
0.987253055222622 0.929588667939214 0.996962951491028 0.456688828098084 0.929226834143705 0.253734093809381 0.472980466074555 0.542816712970936 0.112315761789222 0.683658235634239
0.403053211118065 0.86789542119846 0.686683390452031 0.591969881099079 0.992024255540085 0.169773883628054 0.850349496838098 0.566332643645038 0.154291920004114 0.599812419730282
0.650355461729976 0.72435344796857 0.179970253886322 0.711051473157499 0.990206109933321 0.165969087094883 0.276296128512521 0.586907811321128 0.31519994732081 0.537330394793543
0.003978481536531 0.0316078999422292 0.511646463192433 0.620709451386144 0.998188935227798 0.398486783490226 0.0738909927532415 0.554589580651326 0.200616494192259 0.723458194698027
0.0994434289943211 0.729671507187395 0.814982353743112 0.230791275842766 0.745324292367643 0.0571153514142699 0.62306399481671 0.511430095241926 0.153576260369749 0.573430948046761
0.964031912902135 0.0964726237222563 0.997277061558269 0.660358696399133 0.984948380683241 0.024648366641781 0.430587166804168 0.548825844301816 0.153228251656009 0.577313305652223
0.288084253029211 0.0168127590627644 0.987271643319331 0.171253823881338 0.926026396506946 0.00458350503947982 0.14333246542753 0.467801768171463 0.0175174454618189 0.211266687140898
0.287251692128852 0.279231117988907 0.9954835062961 0.409219885046715 0.968219793414454 0.0192163190524612 0.0472590602118537 0.511509022607063 0.108826195609758 0.554959816928781
0.0963823833596871 0.405056892997601 0.943262212728525 0.517578837144249 0.994977934868086 0.0119317340241263 0.213200277744783 0.503630992719546 0.0739403072902345 0.519422522104718
0.00658604514535484 0.857369171835568 0.923556909873063 0.571395870104502 0.994790356805527 0.0912979853666392 0.209091347303367 0.538767765629265 0.0568150568346854 0.535137458333485
0.0514875360211488 0.10185090561543 0.226472611931651 0.259574074074181 0.761162010344828 0.00844821093559666 0.0385784794186016 0.45436625337267 0.0230612780402586 0.194420686024748
0.00378516941995202 0.00607887292629829 0.380070687849708 0.250066347528131 0.361913153323361 0.00731826800823014 0.148803255410181 0.425984059731413 0.00888753658208301 0.307507391691033
0.540935910983304 0.991720338209537 0.803983512063242 0.572470015465882 0.997533801596103 0.0240534779132503 0.681262865016974 0.545852483826162 0.160700722339941 0.403614891321315
0.745261488259071 0.978302753543441 0.99917744718732 0.700846641243449 0.999343372636607 0.168942712012924 0.890934357390297 0.569439254835462 0.466824688813457 0.746538611930484
0.976242422289279 0.000153619918695146 0.816460108961112 0.320539041051036 0.934187948781105 0.0111860631281571 0.0571168696398316 0.466338272213269 0.0180133258129869 0.377735511033095
0.115593060386387 0.0174620820640355 0.935663342895303 0.439274093680344 0.982341609984697 0.202529536595661 0.559159477703583 0.527946886608833 0.102046967895666 0.51253517695849
0.989133146029643 0.381246065086116 0.940188361798403 0.587941807759154 0.991350290234473 0.136505773970096 0.511607709827904 0.537480703105633 0.182486122161883 0.635819227401274
0.00211710191296675 0.0230537055340084 0.9928202010608 0.366087185963212 0.992684557355325 0.38273697726656 0.328383250715503 0.55222827346524 0.188173459555695 0.617482859342834
0.947410349588183 0.695860342603373 0.996763106959988 0.795234518050292 0.996737467384647 0.691765502278886 0.0986811031604103 0.590800366008401 0.445597908479042 0.68282199198525
0.419730509084983 0.56156373590248 0.665955261442409 0.377262715867633 0.86771836152088 0.101984778677902 0.610119888654024 0.490418215450374 0.0658570574739114 0.539662109592052
0.0571765814205371 0.346459682274562 0.964958207365445 0.23098746680906 0.964570772858811 0.0886612760159231 0.0892815388344633 0.503825787440017 0.0550271310263257 0.350102565716981
0.537875617559112 0.00964800340583414 0.969237552386246 0.206641263746549 0.415802201567034 0.0377496563080716 0.182658497966121 0.47580185656267 0.018581103461127 0.29630652306241
0.974064179192263 0.860169989861622 0.898882130560169 0.507783279933916 0.9850519069466 0.0378804628910146 0.526559067217477 0.53072793646741 0.0426161182126272 0.512355274408714
0.971822281014661 0.803665755855161 0.852666384495291 0.76502513532181 0.99880152796118 0.490031574948578 0.217358052638266 0.572824737992118 0.122893901824504 0.69902651533452
0.603131497984064 0.425478641944676 0.837220885407882 0.572808564011603 0.966315419424275 0.153886852134052 0.182854625860918 0.53726170333288 0.183919574947983 0.672262744403043
0.00174171746607788 0.000159656846624086 0.891976792882751 0.0704425892363459 0.251739578294709 0.00104472426894749 0.125136022008588 0.436215485858717 0.0140368090475411 0.20383668014093
0.274601456562773 0.950993794364391 0.937405306275415 0.612151897370806 0.996995808645475 0.0830761947567536 0.276090223378778 0.553316932366389 0.115433597140231 0.590707558774702
0.270538655476891 0.434707315491416 0.682842854792549 0.643701235447963 0.99849607770923 0.320044615025445 0.395238090337265 0.595539055122714 0.0722904149694481 0.467037685566276
0.831405479612146 0.519545940523161 0.158081067715059 0.674938404598651 0.967141213025751 0.135079616484798 0.250314570534979 0.516471284838725 0.0656256650452969 0.509138094654687
0.822358302621694 0.316798242273631 0.999903125696474 0.870641500281988 0.999500469429119 0.13266912441669 0.354051519809676 0.602758461007879 0.234500085336131 0.571228624769236
0.137803304297533 0.0249699441937731 0.983746172981458 0.446535753436317 0.971914359902699 0.0215772531238774 0.0601468738061967 0.506574797081548 0.020305928465741 0.384030986974045
0.204038059224683 0.340962464365634 0.238595029186785 0.225234280136518 0.422849833733462 0.0189354909320163 0.339448435961032 0.489616488250127 0.0294010196283512 0.188838502573797
0.959017864633165 0.0379914285836837 0.872594491698303 0.415341991191281 0.986938281623633 0.0226157498901445 0.318725160413027 0.494118985940391 0.0784968195018119 0.317453448297907
0.375347932796697 0.85439210069483 0.963754807768548 0.692042169060934 0.990540449735072 0.29874058084044 0.282637426993732 0.533462681471576 0.213975216399518 0.463175789456629
0.94935222460284 0.0699575995380576 0.976532531097406 0.737897265045978 0.996700889379636 0.127949305564729 0.158757487438346 0.560609499530304 0.156641517265727 0.424176708642714
0.988031828095122 0.70544583482303 0.999746480803489 0.840655852674252 0.999961995384119 0.799220972368556 0.863665294281744 0.604884391947248 0.488865559721121 0.695751372187281
0.588378055691465 0.025373528058885 0.446599109738597 0.135135988814813 0.330441527565019 0.015532407480363 0.168120490792815 0.493791370062304 0.0129052530443904 0.354894947003812
0.522484381033057 0.162515965291122 0.968920762349752 0.411006109920706 0.984715645231557 0.107162406442799 0.578399035301657 0.528718895858065 0.127639171381345 0.501583046670045
0.999689264620094 0.960317375060269 0.905543075528636 0.737039452369701 0.999949405426498 0.624856480071997 0.0373899621809833 0.582386682309446 0.310019386940669 0.759132662701419
0.100761689060849 0.209302821942753 0.128539502197836 0.305863439166242 0.996673453033369 0.0184160595728161 0.0431419657597095 0.495759937484097 0.0478880228273333 0.200575884112924
0.350805989869198 0.00922975254369542 0.941661295975001 0.217348704076972 0.881955326243668 0.0031596721365644 0.0530493437432427 0.498315145648545 0.0292729957345916 0.277045946099834
0.958987932211959 0.206653627231051 0.982726904987863 0.482771169710071 0.946587761746318 0.0416861260704656 0.594067182885588 0.545738630935878 0.0966752002515899 0.546490773109359
0.963540252878922 0.534401225543173 0.291706044862313 0.728226998293935 0.983726005044133 0.322722265322944 0.328306689466504 0.550584063094335 0.129769565611633 0.663809998698989
0.232735923050554 0.0127749558268256 0.953275048555639 0.352422644047561 0.697920926249398 0.0112496957484188 0.320296358291152 0.520930915283054 0.0676653093902188 0.397903050952616
0.966180693179484 0.604754069350066 0.997491014761471 0.71939476075594 0.993954346673481 0.0936688693494509 0.104160995457882 0.578765495156246 0.138303809751664 0.550437215880701
0.48743869444306 0.490456338311763 0.909636683399033 0.164001414802238 0.641086337981497 0.00159731615700241 0.00961995441594479 0.45842857149107 0.0130199647070209 0.199240742822879
0.934124569988819 0.908281054643644 0.452251796408582 0.625752141389668 0.995784094050138 0.362954616742252 0.778016363022306 0.559385594165177 0.152658210656013 0.616281968878736
0.665684452389954 0.115392335255847 0.994534573633351 0.380563226109607 0.717034035116898 0.0459272354670117 0.0650844325662148 0.520157694926417 0.0664423642332291 0.499723572073384
0.0196650247482089 0.204154187034252 0.647965735931604 0.377838739781218 0.463335464025558 0.00760914615747171 0.0945273057306869 0.483160848860852 0.00900680961588485 0.22661573274471
0.318088994869875 0.327963293699718 0.996732489033359 0.686811872167618 0.998488199541791 0.175536945801064 0.486449665535588 0.616134641952109 0.726569449593201 0.527695878495002
0.249531152039979 0.380904994584104 0.894228697237434 0.417710639465647 0.994460693138889 0.143145629079574 0.203026226932235 0.511234166079257 0.0644485887561418 0.359508662374092
0.603020679579748 0.00155609138014298 0.363725805924455 0.212798985393423 0.831605355275011 0.00469800882766492 0.0858184283331153 0.489121222674925 0.00587838871539317 0.292681124292816
0.881105018774926 0.604499033766335 0.992733541774749 0.540783254309587 0.997791263126245 0.258036571818473 0.0747728279729781 0.526313202673428 0.22966407344387 0.563587197121966
0.363685227437504 0.707289027294688 0.872151874152762 0.617364032803389 0.989694345360486 0.177965471389664 0.541362289618339 0.56193990841807 0.167826010634259 0.581294792265362
0.930174453500649 0.37536430825134 0.999624782951463 0.92908061782141 0.999691183234729 0.69272321984524 0.772331352161772 0.628263185555829 0.338023277186173 0.710514727109434
0.9385596856858 0.069155801211955 0.0621521749479625 0.485717346087252 0.735435731161697 0.0252912021200013 0.202560879335879 0.509115673174024 0.0413715121139171 0.470701744921654
0.408809103021809 0.00597446225701751 0.999314382892973 0.806134228074111 0.997005897017309 0.38578855312136 0.412381449993349 0.539707770208099 0.247668227405766 0.688236059438273
0.0986324892982536 0.114560112289325 0.832627516572643 0.614467609337256 0.996687776140818 0.521353232500532 0.0634786035848266 0.564616693270636 0.225272830957834 0.41045699136282
0.445489135587301 0.0283232724672104 0.98964428586682 0.167180053104208 0.78873682985831 0.00746034991525053 0.114822294732814 0.450527290014402 0.0147061285935908 0.388177154313666
0.761126468253853 0.182051152792799 0.988528711582878 0.838633756529577 0.998159972810577 0.332647054227557 0.584316575724411 0.596960907858043 0.567273818584038 0.775528948799272
0.954447678790164 0.144560932282437 0.838134347422318 0.575088902865661 0.99891751702951 0.0480642782683338 0.936495362230719 0.56558151722341 0.141379991522932 0.526149808116901
1.51635020441472e-05 0.0180712790664341 0.913785580491059 0.534660608431308 0.619868585196387 0.015760414665222 0.246052158712085 0.48918098671887 0.0295022287874765 0.539350055553609
0.356405478262818 0.184829585488251 0.991312129008226 0.557565204890607 0.996428072601202 0.0155884257491289 0.667982267146736 0.527584227395604 0.173722411984241 0.342262343058642
