0.47242663324878 0.0256025759671878 0.993475107820522 0.710254114800782 0.981623255252477 0.15006409784347 0.222513886540967 0.562526919354411 0.456033137313833 0.454133212045061
0.729082529508148 0.89444972906988 0.983181255493375 0.564537725835338 0.982229674514524 0.167247009723019 0.146274209156199 0.556069125431771 0.115308257525432 0.769582781896281
0.890983228865101 0.550863460353154 0.996180529893448 0.637828984053543 0.998919902223826 0.242851712868201 0.167213797246963 0.560664875280624 0.290595974604655 0.656972730744914
0.928423526957396 0.00145503748104471 0.835029719398996 0.359090015542773 0.968110967398755 0.0536307589330161 0.0739984347299542 0.512362701614109 0.195732705464985 0.337817753542543
0.0026820497486366 0.0849409789702429 0.932423576392321 0.415925322899452 0.915397423461417 0.023424067818356 0.080845811090547 0.508512063010138 0.0963774401718303 0.37722121168546
0.0986675389252655 0.00681287385274189 0.990042077246684 0.471261331374484 0.994798490413874 0.0291457962055503 0.511553826727497 0.554892756343701 0.0935244919062592 0.35778562057337
0.954518459994298 0.00303518535760114 0.859189056962644 0.230987708824374 0.881734485142851 0.00634385592917959 0.136840609674521 0.484305686572866 0.0283416947064848 0.294509133869926
0.212210837769955 0.36001749507798 0.855764786269086 0.389230871031812 0.950955310251402 0.0361268841739528 0.0173381608757601 0.518893457003223 0.236366276958759 0.396866765195367
0.044678193101615 0.00907293945809774 0.891641072080769 0.478673472285519 0.662948305111612 0.0180898992964358 0.116283330863407 0.478570594534267 0.0156720273444055 0.321890925184065
0.0105664348211751 0.000472052112232241 0.69590816333767 0.0514793987399346 0.458543386065175 0.00541769572833777 0.274596529024227 0.42080872310113 0.00553434302900088 0.251041977104878
0.746984446509996 0.00519604498457134 0.994669325378674 0.397532331507379 0.97753465974746 0.0134215384410495 0.0702623649560993 0.522872396020506 0.129915567871943 0.572573015800521
0.10266897985455 0.0810010086032288 0.993647600681042 0.654987892677858 0.99381828551011 0.0875790244540317 0.167169394746164 0.560459067425259 0.0837418532923588 0.408673602603472
0.899210390951774 0.98544119493105 0.999142450545258 0.631355569920639 0.99260671302707 0.328176157910521 0.663166886377481 0.550010047170917 0.175767607190631 0.531234187471177
0.995431105872945 0.384349473462623 0.976912951506388 0.840352965525062 0.998706672305829 0.392896170850461 0.527708269219911 0.618610035241261 0.628225845260893 0.629114177674965
0.993587785646097 0.0068893012914599 0.998530244454778 0.645526190826376 0.998586077961634 0.32478044655134 0.63593740292628 0.560192116382379 0.257458597763191 0.668318935314366
0.967796507638274 0.63051662449325 0.996428198130626 0.611062814735033 0.992992461878522 0.0692031045812023 0.826594061393673 0.522984386192871 0.0791867098566102 0.504324197637837
0.283764998829866 0.739022733713998 0.979698410970992 0.609473731840359 0.993111460804139 0.239386430233254 0.585814566821764 0.559416313673084 0.1099860259702 0.47056553269755
0.928725063156972 0.541818485116888 0.936377100534009 0.594460538380225 0.955790368792152 0.198652163991873 0.213772109038674 0.564575621442427 0.268233870244039 0.427241948013612
0.996212251278568 0.0746546282005784 0.821058356350431 0.325368346973024 0.95627226310656 0.0171382618032487 0.0715341866247939 0.485905868302554 0.021417801278078 0.412471858779808
0.989015881933871 0.0500283191776324 0.952354411536644 0.515603940383789 0.99228553742183 0.0152285932504562 0.0889577328692629 0.532402860824177 0.0415941167879941 0.442870545412668
0.985387255805475 0.23625432911053 0.99859332882925 0.445634756791797 0.910025589977068 0.12868112795143 0.609740159621895 0.546276038418707 0.119623328015065 0.541430975235638
0.965007771522224 0.0311971771245259 0.950762070569755 0.213942796042668 0.964080403749448 0.0372797909765231 0.698670703244528 0.520987422597343 0.0276822036012846 0.423054062891214
0.775521041497344 0.0177367044043976 0.792904228864585 0.290031114011714 0.922198622725664 0.015661860720136 0.810562645588186 0.498083835892213 0.031092951223257 0.489639582782057
0.990885929762021 0.00106024764964075 0.857879747524142 0.474087006154131 0.885083105579819 0.0119824959024002 0.103734430660301 0.544641467672202 0.0764834352787332 0.223143909081511
0.999826270976395 0.95752030400535 0.999852797102756 0.697131482324689 0.999015820983945 0.303991329995642 0.0584991073696454 0.583257358990503 0.49257585175619 0.71860148303454
0.557991636308663 0.345366438576274 0.994061366300123 0.813527689296705 0.9999544261479 0.720515730693497 0.436549698166403 0.6246246569203 0.388317515180376 0.801006719634495
0.310411718625275 0.104396857202195 0.92374215600061 0.344743985572163 0.824637504473149 0.057941904323192 0.0601157851910827 0.451145416695729 0.0233870958566997 0.470498685476097
0.341210187998816 0.820958665780256 0.972365578288837 0.673963267078226 0.991952098148101 0.479122199326763 0.383763128228857 0.550250774965954 0.067331268704622 0.551199806584508
0.691548347775259 0.00814708624468727 0.986387829691579 0.344463425662334 0.97172993847599 0.0260148029289083 0.0922230123688796 0.542608194142457 0.106244374369119 0.506331033705026
0.783369329775395 0.831398056981951 0.997777514029325 0.920823081625069 0.999930219411689 0.788910191739574 0.624506746602269 0.610197586780399 0.541146156438291 0.744027397666689
0.873157757792126 0.0411672540808355 0.999288684130424 0.47644452822069 0.991087654388956 0.0371986887115574 0.354935565386412 0.521108368449006 0.0558600423594953 0.510125723569908
0.75169000546333 0.0274271469964317 0.998764137292181 0.31702805807433 0.975036447304728 0.0695384723016445 0.160425719137137 0.524112591095984 0.0405898499788464 0.492726789771951
0.0424136481569636 0.259064852092912 0.9897590246653 0.73588995207052 0.998899257272101 0.118675057085341 0.213304414278348 0.565548184527369 0.184914279539889 0.609984683050851
0.516648707557482 0.0145992314852744 0.165567648443834 0.0403301249103995 0.302086163118571 0.000635111643070027 0.0184435613837752 0.389956094612279 0.00518900918827038 0.234795965474272
0.993125421781931 0.0149795323453679 0.662398689320921 0.198582331559653 0.978210241983935 0.0798531983386403 0.202762105419264 0.508286927021064 0.0199127493619008 0.632126138555617
0.981577658510868 0.114599495070076 0.995537531975416 0.585704323394037 0.962814625333696 0.213278567760347 0.0213327187187357 0.589305239357305 0.29632324273863 0.613413637213822
0.167020670554018 0.0880985658307399 0.992784295876175 0.413054660554831 0.814394177561234 0.0172219672492339 0.318876247201868 0.51706952431976 0.0355905481599688 0.451562857599547
0.16126604428023 0.00380509279564444 0.951957134047481 0.467477977713676 0.988397691144535 0.0959691498698427 0.0801269041544116 0.495316137950628 0.0439028654819521 0.385127555193326
0.809041397985154 0.594870808568539 0.996622644038876 0.518276760701884 0.948554152630919 0.0694960699432325 0.701945486653061 0.505116191710592 0.0923385559255453 0.297288676773159
0.959518775415194 0.846076733248699 0.994512531492255 0.540836535756322 0.990211344237106 0.0957387844685085 0.482613722332736 0.550482463978397 0.289970138050708 0.521102198674203
0.0451594655644894 0.634067704257712 0.212566553965432 0.125788001716138 0.799293048433362 0.0146842196774011 0.0447740139056923 0.456854866417748 0.0161670227008832 0.319367251498007
0.993590478318758 0.775683542678825 0.999588797554918 0.944704500429885 0.999920477004562 0.572768673535201 0.601617574979517 0.640029324645769 0.81787331300067 0.84943140075868
0.936568244957823 0.225899535325957 0.99950998744755 0.77483962805191 0.998610605484803 0.480936220347264 0.780744082269492 0.617530619891907 0.580690002316137 0.53538291072116
0.844422483365903 0.310161770252168 0.900088815102887 0.594811461407 0.999057956279257 0.52554809348955 0.218820358625999 0.585856377782155 0.353268707162368 0.643984199003373
0.895708133327075 0.409057907081106 0.837139270443361 0.737448881238235 0.966815670096366 0.247075595346332 0.0291347791745686 0.550999574791981 0.0893967806375197 0.550063607956114
0.680314866868085 0.856358531493953 0.996688212830974 0.644557793991736 0.996711612083155 0.517996360770764 0.961652480378569 0.600265813877713 0.708580146634145 0.578109259390064
0.0276461957938486 0.0448384930835747 0.990363614753509 0.588934016742822 0.991047241152551 0.0790680288809277 0.0296004267393276 0.556810684999653 0.114777305720527 0.216146312359258
0.109530148812978 0.92688340786774 0.997207382238364 0.692202909820143 0.98647544128597 0.125206761385506 0.479616619850455 0.544769834202617 0.28362209073192 0.661227917027867
0.373256198906033 0.000484372212231555 0.837985634097333 0.172845581287168 0.28017254944746 0.0334917458166472 0.00982984683023912 0.436906488692741 0.0149393914966532 0.257826105712182
0.388706428016383 0.00204047330517694 0.117724258006265 0.352380290697724 0.956536287156354 0.10282188186613 0.0479121754408098 0.487010161194364 0.209026090859653 0.507397176503868
0.784846030771772 0.136686471165833 0.883801788802778 0.345130498109202 0.884001318271683 0.0307957081876858 0.124746634936583 0.511638726206652 0.0711903102472163 0.440228701774329
0.985543472185151 0.836607581966053 0.999743023566307 0.544084797948512 0.993874410326801 0.0918722048881293 0.305664121886026 0.52302168211832 0.103449659987795 0.632273401395062
0.0324363114389458 0.00170906476765147 0.172060073502004 0.211010731801977 0.818223432336319 0.0127613413291002 0.0137090774858936 0.431507185975567 0.0194177710045436 0.316213727732904
0.945377411406527 0.870280537032844 0.995698500999861 0.662586296740775 0.992071855831854 0.19222086536096 0.620171502746155 0.550753986045772 0.187375297269701 0.528162800989879
0.723523673773856 0.0943635407194432 0.245648546811435 0.529710103543705 0.99463482097538 0.177410684317419 0.464792739500717 0.51797857126741 0.256665726703039 0.400044987961653
0.974360357883103 0.850086815862646 0.89935888650412 0.647786224197351 0.998423352155869 0.0549679498056613 0.566727173557901 0.565303372754365 0.212945580308479 0.674581864307397
0.915950421048594 0.012944895785925 0.994862574494087 0.621714127721315 0.999470025772492 0.613161614045903 0.641583519287981 0.544849975512085 0.34908431119248 0.719406492269963
0.0375702169483068 0.00426340186487865 0.998940635473254 0.218922029317971 0.157674143600087 0.0209701920276523 0.127979748092691 0.462648600119224 0.028745460716914 0.110979822292937
0.94905819121498 0.145770284714423 0.685296885100236 0.369449037484139 0.517232379243382 0.00283943284530765 0.119411593678846 0.488247591455044 0.00593429418349615 0.446760167729487
0.939011642193341 0.00114394831097489 0.107971186207277 0.300692816886871 0.996228788881628 0.0154586844572643 0.0604108411578954 0.513435674748096 0.107584936774719 0.298285975854144
0.938349591554283 0.975473558480137 0.906864495478291 0.793850311637519 0.999065710610413 0.129622614695766 0.447397783267563 0.555018999614874 0.145311524410001 0.513892478511633
0.920538473777267 0.707624232979635 0.996215797298089 0.466686173279099 0.992551048265607 0.373494770924544 0.731361407379329 0.551887818918432 0.275865963172042 0.651770352750245
0.550904326204389 0.96583196944015 0.981578267051196 0.580963729823568 0.939907575255697 0.300967314115136 0.613722556052181 0.534273192105649 0.181181144568889 0.660855922315453
0.00304119393409444 0.00261804908068977 0.990084901409854 0.571900481451931 0.993732513639219 0.413254451505874 0.166222890196461 0.512026843274567 0.0652682599131206 0.533404557498687
0.321259183399817 0.00892252440537772 0.941772388199514 0.446236862434782 0.993105350122457 0.227567048521095 0.621236212854785 0.552458054512416 0.189992647607221 0.711310192393319
0.248363353258245 0.834810019645373 0.981005997775866 0.617231969535866 0.997776301482103 0.143812998067965 0.307505263096706 0.592156903042847 0.136532937360917 0.555460721350115
0.00454719165497436 0.00800575932310201 0.550214910474449 0.0238322515685391 0.00667520522752634 0.000440449998197882 0.0227057490719301 0.417138753421393 0.00174335417272952 0.231330490093278
0.268928623085419 0.330935567584241 0.96506392377184 0.395604188940211 0.921492506313023 0.0622595532171025 0.154044448780959 0.493273790391075 0.0391638158923048 0.26498846536986
0.383764872191014 0.911485232243383 0.894910222896613 0.816599733011152 0.999513005901635 0.880221376865522 0.781092023727937 0.623378743179369 0.765164018553832 0.75071584379115
0.801634526916575 0.715004459022517 0.999845300536067 0.711785974662058 0.99924489597806 0.281509936197437 0.261541910056597 0.568789814787641 0.484344228537501 0.553078584642419
0.855997330073454 0.893283904537355 0.995070904374257 0.370790722728779 0.981251405293477 0.0843550849150072 0.032545447402536 0.521584916677633 0.0468267335328919 0.293804870263224
0.800802777314171 0.105073240582802 0.991172657457229 0.458649272609408 0.922752067965757 0.145341957754871 0.138496215360564 0.554668452438562 0.328413812343943 0.59430324965224
0.981434131398096 0.210034061629959 0.996443484188093 0.61150368681785 0.999487605033833 0.0773229377761986 0.825796023575806 0.518714017956023 0.182720920453941 0.630305818750044
0.254722280765613 0.000502666735242016 0.963715697471787 0.453919436339453 0.884681951451705 0.00617956057207139 0.0458135079512574 0.488474767283384 0.0619468257456981 0.370484439083408
0.00989241295020738 0.994297349871193 0.997004615161986 0.750978242492209 0.999159920744545 0.0373518622963837 0.866507094285851 0.535697373510697 0.368030807190367 0.526578482414349
0.67639922023133 0.00153604281737742 0.965710949959046 0.11430503784976 0.635170073084732 0.00146728085792391 0.045169901315071 0.411867428756044 0.0129210377837613 0.397382434438494
0.142858367712614 0.130907249024956 0.322685147989036 0.286109965101034 0.847432111117691 0.040601666894165 0.183855792258896 0.521447027812368 0.0302746885663068 0.329724377542406
0.0977591233024992 0.000403284575657705 0.434018802722184 0.202863234052241 0.79423356579051 0.0150801186920464 0.0763217576527075 0.453162279468446 0.0177397330349761 0.310168762992036
0.992158126897538 0.997156770542683 0.993726364764548 0.84296228540408 0.999123463959691 0.440637671237765 0.76308804376878 0.603811629938966 0.433026747472405 0.524974104152328
0.205872777451615 0.34419329440474 0.998002057670877 0.444841300717717 0.998293795989844 0.194896897699056 0.613296292517635 0.550846620114026 0.164090948429049 0.406964883025217
0.987352818362197 0.180456383401972 0.956274631661952 0.496977698391495 0.897195834058171 0.0134619935965136 0.397094172639313 0.505057227622108 0.0988120451385033 0.625718124647624
0.352232970963623 0.0219845703336072 0.99777412956892 0.450146881411064 0.97339311703998 0.0130745854641248 0.137240814615456 0.526620998791306 0.0304278999323945 0.614627933372036
0.26361628830484 0.342792089624416 0.983293843976858 0.853109513215673 0.996854542556805 0.0955666804511727 0.654172412718215 0.618361734084821 0.425241101721766 0.660352579878813
0.616686837119624 0.000245049413514854 0.991188720288471 0.273741536356209 0.737048304697872 0.064889004336444 0.0722214002571156 0.515335460914148 0.011806032262174 0.360042348186535
0.999183877296477 0.360806863102422 0.934569901652767 0.660531099730352 0.972020153409212 0.140562631738148 0.324252497742019 0.558542034812485 0.266551398106919 0.393098036413422
0.00769751288761868 0.000259215390946369 0.705843233105734 0.295829304139591 0.960879140605685 0.0986337973264898 0.122697511629839 0.503393498318034 0.0711584386647675 0.195803462133828
0.462450985648704 0.559487331874904 0.966246486272267 0.509038800519402 0.928261531920492 0.144024660028319 0.821834350023598 0.530094160609143 0.111418827327364 0.532217703453607
0.0848567241566441 0.019831161784303 0.929061309245852 0.57660243423157 0.988915024370245 0.0774403570967094 0.0793677096385791 0.537622348404987 0.103689742738355 0.543627268415127
0.696950814639732 0.438937675181312 0.961201863092224 0.598489027835055 0.990138300752709 0.145925592110728 0.479632522266982 0.56089437545313 0.0835435379810623 0.393514855198036
0.395767237980763 0.168933126124035 0.37722197824261 0.400710529500765 0.995618103196019 0.0596715427072393 0.395125052187202 0.525153046918436 0.0845867898194637 0.596376725798688
0.924194599595623 0.0869192570591157 0.999899279235503 0.696810252559849 0.999508397598183 0.731762699599659 0.295381466637166 0.610999174020721 0.257312593188253 0.671889303213004
0.973386839097258 0.929660797765023 0.995392736216533 0.511710820388329 0.983559051956492 0.124166698023565 0.0677606054530355 0.555759007806824 0.0470665850741454 0.492878484841177
0.998036747353982 0.00569396053606534 0.935493968485417 0.341418893084417 0.786598100855771 0.0930241434106934 0.124113874663325 0.492223023842568 0.0655458184570849 0.312803123119781
0.999983958742371 0.997007070357008 0.999996194953346 0.888300094663668 0.999993552206439 0.970539567980166 0.982796566817515 0.702648016394899 0.951168618938435 0.909493082391282
0.930298451703408 0.577288342147267 0.692939821156755 0.502430004875228 0.981469857609497 0.0554964609723549 0.518650435458469 0.541252130215133 0.183253489857243 0.444163934946161
0.79354413063821 0.0615227641432725 0.890162691935945 0.475422278208765 0.969484689743059 0.0567985986442402 0.284880371793927 0.537364304412255 0.0377233355016832 0.365561879897647
0.896954785817651 0.363345908487634 0.999188379054746 0.739249284893415 0.989412283794282 0.116884621688976 0.754505800781732 0.569519712435898 0.260236921301162 0.628600324259914
0.688390825182581 0.136474822377693 0.886413503873582 0.616370737087718 0.953851982790219 0.236384916794621 0.102565673530153 0.547339131903421 0.143251632819305 0.636419870018726
0.00624039242361029 0.00641695627216841 0.989486797076584 0.356159820906261 0.991952684528576 0.0382476654011159 0.0932725642536184 0.541531135735473 0.147377379795086 0.463108055310916
0.541658105794096 0.464522078742894 0.956306647991393 0.497063850338196 0.998102651870221 0.0758209291471307 0.540442928897782 0.561424349947339 0.314525190334998 0.60886754289752
