0.642668357866208 0.0238969744392005 0.922024307645516 0.490993310657545 0.982067067514243 0.138569500735578 0.372644240707852 0.5277599070047 0.11054377214339 0.39311749903363
0.0313374291692037 0.700984093099436 0.832453990512691 0.29553792572914 0.962762148267868 0.0878164408296132 0.633284929117375 0.559017857022621 0.0516375863576344 0.514938901036471
0.167792864917138 0.427150017811896 0.891373821696037 0.617870064537317 0.999288327747565 0.122433039843173 0.515590548537926 0.552626332832435 0.209643848509855 0.695381900235117
0.748699717824991 0.852572702954178 0.998900206650768 0.721168249291762 0.999706588138792 0.289918838701285 0.761759897307112 0.593502625494744 0.426858373412197 0.676497156394905
0.107540078811254 0.272364753218761 0.246334222082445 0.175884272725482 0.1949286976044 0.00858562971382625 0.0263787172286522 0.449489051947576 0.012114547008369 0.178609396468879
0.87405767454258 0.117510414918942 0.971545287719807 0.444904578094198 0.996786718223904 0.0876749140090791 0.107513012240398 0.562103446140155 0.0735609024000496 0.46679536576525
0.866380142848155 0.487558095911243 0.953713965414689 0.653918943698062 0.999918183902793 0.0964289626863395 0.256414115500614 0.57351670337628 0.149816689045348 0.449385971932542
0.0370524822918753 0.10017580181508 0.181742159068001 0.560016053352463 0.999521582661328 0.137143034130945 0.894034001955874 0.560679293164148 0.191237210773634 0.492750810505289
0.341026220569056 0.929183540058708 0.39366896415384 0.63287559441657 0.987613237828802 0.327221987790185 0.170377764351048 0.560932183046437 0.250193217109538 0.441135483479706
0.98772092494963 0.858871001995914 0.993257469477281 0.755372805555169 0.999053360897848 0.741069433691887 0.669569000071848 0.616091610105762 0.387706115515607 0.755901320014758
0.989689482656675 0.276760939060559 0.998413509529236 0.765416146078846 0.996590417439579 0.640808824219221 0.535048734269343 0.59787338441131 0.558620747006843 0.784791912947465
0.00784898670784153 0.0319552675941778 0.107640322170941 0.197167209155799 0.671916847501763 0.00852037679694984 0.0209779418829299 0.461665970151425 0.0486655988238736 0.308741912647398
0.999225290207958 0.948914314009253 0.999582500231009 0.850244219148847 0.99988112292108 0.79676744927702 0.745530607690597 0.619416322785101 0.866559496150758 0.727097615891302
0.660087875473696 0.17472814852816 0.998774309309084 0.670960824445293 0.968820060767638 0.314659783212871 0.222739049018828 0.573875399196247 0.239919130960447 0.632286311038951
0.776806663890079 0.768219230123887 0.99916622669183 0.454434105680818 0.948030637686754 0.308681876350218 0.366867602940608 0.556515626241629 0.29136150533285 0.54989859057185
0.328738571667412 0.297266952919897 0.159014918741563 0.354852593719448 0.919382195135728 0.0437024116882369 0.180592950668057 0.518832568202236 0.178844399841768 0.626446464871144
0.106844296832207 0.985045203086972 0.994095729938101 0.603081287014756 0.993319163531558 0.056519501904571 0.299525331054362 0.565345158830202 0.392449765812157 0.72231945224268
0.0372788558661132 0.583217612125634 0.984706889634677 0.386801753456433 0.986233905276142 0.0392770932541516 0.0865436092112554 0.545934256066847 0.226733557717631 0.590433606535197
0.958385701659796 0.980857428908964 0.999998864751582 0.804164996350684 0.994300586181981 0.705084600953801 0.372706842418704 0.61682383271051 0.226870164430172 0.715541079857455
0.822684399326566 0.0715609686628741 0.986558721459591 0.280387002614933 0.928453220803158 0.0400672971694794 0.147424004894198 0.527747927455411 0.0609225205588026 0.509570393180265
0.269510898321275 0.301355534520052 0.97930578572721 0.382564114735035 0.96854232178824 0.237471797043204 0.231449167073614 0.522469950486106 0.127600350776965 0.37889332925492
0.8908478253014 0.669042142467374 0.999386902824303 0.677301922069891 0.978038859091562 0.0304777402314787 0.210962916793789 0.564321022954743 0.336672961507501 0.485006639526499
0.722105284915851 0.435057194006162 0.0532665713026691 0.625339681990463 0.973067095625381 0.0907942253873825 0.62363358623127 0.545451145212484 0.118731260734003 0.506555480185309
0.992864844280864 0.000659775507157566 0.926969266475128 0.206371025731205 0.61390097863897 0.0279131057488132 0.167853254729798 0.490052014337287 0.0435328940363895 0.521458245794627
0.98922807681559 0.943082730333412 0.995491428034645 0.622190293672058 0.999828871707499 0.245453632090735 0.790083053178853 0.599044786321011 0.477215313388595 0.567530648842529
0.82079185739575 0.266047289545605 0.966483457648207 0.555415371219548 0.978316176120417 0.0818249334290131 0.370086404239136 0.545858401367089 0.0751546580329491 0.703290195097838
0.462875597790502 0.943880257373376 0.999583198235142 0.870436580035564 0.999688003024535 0.868087149577394 0.756221003537936 0.576887251186118 0.348678499828915 0.719829040651993
0.219403867984084 0.0634132722240318 0.985209758392338 0.336018826458755 0.8701021923606 0.104034810677587 0.148113615482305 0.509642020086657 0.0951786897163025 0.323155496854354
0.977719045244925 0.173409119183785 0.878808411363459 0.344705348487494 0.990205981197125 0.00272779740560183 0.123931004268192 0.51502675641093 0.0636727230548822 0.327449272991991
0.479003466676359 0.983062489449013 0.815430694450258 0.750405789980113 0.999791159461657 0.277847814256784 0.92850395956467 0.577223238167126 0.46122670848707 0.729363619610416
0.918064420944975 0.00991730363255761 0.996280282901983 0.599401970498752 0.99374498194738 0.0456685571141201 0.183339445173141 0.521144220388865 0.0706787213425078 0.493704755395759
0.786805772086201 0.907319558772527 0.993862721726943 0.60321292822998 0.983831512597854 0.0425932850852228 0.355608324667192 0.576954027988033 0.572742737454237 0.766420977501572
0.493653025453213 0.985155768958803 0.991284333999024 0.799525391829179 0.998181844546334 0.155045844304185 0.428942315095821 0.606821418118019 0.350416731915349 0.718766827254297
0.784358246714761 0.480090487559356 0.979569781597852 0.261961886894328 0.873521379695447 0.0658956787697601 0.486745944345122 0.520373000986025 0.0579834940430878 0.475043884811492
0.248663908809214 0.983797090064988 0.989760188764153 0.794389804219285 0.99916549895605 0.601949196227883 0.288818756411142 0.60107035461815 0.669903375663692 0.834380122774493
0.512255678256139 0.895963444280373 0.984270952265205 0.504657078137048 0.984873321094037 0.225805575638524 0.234057414557199 0.565815946709471 0.200601102332313 0.581993535134187
0.0108474785480716 0.00432141469282928 0.998392393604035 0.277447925408984 0.983727939982257 0.144264643694361 0.203505694903296 0.544406304249312 0.320237069231302 0.464987666746731
0.9930697269008 0.00179993688202305 0.993381330972373 0.695541766986734 0.999616923027222 0.131349276641675 0.412573560471622 0.582383400985638 0.54976113921308 0.726655521406863
0.845486533832109 0.147698950938917 0.946556566824625 0.731676165569224 0.975996257386697 0.220748822180385 0.51482576431236 0.52633234607682 0.233913489833282 0.544017216229151
0.00590376792180547 0.0725361011504853 0.67226459216972 0.377807745042584 0.932725847500367 0.0575111846904016 0.150229036479008 0.50610997267808 0.0388770607251764 0.702429896205472
0.517022445609805 0.0158597043047254 0.993522558609354 0.697002433825619 0.99058237814545 0.161218011072277 0.56340548887311 0.587405989750662 0.566895865664221 0.731568690180259
0.0730993177148564 0.00158135566866047 0.979927688462133 0.539573451920719 0.923957250310479 0.0104615698256618 0.160146449250111 0.464172970719395 0.0212411710954068 0.283911839514863
0.848781178189444 0.00290643078345393 0.998567747748351 0.321107684905749 0.810276734791447 0.154369078657592 0.0748704917121235 0.519638847651975 0.0702105752280308 0.53819528432623
0.00440117485483737 0.828731615890941 0.905847906260564 0.797348650270864 0.999474083348365 0.0675269198984486 0.54920032676321 0.56704889161916 0.24180396932147 0.685501304179699
0.32223348433242 0.703575581170975 0.99665821060588 0.629512290918185 0.979553547461248 0.182365920038524 0.670206628836372 0.55674133885646 0.487161588824693 0.595626837176937
0.731999995124329 0.284836496005183 0.96958044632852 0.635876008954985 0.999393264722208 0.133833862706755 0.271215122487643 0.568051297391876 0.369381450949906 0.518408853281922
0.563587562752623 0.105688478830356 0.990306819839019 0.717156217289768 0.999110854412025 0.108188860794559 0.277860717756955 0.567896409344648 0.477904094130348 0.564060579937604
0.363227666147375 0.376761969085639 0.320542515861912 0.175828389797219 0.880036973385533 0.0382589435123072 0.338134753143297 0.494147818358201 0.0482943987911679 0.361606198831654
0.999104898245036 0.999531581947557 0.997046429239859 0.856914765994664 0.99946567903105 0.747445124063583 0.827437255411014 0.593916124955748 0.592661713254949 0.678391533539533
0.124207753699903 0.40258635752054 0.995826618529837 0.529961288454545 0.99992411072051 0.630839628384741 0.525578396961408 0.576226877177518 0.29006751721122 0.658748032462767
0.587492163708433 0.00078473661542747 0.158632169561113 0.253286920509271 0.786996535808312 0.0518624558447651 0.183225350420636 0.478662443930722 0.0176721525641411 0.376197412672075
0.250173376304874 0.658178550921577 0.755492214453979 0.559203618673485 0.999365685475256 0.0842477062771124 0.357444464782412 0.507991171639889 0.0367415347482923 0.460955635426132
0.077751001246482 0.109398905080391 0.974772019639304 0.289925891305192 0.949231557412628 0.00879374217994084 0.188909871358702 0.493670100697631 0.0343098050671565 0.476979113850847
0.987304855423911 0.482267752088926 0.945175692931991 0.607477619900971 0.994385386494145 0.0307827934028767 0.236518090668411 0.524892964803379 0.0240158451039171 0.519438117193157
0.128918937988684 0.00574504107377084 0.996697611782227 0.234435773178031 0.914421508411969 0.0249627372168959 0.196477734499261 0.525525699434241 0.0402773218664092 0.513935714821147
0.296320515340418 0.933484958545298 0.894461276023105 0.45067861730109 0.974311903522426 0.0247992561469374 0.154077130680042 0.513904143774096 0.0580209255967017 0.528486169307776
0.566572651466843 0.885322753337127 0.99137287064256 0.616670383853346 0.940624632561233 0.0716597579897586 0.243647504757333 0.551659136467292 0.0634203034972189 0.689152310939231
0.898154207588715 0.0108364641611673 0.0765309173308698 0.324432682305336 0.923224119574417 0.0499071926487924 0.17922808296264 0.465034019315531 0.19839309941666 0.303098913983601
0.798250508634052 0.906123734463783 0.985188927628425 0.907448250578743 0.999636814095547 0.817204533619403 0.925779589389824 0.631254550603942 0.717153617052487 0.750744137648066
0.0368430429714486 0.0972980600916103 0.95474583068384 0.573184510625753 0.986736158260662 0.298337004374347 0.53286393465634 0.563183411393747 0.402916399484701 0.433269486119073
0.577910603341698 0.13387885047295 0.954652359213403 0.443487901005056 0.992328728514927 0.102487242690375 0.234585605788432 0.556367618038636 0.287058500435196 0.431808801860841
0.0506513464072194 0.538632830462992 0.92075406970133 0.491737718251922 0.966251502748218 0.0461626778820008 0.191651633919607 0.533297681291645 0.246889433059579 0.458884375131352
0.0313926635257979 0.00103166660080945 0.150598748457352 0.166976678579089 0.537870647368862 0.00338203134362696 0.0760210936569517 0.412520199967354 0.00304533651931705 0.141346283308921
0.00748823116111092 0.00485010481033473 0.744158469232908 0.403184789360233 0.720034792924069 0.028474579583593 0.0687411980617895 0.5019964346327 0.11165478072742 0.456199906599956
0.00489960497484864 0.00133039148301293 0.981965329261004 0.171492661301165 0.383564335947753 0.00994645127703295 0.145924917198392 0.496657232313916 0.0334097063589882 0.568340920066231
0.999900422041853 0.82513761984348 0.998630112987195 0.696844940537796 0.978471603196327 0.51850510945367 0.700205690924121 0.602902354610605 0.368668692783171 0.685641437195836
0.995938460366508 0.00986477050785195 0.999785824959521 0.708372495446304 0.997985514983346 0.337111878605565 0.623778698388127 0.590046929079016 0.399746110726992 0.696651210202887
0.923094724318202 0.889721325293589 0.992169098260908 0.538219479511187 0.960839337515584 0.138202619733108 0.468338767530638 0.554650114453771 0.234900966102537 0.396681124503145
0.00186399783340312 0.0280418260039004 0.397928742941534 0.233312046428179 0.988101522222033 0.0717818819998872 0.033568198182277 0.502593240479277 0.0685776815510097 0.557027130044561
0.94821807549698 0.9267352830539 0.998044315213739 0.798170525864422 0.999792584931058 0.125550263182888 0.0984134962770695 0.580864196212394 0.425477428130331 0.761674111173686
0.0754662689488804 0.00323491599160099 0.103498123360178 0.327104891436335 0.985268986489603 0.0184383185765137 0.0432676047673059 0.502729350164928 0.0449634671593864 0.498392284762276
0.0742334052218016 0.0234115097694227 0.404210888060699 0.263493459402535 0.876346393379084 0.011770768113389 0.0710644690583805 0.508979169379284 0.0510335518921483 0.315249183186462
0.739954103415315 0.480495815867152 0.0197212315812125 0.308873033467266 0.918363962748862 0.0229445920459152 0.0279991595930175 0.478788756584782 0.035748601570877 0.442383133937233
0.280242407678205 0.901830814075967 0.999145590204782 0.571618486201593 0.997422551535985 0.184059790014518 0.109569893568361 0.572616742990877 0.177748125168338 0.605819686171075
0.831813385419382 0.64125431755957 0.725463333750525 0.643617698893085 0.991061767441126 0.190735403333524 0.426771242443458 0.556720011524513 0.0498091767036878 0.581481143551673
0.000172350982217515 2.7627562577246e-05 0.751861598678067 0.0678344296077227 0.0367524769928748 0.00154073150559103 0.107693437658088 0.442483768298172 0.00318885727354249 0.128583251297122
0.0283654329656707 0.094939318381234 0.407261152986434 0.13063747618555 0.467523304372222 0.00531402156624131 0.0709371467368804 0.436326277925726 0.0187928467920401 0.331413420218521
0.63653676267051 0.0353067359720875 0.720164713434158 0.639506498667882 0.991908748366661 0.0475674269482072 0.582319560050698 0.544154423129568 0.0947944877369769 0.547737520028028
0.11476187327304 0.00933572765421459 0.93080297630815 0.207731904256708 0.0632225633133284 0.0216165266422637 0.191739087532665 0.475708105915716 0.037729663649419 0.448155738820442
0.447648421798881 0.00621009312416847 0.905434350698632 0.48702138270757 0.782975509622173 0.115119225608283 0.0653520690691805 0.547852311628801 0.113900580169033 0.471494090765932
0.975798127624757 0.583156139056845 0.995260403929887 0.472415616010678 0.984675761029784 0.0702587461381107 0.201287092689309 0.521203429072443 0.118509914974717 0.533280323487976
0.102711075525603 0.017494652235256 0.919062469206909 0.153655952888076 0.796877458422968 0.0077603427765011 0.331612499975947 0.479914741905805 0.0381837270768586 0.505317752207871
0.335569625497255 0.0619482980309745 0.774365282458306 0.271277524806222 0.596031714671111 0.00408055408243623 0.476268693533621 0.468507003407651 0.0301190801834977 0.358111662380199
0.320532195914851 0.168429218909337 0.99913366184081 0.172504311713909 0.255678503384423 0.0150425868910142 0.049528233143133 0.492972983342173 0.0293591125907648 0.275567411613167
0.108392706107261 0.85945297345766 0.697132324281957 0.579122805568357 0.987083220324685 0.190053311083256 0.522363891788309 0.525152971612803 0.154375120709693 0.359299435873258
0.00120318749220719 0.00134646737724014 0.296333426350023 0.155352286859803 0.972549835859452 0.0309583509302421 0.29521458099442 0.461669240316789 0.0314402592064747 0.224645731301349
0.971508218370435 0.940151524750882 0.447205725359029 0.348967616658017 0.885315183003292 0.0590099917057388 0.179965051756769 0.555337860496852 0.134864231302053 0.466215548963687
0.170753419185728 0.782389506113307 0.992791228695968 0.485334748554188 0.996968997198303 0.0682410057204872 0.0668860904239813 0.575621926041744 0.334290846309519 0.530898964906501
0.867466493363717 0.998407230273694 0.999694295188918 0.759382275353458 0.999507720540717 0.51411161304555 0.165976415666023 0.611197463399592 0.818546509418099 0.710487354070134
0.204708111295156 0.069633401481492 0.930862007389471 0.0739341799631358 0.0849934370120854 0.00162954232516959 0.00460324867237781 0.416370890762233 0.0227416241020767 0.134340527202996
0.0205897994825925 0.0311679921044104 0.363317191638834 0.177284077689019 0.757654464522506 0.00192452975388851 0.0649977074813565 0.480246949181929 0.053802873969312 0.247619591388452
0.163226120791543 0.256945436387615 0.985807406978449 0.208963361129418 0.969538890050956 0.0164668043742018 0.0078320626194707 0.47636795235974 0.0355521476580139 0.257829515427079
0.859344988107778 0.00989212408479802 0.84521662557083 0.256987681764628 0.804944437722453 0.0308831796928361 0.156743023048149 0.541075968173681 0.0518409636846911 0.445483052545473
0.175737613650526 0.137141418605261 0.971940979993194 0.567233474486116 0.993035082090814 0.0830532923681582 0.446464817073365 0.524902113048274 0.0320684209345535 0.311372205415046
0.893879472953307 0.794366818100937 0.997023937398426 0.527763638094795 0.995709616544091 0.040632473822736 0.246687098921791 0.539148766688392 0.0772329309973028 0.525235046197814
0.123369721466022 0.00185684731843122 0.278835447067854 0.0710222616119486 0.210580783386491 0.00104276575724661 0.231380155542015 0.454934551220455 0.0176723910875321 0.215692207572161
0.790080168160603 0.0126085136238671 0.929885510515412 0.472746534802505 0.990025774382586 0.0211765690827348 0.25066518850242 0.525218914379328 0.0575083238089226 0.510070786582093
0.739730409240258 0.977583011773976 0.987345738226864 0.671665488517573 0.984969919265151 0.0871032560400031 0.159050589264159 0.532332202234706 0.0795940752628424 0.57871403168137
0.955383661814697 0.905489999584078 0.999916833478655 0.910874510273691 0.999810935941435 0.803086384244587 0.559774616602563 0.61381106900445 0.841751182475782 0.80057164148167
0.0893332751674711 0.590420439831402 0.999756990586059 0.569442622059947 0.999715993333409 0.344443847239214 0.680206827479869 0.565582381024328 0.413236892120696 0.550335019934699
