0.0904973778276024 0.397792245125387 0.68648243261726 0.290617207928568 0.533061834906466 0.0145521240133843 0.438304650493697 0.497522521580449 0.0362097566373792 0.331045829297211
0.955620441445427 0.999460605231546 0.999997176959048 0.824071907182576 0.999989356442275 0.618942515971323 0.470015625602776 0.627876685648545 0.493296302013956 0.73141425633001
0.83893520206375 0.271127810601944 0.809438510746309 0.586501866988499 0.916397890025966 0.0981618299793859 0.0975388611928138 0.56946272120037 0.129932609103167 0.560594959267095
0.992275103512257 0.352287770323089 0.998147580596053 0.462460991792008 0.984806741262931 0.0965344583572968 0.859304754431786 0.538917556524686 0.152737073095496 0.486550024561545
0.221436321581503 0.278115844070143 0.852887643240844 0.341679092364918 0.981623605403973 0.0176026910256522 0.0320677248449924 0.492650803463827 0.0260903984703455 0.243476246782173
0.188108902423056 0.0230807884843431 0.0706171193044702 0.0942709299862456 0.962200894339482 0.00121002298268584 0.00995174684845964 0.478028159713283 0.0282722079679669 0.271257310657934
0.99349113335231 0.61971297764858 0.999611279438585 0.536700436685079 0.986967258854237 0.148222914437027 0.291398002391716 0.548086216505102 0.143942141873477 0.593885457408441
0.998394657229859 0.648118747740638 0.996081894180289 0.8937004747938 0.999965101455405 0.274238834884894 0.379077870991701 0.585294209956239 0.661389283608292 0.487192694994072
0.257591973610475 0.19173352422378 0.983235536287257 0.291786083063539 0.89939538338508 0.0244424177771233 0.120484345950164 0.503177750699432 0.0468807464925289 0.280129209757253
0.422861764336686 0.997005162016966 0.947278317014899 0.790698042971938 0.999886733825958 0.101793928188345 0.950061467263381 0.622505642397961 0.281507904931994 0.72370077747197
0.986970807520779 0.814075781059481 0.473344968050116 0.763455800731812 0.997761126920214 0.277346393840922 0.66838284862058 0.578371559182686 0.0570928815179962 0.538563181486459
0.481760352350993 0.00491288567289347 0.942962177785461 0.367804431892337 0.925003864870166 0.0492542347503904 0.715668998905889 0.516110429182248 0.0310719716183381 0.493817305957052
0.0861767140230064 0.319080582739508 0.976490394784387 0.379793272731134 0.718034415752508 0.0805646780749246 0.307969296685188 0.513346026541018 0.0427267929348317 0.524548151348481
0.977504376634925 0.965401429393552 0.998763678510916 0.853029108055367 0.999816169533535 0.742817424584939 0.400744614391769 0.654295188606998 0.526507944021691 0.656384513420494
0.0561179600715342 0.99792224868526 0.983502245322727 0.704784747909447 0.984681947779221 0.290565522934375 0.203060590209839 0.56636571238313 0.0842274797882846 0.628257613629559
0.708004432903629 0.127274459292588 0.994395909320654 0.747961053905737 0.998992178720345 0.200462626016859 0.391611122466258 0.521825325636008 0.152616376650641 0.620993729163886
0.109687518567755 0.922331372278693 0.984828728907347 0.760097836992066 0.996421112402685 0.173035020899377 0.183433595961991 0.567029465898901 0.0929776121865345 0.549441818696132
0.258157505740673 0.00951989592552471 0.89282457132722 0.246685385622003 0.948446646182677 0.00168092345161327 0.047678924068075 0.428149285971325 0.00737733840945143 0.239941067883319
0.22691588155236 0.969961579392116 0.988402672979815 0.623608358315316 0.999179764393453 0.0257711312922978 0.572904929248881 0.574792451110005 0.295663977849952 0.451825987106314
0.995226284924643 0.992199359822337 0.996475633669229 0.89934916254515 0.99423363853755 0.0332836228102434 0.465607058617831 0.557588708698555 0.220851399398442 0.584706000586457
0.332701999253359 0.922889382178584 0.997586873415622 0.865274353221466 0.999225070225052 0.763561120158327 0.509748016444262 0.57014408481904 0.156246473532232 0.556885392831722
0.277264442735305 0.50341974202409 0.988950241753813 0.403797699602447 0.984897603203512 0.0985073548305965 0.409391541121913 0.551938594100894 0.292307574469807 0.561398827301494
0.960266683183072 0.638629403023311 0.929741173235621 0.500614746373644 0.996501876524735 0.0654672479218702 0.545561460392278 0.543343702727685 0.329554803009638 0.569437056466136
0.304098526693088 0.397166481834199 0.954545849043933 0.444906142178102 0.954000088748596 0.0393296437966154 0.210248297313221 0.50992967412824 0.178816720062489 0.395397162578286
0.925153923497294 0.921708039158333 0.988868643309773 0.72880059009882 0.980917358007153 0.208956294208692 0.26177265790845 0.583925856186452 0.127813877180514 0.572480482181256
0.947797659352091 0.072451292061498 0.993203176694691 0.462262860038677 0.983406172228789 0.0208917139277689 0.483802593744444 0.526511122778821 0.0811729473849848 0.55617657043388
0.806518205229242 0.000611843044812583 0.796500547577957 0.159564765946768 0.83933788410641 0.01980318284466 0.0265048837191745 0.468285812777191 0.0630082970703235 0.232955315230467
0.647517929939354 0.0216811012914525 0.616125319306024 0.540682402756686 0.976250741974059 0.0871773342553277 0.0773621028700797 0.546292378691578 0.100569051306811 0.357045529862597
0.0429379667450852 0.0295995855538669 0.824215226849625 0.175778996106477 0.907312202753617 0.0369426754541181 0.0264762607246135 0.489848323528257 0.0470575869322438 0.292673562583689
0.641914553617246 0.0243741817828431 0.810895309684234 0.151036860831529 0.440401943237365 0.0257407475439797 0.148681608716192 0.485655541838995 0.0482050748028494 0.563807160783017
0.990017379869184 0.98026520903348 0.977823556865793 0.882548449288849 0.99981352442034 0.424394238403524 0.800951127311316 0.641092866694916 0.397237436586018 0.832582884617453
0.0217170414683839 0.0270529906242813 0.847005686326997 0.545551368780096 0.953622007647044 0.0243814304407843 0.709842287663261 0.523537906412886 0.0798942320141115 0.628691226743429
0.441174829700119 0.232058772226189 0.992965923164962 0.811339910388276 0.999801526441638 0.302856240383926 0.551597606669636 0.582311788507707 0.0966208637796607 0.562582159627784
0.753197018477011 0.0147786105403821 0.735842400276658 0.639844845517022 0.992398355876618 0.13661391868283 0.547579524158124 0.575510082436806 0.178341173872013 0.494837497470498
0.994639646509281 0.0874323539152904 0.967479144196262 0.43278464856236 0.961889309276753 0.103613668890537 0.404022634334848 0.536841477576797 0.133407491641379 0.575121009410748
0.365467665981501 0.0431551014578977 0.840870274239277 0.417333697285256 0.242944683603806 0.0738399850309083 0.306285052467686 0.470044345160913 0.041993651978209 0.522744279128137
0.56260076074187 0.967825680513284 0.989098276933596 0.701228753276455 0.996208513205987 0.196979146118515 0.201057195503043 0.544185581366295 0.282684543892494 0.643376143926533
0.0778585528899129 0.14562339049482 0.912252577588894 0.543279456494166 0.965243544860697 0.013034088308266 0.501714595765598 0.549460739024202 0.0887682918165643 0.324825802418235
0.0242792314467592 0.00925836021054697 0.998193644116192 0.459568383786668 0.999320565665009 0.291597326586776 0.486243824173147 0.5533054545003 0.301532275447519 0.438056770815968
0.947429401058162 0.00282754291131377 0.622209771857531 0.335653684570933 0.344217402758658 0.0103897464295094 0.0699717814948178 0.470869830132912 0.0170038553976028 0.368130942711625
0.162606910299579 0.645690412059873 0.99288328014364 0.63455374683112 0.982668455060377 0.0453458631609621 0.311866193957052 0.563406429832709 0.375347914619716 0.638417016058026
0.805908137477298 0.996402164814094 0.896915472695828 0.917478274864019 0.999005904665398 0.448878111303785 0.251033883657935 0.612532392989953 0.731168044464504 0.750988695664691
0.220075598688167 0.931594389409476 0.999350654633607 0.64248838000965 0.997954446810377 0.551422821436155 0.537745092001839 0.599482526254057 0.240996820079121 0.788889982930494
0.302045231417028 0.872126491149337 0.988332074919193 0.55406976261405 0.999751451353916 0.118737555099303 0.426718378791198 0.588880921868763 0.067584300721619 0.808812618186763
0.840944667183252 0.508967024308885 0.97945332470304 0.462549754706536 0.98395208212228 0.164126930280958 0.107528137637635 0.563236629205779 0.211732500823794 0.3957695492686
0.821160153666271 0.687253228228398 0.998786001755818 0.587785820055332 0.998105587629793 0.500121401123379 0.474386276479115 0.588772146339041 0.26092183414167 0.804209877151798
0.0563751307035328 0.0161013758623136 0.613646516759482 0.392180366678843 0.534591365780062 0.0308779504084374 0.0669226766371081 0.511809837643053 0.0430097959413363 0.413769102737041
0.00210353619593472 0.00110461125636706 0.811758877176678 0.453174749739181 0.93252856865024 0.0264497491167851 0.524712645757148 0.474527736567028 0.0159589558561485 0.364468996423431
0.637924588469171 0.000561178283959406 0.832360372175648 0.44867562945284 0.932234797372041 0.0786121885775925 0.237856270329001 0.542587894583142 0.100888217040265 0.217074884621402
0.10997148148314 0.769844968242004 0.901337467051669 0.720117450634404 0.964959833083912 0.485965686360136 0.447795692325278 0.578956426989431 0.184244810973006 0.703543133949746
0.0179083405398601 0.242271269250557 0.999511190101761 0.296978224467372 0.966933334979862 0.141129075710921 0.0954542053932194 0.493067944230113 0.0312614164960338 0.468487286956063
0.753092876319181 0.0492104285949018 0.987419916696287 0.443653678354743 0.940231641862679 0.0161776548902771 0.535043123933024 0.529767475716424 0.0333944115698602 0.449480827898184
0.720240121051904 0.0517724793257448 0.975997547842641 0.519747398608696 0.998188563498704 0.0427742693792033 0.232309491336433 0.531873107397068 0.0772800715934895 0.497221436127719
0.0153148992458563 0.0274021869843655 0.992371443506163 0.389376668544424 0.872285319360647 0.0137762576793624 0.0361364766373113 0.480106960203523 0.0644620382972789 0.299472174381953
0.049419170684296 0.000444769761107878 0.593795506833795 0.0891195951182311 0.783137862600534 0.0131284353599946 0.0166855388089713 0.462395140248121 0.0148653402748314 0.385696908435045
0.187734348184519 0.0142669478027205 0.960253357378737 0.163254157068759 0.867219067168816 0.00766258922981459 0.0466248469302402 0.448789315898012 0.00618761200255089 0.265292229397222
0.5542601978847 0.155447887897713 0.700366517348777 0.377968407149188 0.65838730913196 0.019135015632883 0.0844762530281344 0.491615715023201 0.0717720926780598 0.227452341202872
0.0347684292785183 0.0197618906581666 0.995159078957026 0.369394159966752 0.960319069908328 0.0312424983224134 0.225810895367708 0.480500892666501 0.152880459567486 0.441296864135023
0.963208147185865 0.180460555419771 0.82881007638147 0.670765651048795 0.997088460857373 0.137982872546604 0.578545029571102 0.572840649714302 0.256852356189661 0.661347955737261
0.0620484790232137 0.174386793005006 0.935449783564529 0.285401552894478 0.275896125761432 0.00525496421224679 0.590613146228058 0.459897786507517 0.0148437306967615 0.177253815951257
0.999581080857187 9.59778645528937e-06 0.834070940403647 0.228962657890712 0.965926218519822 0.0183812013193729 0.0267713557013349 0.436627821600501 0.0299596752914023 0.286744593881803
0.32150757023917 0.464160166516882 0.999570987417798 0.825621739286963 0.998098588900788 0.395834619297014 0.522523782045005 0.583757845627533 0.240994682359263 0.73607804509028
0.0303507276833123 0.352984598957266 0.891279782964089 0.615705018523957 0.9744453877524 0.103401607277546 0.323841385031857 0.520066257207961 0.117169682555127 0.430581245030437
0.399470229129742 0.0721550156725543 0.989845042179488 0.122093994272787 0.891329715549269 0.00800957853816004 0.0568181249740384 0.448482014187291 0.0292044113168721 0.454697982540094
0.443611723880657 0.335358409767119 0.995255205839319 0.663595694051851 0.987319254513307 0.306145569644122 0.361282208955853 0.550145619180281 0.476656860790728 0.62517519444849
0.614101154488011 0.493397712896468 0.9754478342754 0.544958007056994 0.996820369980933 0.200284648573809 0.310839020503587 0.543178763171749 0.454945834841243 0.615137496721624
0.0360206029415832 0.0321741169435657 0.145308553786194 0.378795834199325 0.46586324648649 0.0110358210040067 0.00769384597849917 0.49937580519171 0.0335119846967709 0.357336502556562
0.0779209557379304 0.709150005681826 0.348602334998444 0.257111606088719 0.904061788185741 0.0794739449108208 0.0378571514163056 0.495891541010374 0.0487785259356888 0.419630565869399
0.991539473954383 0.602881572872493 0.969962432759358 0.81310605799466 0.999665776772675 0.15270814298784 0.726684286750753 0.609566173022435 0.37869025062619 0.541994586118062
0.69354998298075 0.0789434620121048 0.856096539019902 0.308273440577121 0.904443104938652 0.0114125935868616 0.0406146916200164 0.500086106728036 0.0244993304973532 0.250576294531166
0.927803063500067 0.776153314642184 0.948845260756361 0.736173520920505 0.995884376122099 0.0717768492052655 0.706692876078645 0.535505476396541 0.0631789813593345 0.56893070250669
0.965382557219737 0.997182599412565 0.992849852648533 0.665015397778474 0.998645295489995 0.118985450376284 0.172540080396291 0.557955013245207 0.170720759060088 0.6343743879771
0.0212738532401643 0.195790572602192 0.987692342143436 0.332876136434386 0.99720316888078 0.335690167293445 0.452694622181311 0.544976435935045 0.236541322611883 0.532497821830214
0.388829235555195 0.44385183497644 0.775618094800376 0.276095749135361 0.970566601310622 0.0623913281195145 0.0290871599031796 0.513019017173608 0.168194781354274 0.487866094764083
0.124675328394184 0.768357255745131 0.0883667409673607 0.325213756823993 0.855129376227754 0.0121653853759858 0.203151042956418 0.508978011457692 0.0650171043881477 0.544404438295529
0.909014444554664 0.0402440666077296 0.00847679448283729 0.203857264266931 0.956976298649742 0.00355808853866768 0.191674647959623 0.485184409989451 0.0448179399985722 0.358656089100361
0.913249530862111 0.961685884118234 0.994783105397298 0.593058760113646 0.994379195580918 0.29199433795234 0.792117852440014 0.582464089772762 0.432256100731469 0.648248626271128
0.0237728554339567 0.464179156008966 0.831620909749946 0.165602127444834 0.956579431048157 0.0085571844208195 0.292597254415852 0.494701277030254 0.0192246532423775 0.524059326162055
0.560066384790924 0.0239256029701936 0.991802671317708 0.354601456763216 0.382180338629094 0.0401242276676708 0.562990597300088 0.537734439030518 0.0476645987382999 0.429009776236602
0.889318917656447 0.146895714059465 0.999861312867393 0.587597565634481 0.998762092106644 0.284921319159463 0.784199291911647 0.550157903700743 0.311248208922113 0.541476757412945
0.970431001907297 0.234570037865954 0.999988905288378 0.970892371133786 0.999998046128273 0.935295062260181 0.979849205916246 0.671310355814696 0.940066407448849 0.809284419313792
0.762023847575838 0.931059588977004 0.998467484721286 0.8777315710867 0.99736489100802 0.583935255512709 0.461202977497272 0.636195072953041 0.856210599987008 0.795521717963584
0.448247596429758 0.661127844469397 0.954728546955497 0.502540682422235 0.997553865127808 0.154423507590731 0.732126678135421 0.57638613678923 0.167660822886965 0.605714461887525
0.0026561651988276 0.693094987258152 0.0107214527104622 0.171391702765204 0.522951351953885 0.00396549634045658 0.0586970279759313 0.448922846991923 0.00905536933202567 0.135213661936432
0.530753029968921 0.145733766599889 0.439000904053799 0.466602238099758 0.972084629349321 0.030467807984505 0.0789911330557707 0.501119386831938 0.038932759942286 0.511963439240585
0.915418402876641 0.142140151694977 0.98479898421445 0.593289727338327 0.989302928699966 0.0770797451868994 0.292984123145899 0.505961992376951 0.0930264747949556 0.515466588702607
0.0474118621518382 0.633152573899909 0.955107010953448 0.39117482303181 0.988822005921607 0.108370959832264 0.396455692662716 0.548176926908547 0.0552339581766133 0.453931166437078
0.807756967562867 0.104747795571419 0.796665594651302 0.329226034020981 0.955621230714023 0.0614998950055062 0.185237650673108 0.487829715926513 0.0508180477501081 0.27686915182922
0.00316467989903481 0.693639996725726 0.671333667765787 0.531029409866149 0.995108301729367 0.0158221103698708 0.257127923701538 0.56770169341152 0.245655929648743 0.646636238646939
0.957512321952777 0.13076285400613 0.89413479037112 0.333242841829294 0.974561928895606 0.316159399507406 0.702671810428955 0.529903432926748 0.0778661617510173 0.59627120172482
0.311546593745824 0.313586170256505 0.925144998244917 0.341298713514492 0.995619644602684 0.0235006893590229 0.00649200613419274 0.547498058526613 0.15939116758986 0.223357155866222
0.991144510643659 0.360458564492306 0.901080318446739 0.52903395530439 0.763500587377954 0.143818271126348 0.403115923409225 0.538198529474416 0.0702870609560702 0.667017358812991
0.990472381043476 0.0158533802870552 0.13470103149399 0.575435195650607 0.995432053846464 0.0219245209774323 0.078768981053549 0.54238135449854 0.126573342649204 0.606308443463873
0.790708025495089 0.00117163558162118 0.845708536230444 0.623531698812596 0.847837799450971 0.0297690108555369 0.189380308560462 0.524725052478207 0.0882958518073435 0.331110746913087
0.559471322630308 0.465670997725656 0.999798394349789 0.78010793061416 0.996356413130093 0.136794228243674 0.654500288325177 0.548056956262438 0.148978131883307 0.621285105931721
0.997082385921011 0.820184372242297 0.980163035275325 0.573877543214052 0.998735093495395 0.125987762264311 0.59808476251281 0.538632628513687 0.331595213896585 0.444842189428351
0.964962054314767 0.314230316615172 0.998706710067728 0.660110717681404 0.999245355169478 0.198254023890484 0.57640308816936 0.525182483865521 0.140318619118665 0.55691758151602
0.149895105508115 0.0114082112679934 0.80263753791721 0.378383357696081 0.881856931079947 0.0139145489339994 0.0603655221155913 0.532470146969975 0.0509882242537581 0.310574984833238
0.050869242758071 0.000343594376660527 0.546798428826065 0.138190453024316 0.22964081628219 0.000819494524134815 0.0123988246834595 0.427517322742951 0.0103463066191064 0.352139581993239
0.939281456604752 0.340495357023051 0.389307093135435 0.372191480660209 0.904998778733613 0.0632118268651924 0.0864156021743828 0.531419062020035 0.306591518242915 0.38482808175856
