0.832477328344897 0.424195222322247 0.999290388094025 0.811890322625587 0.999467862060927 0.862802430983557 0.5539186890951 0.601673896468272 0.715306140920315 0.832143360824474
0.935826959558396 0.899973417982659 0.999925271005279 0.631073980409434 0.974047639750601 0.159002552969242 0.425671737054319 0.582193018628255 0.303307553024829 0.746652638914943
0.909893774611372 0.974952079773088 0.998412287843846 0.801353816164714 0.998889465869515 0.143295289316695 0.787652631909867 0.602286628171043 0.75174892511182 0.806490533598378
0.0391728770857116 0.025450492669364 0.865663465409908 0.581377450503797 0.989152302540989 0.107049191138278 0.233660438229826 0.517169786056138 0.104534055314932 0.608715357353016
0.866530793133464 0.0778417582417842 0.660975012071266 0.272490252397819 0.979705943698905 0.0160170935579436 0.164718999065347 0.514950529916225 0.292960630023159 0.540388895434475
0.778389208803035 0.235835850634153 0.973688348321295 0.461944932737225 0.995524929590131 0.241896946397297 0.742668476258989 0.537365231012074 0.0714176864295839 0.433322571838541
0.920460491499759 0.922595574268723 0.999606132201529 0.568778649098117 0.999037905137527 0.0644899740840219 0.478500115268394 0.536338887414804 0.0685509951968234 0.53999340754148
0.964459054363702 0.221147013999806 0.980462474469153 0.577972495407038 0.997698982801835 0.18224504769059 0.0218076676307448 0.515283256934703 0.184776906182667 0.549846929298208
0.267706952786756 0.0191322985748682 0.994325809629332 0.485329686504376 0.95498107923267 0.0100804827779942 0.402154580261819 0.525831200784192 0.210859295669608 0.420849068670718
0.783567798664372 0.895836071230975 0.715699773580567 0.360190339517211 0.994290986229463 0.0199879652927429 0.421615204500301 0.532808516109771 0.210797807182592 0.701974880877083
0.016824578647526 0.00263690434889774 0.973176266076422 0.235628738751742 0.334487596361731 0.032590719727229 0.250811710664923 0.511302564628659 0.0453842461359583 0.300652381130992
0.905437696503378 0.944103657273037 0.169939662258984 0.496809380389134 0.972931273623449 0.152859071639284 0.22936600710011 0.571664460868858 0.232823769842543 0.704961992611693
0.410062243909002 0.881564618026187 0.853081886243174 0.690233866574299 0.999829629453339 0.221505835304823 0.811315560459128 0.569335213275449 0.337906879060087 0.36515397996872
0.936478345186442 0.710688115743099 0.972009010825945 0.598159792109252 0.972817671595025 0.616289329396661 0.187381366311737 0.582222280955916 0.042419042707065 0.604571178689571
0.990938724775086 0.0239285943319911 0.99821369103079 0.683957546600028 0.997210411273351 0.145002873847721 0.594412232250406 0.572325099165903 0.48021032735799 0.611287342439742
0.997622435362079 0.330918517631277 0.999152549547267 0.306879907351344 0.426951039433981 0.0259677956693749 0.330758627614828 0.515205720587196 0.0470120880880153 0.442034996743202
0.790456240163251 0.250305056030694 0.95493591028035 0.406303344416954 0.893151223286066 0.0828112372167008 0.0153814024866944 0.497891162830589 0.0401952352327629 0.384593854148857
0.843660785905808 0.912599793568362 0.969811076772122 0.342463263542667 0.986431553353369 0.0896154045732011 0.139639314744606 0.524700209968592 0.0512907159687842 0.397678069970586
0.981305999077074 0.736840934452692 0.992765454306163 0.759470079241129 0.998858969706941 0.124739335862713 0.216928468765529 0.576552619460274 0.544829385149089 0.596658308350971
0.482625910783641 0.0197212330322447 0.998859319786809 0.345459652905064 0.808688380647749 0.12188967428078 0.407883778623336 0.503300219381916 0.0403181888008869 0.59083640297542
0.0142449011903884 0.8663844497779 0.987229463760993 0.740808081452988 0.999840187654638 0.25509673617245 0.195356192204637 0.579789353538593 0.675071745850408 0.645110054682503
0.164666131909243 0.826093874576279 0.9743217733972 0.372085141472627 0.951477739813431 0.164604013480975 0.0365243746397568 0.52408415791516 0.033597899938956 0.488576216890338
0.00570648417906462 0.156968395995888 0.239383680868867 0.300912294062983 0.915923909820786 0.0165385788787498 0.457899968371843 0.510219767999869 0.0533675052603922 0.434480488974819
0.301036576067061 0.0363011257894374 0.0348507356842942 0.328457496228644 0.861758763508049 0.0290148710496763 0.644417708095511 0.494924444518172 0.029850483325316 0.635306054431855
0.588421362463916 0.587258693729154 0.805883437949384 0.533524323336855 0.997675121675977 0.135599419116944 0.340453679530084 0.492106095554609 0.353075288587904 0.491720564829899
0.981122946355608 0.0497180721375583 0.866900134596678 0.436932188958242 0.940586454886727 0.114532066444359 0.501739821297767 0.562222452785758 0.137911782240922 0.399626811459799
0.821738674488315 0.259441450759238 0.8841558118909 0.297712892371252 0.34405447169987 0.0261095161398607 0.304099978649399 0.473665437659335 0.104811686725834 0.292962361682297
0.415920997813838 0.13078440205177 0.990407697420087 0.206153747164875 0.55000122539431 0.0207859398940258 0.133108114070436 0.480779568256254 0.0656825784907664 0.281210367471368
0.935632908128335 0.15192343460366 0.819393183027815 0.229236024870533 0.972375875149569 0.0133227335772383 0.0112218516651668 0.468221581555284 0.044936864606641 0.318496821913898
0.684318340830237 0.900301931987008 0.918119860541864 0.710334462189349 0.998503383405614 0.498042324737495 0.565318798688468 0.589933094442614 0.260802286386293 0.711149373323138
0.197144699455341 0.00203100907689571 0.278642046023886 0.16610353350868 0.466642458341682 0.00606191030101818 0.123575059167125 0.466489282191199 0.0328277062077801 0.373268629753279
0.96254535412871 0.0234125943059222 0.204175955336232 0.264578399174581 0.993477705378664 0.0572903245214434 0.134382136879514 0.522718519602418 0.116602922436409 0.245319092168002
0.541108525681444 0.973974362352811 0.878507144513752 0.555753742046444 0.999976622931064 0.267478723026337 0.528684713614042 0.588210277073473 0.281000339664681 0.703863878542649
0.0256391760432451 0.21808273667638 0.996388532173233 0.360547095833067 0.920597818922561 0.0813037114690057 0.200309949065006 0.502519949756176 0.019449656128356 0.460087897930791
0.00325429047564212 0.119896769489971 0.446171769679555 0.330693134184582 0.872466334275302 0.0190420894899468 0.125766888674281 0.51348010553127 0.014617132818084 0.414480656771941
0.940935478187587 0.990019811547146 0.998072477053606 0.721341485328557 0.999508293525691 0.31258822395024 0.741145939439595 0.591024571811272 0.845386123833045 0.716413291528877
0.00184479162565471 0.189261315432237 0.998882418490162 0.491795071047323 0.936528440710893 0.0865414093586671 0.463297098578842 0.515487908190251 0.102220612843811 0.38244415178895
0.612694179774026 0.0685839588783756 0.999712998630624 0.555323245120011 0.998490038837545 0.195494611413889 0.485603767465853 0.566886792836427 0.144617911295536 0.518808708375587
0.128379369961499 0.2998962135235 0.963594733851309 0.875480358300865 0.99931545651495 0.58897171046473 0.410453322618241 0.623045927781855 0.422935347139963 0.648295068295581
0.343025498690895 0.00651111891089326 0.947939948486265 0.242275990989582 0.946250388043966 0.0049238785449222 0.0320914079795034 0.497946850131884 0.00429496011517641 0.411438924152124
0.599632352983302 0.856779063385541 0.87876338747126 0.47569207633485 0.748888993380753 0.0953058999322431 0.190590975300101 0.51884908798996 0.108520475893763 0.470406796896827
0.0200291416405227 0.0108121026669097 0.631151849083821 0.148839732909064 0.622018991655735 0.00562439349473354 0.0131833521797077 0.512677160327312 0.0044040991288208 0.287520941918785
0.00430234837758444 0.141187329559084 0.240026230139539 0.156964738705893 0.738693692300851 0.00521141416100709 0.139555413512368 0.500231691502382 0.0478164469305932 0.318288883397509
0.00121372007646888 0.416087695130332 0.998065383660583 0.320687245895061 0.922495379627594 0.00356448154902761 0.483224193764965 0.481920837045544 0.0481305931546373 0.327962633409346
0.151064877771723 0.0503321254431459 0.677080318246958 0.341741404440222 0.925027966698074 0.0876144641919172 0.190186012284891 0.501028446869269 0.122578494905282 0.338074486764755
0.786840325555923 0.99045908043057 0.990213528152184 0.626667949099274 0.977245023878922 0.220727752738222 0.361804441219158 0.594476204620489 0.382917524122369 0.724232865989851
0.55885371496038 0.978759610637717 0.564990021854571 0.390847747556249 0.972523534472344 0.0493725634965539 0.36021219501473 0.543563078543475 0.171751506459749 0.416216172349352
0.950141353641807 0.918376973285044 0.982517839375211 0.576642106051897 0.998972250847559 0.136390282335338 0.686265509664198 0.550198526448205 0.104026217199878 0.563688859258337
0.0506902086803997 0.991635305283869 0.915465613252201 0.55469633343631 0.99874078213533 0.494245001228069 0.634052238830385 0.586818530551713 0.440689991618835 0.483743487746537
0.988226647714847 0.340399307224275 0.984750361558711 0.747759429919866 0.999921719844706 0.266111954134897 0.930044159200199 0.580521798815272 0.358103794873058 0.760022706955715
0.0135825486102307 0.0925126123099975 0.999946979054193 0.572334198363666 0.996866206411914 0.535333176305046 0.650184948437883 0.55132223477926 0.349502310390139 0.516435654150652
0.372200171041645 0.00390250486040912 0.985114533115675 0.550790759127461 0.674560544357452 0.0716134577419291 0.0566296245496541 0.476133887082442 0.0889521709916496 0.346469676388624
0.846724052273126 0.563495428447099 0.67458820113277 0.287891988684471 0.913479589982598 0.00913939681783955 0.157293217107243 0.528307193349878 0.0878187661758751 0.560335104331493
0.482108151302366 0.0189445388315266 0.999952277570892 0.847111012219531 0.999972972582841 0.773645333668461 0.264270029325216 0.61467104470933 0.59840627192352 0.569677943765471
0.160304993251246 0.605531772659859 0.993774695799282 0.47163625422894 0.965594401789387 0.1473915429776 0.0329006555283862 0.485658494027392 0.274880096160821 0.504385275855507
0.803947570776795 0.261649685001571 0.977437473267901 0.343601431421183 0.975623122337839 0.13838834385564 0.0555195064165739 0.516673406332627 0.212401625052449 0.552008431116576
0.690090150646071 0.998344227523635 0.994887047383623 0.566752219277189 0.983522835943372 0.440909888102254 0.320241187851841 0.587784840973643 0.0700339669720171 0.415784677455793
0.101229310358619 0.348916372851235 0.479369449452768 0.530939127421832 0.968944042962339 0.0145737299129208 0.760728957780155 0.547364337693928 0.104094456112837 0.432242398271314
0.210862803225932 0.471130118675711 0.974929637598455 0.456116839813413 0.981590782549633 0.0832289429818316 0.0382777195503825 0.497299965050349 0.0515893381798058 0.372266461867114
0.00490570840433893 0.0485084869495692 0.592955708798871 0.201163771530862 0.746984339081053 0.00765094796342955 0.216930810714894 0.477032674322657 0.0363182811474676 0.336633400360256
0.720781257049475 0.000723097603567208 0.878443035244017 0.335007569291063 0.828862151065067 0.0204507983083326 0.1003876026642 0.495257935044385 0.0118498204827808 0.247638366368991
0.389612236404356 0.431080646781466 0.993887652891482 0.56047708512629 0.992071728757315 0.188242090139529 0.641390936532839 0.540712845338691 0.111154396453479 0.508368382260101
0.00170303655020901 0.104742375897021 0.10153786546737 0.493119962464986 0.844002708569147 0.0210963444638976 0.296215036649404 0.510949520130811 0.029808779502474 0.383927703501594
0.00114999043106903 0.0488197698549799 0.992479622315366 0.344560306254616 0.854143954519443 0.0336360558935243 0.0548005369954193 0.482833023488545 0.046210420842133 0.455313543414944
0.275651689282471 0.811935306668494 0.832901910699913 0.284106718741555 0.96711705241341 0.040540553322123 0.845663389930978 0.510434982596943 0.019493286538306 0.465550409571145
0.777589936781272 0.414109689303133 0.999160238114393 0.452930213359953 0.988101509130236 0.0734786681508186 0.120381847627579 0.529340422961446 0.0968049736604198 0.432538988358948
0.834376022295497 0.114205813431681 0.946368511229075 0.541646781184538 0.997394571446859 0.0976304869620468 0.602001275149289 0.520718560633458 0.188506776644541 0.430095619934655
0.18185531157055 0.0562689393263728 0.539481871790117 0.527798873531362 0.893256338679436 0.0163855147782209 0.844274101269593 0.504016535929366 0.0934859062653109 0.472584645034967
0.0449386637298198 0.0282325557480603 0.801612179808841 0.154298400937896 0.510272979147657 0.0108325645806346 0.0324832225499457 0.484065543701104 0.0292810209721197 0.397888244095569
0.996511277887516 0.0983072739122716 0.994286632758432 0.707684437643352 0.994604109550046 0.0921714414959501 0.907331664961803 0.575764808087262 0.22661526382012 0.72705153041798
0.0595753242926386 0.0314064805961449 0.458539158118446 0.295704574385603 0.725593448486167 0.00553877319215792 0.0247530689358543 0.451328426419028 0.030778968872722 0.182638330765516
0.682665945639642 0.751462104216157 0.998977606156869 0.476560656766344 0.969435912656471 0.0115251048660059 0.0448941954908118 0.515408573788212 0.0841402420152908 0.258643014164786
0.999215938331262 0.0680341987266798 0.894127532797043 0.514130455413901 0.656724560538998 0.0275367138437186 0.58357028723946 0.493331464235945 0.11307671280188 0.338221305919065
0.628009066576483 0.0117975177040844 0.968363351366194 0.573615504987255 0.874470707704913 0.0855545189586405 0.411537218943301 0.551996690536498 0.241565123313493 0.470933498751777
0.992841456590273 0.153564080231503 0.659278349099394 0.563077872335575 0.997987746974829 0.177316328705408 0.596062328049387 0.570542355611319 0.144826028693294 0.577545597793198
0.0389669016366749 0.352575262378986 0.986074329207829 0.254817948622322 0.938156103792943 0.108992930688423 0.123994336117431 0.493211636939098 0.14392489729954 0.525696932025922
0.281902281785837 0.916396124734242 0.997551342840529 0.692790633847316 0.997468028812082 0.544433270893459 0.347719846885152 0.582466672650632 0.293839350843061 0.59837489136017
0.934460312364174 0.30959904274498 0.1087045153073 0.36249069387653 0.932427981874067 0.0457762401378939 0.220255284620458 0.494875154311764 0.0150534703262477 0.379571761777526
0.931278813166131 0.920901571620384 0.773485577526178 0.313715797938673 0.993260262138212 0.21559516025147 0.170398801508679 0.535487420283875 0.0638422339986905 0.546466597310947
0.637323343764771 0.0159150468377051 0.994770595668596 0.68167286029216 0.995514580927983 0.228028952429473 0.12765974583636 0.560629173465504 0.231152837293054 0.476606965349569
0.97364753238506 0.0131681937468366 0.99866254982332 0.26889216376336 0.326978127768792 0.0428972037471679 0.0686163135604319 0.493441206797144 0.0249939670572906 0.528019479508025
0.711880318907224 0.102954562650647 0.756087317303158 0.649639952814936 0.971862231597901 0.182635087740114 0.728082125074272 0.542838070241126 0.0958819495089702 0.445303579790249
0.961584414914853 0.520856317991145 0.99782203770893 0.554098523320349 0.984619244130454 0.11941682926123 0.271849094166337 0.536326395837626 0.0464541153208485 0.563737995692599
0.1621472278309 0.732376291526735 0.959975746840299 0.534306929134556 0.992774813803913 0.052499628786504 0.209283424484883 0.534221970832085 0.147041017156771 0.365819409037214
0.121968670325339 0.858391690113722 0.996727889084902 0.476324039383912 0.92931411540618 0.00964555769706446 0.0345584460154372 0.537720825919637 0.045673520052776 0.629910251475026
0.132660347335168 0.383883085343986 0.961999885555964 0.322577212440439 0.971088163894114 0.0121161703301274 0.21047634034163 0.510328851520447 0.0848617768309324 0.221936691057725
0.441737082633703 0.992731514605081 0.996782279105135 0.206629482141917 0.958164562308239 0.0697373283957266 0.7036698913701 0.537997978846411 0.0129592819562023 0.495404585647908
0.984481495546592 0.96735227028256 0.997490320357323 0.740957414859092 0.999702163226298 0.440038153930757 0.168705631858164 0.578298967878824 0.133668973527007 0.658630714092974
0.997860577825492 0.641516702439884 0.75864612278368 0.721206002862651 0.996389146014824 0.650614558923474 0.671221540840389 0.608059129428862 0.490475077189634 0.589384439452075
0.988187577249572 0.538468791097872 0.999870566466524 0.837564992126303 0.986452616913763 0.718027253000173 0.332407290631323 0.597597165908338 0.521070841307771 0.715565432330648
0.971943689605578 0.0063058156595912 0.217902334799794 0.375370884937837 0.987195454748965 0.0364604525028988 0.293879012245777 0.503509886836474 0.0675735404914365 0.652095270395298
0.0941050870623764 0.148686036803639 0.847186495166692 0.671822336249283 0.991431923604419 0.0861674739834082 0.809337011265993 0.551441339601782 0.0621988006694133 0.393677427288143
0.398333694293696 0.0264274427718414 0.999966754604156 0.49707027633428 0.970913283518943 0.127857322464934 0.476505116399767 0.543416803011795 0.0381446980897289 0.52727494812816
0.822121059946911 0.9794855350821 0.639326211017198 0.552732706167576 0.992327781792946 0.0863176613028811 0.701546356754917 0.548742326899123 0.157294544734555 0.638889738050311
0.0196198094456321 0.02586221971597 0.890442642163577 0.571033479245964 0.994464938222508 0.0325644361502987 0.757486676574899 0.537274714165713 0.0573582809116673 0.297873829188653
0.00641375603813372 0.033674724991532 0.47148494363558 0.248793118268381 0.759367783075634 0.0144007814168929 0.26663590416564 0.465664445380727 0.0373049302562309 0.414784186133931
0.516242056488564 0.0812951456458404 0.301250449684156 0.367712666583201 0.941155717525284 0.0198468660673245 0.109731428849501 0.557349250068362 0.157737265005786 0.425901252251489
0.0123800845568061 4.06092879299274e-05 0.329738989981629 0.309559994028701 0.712174438143031 0.0216746846184737 0.238548802068876 0.513140218597885 0.0252544354928136 0.31943711769137
0.780321915227638 0.03190324297765 0.999491386209655 0.557332822951138 0.99210713376126 0.0935544898657557 0.0907300270141305 0.501495480017246 0.140154163882457 0.342059908120187
0.853854969263808 0.00831409519740927 0.679605587606336 0.474288070677192 0.800202575610004 0.0477386923503922 0.146542131736294 0.53699079175675 0.196575334419096 0.499386815559999
