0.267366815910225 0.457527020482042 0.423962821939174 0.00762709280958466 0.928364923864371 0.125335629149974 0.482115347173417 0.560462711985313 0.453972819562999 0.369069561432201 0.365755560346496 0.358580529462004 0.0811679925536585 0.967420581327614 0.4758276652163 0.0574716076996606 0.306643804805218 0.461100973635308 0.142072272219655 0.0644884871597007
0.68210166182468 0.333492127122332 0.0948985921380301 0.00565616780142804 0.256734992178923 0.657665965379506 0.412709512350639 0.527380241503428 0.458914311256164 0.321521205167707 0.452638778336487 0.524365985367749 0.865540736987458 0.7364339536225 0.618629744830257 0.295732526789186 0.733992116684994 0.65110730261037 0.259767608651929 0.994776887521734
0.665727286784059 0.505976794864421 0.0601032539853611 0.00406819397233027 0.394877091164699 0.71599660595486 0.503917797861069 0.590449404811079 0.334583046073924 0.417974155427138 0.443969688455769 0.410298943020757 0.641719554604172 0.927115909161431 0.220222183978589 0.583754844520192 0.569908238463709 0.845179200412194 0.017227707925862 0.0457300839406709
0.464132933631782 0.344631066516256 0.0754177204857283 0.00397950428821553 0.774521394482492 0.0803403393138987 0.502467665698005 0.49489466339146 0.311291241667202 0.360644494936805 0.426729887539384 0.322651119697318 0.329850486137332 0.0322991357043732 0.375164161183109 0.0296232248934616 0.18548322277325 0.590117024638305 0.260326204504142 0.44304186971602
0.0227336033932576 0.274342081826223 0.0692992309387287 0.000196206244342607 0.270840254261401 0.166675448169258 0.265350899457476 0.422427358476446 0.403530833709421 0.193389444628046 0.373866645569703 0.466421863545879 0.55557279870802 0.772219873670163 0.177362499910277 0.00494334404301935 0.0903290007433162 0.176658871552227 0.00727060315397518 0.957886124312603
0.888815287514148 0.568489688058854 0.751985670988081 0.485404865108748 0.530317057438801 0.999904881422022 0.682081765956465 0.453863669838366 0.509625881447849 0.63861158002165 0.418156102376241 0.698798229259094 0.817882864191472 0.790515379755208 0.511692732930396 0.854598585365013 0.505261009278382 0.88163782831766 0.397512645658856 0.139316761372728
0.488372474287106 0.42073446541063 0.2830536348591 0.0101347820421092 0.481220725816948 0.265130392292815 0.589969532726719 0.628025310058038 0.347924799464856 0.487125417104031 0.437888145862651 0.606211229137825 0.94854981702349 0.496850280667006 0.349210998956989 0.603119548542731 0.693101186292208 0.661752077864082 0.00496722653348982 0.785621511613703
0.243624395905625 0.52513726155237 0.0920089534677854 0.0448199391690175 0.523553937622616 0.000116423674802453 0.627134958641821 0.628937622685147 0.600164285426899 0.631720618943674 0.425217445372445 0.299871555898573 0.139220824271105 0.0726110411267819 0.547705912492599 0.48701270141449 0.367550677066575 0.446052206135447 0.435398505029603 0.283164205729818
0.310296200760083 0.58090591802998 0.560754688644103 0.0281920662058145 0.947073850262515 0.918010413779916 0.560244686081303 0.764869411712648 0.479392345413073 0.536821882827627 0.417627551647487 0.690856066834954 0.234260986053267 0.965164172976729 0.301693182914726 0.282469665948119 0.558679037413375 0.44351567215692 0.3139004961212 0.180141641285101
0.912844667566224 0.550814497274001 0.54288665183286 0.126361694576128 0.668944336787536 0.82002496747741 0.71988081888287 0.622310263342899 0.577252005584553 0.57045450520611 0.473270123950283 0.647281296593865 0.060208730666198 0.998528371323007 0.503979005953098 0.512682728766606 0.81824876040137 0.471306262058253 0.0377176383500151 0.641332385597461
0.837430734162682 0.460178702460457 0.151845379466413 0.0084931919762461 0.689950269097875 0.837218113339349 0.592202595939305 0.592179327039309 0.535029635690577 0.611770176927701 0.400054894010674 0.608461354730633 0.0847287076240918 0.966828462666239 0.409967127109182 0.327115686695151 0.403003872611295 0.880509817748561 0.102646705864919 0.842952373188192
0.911888997416991 0.532896161301988 0.397368121438171 0.0476277059212973 0.475251502137898 0.00724244645086591 0.622520942265071 0.769851275605795 0.680409962911353 0.45227989087568 0.468486763842957 0.674932877093738 0.19801204819206 0.944577135751906 0.0926681996673342 0.0941050062416397 0.528274553486129 0.908871653110263 0.357093435502816 0.817252675202192
0.566225782311397 0.320154622805355 0.161656112235671 0.000399760526827914 0.467144839001978 1.69230880560211e-05 0.329589787478626 0.587558102104184 0.420205028983991 0.278895223175635 0.313436937461021 0.280182005392829 0.0895837964456766 0.209512759464313 0.184562947298419 0.00304382559379535 0.076831274566994 0.438693906183553 0.111400401950776 0.166683261831457
0.543416749192651 0.590426807277639 0.158824727388882 0.0670490826147509 0.959399473905738 0.999994625634001 0.584986866308367 0.719439423832622 0.534042374962255 0.609744246216775 0.402802828315923 0.754381828056607 0.171344707856611 0.229092641561593 0.455967215970995 0.456482082079405 0.413912776131807 0.580009532508786 0.613927719864184 0.997488351365429
0.00123615010523558 0.282218009668968 0.0601865280233058 9.89501092020725e-05 0.595602541963434 0.725289267099039 0.305909465965415 0.396332047854547 0.342319588653076 0.284194986956504 0.373822068909298 0.235882135455388 0.275071921304789 0.489523545023056 0.360744502186697 0.00363832478659838 0.0583664043976607 0.0301061589464301 0.0794343159678207 0.970005676834577
0.0619951096469003 0.391809959876362 0.255334143646626 0.0984036559043048 0.745553886352615 0.494328025298964 0.620709558774617 0.577504602888835 0.445897316036776 0.352710628432209 0.437745143204255 0.418971439776559 0.00891782480744935 0.100055015312753 0.395125117647383 0.0359235833279312 0.280955330358156 0.499677430321655 0.0954292988038638 0.987126997469911
0.866874666792286 0.62116669371153 0.711971584510954 0.144584495223803 0.849537539690625 0.00122035282403391 0.671318939625895 0.758427046220527 0.4731508655442 0.745621275974441 0.454973691504393 0.694496583101366 0.00989664399873674 0.985535007863886 0.631300807339856 0.160877137213823 0.902489010678836 0.985786352289194 0.686599639785933 0.485896570816597
0.206817513288099 0.374721158421974 0.52323580916567 0.0228028936283012 0.776128425615077 0.291230361600418 0.437607233794988 0.704128593315855 0.673280187826916 0.488332583369669 0.405958910014706 0.388853808549902 0.0111822575828669 0.540751040632414 0.795375542869373 0.443102345012271 0.150283254947468 0.531538890631465 0.202530816026403 0.861984776230037
0.860354405859223 0.362851341337781 0.11688899099347 0.0167576240009348 0.901904892209735 0.521255361739095 0.616775665967497 0.567144596890281 0.4383028758691 0.297982914577722 0.383762451763552 0.738995320310073 0.527530558667515 0.432286662772886 0.874247293025894 0.510824255213551 0.29350293063169 0.670184118079848 0.501749729164462 0.699124215161984
0.262183057862929 0.593541667596872 0.525178461498345 0.016856531704856 0.624833077003142 0.140168470322755 0.55576402617808 0.634586645675415 0.456390454179051 0.538350464499461 0.419992871454197 0.431018169903257 0.543356301516628 0.182661228242107 0.841993095084841 0.0670377609048101 0.852383995556467 0.765099886843254 0.108580771938873 0.37450515924965
0.0589286641821918 0.333683530892858 0.0477029401473861 0.00705400156081323 0.85002411376296 6.97958789530419e-07 0.499089862840024 0.635517962825828 0.383052046000588 0.289051280386084 0.401581380597608 0.589957868470669 0.0323805847938242 0.00526817196506335 0.564536736841713 0.131737159360125 0.137232151196788 0.438492251254774 0.121375321001707 0.968161783791029
0.80111704164985 0.338569098335716 0.0845969996703289 0.00487076536258048 0.829083222726249 0.028795361990048 0.362896994312805 0.545767813027176 0.420471178101859 0.148495156376437 0.350021861492054 0.533546198718518 0.231385378921892 0.00308500349392421 0.462882659335338 0.0634660284812823 0.317076572634933 0.22998262064677 0.0241716833573431 0.817959996736492
0.378028518419711 0.671481581710654 0.415957144816662 0.0222772358327664 0.870523081610665 0.644150643104408 0.614782678194601 0.546216522425112 0.455998920881376 0.681211485443241 0.487264775017392 0.776496838163223 0.238958175796567 0.83669676099597 0.29465535161032 0.804603420011942 0.791492839887098 0.96603457620189 0.788343242969715 0.640971404279666
0.955754282649438 0.637132391397371 0.873525603898275 0.0831606918839837 0.557395682690452 0.930707325149916 0.641169342395317 0.580627275257939 0.423251380071343 0.653680549645308 0.492074119065928 0.596759652147284 0.344679575542974 0.618879498124921 0.798659617832956 0.572446432906774 0.801265814821987 0.611932837660458 0.249939464919102 0.991924193914639
0.997946882451145 0.801086013852945 0.864724285483124 0.954831043614699 0.901592126535368 0.999999971258768 0.894401889832169 0.799059646422386 0.699888759831846 0.914262661493807 0.569364331092222 0.925248199186699 0.991753964520143 0.999997669939325 0.840717429324815 0.99934423429211 0.959912949962457 0.992861642365157 0.996012561340941 0.346476421056704
0.595930751950121 0.668565822388323 0.360612974613213 0.0908479824215184 0.854529669211301 0.454672875158627 0.660483420892671 0.780296947224448 0.658124368749729 0.868995732115532 0.515467965164973 0.749778622132702 0.933278221580822 0.988054443625174 0.31584154699958 0.991761733887032 0.914427356608931 0.977437675739354 0.0795922852979944 0.966825397092213
0.907167004828402 0.452094861306756 0.290299716764081 0.00103985738694433 0.52217684214264 0.806564121147731 0.544767769808477 0.489640363603383 0.554716200421518 0.494382881271151 0.463063963787834 0.370092768682858 0.469615149616497 0.0931697427397039 0.667279046675936 0.00997637524602233 0.313648835917706 0.874794563585733 0.723479148345102 0.648787242186797
0.862317671800688 0.633387778842724 0.54194326102459 0.16360882218273 0.868580379392063 0.995240594802181 0.67277850116236 0.494947907096489 0.627069503582992 0.725897130088886 0.44638579465277 0.662895229113833 0.253803280587215 0.90276675654523 0.252121577923796 0.534068273582975 0.954977938887105 0.891969874461542 0.517556767653546 0.335388708737405
0.894473764207251 0.550608223869659 0.158430737640381 0.289378151384969 0.740056773357304 0.183210819314472 0.714072363163309 0.617217040131189 0.685451740474068 0.714519858093292 0.452747833247807 0.636090366331107 0.499435354267538 0.693691770858817 0.285132014521762 0.46930589338045 0.295945727169716 0.804510812722633 0.129477775215956 0.47679531467826
0.0130889724679104 0.192987855592098 0.134913062320834 1.3783063461155e-05 0.515834130220986 0.000287158509614446 0.158270825343488 0.540992845897346 0.315447205781426 0.0675738328267521 0.267525654845233 0.172718655343843 0.124895469081805 2.16172886373568e-05 0.168508087773652 0.000771684631199197 0.156549919412512 0.0255240588160806 0.0123199325912088 0.0953829278377513
0.389332422534862 0.469807504288162 0.0682036751876738 0.0384564179223451 0.805892365709607 0.999743644347774 0.596787660162855 0.517341221686092 0.384410433678012 0.591872196391789 0.395536623647635 0.594191496303489 0.0542031237885493 0.0444213805508387 0.301912737211506 0.227900111381367 0.496665149651878 0.765374337606228 0.121164290130942 0.148981335570745
0.997264594485312 0.630175365405427 0.32944672330658 0.375459245487079 0.638595636712394 0.9934773814625 0.814694156596619 0.675703099403046 0.729778879377431 0.815700348556894 0.450478193582467 0.859988740282833 0.84864865741892 0.998318933013515 0.658874146950724 0.718999624852838 0.609407267981729 0.936203095349205 0.10396554895486 0.996421796070919
0.0479901464417024 0.295416022462155 0.0238096001783633 0.00510099959856318 0.474972721590471 3.26020440597596e-05 0.419297386880633 0.650661036402187 0.433371456852368 0.16861096874376 0.387634892698894 0.374190406126439 0.732771193721487 0.0278392647700825 0.161441932287177 0.00488713899441664 0.713880490527268 0.32072853189459 0.478003954278195 0.0665145742044198
0.0761334720205616 0.345810174951135 0.0097391199580425 0.00532270277476172 0.661970344934889 0.039566262396748 0.463918122648767 0.759060407600582 0.575929564294456 0.221965252347461 0.406357554153584 0.467239995255263 0.00923953933207353 0.11689977938542 0.24614373523688 0.00435414144265853 0.247142599867107 0.310466957260851 0.394414924433768 0.800599567854581
0.792673044608352 0.662055610122236 0.283687689048865 0.590969433115758 0.714160201520231 0.0364951923173136 0.667234900676898 0.549723400609196 0.64306380278048 0.661968422025199 0.464833336204762 0.714259688233144 0.546872758550715 0.995646101117255 0.687171094182837 0.975597720875835 0.942680815896393 0.944816946274867 0.370593590230715 0.958256403273337
0.209792405436041 0.43332916775057 0.424355244744181 0.00166201853035749 0.810360449895361 0.904348649838414 0.524904766578475 0.521739556999428 0.366268259616168 0.362107555499847 0.393454437740057 0.37573153959274 0.0451043845148067 0.612334248078996 0.117667625750634 0.0478869950896219 0.226984331770594 0.238428709895202 0.135425773003245 0.256240629810769
0.0509894589624958 0.380892975568613 0.177953363886999 0.00111252222440818 0.123079355581415 0.0783755115613567 0.475544676727766 0.524834349728612 0.454734913811532 0.480107086345714 0.393174695308086 0.506730273363351 0.1961154596421 0.302460931495523 0.649039821610157 0.401356350538492 0.248503647883436 0.684646517992462 0.0783964326671847 0.517300001410945
0.0829800607794778 0.492310063575505 0.55704360483576 0.0194587947861774 0.507634136708055 0.00339973012950068 0.60489380505792 0.487480795048198 0.503370889904466 0.60881856557973 0.395511583719769 0.617204768141178 0.0567124900232433 0.929779447696723 0.583489934680675 0.680155536605976 0.588812170016543 0.808754507843987 0.331520269010276 0.474309265537243
0.268168240280533 0.427078375134028 0.0357964461407974 0.0195979299153389 0.895876426972797 0.999590776119736 0.614757389926103 0.613544900601119 0.472266320419561 0.394543845279852 0.422397940246955 0.738255943239965 0.00729318534737966 0.0844760811586947 0.632523876414474 0.231791283015906 0.683571597657119 0.786806733708947 0.351217707034488 0.794390154876193
0.120417563523838 0.427598667102586 0.262454653519049 0.0650274605460952 0.597510703588855 0.571293843728312 0.661344691694279 0.542576884900992 0.652467238935718 0.664440007759511 0.411137261399648 0.50915925086544 0.726342562010627 0.704006577879631 0.751434059407992 0.208385281121351 0.504397288979542 0.860575030490391 0.087457113142091 0.797095582539249
0.0798969551315072 0.539537260080575 0.075780804385543 0.00194353519353834 0.462007246314631 0.361642056174871 0.535493433277937 0.605935484023277 0.674897633177538 0.516985494610738 0.415637060894179 0.553382316081501 0.27995841555101 0.172758267532667 0.336929471685877 0.776394946105402 0.611834129330662 0.625868403880095 0.483257394174301 0.940087462036742
0.991015974937748 0.786538470474203 0.791988455177816 0.89876960798715 0.856224484101248 0.996793550042911 0.865708109673081 0.782210809832748 0.73302586137427 0.872660132153523 0.515163073687806 0.864867409658871 0.459709044918588 0.999256543063481 0.639249665414059 0.99493152894505 0.979298684740067 0.947593027641486 0.863164076459374 0.919241333847336
0.0702173847380067 0.438513393120362 0.0720792241581682 0.00639522356484825 0.374740448978379 0.000354212010868451 0.34727761055585 0.686230077623015 0.362058351321925 0.366942526287049 0.409225220988049 0.624538882607342 0.314761165315611 0.696768319301188 0.788081057935272 0.0616795578109129 0.569183537611739 0.407348074237639 0.376126289062097 0.759940521928485
0.823452711119051 0.505244912373784 0.319560097623623 0.496662583343449 0.717668491924765 1.28904006770037e-05 0.601599163135059 0.50987878383175 0.57523930525652 0.561030140778548 0.442686358784594 0.615413032556056 0.880884044023429 0.86300748512964 0.648718198237991 0.931436956251399 0.722596101532257 0.805754341063951 0.875563151785668 0.471688644046317
0.761417932169267 0.623976089927907 0.443546880815384 0.0676834660570564 0.706388897168247 0.00240969964846195 0.63423654579844 0.785950021268905 0.577627952530739 0.727052577618983 0.444254587049486 0.58036964511809 0.0306755211362553 0.6341002309772 0.486887179551983 0.731442330905868 0.846778220866819 0.9551553407377 0.97399463143948 0.136049561281025
0.935138225254176 0.716704283834225 0.485865102158761 0.523805301670834 0.675766471212935 0.993434075529192 0.818853318527256 0.754181241766143 0.735033827448107 0.937041158976553 0.493675655886058 0.809838668047747 0.958763076054022 0.999884217291877 0.440541310226153 0.971292673450294 0.926253764860863 0.975667704011547 0.450864239768447 0.0599610252017208
0.810690729078625 0.323212214197758 0.211811442090694 0.00089657653202386 0.180040209142667 0.000135846341698794 0.493917506968955 0.501103923379731 0.575325719650446 0.416119210434937 0.381986803474234 0.466280036583264 0.317407493945595 0.0146469573431863 0.812549054799615 0.364984023265958 0.117609971121773 0.777186284512401 0.142863816566992 0.860152700099469
0.361088828083376 0.669711433405053 0.513340753383758 0.102752675297432 0.972655621226072 0.952211839572612 0.642361623469273 0.620922786729017 0.572784169410637 0.741826880484619 0.477951550302328 0.667967687329526 0.831072842172401 0.986227652345492 0.436081677315905 0.749202431691314 0.677355248639459 0.696967444188965 0.703283969918761 0.976978910162816
0.184335510556186 0.278563561305383 0.224768340243284 0.00153407358426644 0.0389147844511651 0.984157637870494 0.434704377082523 0.634949687278439 0.446776429741829 0.194017463880393 0.365914302149409 0.331773697938226 0.00580179810210761 0.0227813434824561 0.155133632417815 0.0484943449951371 0.14527938130375 0.520743417104351 0.0864350371896301 0.736628485760051
0.885887950849165 0.752054675622178 0.415129556328001 0.0818631453389747 0.769199742128858 0.985630009177723 0.726777633687088 0.709756885974466 0.697279920690618 0.593915564080721 0.474303046743634 0.763418825525063 0.447576704092323 0.00102980127870625 0.96118603620107 0.388751234192082 0.835411715708315 0.894929133545244 0.193142939696806 0.920520121458577
0.115274918933043 0.484756254040517 0.056198859694441 0.0388181857468869 0.786374954856903 0.895760960446794 0.580146545293347 0.594855242682681 0.38494638435233 0.356479229854677 0.409888575449396 0.49459902948587 0.237035967760359 0.344203315222008 0.896201641708548 0.0469509419415968 0.197057027326564 0.820432474007922 0.0404627600701466 0.0744873047068005
0.117563322928758 0.456847736765332 0.261345900984788 0.00953114545594809 0.398519933030088 0.000566094593456958 0.609279899113998 0.631836442911979 0.588459819500351 0.377680147182927 0.416256980921554 0.62445383183352 0.101384977870543 0.00318890037699569 0.223617542131041 0.0824666344134733 0.643703682584331 0.434610577333219 0.525820592942132 0.608033959978236
0.0449880141898498 0.434854533998897 0.21498024819245 0.000424800149406034 0.722591663435819 0.0012970475558982 0.468252659340795 0.739350186183897 0.788338686723496 0.399537329808063 0.38979522536711 0.712484993663696 0.0569626919740507 0.842275024409915 0.268297954505127 0.112467975368142 0.247560263213672 0.333108299839445 0.101188590753181 0.0011952435531604
0.569180742015685 0.494876677189527 0.161269316068005 0.00212691386844123 0.650659261613465 0.594522167915442 0.484639644857934 0.61170746785669 0.404942854003635 0.277353525034226 0.43647338442502 0.567478416455577 0.213524527199618 0.113282617379209 0.664691879592912 0.932103796357302 0.363393863674819 0.64822432979371 0.00981271339110238 0.998513547421724
0.0562971314990018 0.36205476889093 0.107849198451525 0.0377232248579999 0.794987151874343 0.00486254573378211 0.50854355475228 0.516044887911251 0.373164644083227 0.311954830655357 0.418601379318932 0.603113321368527 0.16980193099735 0.0337154164233475 0.0844980392334834 0.171786347524778 0.610118750457208 0.30121063448019 0.0303361325327234 0.313376087463627
0.0263238652935304 0.570801720015737 0.255065582462548 0.0123707280137918 0.819374694766038 0.00151819563078246 0.596041977959307 0.622285635875968 0.5269548930251 0.704754292992624 0.362478740171979 0.673335209000085 0.304860736090336 0.213542236433127 0.156437644450821 0.07038471771409 0.33210014607036 0.671390392612722 0.197511224064165 0.294127476762159
0.574046638816406 0.621780948202296 0.410778464736747 0.20227246608553 0.771894895564814 0.427180061020294 0.649906910804119 0.705822541250155 0.53904726465531 0.637584992719064 0.442657810891228 0.731404774245363 0.768941100868365 0.998818441991545 0.484271308248995 0.888029368224643 0.707159011244679 0.665518553191322 0.677166339859068 0.0387686205103709
0.925236051756719 0.652399421682919 0.466322728037007 0.023478789418454 0.715765506424831 0.843910331528048 0.665610213847391 0.675816508858648 0.518798479855089 0.678333007862638 0.453785999378041 0.380187009929315 0.13467863671074 0.97238609685308 0.704253638658758 0.741636543288688 0.418319345809281 0.935720012938731 0.609737928543756 0.885310988217408
0.396488025815715 0.304998653211812 0.168372456620427 0.00141571841462561 0.754207342905761 0.00694705419646428 0.457449868508547 0.354172527559065 0.485174660559439 0.270035920335502 0.346539641535698 0.292929283837549 0.202121511333044 0.0105381031710106 0.115270738459907 0.518544415032985 0.135639151283473 0.506553272453048 0.0440307757715653 0.0842176496108603
0.136806279249957 0.429399647714401 0.401168771428598 0.132330270382967 0.307744596317149 0.888570709626808 0.655504583165706 0.478433811454516 0.530279635918047 0.621371478567018 0.40077462150073 0.509972702838298 0.815517880168062 0.989415294607326 0.531642482030958 0.0206700328304628 0.450507080625161 0.763475561054448 0.854858346130614 0.985969638636809
0.0947329257818777 0.436375022517902 0.120574302110746 0.00419521721775789 0.676003277854494 0.00205450073425478 0.545975453405116 0.329565422086908 0.629926743497716 0.322762063301836 0.456165784800185 0.268016656082555 0.0609572369157093 0.00208090244080002 0.573621993013139 0.0819385879966305 0.289240011634628 0.275504622312977 0.0970220878076339 0.00408818377076958
0.259244045912898 0.52998101628819 0.0461762468952525 0.0143337526812873 0.309520232814787 0.137939359892882 0.554871298120708 0.533695983020385 0.41677240161387 0.283153985567555 0.383059474529152 0.607434540951261 0.0453003097328592 0.144548288243448 0.0464972148190562 0.0371671174632172 0.320708382198916 0.655808882235213 0.0845418066168254 0.0571405505133299
0.0303715064841382 0.309576345727053 0.102428592319426 0.0272162574162604 0.647344020176055 0.0172765764378722 0.442707199789148 0.565414298643011 0.386467461284976 0.2742884372818 0.412799517828079 0.420862558783231 0.117476265972389 0.0474468030083567 0.948508174485219 0.0498074597749537 0.250847929846481 0.205012331600775 0.0187877807825475 0.148996527255728
0.752963604443255 0.493258954177408 0.20613804620926 0.0378750776725896 0.736296341754082 0.264523603246132 0.638406956461431 0.687144527953262 0.364582327016936 0.60801393364313 0.453259122622938 0.695736765754014 0.132666345776077 0.494865361617542 0.280796955577179 0.0174602313886735 0.179546783971325 0.661092058420004 0.295705597772373 0.975693623512213
0.118081313154396 0.614463799292 0.345497970581608 0.222771768358373 0.733073745021078 0.999241302919394 0.704375010651209 0.729427942600495 0.486501574070482 0.73889443719889 0.457666902175455 0.751304685546848 0.270901013729049 0.890842720268513 0.213087201212174 0.337858951642135 0.776200509692409 0.933546415164809 0.70067547572838 0.960779552787956
0.501017069382741 0.431939589028381 0.0767540533648038 0.0241942404970423 0.094045241189754 0.542400516922057 0.447397197658466 0.539840573495106 0.337788967100939 0.405013202830765 0.378222320641425 0.406904575153521 0.0033729109133126 0.975873018144919 0.247457783325468 0.0204928151609731 0.475530154288646 0.644085028418056 0.058790470604304 0.999159779955565
0.547054839219931 0.542753021096542 0.448265133252121 0.260993277266008 0.971139124731051 0.124290919451126 0.527751944566131 0.741863911323544 0.576135568199183 0.568555473074815 0.478296804776035 0.583161448113365 0.200868997734217 0.0154846719227398 0.811985702059034 0.305280409965145 0.528135175423594 0.888800781108742 0.601630887527017 0.199507176603256
0.00128467731654002 0.215125432815969 0.00256449910131587 0.000125317789461346 0.155498543122103 1.65095292782663e-06 0.299460282897895 0.534475643601571 0.223620785082653 0.11369971429773 0.336441952995805 0.100260746394931 0.0390339040567939 0.00208225105145484 0.829343473841853 0.0007570538665806 0.0444051758075852 0.0720133176026033 0.0202343288427463 0.000109012387815396
0.0100958931879841 0.485459018887205 0.202293207809165 0.0188431684671836 0.832143560034997 0.000673402370359042 0.450555775072324 0.682805697075562 0.553621494538178 0.469237763640133 0.421814131472529 0.560192220287861 0.0599692242999057 0.00844879766434521 0.696452810959343 0.634062890363166 0.583815341344817 0.157133581871775 0.26588153274669 0.937553036841303
0.428712750191008 0.60162271112948 0.0135779460497563 0.00648619177751161 0.941578634299835 0.0355782574383609 0.57406283018696 0.645712534532875 0.622947465646545 0.45109227223055 0.459068696904999 0.580159922589922 0.791351725704049 0.0622779977228487 0.753693208191418 0.944449562080144 0.449002040198463 0.790787306462614 0.618964374535505 0.749260771303868
0.801527315429886 0.581222806607915 0.111937953988842 0.671749224439014 0.723342176523885 0.918657681565491 0.775889671848377 0.701013480515918 0.565880659846465 0.827344415546321 0.457507172115685 0.594802787884969 0.0285640032964596 0.967456467178095 0.617011636776191 0.985914351008041 0.860997310384265 0.898329973315576 0.970886843739938 0.996594478059105
0.940444252470156 0.751352915687379 0.770206359279922 0.290505291962108 0.896235624768464 0.999998948439266 0.819470248514711 0.523877086676958 0.77256502225091 0.848241598139175 0.560725881850453 0.901587502408941 0.107026110648466 0.999843710183071 0.930107659283733 0.976295551196241 0.956378377658172 0.982640202850581 0.986935309287152 0.766996329083763
0.0528734165472205 0.461819693768531 0.838377530165874 0.0566315797651945 0.621334480872599 0.968708283602625 0.591949335461143 0.653912848946182 0.533059692171009 0.533394588964841 0.401066070794406 0.467381292424404 0.253294253677517 0.462579151523284 0.166551538915147 0.664195788916847 0.728787203792255 0.948609075585844 0.0112145392328271 0.974656303151218
0.0631603367845519 0.507485616976228 0.37017498661889 0.0141794881304146 0.416140267286585 0.0057719738230772 0.473238910399715 0.720061750187639 0.343960935755465 0.301828805606452 0.400298934831938 0.515637893017912 0.0482628495922643 0.601886757779133 0.167479292504525 0.0456214963066055 0.543255002462572 0.816950805321486 0.596660146062647 0.15412538195544
0.305305683392702 0.491657341723956 0.105005072411465 0.0076785278568038 0.374342879180126 0.00783606058803451 0.53891124947542 0.54221178974094 0.225629286335796 0.456423556152625 0.419752799803833 0.459398592287264 0.440933178500517 0.397614288502522 0.463521421299554 0.0303989165487379 0.322893502510513 0.651546246713338 0.163658466637904 0.285971255722994
0.0322800696610786 0.378330429456196 0.0593993928098934 0.00700976562139943 0.504747600005345 0.00384233704499825 0.520134953668342 0.442342646840461 0.450730164153566 0.337940973205942 0.396190605933777 0.386146536297171 0.107173292477398 0.0262758911637462 0.646640577600354 0.159217607249069 0.294809037127872 0.421837228042708 0.0483986460162653 0.255970296558202
0.29882742430882 0.546360986459158 0.315787630338333 0.02058960215358 0.76118020016927 0.993718576283962 0.626371591732315 0.65722360952112 0.400094993741551 0.617938184158041 0.43993383071056 0.611122254819899 0.0820853468243617 0.108539693571063 0.112945883879552 0.993840198810945 0.925312184288023 0.957054269197561 0.460538824223708 0.931359120405736
0.154052475243452 0.45777534631588 0.0366633479508068 0.00729676896309274 0.749788930643243 0.000325104964220786 0.483659459915228 0.573061286610561 0.344838930755228 0.306559277569348 0.378084155572419 0.437982652448748 0.118398952756197 0.0184936501138811 0.237327447132145 0.131820575487792 0.260454516967067 0.294052063584028 0.0850981128656272 0.143514491977421
0.997031745793343 0.819376547107894 0.884237167485361 0.921555152096419 0.965789197341566 0.999608525000219 0.869138035652348 0.805908877725006 0.860900240881358 0.949047471942367 0.557549595769702 0.8315968241645 0.220848839296901 0.996159474670913 0.806105018342223 0.999566642308989 0.992082814599998 0.997269851104683 0.928671117014669 0.565709412603609
0.00392579633393265 0.152385505595218 0.00657584430299794 0.000133879978571955 0.34189527317871 3.36994859716838e-08 0.226074484881929 0.47591999262733 0.350779060341977 0.0547032950285538 0.30884871266794 0.12710704443038 0.00835172248519129 0.0108044566889793 0.203000245522905 0.000138843343710162 0.0372302398873428 0.0176740581675495 0.00316173225653679 0.393165389842711
0.0410716549546937 0.444387176820646 0.126405877297685 0.00101127116452095 0.646236045272228 0.0241095580011605 0.341123604245514 0.477282092302597 0.457528693202856 0.178267975922494 0.347693567407096 0.180670335233976 0.377634441407211 0.0108654753348615 0.372522756707597 0.00290375233769421 0.191704893893495 0.598683360348169 0.0266184707504579 0.620902852722307
0.106766549668246 0.340755807651811 0.039877300682065 0.00108230107509791 0.76580001528165 0.00261526620291765 0.478503607182479 0.445160218267067 0.173293890828988 0.306243878691622 0.421950449593669 0.178462064521823 0.272132568816119 0.642146218878089 0.868535594715025 0.0286030318297763 0.15096092499499 0.265169516099022 0.00096412013362276 0.445070113128243
0.95802696178037 0.798609670403925 0.343171159008909 0.470980581518369 0.503556891706423 0.00184147759814003 0.696753260188402 0.652322381066472 0.617888989273229 0.83031003480991 0.520756814417027 0.901738315076325 0.861459183402428 0.985790622071428 0.508327661663096 0.773322513963776 0.856416110212631 0.993431250936181 0.866615201823433 0.767927552483114
0.629655892810802 0.489052224657623 0.139501435262487 0.00162733268457761 0.0738404119208032 0.000426027905863509 0.506142491177509 0.643067442743381 0.719730690093651 0.339009768888152 0.383982182628286 0.315814412693542 0.0251663608667792 0.513532200628439 0.292250744194427 0.0178490522570703 0.382578091879732 0.235600519551322 0.406691722214848 0.99854217552206
0.962918689873002 0.754088407209535 0.556368254278515 0.871494619669243 0.749578412406599 0.0136379812835997 0.807314605190486 0.705882551033425 0.614953878109519 0.876696006762546 0.551585084866912 0.838605532806871 0.909050089751125 0.946997982771478 0.179311982249482 0.937075358231166 0.955863060804765 0.936371256015481 0.981810864363784 0.983371193674914
0.584613878217796 0.396104403883475 0.278831493139316 0.00861467398026627 0.560427382198521 0.783645002321357 0.513691337040791 0.68691030041626 0.567951095059022 0.291505794061124 0.382264163787186 0.416978587381669 0.00866779368702516 0.00296791215735264 0.42684267958727 0.583754681092994 0.814791777348452 0.53859873181684 0.339416082351823 0.0308063542283935
0.153149918146183 0.572213613283558 0.236368227929966 0.133168420876728 0.263720988080095 0.047616925959315 0.482120294539634 0.530831799261534 0.362304975997756 0.492279302411096 0.402829875779917 0.582768031462166 0.272893181623096 0.0182732895442984 0.450870696263339 0.420825538354414 0.575320249585982 0.816153626595201 0.703521251669625 0.944796047115773
0.95728947016924 0.548715609533751 0.288746154877522 0.0138766541370109 0.219180620230598 0.876943226732151 0.727290895008455 0.784412765541173 0.421734215599157 0.593295928812949 0.496941472993671 0.721753599531109 0.0190421503379789 0.488086279929231 0.901583657162356 0.790025610725739 0.645771946376249 0.92197520087213 0.762932132200547 0.20017928576489
0.0402438762992317 0.272371608116058 0.0636551662138834 0.00195178776836197 0.395676035684945 9.27111274882977e-08 0.327199509970714 0.580757205888985 0.411425101342901 0.296805067866663 0.35086271070723 0.37593769343016 0.0368013662238524 0.232485939499972 0.250387341624659 0.00219752525635817 0.169068039954029 0.463670591271 0.0144770200569785 0.173692070935082
0.102686578661544 0.457102078189357 0.113447444976531 0.00580298518384339 0.314024407471804 0.00950256587332489 0.499821912905193 0.608766450786288 0.574327933305045 0.600135609848507 0.387658853943805 0.514032489695864 0.0278238818501923 0.151973593919129 0.796101429851856 0.0417880908097271 0.640546088396669 0.442554484800499 0.138421994486546 0.00312863309823122
0.213954116752664 0.342033092295073 0.334026110956178 0.00882379870850109 0.829962059580316 0.00252458271090648 0.458220863934474 0.659633025335766 0.206969386119875 0.261258134435229 0.347229960929713 0.520468782792847 0.134907506782221 0.0299048497754118 0.374015189872608 0.0350773263415057 0.61203333196049 0.226198887572319 0.0720336066253232 0.506529200491931
0.188790854950555 0.366135377895052 0.0809772333228077 0.00716540006835664 0.264461631429518 0.15654042209085 0.494065532326191 0.31360443061067 0.432924545542727 0.343457233827168 0.398493459294071 0.3237233632741 0.148201656411941 0.312804432095383 0.729353603836722 0.0731308752057523 0.202577189789841 0.680576683322958 0.0298146571036097 0.476840865867633
0.829558517374751 0.444025469707027 0.386887389831179 0.0317967471977705 0.746879030789717 0.97314628252982 0.591935119481452 0.75979320274697 0.594506447978598 0.546376060000073 0.40829183008235 0.666794509127874 0.201380623904264 0.473680961791361 0.212032085073982 0.701463483497781 0.180968497244631 0.49217531401254 0.168744835596375 0.183529775089437
0.710686402096538 0.59125935679454 0.420916535546163 0.135940479620339 0.903175082365352 0.942266004337424 0.659150482462279 0.610574245397843 0.628627630845162 0.750376596914053 0.44658845081176 0.704133972498916 0.0920220255479114 0.51441844673814 0.72047846531121 0.891167890717874 0.656145673925788 0.767808194088471 0.29930724295221 0.992586638529378
0.241865458854237 0.307055963978531 0.0837783137960958 0.00134584891573818 0.513206976144096 0.000677449137339108 0.399072224458703 0.361706449507414 0.311782751172311 0.163281424771638 0.396246371657132 0.36918646339043 0.258924373835468 0.811552888906473 0.0997661954091772 0.00123422681455799 0.345385746545473 0.0646310877501858 0.0155147954184291 0.038301286775582
0.00247391341392784 0.12377414893737 0.000256539538651535 2.15429689229714e-05 0.467024393544625 0.000906672418777079 0.18622959752005 0.392910191394092 0.155525005441247 0.107019209140241 0.306893759600719 0.132470729074984 0.0113461522595484 0.00947606956670125 0.170184675366892 0.00023404565558887 0.019743245502806 0.0405970708158543 0.000933892170413576 0.248970214075123
0.092933654871799 0.303438612975524 0.631426146940622 0.00128298164321896 0.285364618035607 0.00963612702885514 0.535013785571272 0.608303055167233 0.445247215424159 0.274157879797434 0.448538365721277 0.641813239880815 0.0156387233472196 0.0123035888804249 0.684086160020679 0.0675297366168787 0.363440620287399 0.725074990321085 0.16591519266263 0.0375375938512489
0.849685544551928 0.53101430718538 0.0844043067130883 0.226748668485605 0.901810787019929 0.123126387131335 0.706551923587588 0.557690530827896 0.489112540420989 0.605834172758948 0.469069908110904 0.705432307518064 0.322242979297385 0.945242851599255 0.441771029850339 0.310461074730604 0.319131457319961 0.624216868527123 0.900461677156268 0.818229295693913
0.548016426380657 0.591419190383415 0.305345073331634 0.180216109050647 0.88740781131723 0.999999666043618 0.71404157139245 0.595652272091206 0.776048616152892 0.781574118027979 0.487557014652038 0.756784769267098 0.193004700022831 0.969014082282701 0.116090155214408 0.989041825155671 0.881253826574878 0.936267487018784 0.891656527002383 0.092476982214483
0.993204044873211 0.796939719049691 0.767402576027367 0.437414417192127 0.953944739454327 0.992739143943162 0.741815664995239 0.804773745084871 0.765354622264294 0.814666926856233 0.499422012217309 0.796186645704718 0.168023463614132 0.993576484843768 0.509083065938859 0.998338553416019 0.915314342830604 0.940485948450125 0.804167096206881 0.996382794720711
