0.0654994476194382 0.249625750133357 0.0997050336673356 7.30771821086246e-05 0.227256376420313 0.000201476898450223 0.31291502706506 0.489165559020647 0.23164108025385 0.0891279478562318 0.356685090139776 0.245317524697766 0.533827489771675 0.293749929023613 0.225952040218374 0.0162884185352874 0.236450408072238 0.0352348555697721 0.0261176284092846 0.868033399717846
0.175216574483776 0.492145589797996 0.259850327317601 0.0105147871287995 0.856315184046741 0.424981685504162 0.605912087999081 0.562066570214524 0.558634618406225 0.585154432071646 0.445631811666204 0.484855649199551 0.485465881734 0.469122074526706 0.548093353249942 0.640583558423079 0.620107575081518 0.698991645209429 0.474308422774563 0.897908549401926
0.391846457397898 0.78101717727871 0.410027230575329 0.589539395713428 0.800280234819368 0.999489722636896 0.662463725583945 0.603797782069072 0.534198763952052 0.861287090747105 0.505170894808045 0.740248592919545 0.591921305128286 0.971660516523123 0.848941004914895 0.988662710083754 0.704259754057729 0.76231018413129 0.620785657068485 0.981229104245908
0.0157768000520212 0.253174066815697 0.363933825063889 0.000437342397995376 0.731144697353117 0.00204770040774039 0.392212218869543 0.487960581938947 0.371831301289135 0.229187387469734 0.379343274660024 0.303104700046068 0.0269760048673173 0.0177122260418946 0.695098562350973 0.00276832186197522 0.229539628248689 0.211182378996108 0.0548246903443601 0.137821822076139
0.706198830699777 0.394895823825036 0.378492872730931 0.0321072551314197 0.591244842548229 0.0126535366314425 0.684261698091354 0.606907050695733 0.503376121217374 0.529243235050123 0.490422388064396 0.587027753954552 0.0138101113288516 0.00784178748056708 0.101561511680479 0.141014500644248 0.581196078722553 0.794485020257355 0.0109753198262511 0.539518453502779
0.266790527423251 0.585608028149243 0.841531217497538 0.185036463647891 0.517503201353292 0.136887696601541 0.730438114500918 0.606648058243271 0.68314412168598 0.577482594721082 0.437334719255032 0.452628944102434 0.655865701806336 0.935805609133277 0.244224547766359 0.449655061569728 0.808103762916188 0.854354271878655 0.628881320197272 0.0302751424534508
0.428047507220516 0.231752425930329 0.0154261120267551 1.14132760198169e-05 0.469481825425094 0.604036716935154 0.334101121728646 0.394595330959029 0.26178167686905 0.148071073147812 0.345633444476515 0.139238972646107 0.0246083375401839 0.0436473427970856 0.206223226680052 0.0067516956106166 0.105089660301111 0.193228203488286 0.305095146753847 0.0927584981488791
0.883951160590458 0.579794447672561 0.705985541664303 0.118884387597548 0.912923995730633 0.429644482870354 0.662642455153634 0.564740816291063 0.707226124642551 0.604809539313172 0.401787321478104 0.679935977359204 0.96681329435444 0.961888226372401 0.0756842390036882 0.868395368673722 0.759850157907769 0.61353839150422 0.147609877279164 0.0849386837817932
0.387123621047944 0.696081495837024 0.212588213782162 0.267463080874367 0.694349308304901 0.99722574681822 0.718111015709173 0.421678200682527 0.827511500922307 0.487312872505248 0.486847050085917 0.603617817002783 0.256938777193342 0.196947013189212 0.389191446031093 0.242133736193671 0.653986177932255 0.841912043651861 0.936833227258547 0.698922242697555
0.693419337408782 0.238675573943395 0.0184373552858774 0.00456708833175642 0.329967871388807 3.60310888771591e-05 0.436210408911708 0.633400418366974 0.465572411986135 0.186242329543651 0.384121146544494 0.386396721208895 0.0965073980776145 0.0223444344868334 0.525807159188355 0.074929213444668 0.145209189800386 0.131184702500111 0.0419861891877406 0.0271761758310971
0.725458634821893 0.740877958179499 0.17914978815971 0.136457414825239 0.24333440856611 0.996884011871146 0.734730582508119 0.688344794571932 0.711994091876013 0.688756415564249 0.460626326702872 0.669527085085659 0.430247020380004 0.518273716766414 0.776426358816292 0.869944229218677 0.665927578808516 0.906102755322838 0.302182310170962 0.92675524518505
0.597610260861332 0.46944091150729 0.377117608298846 0.00764616211508032 0.386799802823018 0.993575558687792 0.604593329174662 0.637920400856475 0.580779498261595 0.577339021677754 0.440651178791128 0.586270642964466 0.103587461281638 0.420473319027556 0.321920482751022 0.0588099637244202 0.549148564273474 0.821469242009246 0.625451514428449 0.00481739467854586
0.818731419838796 0.575655493151157 0.231355023271448 0.0938789103172219 0.790305094896677 0.159491403097648 0.664528547510587 0.608675236399272 0.743898447561777 0.703984116560264 0.464986241898862 0.487031650243128 0.124787233455454 0.975315629531843 0.771016668640942 0.954552478062923 0.693971343724643 0.74671440529187 0.0298119411060275 0.0902871952308129
0.418173076791011 0.522464136580095 0.152225890708471 0.0631379828959545 0.668091304023073 0.912702226189751 0.545519108437196 0.689064042467669 0.434767978804145 0.388224184945638 0.430247738355697 0.400716846088952 0.106262799753069 0.850023001931976 0.899825441897158 0.843836718659457 0.738239257911248 0.243056232098379 0.64778325920143 0.977817324465372
0.00196358876540706 0.276276145614377 0.023868627508761 0.000174149022717604 0.0612647530402351 0.0360635287709813 0.389951190823852 0.513680899451187 0.264896444877969 0.177809007722494 0.366120122841064 0.349055448577666 0.0130906663594045 0.045435632957237 0.106380519163811 0.000514284874623733 0.125963562831389 0.100056021508484 0.182975005522624 0.216263640683538
0.32309886961559 0.284388907543656 0.160431037177691 0.00778147577257064 0.801529663335795 0.00236199298979666 0.405450182146427 0.640155284786457 0.481959363075993 0.176086159081067 0.394947474023449 0.502950661387534 0.124955928370924 0.0451801099081063 0.675626719619401 0.0054007608242805 0.409383561969252 0.299488835764113 0.109607407626038 0.00690908410454195
0.439498029725801 0.546628495712136 0.637949854445012 0.0251149693095194 0.935969407916214 0.00367042314020345 0.564246127247919 0.746847177104762 0.485958501037839 0.650197944337918 0.436187829203415 0.450673236027005 0.00946454580270399 0.204876768843983 0.769760474150632 0.747343903703084 0.253213547730941 0.673361970560364 0.117779649638556 0.199282807133431
0.34980134328602 0.611613182869729 0.284765655452095 0.3975206577665 0.758599544648718 0.23071515845683 0.693757447424817 0.65143918741335 0.43660054994477 0.490823263459339 0.454702200209903 0.736654133484934 0.257620740690804 0.388119077657579 0.362219288741936 0.707467539952204 0.925005023525852 0.697285728713449 0.298144881955357 0.937994150292516
0.0846588628331803 0.54291273302275 0.647546022849517 0.0916295398216258 0.608435945449573 0.927826413800129 0.551548053079423 0.616449648449627 0.527438716437903 0.613754681198202 0.491315643249449 0.636110744024242 0.696127507043537 0.446050491034625 0.111009502344427 0.880012577796651 0.34173780954343 0.830737421495302 0.494781123741539 0.016133256471574
0.0169091881606271 0.457324328882419 0.0820440732735897 0.0166410825662106 0.62841548270711 0.0364161610367507 0.465784806416135 0.544888599625153 0.554134545244466 0.242437607598542 0.416861200625698 0.413624055725055 0.0991362865466715 0.0113340353763381 0.561801073089142 0.307926940360481 0.0944022061129746 0.349186823070566 0.798907546521884 0.995199663224746
0.477257984248962 0.392858614151949 0.133007894502667 0.00112585493110083 0.259779737966953 0.00095445092344797 0.426423952293037 0.608128141789616 0.294036551884358 0.292444945694443 0.396344903089843 0.300647553049204 0.0296006594610624 0.000477688993280354 0.677576885616245 0.0114597687237608 0.161901321031211 0.700033761561443 0.00142418338999307 0.674050286648588
0.385705230021997 0.587814940884819 0.746147992436161 0.405130618771614 0.97426939492282 0.814698925263939 0.715648285395469 0.685500628926772 0.463746890382232 0.651576812563338 0.468886218253326 0.646167493533408 0.904580460122745 0.946565903528719 0.693537426180341 0.542786665883726 0.803891771837963 0.938437493841684 0.633345846495548 0.97914283158079
0.549217531667383 0.353019436271287 0.337485500228221 0.0139776667391332 0.190484935218549 0.379469293436709 0.569276891234461 0.716440218997494 0.647691832623128 0.564903168012942 0.44174341262782 0.542086575975525 0.0200441297004533 0.559855017784111 0.155532575224559 0.656387155986321 0.575378514512945 0.5940748072269 0.655311363929656 0.00208290884289853
0.425569447977577 0.405727513993826 0.0249227652273225 0.00773406092299851 0.382301718614103 0.0146242141350298 0.580608489959029 0.593255160806174 0.451898293357004 0.419669540407887 0.444390601491128 0.433125080864509 0.0563081070406346 0.722696140991605 0.019261585246577 0.963888860094831 0.466278411506855 0.383210356824274 0.745311045715716 0.455685420188101
0.583076635820398 0.451732433286547 0.230487099849944 0.0296568822778839 0.544737073651447 0.000781920868544439 0.684571362739474 0.61457860440089 0.587679236841353 0.496632552807477 0.405594835710707 0.520251961217621 0.160740751350568 0.580974313049263 0.374245853347629 0.322728028820318 0.585309515956336 0.362588657144003 0.268413414137859 0.948872881829033
0.431013780854503 0.40669872671928 0.289337514368509 0.0122761452727688 0.58720007275904 0.257623831762291 0.506373565264021 0.485758624657068 0.287769005946325 0.401830812661429 0.401658005484669 0.509313699470336 0.466999594217451 0.508913712607792 0.518353551598489 0.801138831184515 0.300659012550694 0.71804617349655 0.204571692191934 0.818017634309466
0.33272311669105 0.528281677046768 0.167282378350151 0.0526618384882331 0.875965340068583 0.319776109050879 0.555895680731859 0.725953131282192 0.46642679920524 0.632620027162112 0.384070385229706 0.447030382325562 0.42225863698256 0.0198959794189961 0.627032362314631 0.325220957265124 0.58462815958858 0.733240569019307 0.878561476744059 0.11274798978676
0.0205144035740028 0.255241286366251 0.0205454514047775 0.000227061815202887 0.716896507853694 1.10737674495616e-05 0.244127075763334 0.448798180229678 0.283065315932707 0.175410215670408 0.322880207603476 0.0928559223430116 0.0204190560911672 0.00120278164997244 0.0206515032738905 0.00848992592751512 0.134328729707031 0.0131012798590187 0.194973965699044 0.0674087575471144
0.266410678918586 0.474615873883942 0.252662318192134 0.0119650822625725 0.813856833237711 0.00559440927362139 0.620834539560953 0.67652041971749 0.590592210341549 0.552262482040541 0.406897822948558 0.547723255580858 0.00851207947032755 0.685424569688146 0.657843570586224 0.0596614485551512 0.440323177585355 0.696688244837551 0.746249087409319 0.995083185559515
0.199404839202329 0.38312128311076 0.0389628294433488 0.0763984262307597 0.696444595926121 0.699312383804531 0.574759155012054 0.597250748965495 0.366086695216427 0.478055378579117 0.440936043913067 0.542869477706737 0.0353344034444914 0.00763928939362111 0.159262403659903 0.189473218953522 0.125555046838153 0.490271304038331 0.0235171720010651 0.00286907766874799
0.0122226269121624 0.256860611273742 0.0304034988700819 0.00018605003118458 0.633828763454419 0.000510368747850741 0.272837071445897 0.343821642053019 0.369970814442015 0.169421233675945 0.342634588025069 0.466870159349104 0.00784303696809794 0.824716926452999 0.86084667219993 0.00915133727595999 0.075463866498118 0.0504771016178485 0.0114114053208204 0.00630463710989116
0.834832252559168 0.386114664083024 0.306301627882937 0.00349449849711616 0.171321204489279 0.497068065152656 0.580078013423132 0.611122513571867 0.597685337523275 0.403965746309881 0.427630807772045 0.420479860008492 0.0584246033638132 0.408884929219814 0.450746368952464 0.30449904727203 0.327621108275902 0.193000122477705 0.365340284314963 0.830277660588607
0.725415405360569 0.504704110003921 0.0613018266485746 0.00272028847136704 0.723662376829021 0.122646032269182 0.531733170390806 0.552036195711761 0.623796878441055 0.408731649774497 0.383426611585796 0.468354751301236 0.0148384941576497 0.684562632179903 0.303211268785381 0.267981260093827 0.461221618203058 0.425565120309326 0.132714572771907 0.147450335197725
0.021945364118454 0.396539953315434 0.36655210708067 0.0275214642975851 0.62165948729483 0.670430017707992 0.459953158040221 0.557966391745021 0.708771743151845 0.511267374615867 0.416339644437124 0.472208951830808 0.0348304785141192 0.0115423748216033 0.673667139594748 0.126228554963909 0.605997187143694 0.324945449159379 0.301328609145178 0.908734556316665
0.271456912949415 0.683223137821534 0.611401619408685 0.0525027194663464 0.845575877139879 0.994402520062152 0.690875905125018 0.74643719062984 0.533175427475268 0.63677635994398 0.488409290788029 0.858097886991184 0.661682526954609 0.0932178408988414 0.410641820595598 0.869136093347801 0.607818918645609 0.903087264017543 0.666180491523459 0.484357380734511
0.353913733716456 0.496835751893417 0.295762707640194 0.00427549679618349 0.529236735044027 0.240720886621421 0.489056657778671 0.713220757476512 0.438214089464009 0.511910171234632 0.403287026365449 0.36253672202064 0.23469163787515 0.0127360750991007 0.890271235819215 0.371355433385431 0.294808321318308 0.533836844497036 0.420625215962637 0.850385558486007
0.800009182802735 0.55590117978236 0.351088013985829 0.00734079163315858 0.765572927812272 0.857624842362909 0.558501458433128 0.808353336679133 0.490578606540993 0.532656259745249 0.453932976142125 0.691366016425449 0.0682323674080696 0.926226040848414 0.520293102780904 0.0591897876411799 0.198798669581048 0.783808872145506 0.147120429921361 0.994485918002805
0.109413267693384 0.374524358437934 0.104848345232886 0.0395116393698088 0.709968935369255 0.000316178965026359 0.527883153130993 0.550872716495597 0.506612892722127 0.260716746028578 0.366053024077607 0.606607949268282 0.0296199603903267 0.888069008543567 0.580642142454354 0.0229600485984974 0.334262143518616 0.147884587220098 0.698001468003514 0.193873909923223
0.697759205011119 0.597457089235916 0.585916365028743 0.0791347652095125 0.617182063417005 0.0019249707459005 0.644197351098551 0.711632480569282 0.444595792455114 0.616912739130425 0.473318802753169 0.715908020323772 0.495134720611226 0.766317106564415 0.63084305648327 0.471772945713092 0.347472841718794 0.80029826905672 0.280567397378476 0.936461768494725
0.36079686912812 0.346010183613261 0.143590697060656 0.0259686574486801 0.747341021966853 0.0486876227871777 0.435352013013403 0.708650701533187 0.534878983595408 0.484762879790764 0.414151190431638 0.330143993103265 0.279756780099967 0.240938230191713 0.34954890007807 0.217188472228553 0.259388920367808 0.639884511034942 0.00787745116469867 0.142190555710198
0.0810341403803509 0.327900102719675 0.250671663711702 0.00526524959512865 0.891491084388646 0.897855770970492 0.584228365832398 0.711305301868549 0.456046597035061 0.433609395308091 0.480575318759709 0.487848141628127 0.679627535172549 0.233281274214834 0.57507605290885 0.0269285429009982 0.15234347013788 0.793070668536601 0.0182645196502429 0.395898774594138
0.625913056325803 0.363994800531884 0.180222774379674 0.00682775448870634 0.428856277070607 0.153408527995786 0.466840642258176 0.574869456611587 0.451228949684967 0.521257032461082 0.396490129734231 0.706877540562286 0.212031777554042 0.381245794541335 0.183397585260343 0.698925048173065 0.176990438163403 0.395440528417194 0.302198316602002 0.967612551988457
0.231599489206773 0.485743547486315 0.166113330211483 0.0172846710548325 0.957786035065811 0.00793073430247959 0.560179972197938 0.583971013656778 0.742726691586832 0.630022918801775 0.373951307440871 0.608637932578854 0.0962670062904148 0.846121931974246 0.427247792841084 0.223152335632692 0.75766876971623 0.789096350957449 0.0118295185238088 0.383931623861338
0.150310755830405 0.428674679709744 0.095678474912857 0.0339596667304601 0.219722018391499 0.488046146866117 0.512548725085846 0.52786225853824 0.576549363668872 0.306619640979956 0.38469766250449 0.557484198881713 0.0389448346414544 0.400834530245068 0.585050315161456 0.533764704818318 0.822937555948751 0.69839773363539 0.24356570133137 0.906864746712761
0.0622313301717006 0.309001920527749 0.00922618944988304 0.00437093177024672 0.764864530405106 0.0323885289230982 0.324780437449146 0.476557638214578 0.285724084197076 0.189037766063132 0.301118955708759 0.323503440359157 0.0124191493974709 0.00992765578901238 0.00898025784400149 0.00581291679432626 0.0877387587738813 0.0120369821560827 0.0976621713670514 0.0573772504628523
0.0201172910467693 0.337122589114247 0.0171632036136629 0.000503592649587755 0.407660238003576 0.0249122790226757 0.433570639722185 0.462013631991997 0.271337250262371 0.178550002695237 0.371477363359415 0.217129231345736 0.311304417040674 0.00299783318183272 0.0577381492035881 0.0035348481266748 0.187796565399214 0.201766083155056 0.019589786563427 0.0923360160065159
0.433879915075904 0.588768408483417 0.394615512454201 0.00914299638076195 0.224972613204664 0.0340082158173712 0.587828895933384 0.711009387622603 0.47447030211962 0.512223903986734 0.496050695977539 0.626793893674611 0.689368033997926 0.0151694805468705 0.64561186751483 0.132335750995615 0.907974666822282 0.638506898187949 0.989286179567057 0.0819406700631366
0.560676034772302 0.464652939749587 0.0457211978892286 0.000919484303757489 0.19122036641924 0.00032396743130526 0.438102182060502 0.470874730874881 0.407723605956716 0.299526712599411 0.374890962973201 0.431259218243667 0.0681914954095242 0.000726197102875401 0.414482595743114 0.0212868166415165 0.151552866548439 0.0782084427420378 0.11723480754393 0.166475741150838
0.579119283589202 0.402972785946954 0.674071327630083 0.156899341978721 0.850509572546417 0.0602896665997635 0.633633952765669 0.732432966746975 0.445686534123972 0.629869318869476 0.399989384139755 0.619169489967263 0.0488154392430567 0.963667179133509 0.390936967182514 0.51189992485288 0.296944818186774 0.725671056225452 0.571276730419337 0.317311559365728
0.687308321362729 0.576250351848996 0.601191550055753 0.0503102445847092 0.688044041941836 0.794766582665035 0.733001646117381 0.671094200997211 0.654785441443089 0.714352733575129 0.435623565956127 0.546218717788551 0.0909440174705897 0.0582848368948514 0.286542327198036 0.779821523409325 0.869579075468078 0.448846214496514 0.136265036846464 0.693178325833949
0.959840292471067 0.546449319819533 0.627541683442142 0.0213594476575845 0.871950075123028 0.925435084763407 0.746895192864984 0.586558434610304 0.591812342714918 0.661104141672534 0.478867446664594 0.635436009101568 0.830948958994709 0.975762070889016 0.657473644818291 0.465730437891559 0.786678716278176 0.727912789743579 0.761373939305332 0.0025116967244714
0.694121143139746 0.484298795156689 0.693046857138404 0.0103870522239469 0.275036888517696 0.00666557187525585 0.473432622799729 0.511600044457906 0.360548804201666 0.60969276043758 0.389134212542236 0.601288104423335 0.0231612704973094 0.208516061700435 0.215917648973805 0.100469359881339 0.686369696636963 0.588652237540296 0.169209346940738 0.566443531214164
0.628179950535858 0.472933845685977 0.582487362305273 0.0172463171304346 0.872578049127162 0.00506242188693898 0.607897113138552 0.661868308636277 0.26390846268199 0.455860884945872 0.396697319414753 0.766012999077561 0.186606044841779 0.757808194233654 0.16427754197056 0.551836695294694 0.543141157302668 0.781921950528194 0.426242212966872 0.789601210739613
0.552232425186565 0.29085602215262 0.22809621882682 0.00164072026283388 0.755575772818963 0.244134567527589 0.45741028011062 0.686894132478463 0.343177313396717 0.183467792298469 0.352173542454939 0.31116741052735 0.176378330877335 0.0256502938354098 0.495028629542424 0.0158802806278188 0.674754272248206 0.480381324960502 0.0231588744654921 0.0197191163702852
0.610931899122883 0.515331402478591 0.183018936361366 0.00556505171405366 0.89194424956364 0.0105811783628775 0.636556401713809 0.587460061708365 0.549563102823705 0.493578575574602 0.460306964553368 0.448353628147938 0.0468285681119469 0.916749269650864 0.801082220704456 0.826392105747004 0.377993772572157 0.470913582125403 0.650015803744514 0.896894764162806
0.229479800293229 0.549729807640849 0.228442484131416 0.0535830790570007 0.720920973198766 0.000488955917738833 0.507375061065707 0.496860516450394 0.319087768393798 0.628998960149357 0.389269993025735 0.262576774480585 0.26726842614613 0.0439664970090698 0.716518051168375 0.308687919511263 0.312541465030472 0.523570823099518 0.150694052042882 0.321275658471895
0.810079167634907 0.560641629767915 0.581464228300006 0.043830745551677 0.620977356720919 0.726922872091964 0.698695741528808 0.690589860833633 0.601506499050497 0.589678600169965 0.461608599219493 0.566849837594115 0.380589127005157 0.999877688285551 0.555340538961169 0.946541980509196 0.852081055492461 0.653737161912295 0.896454153773524 0.0106273636896095
0.746108023505272 0.44516817433411 0.836917615941816 0.182188050063934 0.960450361834553 0.868161787574702 0.647513005352996 0.455622340607169 0.417467144490326 0.667978626671862 0.473590673800814 0.573352669205966 0.497595956203855 0.885530761684009 0.665973656704164 0.769741332612998 0.851807886190293 0.880877372608275 0.547361598818783 0.158119091254012
0.00783147029796518 0.311805643676723 0.261915576355413 0.00149587429822045 0.214632100019621 0.00420957851097857 0.397678078379806 0.491977001190017 0.348049412133252 0.218760883598923 0.344344185188827 0.440581672429507 0.011238348387573 0.0178055658272054 0.038506481746942 0.105164747051596 0.248313823261782 0.559062408496526 0.135023240635503 0.446297434635381
0.420335428808411 0.770906730126149 0.374087323801585 0.0477515998403 0.379711182224502 0.485932089602464 0.788143056074733 0.808175407423662 0.549121373520334 0.859869511628774 0.445287974723943 0.820570662087983 0.799712165133371 0.639661605351972 0.48967232564462 0.984195623625958 0.914707292417718 0.928786560873822 0.844932108060009 0.549237458321518
0.0119648324915689 0.153393994933688 0.00657103374704849 0.000240064263691125 0.341838277350907 1.12127248217555e-08 0.231692796536408 0.469092669708872 0.313671246291973 0.119725825806715 0.305996380794372 0.205046471992095 0.00107450531075834 0.79143176048405 0.730296032979239 0.000455700711893889 0.106742495578018 0.0690469069608201 0.0269338139917647 0.166532194877948
0.579307993781127 0.375584713945046 0.0720563624837308 0.000432891522597594 0.822337699987268 0.126342570265983 0.483750445337854 0.493581285583536 0.50341541757502 0.294871925707013 0.34343282327826 0.401352026671349 0.0902553537881972 0.929633741875691 0.183605294826312 0.100503908501483 0.447897542797856 0.3411078903983 0.593398301324937 0.114058333860144
0.806664347484203 0.517180974094345 0.177457776378134 0.173256579786714 0.616127595153098 0.010119151015932 0.659959013649385 0.826274882941128 0.476293128850179 0.693555668808412 0.478694496929321 0.599407617241902 0.194791903682535 0.976504914318084 0.874098438132335 0.78069368070118 0.569840064859986 0.852411770945072 0.451120703428111 0.997433515647718
0.565875834199084 0.418172914744032 0.112140523507003 0.0278310754666328 0.384225284303752 0.00725610476699967 0.338255918551529 0.631999683967449 0.625908085453891 0.364153985700733 0.391079096239722 0.487926022642796 0.689211460139323 0.58082386507882 0.917548343694671 0.201133395258344 0.311439469176114 0.759532785594756 0.745583097289647 0.349732220428301
0.0150270716801755 0.230378749404127 0.114956927084695 0.00158166024661819 0.567820272718745 0.064542031413865 0.357635685640477 0.468737858615758 0.516019646421704 0.373855863846898 0.356201738839308 0.468446255045467 0.0634317866021772 0.606782629459872 0.113317730559401 0.0336062260750807 0.233150107271569 0.245340933028587 0.0134381507273013 0.104977195454036
0.0991808044815865 0.292812420326635 0.00980299366381729 0.000979592414956578 0.191698615392286 0.00144992467493189 0.216806284762971 0.550799709406997 0.26975025663884 0.215984047070923 0.289928913482718 0.168684773166044 0.0227610663332103 0.0025990472686996 0.919338192449045 0.0285261195472271 0.0493100657163788 0.117735541745512 0.031028536593455 0.00660286668202482
0.25624251050986 0.309365337781377 0.0946210453795608 0.00107408645065676 0.460695306866866 0.0368817192986741 0.329482319015121 0.555652158315823 0.375586456030809 0.31592842588162 0.355690638525977 0.288842701970905 0.397573363146127 0.00619694213170205 0.756919020999464 0.126271505471334 0.0765542161523032 0.423383293880115 0.0391479085413303 0.928658414416136
0.291433668341724 0.506938588267077 0.188567433558444 0.0749659303169968 0.558686474441689 0.0400160303517454 0.573234597308322 0.520033620379239 0.658484144953624 0.57179693226758 0.495096064564315 0.591150323757041 0.10132788171704 0.972945818122104 0.782555636081545 0.130953073982263 0.406845645692937 0.734395201293209 0.527080178391245 0.0587118039460787
0.110599357521947 0.34424285726813 0.0101294393378616 0.000222641461876536 0.310485295296322 9.08811958949781e-06 0.340813785519997 0.490760562964299 0.383928246098607 0.100563738631734 0.36323858210899 0.271256001502716 0.131324742669824 0.0472889569629984 0.619539935434684 0.0101052676980221 0.0810854767398056 0.010575687219811 0.0964079792945407 0.99708623658071
0.725345490586995 0.475689454188188 0.725210799923586 0.0379723382555388 0.337842908047931 0.999987196070189 0.591200925303907 0.621818383822864 0.496900972297216 0.696899668043116 0.418822792239474 0.728429286280788 0.707453804002079 0.977604284675152 0.444160133920956 0.119181041009917 0.672832416905865 0.751761589319679 0.296264794064915 0.670322418518769
0.877106814200733 0.739463857556656 0.31254254445101 0.248342324130476 0.772381348788125 0.963363965741348 0.758988036650215 0.873367913442219 0.653533703757818 0.771880888756613 0.549485998475104 0.819661750065809 0.358997644033889 0.142054335425684 0.750760914849957 0.970017672789463 0.878047712398736 0.885217713916243 0.936720530913681 0.588768570822957
0.903465663819909 0.700458013526651 0.298064721533713 0.33103173454703 0.905970194282896 0.0218768276750489 0.767888169013417 0.708337208496774 0.603859384710531 0.73901564546618 0.498299087149233 0.799023371996405 0.717559782890561 0.700271378403196 0.86431519096354 0.814898984205556 0.795581640125976 0.9056627388367 0.745499214438591 0.933434292330669
0.488204018561154 0.656996358582373 0.572249320146614 0.061683562386055 0.511889642759325 0.998909183705822 0.76943693074038 0.716370351371814 0.601175422155142 0.723728801418228 0.487470483881717 0.735898222373597 0.292717802018624 0.475800677770076 0.64948190298902 0.856327475714553 0.212351821839791 0.793189375146935 0.72691511622838 0.0345269167996976
0.0266973624958973 0.447315061101365 0.0712506414967196 0.0113732007105904 0.791614043500379 0.0650471034177994 0.357735700913962 0.704767669875083 0.303593763186445 0.474564142998375 0.394183801758195 0.25331991495516 0.650582228482976 0.0978303369205038 0.616725778706902 0.00465075978436464 0.766873142970078 0.473705771093883 0.478681524711461 0.214296500338018
0.966772582745298 0.680569902645921 0.656038744216474 0.167829589840704 0.892224233232145 0.760759012272719 0.822814891209831 0.865456091763256 0.721704708185893 0.849993759542036 0.549801942004372 0.818528643135081 0.750643773737651 0.823108842172319 0.20198803703754 0.67476892700899 0.942817242405585 0.987501025754867 0.952701319150237 0.977393489054865
0.11717619997257 0.578265522436223 0.405635212114629 0.0601801735803115 0.648158240165179 0.861934944774964 0.520543669319759 0.630323216163498 0.389589747406426 0.470579038109606 0.395140197114327 0.597039416895836 0.178166446716821 0.564296776939115 0.772573182662827 0.402476862159523 0.39228915319216 0.370986897078777 0.344641190425373 0.0651098074020203
0.434446803346468 0.481747882647937 0.0300120125465534 0.0439143607385224 0.932334892791628 0.349609076374997 0.525910696784472 0.59274731531063 0.391802332159339 0.510553567559288 0.416727736270121 0.690950941944717 0.503801204026662 0.357144608212195 0.87948037537263 0.0225581047908117 0.540404064611041 0.480265037443474 0.893219997081119 0.996178576718979
0.326321116898565 0.717463644659302 0.289825356790141 0.0504926368553507 0.669033530744964 0.985897058290136 0.690696252110917 0.739452214488226 0.722507571650318 0.780220301113842 0.469153334253679 0.760298034251719 0.629934811612617 0.739130355476246 0.19608052120361 0.733038866037546 0.918548334358499 0.981270750706371 0.300698874153323 0.931912287479201
0.00259168255591032 0.296370854080075 0.0212642445328917 7.24578692724996e-05 0.628515971494162 0.00401856128343767 0.250178076025297 0.544552812349971 0.404263856292668 0.0947327308007543 0.383964351860064 0.287714272374631 0.783436420705322 0.606222765267439 0.583735719807428 0.0182607429980799 0.214892785039822 0.480643686565584 0.00284963460647365 0.0240725444514144
0.0143277270850518 0.450748179848171 0.178733853003161 0.00124171796671516 0.721203811265908 0.0307534044350767 0.435012465276932 0.544390139397045 0.399717200987195 0.376635167690099 0.361938110563581 0.410085304087022 0.467276898663658 0.148797198632848 0.335841358053025 0.0199974318595713 0.159113285305552 0.208443739936015 0.0647229208667684 0.977594929491615
0.036578409509944 0.289454961630905 0.0376723411628181 0.000622340580371303 0.163901147304926 0.00944704424982047 0.284336772138809 0.508884666718531 0.380117696272621 0.282596241048527 0.330992483951633 0.441693226906278 0.0369461638503743 0.0510622922633684 0.488332140945294 0.038528634675173 0.391742684050373 0.351951817029417 0.294547507492101 0.50365380237515
0.457508167488152 0.693773115098272 0.675344689371299 0.149021941771619 0.448974921540638 0.991604229080825 0.645891967255633 0.581004531010243 0.671646718022383 0.477675774300287 0.476414857049544 0.634264791523307 0.848405115662198 0.127835144211877 0.222219377400615 0.533257609878824 0.553459163837629 0.774810728760694 0.761887503543025 0.952887411740048
0.604040519109247 0.594301421797312 0.479279848158053 0.0660505600091334 0.927621188558337 0.93858947789512 0.508068164633409 0.574201950514804 0.34225692623383 0.484040375266816 0.42198170689457 0.460857664055877 0.0196762268161249 0.00283286145004096 0.458574398961469 0.143681186898733 0.655193768402605 0.554633508729682 0.467276205841913 0.971530110175176
0.415895000593329 0.346414420433096 0.205092742137356 0.0213482065129846 0.951506193337704 0.11800724268159 0.559712131343136 0.66755292404614 0.44673402184027 0.460331251806662 0.442200991981238 0.589228931790988 0.746835210455968 0.947591590665129 0.563411416029997 0.078101929348761 0.409072734482384 0.596068250417377 0.692386083958933 0.750324611218181
0.117337445916547 0.299031549602969 0.0377233960600675 0.00296488988746027 0.475503767977452 0.778836789467345 0.379617356945022 0.606927933751593 0.389485713803047 0.257729583022941 0.334879349653486 0.376516753165143 0.0528543997800404 0.00217050541976929 0.155226141184779 0.716243596074733 0.327449219979674 0.108458616709092 0.0768910019140615 0.345869150232523
0.0270581944258766 0.308262313185819 0.0583842861056457 0.000959337344566697 0.110157626305539 0.000814445858847834 0.398376446579367 0.510334969261336 0.443262351476231 0.274540721038196 0.329442511423412 0.201687734504283 0.738005175638417 0.922895001665529 0.300715518542209 0.00267456924241356 0.344420137206192 0.3237300601538 0.189602094417889 0.183622327319878
0.0239483100352604 0.144591927212783 0.108634658300817 0.000230958922676744 0.37863288367178 0.00549941465312307 0.285580324649 0.553642562537924 0.412011989259226 0.0504134880065844 0.324491553190511 0.239144888760514 0.020753273686185 0.00191552593411977 0.118856124010799 0.000375704384166512 0.0775333816540128 0.0264922260373975 0.0112093958293074 0.0579563322476342
0.961554918414128 0.517213952515578 0.324403875111751 0.310750407518121 0.798312453638273 0.864443551938613 0.761170014398842 0.658281830593705 0.553546110516504 0.742630689397261 0.478613944442596 0.632302948348753 0.281985650618643 0.922143112170305 0.907732731972647 0.485462215774454 0.700181307474619 0.939297322513376 0.156158076419573 0.417757350087607
0.205206643656169 0.393423545682307 0.0560591559593191 0.00424556164567786 0.702697777019518 0.953369422577677 0.437875435347151 0.435928469502193 0.520667262840449 0.230008852374022 0.357432799657903 0.316191943252852 0.0353635259684766 0.0178393335899074 0.400281371196516 0.238943441888396 0.445130931157821 0.545490144028349 0.0276783936463069 0.97924844948834
0.318565727159813 0.39332941436745 0.0939579052513641 0.000127007230925205 0.626572797585329 0.0056002100633631 0.381270475196014 0.516761473169243 0.25934306440998 0.202278649576817 0.311680673792706 0.18775793272439 0.685378319500698 0.00954809025713577 0.842828047967719 0.00885694191670793 0.191084960832967 0.0103271145443963 0.0214811460877515 0.873540826193025
0.790961110910527 0.590818792294235 0.209882486645392 0.0280821854836489 0.804101611513016 0.483892342742068 0.581438487616113 0.591577050232728 0.73031450600272 0.565423952227566 0.4490266755228 0.592160425280951 0.0678248554641639 0.949223444682348 0.566098299115617 0.9826917717406 0.8510369982172 0.691661905874447 0.379457098672104 0.710866254188359
0.282912652940674 0.574857380549044 0.366356523457144 0.129195433830768 0.799825257082947 0.976275668509235 0.675786714382674 0.679285721912639 0.704461598256939 0.763077096508564 0.460273933836682 0.877194269552837 0.0621103040527981 0.655995728532113 0.696668164019283 0.569613098263446 0.888646337193179 0.849313929268599 0.796833095417939 0.589435627569911
0.835170362502356 0.542731689021228 0.432569873367202 0.151056970012982 0.58290368705907 0.502550267760879 0.644399076644446 0.602951909178941 0.309127289594876 0.465594374511826 0.403312353411216 0.488910073279325 0.336710986104655 0.835841383793978 0.310139897620409 0.129021091971828 0.323217912012819 0.553976419359432 0.271173442998654 0.800252580737535
0.0575465891587284 0.306569745105144 0.210064225005093 0.000144565693452664 0.565436691892468 0.0210608797884712 0.356764506099517 0.446659078660897 0.29848299039633 0.381995472122482 0.393770222744045 0.218958394189406 0.0489721383506883 0.544104828057059 0.841149553574693 0.00824734551441211 0.162430242327081 0.0826829956312673 0.063985265493461 0.870797052004823
0.887857730249692 0.554766220993737 0.635033361283531 0.235590268612695 0.871059500562083 0.888771742907118 0.661858731425173 0.44467880163489 0.63438016325105 0.737456301327165 0.383184928803271 0.684630095530401 0.659590866474805 0.556696615944894 0.640915442036091 0.866222615780636 0.775014751097884 0.92032012107613 0.930942695921366 0.545461976007647
0.67640799905939 0.584914694642651 0.310836303559283 0.237019087345035 0.883072111531329 0.976321254014488 0.682598256228779 0.753048211373475 0.80805905829866 0.74499231671346 0.498406058839375 0.87726660714597 0.940643950325985 0.817400832050171 0.170322697868345 0.922697176334024 0.886900664671793 0.971188726792285 0.244466165619842 0.998643284799423
0.656711945309567 0.368025544362384 0.111596824931326 0.0125494061818138 0.927175297794278 0.351923840802275 0.527340735103488 0.474593174639428 0.315296530089351 0.44793430837787 0.471450204790523 0.58131481371312 0.0249228687080584 0.00265132851055817 0.533344588883429 0.0310361657785665 0.450107338595419 0.393170949776702 0.26924174135698 0.81807719547396
0.157859624328937 0.435009305804333 0.0186411684940217 0.0200560521098906 0.562259833342591 0.989419133725238 0.564146354161776 0.634644660277041 0.564338302848143 0.378677426700943 0.378672013828123 0.511792923111888 0.337990272046707 0.00588992458274388 0.425912556423729 0.239260468608274 0.291261495544732 0.593859663992996 0.290010604678436 0.297013250966635
0.970632885679629 0.666434237087354 0.963045329978526 0.492921932419481 0.482123402595107 0.999053281625242 0.751198336708417 0.719297532181229 0.689806503051146 0.79572157408331 0.461409332725723 0.729850625416648 0.391410096924307 0.984351072256288 0.713387524062171 0.904482267352736 0.909773793251979 0.909952886601334 0.701740422577472 0.99999008288704
0.447914168677046 0.431201784283031 0.584845575490162 0.0178910108841014 0.312436542336691 0.52892540002398 0.467006317283774 0.55361218559699 0.376513568743073 0.408218869748113 0.446170051136107 0.610315825950128 0.262759808161554 0.0675445278203707 0.93821606043967 0.0252439504658025 0.445045607825204 0.793837348603337 0.0585303292512256 0.734115510255269
