0.237255478243869 0.357646411700921 0.110308927232599 0.000882056881846504 0.2446724158231 0.000238035377521951 0.377333172040365 0.490577518876271 0.302989414509285 0.319386741949801 0.36403322091368 0.241273796262497 0.00812076840495607 0.155619542430523 0.0360284726355489 0.0321224623787649 0.256548562931329 0.184290943742201 0.000464430105087983 0.766524505165823
0.850442087796446 0.726857244713287 0.934522856546509 0.769509686343744 0.750352955073323 0.999902235774038 0.827560550249661 0.729114224711999 0.701147696451041 0.90377010033387 0.538268949123501 0.840713939156304 0.774465663951319 0.990470165973076 0.584695322971532 0.722925256295753 0.765165699766507 0.981344362820851 0.896660592354475 0.999125102070147
0.00736037889119099 0.173163039603944 0.0198253787417849 0.000287346361986977 0.226998006101834 0.000936938480132719 0.316253232175173 0.37056208200816 0.33628698715515 0.11897127672457 0.310107794475575 0.209078722119821 0.0128863814785322 0.324238049798771 0.299322322560229 0.000272446880204707 0.0584753594079702 0.102431064851994 0.0010183821439576 0.024868998184564
0.0688883263032258 0.183983743298867 0.0147999650903202 0.000143821862979788 0.254512440817992 0.000951491980364322 0.271400095712585 0.580699913019135 0.300900516665309 0.0783278579111407 0.315358023467907 0.374448234055425 0.723365991109861 0.00241088547949688 0.939981295306595 0.017327641813441 0.161431890330707 0.0998246871459072 0.0297198445276561 0.00269305176295584
0.684273780226679 0.675215627842131 0.452829259566184 0.086962806535426 0.814972671530028 0.999413796270454 0.663258246990677 0.585013524032152 0.574518169928747 0.551267740839126 0.429657408467583 0.708606056405705 0.709410303145471 0.89650400141598 0.470506757923199 0.913048427350996 0.656117696813171 0.853389187254899 0.317740918927429 0.858318492506381
0.121721860834768 0.273812211872005 0.0532703302748745 0.000765780610503493 0.214908603407965 0.273955114827076 0.401057841954731 0.592123194345242 0.191357086882296 0.25462335329528 0.322442766970911 0.365839104209186 0.0152317281940285 0.0230009892582293 0.702427803644057 0.00290615083789381 0.0474361822953247 0.11966241175968 0.00283046050772857 0.250612978959379
0.985146841777471 0.685920154056559 0.263749507029374 0.564080954545298 0.552883765608306 0.999466191088121 0.682509008977235 0.692761248359078 0.553704119415864 0.758909778937433 0.498243793519716 0.712875567835423 0.667238825856885 0.962770052873021 0.414102317793569 0.97185074971358 0.800205777798434 0.956942969444807 0.46389851758737 0.373189914425431
0.89825698083923 0.411501638347054 0.167094581011427 0.0100627025026422 0.954856716846988 0.586273070035206 0.434206680709166 0.651630483928813 0.367411506265088 0.244796004857738 0.370376093644546 0.551643649832946 0.305658735054672 0.616450869721786 0.602084344704093 0.554559366536281 0.0924297126486505 0.106454337180595 0.167765645169697 0.250177689545125
0.0232527164816066 0.395198874435872 0.0835074316741325 0.047660753954848 0.519077774652946 0.0263391054995275 0.478256157133956 0.794664835383592 0.418676092877204 0.425428771685832 0.417823322374903 0.413707124383567 0.0346972436962655 0.141745082737542 0.545273094020839 0.58185247283739 0.219666749308749 0.545724091046166 0.126392811301189 0.00698562336575855
0.31415311241187 0.44129426703964 0.522659829528848 0.0569408863760532 0.738633490448314 0.187921449058268 0.439827004843587 0.518304536102923 0.383868639971564 0.322204625584584 0.372640385218962 0.631100690768798 0.906220313230605 0.102445997502101 0.789677763444287 0.139224420492483 0.38388150955069 0.605792783987205 0.11399596522981 0.95196016592042
0.605183225994833 0.498920180818554 0.153707727986791 0.106223313380812 0.0330478234396839 0.112257782952122 0.469532117066413 0.593247770204727 0.652197635528244 0.652347547601911 0.421485085641801 0.331381660285715 0.0405629713611934 0.0020069088646129 0.306132582257509 0.299837788396331 0.841089065927438 0.402226103651409 0.625575603414258 0.0917354775738597
0.437955654831372 0.532149303685699 0.225972265595392 0.00186822624807032 0.48873700950383 0.0620081454328669 0.522868259677671 0.651356178495639 0.342023897009928 0.360017151894165 0.323387243170697 0.358050216663962 0.16080341921015 0.00101700680904597 0.631498898217785 0.640186604722795 0.0556152559747414 0.477786933201907 0.077816777719619 0.0542510424586679
0.955279837809441 0.65064404224322 0.134968583504633 0.0682703589981057 0.473728267047947 0.592382194831412 0.76160256701261 0.638024714119744 0.773874941856429 0.755299738500708 0.495133696645517 0.759823769155952 0.0770352963433928 0.9982294890397 0.491738060581578 0.944200635659488 0.767730730011889 0.882408640000845 0.696823982744871 0.980690081832773
0.325444111018693 0.359100177091295 0.275038168560839 0.000378212510763245 0.201426289372457 0.0121537454975479 0.507667006543593 0.499042086152108 0.28535877863398 0.421143870679958 0.344383919559501 0.321713621241714 0.00173519203597057 0.81066136994956 0.0587506400526145 0.0019245804847153 0.092097289914994 0.517568855892776 0.0118719741918425 0.00293405382002653
0.0108614209763014 0.265526192193604 0.0532387415372283 0.000488095098464672 0.651074809649881 0.000281710184250999 0.278838531918215 0.448173687170543 0.417148961015059 0.203549117013255 0.385242321601611 0.257652039886338 0.00826707639289917 0.166161873418835 0.300928628974938 0.00979520402141704 0.172988456805875 0.242189159823863 0.146012702740025 0.172352152443062
0.525861522737117 0.435205841295437 0.055904893729462 0.0319518936623519 0.304018911384872 0.0669674035009845 0.675649853430299 0.691623286554805 0.791226812116928 0.490071532109831 0.415879440373051 0.339523234335652 0.0486087617766865 0.32328173012218 0.124761081622098 0.685494797362544 0.650998069802198 0.956134917594768 0.386529884646524 0.997099917398183
0.271778974733341 0.545934701149285 0.212080792688387 0.00270074135410363 0.904392638399649 0.180224726334752 0.547796239153642 0.610548249638075 0.528159999313703 0.546545478882089 0.420517466548826 0.466169401111938 0.616316637916665 0.756293132190257 0.0462955974499357 0.30280551350086 0.260459202102555 0.694270417029446 0.165288097097394 0.563012104242537
0.0499123547336883 0.365277830857622 0.0315525980465522 0.000705382793760608 0.731019974143986 0.611699148813756 0.395480660677723 0.616663323578457 0.383118001838248 0.186633364270436 0.359964754452038 0.298703968258091 0.156637477984285 0.000679267960676538 0.61761819132266 0.254027946337264 0.18965955899616 0.121613916081112 0.0366032310769001 0.630110473261541
0.98968541749826 0.715191212091808 0.789212077340862 0.941587773163134 0.598132058771542 0.999939762412647 0.890659181161633 0.781805110600887 0.6902701917404 0.856036829047394 0.494940660650026 0.891853663288387 0.519856718947892 0.999740583021847 0.581530558318707 0.974008348753455 0.891805959820735 0.940010792786967 0.359748300142301 0.0552688741737889
0.0617084499223438 0.382987762845167 0.179748397359532 0.00137127045170675 0.33503475415119 6.26725353390151e-05 0.385116711580054 0.466205596420668 0.398320144862022 0.217243419057436 0.398008140397941 0.347634807743711 0.345422633200008 0.31798911458955 0.339664024282406 0.299677188790217 0.234910046043049 0.319377547062859 0.218456213373473 0.293568085726437
0.3288791763639 0.507424025558422 0.0724821461486864 0.00799448440172202 0.788761589491525 0.237689006704837 0.600262764172365 0.507319716054463 0.675588750972447 0.466982918764227 0.378207523741831 0.523397159681651 0.209498334189843 0.998371038553149 0.29240320517176 0.0275911829539363 0.279919367601054 0.70001205962488 0.288592343429521 0.993347303063992
0.907611354126527 0.630830239238662 0.367564225933202 0.331275449511712 0.875626943498079 0.99969746273046 0.752681834258699 0.680123452673136 0.623078600568099 0.766504312793192 0.463300215697246 0.789800544545994 0.0734850743150356 0.967078293878519 0.522696934214648 0.590956859607273 0.885394558668335 0.500482828097735 0.862048666707573 0.864302217359986
0.81022508312369 0.534082836129313 0.178811909784055 0.100314388712414 0.675889977549531 0.0210318819930476 0.456378342672994 0.728618832862628 0.543280651913382 0.458706767927739 0.451766267223798 0.559788956040151 0.0517579267624696 0.562680740840891 0.256127230081857 0.327993462368719 0.79837941968114 0.68573729700328 0.301442380164408 0.725743655505556
0.132891270801063 0.404796771013926 0.0962675246842853 0.00270476244465912 0.490053136053748 0.0208630551313527 0.435442869030444 0.598023850492866 0.620786633495747 0.266495805692856 0.437453645391928 0.394037607028672 0.189150643442821 0.133174327983091 0.346866951605211 0.0168352907535128 0.222434991601813 0.589846397763938 0.0268079675259316 0.464536298945926
0.014957786423152 0.217294067081277 0.120248424254534 0.000104258308795973 0.163291215436967 7.9207743205251e-05 0.229930869267103 0.473597281679202 0.320595310543514 0.0766741318914622 0.375152309568414 0.138911496381622 0.0175126839443733 0.00188287892081071 0.198191627560386 0.000196848600673211 0.150638561156523 0.0159869682013744 0.062987668298811 0.982754396648013
0.111408474267579 0.318144595625852 0.0431350354803251 0.0789685457222508 0.646747821853659 0.580265145593548 0.407918735375961 0.50970617399235 0.391481485354148 0.484089198203731 0.401809443147902 0.496293230706219 0.186003803612813 0.016001903278698 0.583459179826767 0.0279772907185915 0.185156835795321 0.352083324016653 0.0387983701589743 0.292487285049613
0.756426671702864 0.326093363242346 0.189601823504102 0.00545826045785484 0.307156427130061 0.788185934831955 0.44586190534415 0.451268415547085 0.507626284892612 0.413897226267116 0.387274611930437 0.450517290618499 0.131090556327987 0.00567335658973132 0.907647198121001 0.0197380313972891 0.331131383221416 0.583647441474847 0.252481409889789 0.34381447025903
0.833860762189685 0.707933882894388 0.410471097759941 0.670454933116675 0.955819362579382 0.988846748173632 0.793235982582416 0.569041500266951 0.680561974972725 0.901302264622812 0.510002171502572 0.82344801641176 0.515774306825898 0.868639460569563 0.929799263883368 0.979721362638388 0.799873382856106 0.980088388819689 0.664833248883832 0.390175056606848
0.763763000575322 0.543626645959343 0.196683633303323 0.157682058840679 0.329527059701253 0.206225532710372 0.516706123114313 0.590294581745885 0.573364394233539 0.536030915074862 0.381539436823241 0.535820648979894 0.0279072978054333 0.0027911876283133 0.0975977860549749 0.017936179352816 0.689356794852419 0.77316207899154 0.0139521763078301 0.563775168479257
0.118123685076823 0.561465605382788 0.11409697502509 0.00187069261910275 0.66620288187582 0.925338646693547 0.543432839109449 0.583319157579138 0.566562091547897 0.452187551590488 0.429459011915203 0.66025134430165 0.0640886272575847 0.186650099460843 0.286716100262457 0.637314371216481 0.569083638022768 0.64039662044642 0.302562065025236 0.249170904322086
0.404477136423106 0.579708638719167 0.621195127238917 0.0286082955606129 0.667467830224982 0.305827574474121 0.641747979320346 0.625932068565095 0.65661751542562 0.350833444461753 0.39453530308672 0.793559824910114 0.208683287509373 0.216542231174158 0.237176074670239 0.0302071714005598 0.915951027852493 0.768555500825065 0.205627356568269 0.0314968509050762
0.00344380829017896 0.30064827641058 0.0134088235670638 0.00062124707339254 0.0769247220787931 0.000391091861655044 0.343655015732997 0.328619691851072 0.301359810002988 0.129490201746021 0.339811417226656 0.370559868608273 0.307326462031985 0.00754911501944785 0.964932537883384 0.0197710797572363 0.153655860220661 0.11267964356556 0.16365659117777 0.29482322866133
0.100330374933249 0.470882107882529 0.0749539140760932 0.00303558060704567 0.27201885461466 0.504341982341799 0.54812063062162 0.616950541080358 0.522659099491337 0.754415217484322 0.39176085954061 0.660083160370854 0.0631981679324975 0.768510080736141 0.965968305821788 0.41377819325112 0.654260141793763 0.142160101104803 0.0627863034511448 0.429564378120477
0.0827233016263704 0.453319735392693 0.180912522857609 0.000404895535740694 0.971208414429206 0.0561727511441719 0.540666155504619 0.640448991766033 0.605853835539574 0.53172577217029 0.364731660285372 0.497591387003217 0.064745683922099 0.965013692315219 0.87701075460241 0.081328886967506 0.61508659632251 0.803787128873274 0.715937337440585 0.201532054834862
0.00454722822320161 0.269160329559312 0.0257689166349469 0.000407677276878405 0.696313454251919 0.0220563136794148 0.242289162336772 0.400314439928319 0.346726747424828 0.196212566100873 0.342896964541662 0.260755164150693 0.235102021860825 0.0751334825570992 0.94593280401332 0.000184739341004632 0.218733387010504 0.114937089733932 0.297995428295293 0.978154351478101
0.0928076244234582 0.512707975513966 0.230885800063174 0.00583862074778422 0.736502651120493 0.00200148062552425 0.637230371611359 0.516950074271011 0.573256121357072 0.517944781216357 0.404717436058892 0.489804665536295 0.221392611239085 0.979278813171732 0.354598794498187 0.0581194101033033 0.336502383750524 0.635216663730378 0.291854633254332 0.461747872405499
0.487942216536754 0.6883488293974 0.318541105730495 0.0667822451512848 0.850381206679757 0.0610085219415826 0.809960108028536 0.4924461347736 0.617153095529319 0.811302036378677 0.471305495622426 0.7002468950206 0.164078393187413 0.611998323743975 0.273228010362419 0.91337203214675 0.7552075320257 0.927490104453828 0.685505368265782 0.854129843863091
0.569691077125764 0.496940559989172 0.59423936464244 0.0352642043590256 0.612517125406193 0.846937525226144 0.637380758707817 0.567651278416626 0.656764379450318 0.643874254448317 0.447168758578464 0.543288263268057 0.572450619149453 0.899442080217873 0.261344978995683 0.845221134647102 0.559771574474341 0.543720875714803 0.829955358474731 0.158431191029879
0.223905963715407 0.413859312547315 0.030159656597056 0.0039385104165399 0.948972686825486 0.0121997937977818 0.308161192780389 0.538915138871801 0.438940294044287 0.302223332661492 0.37296841175422 0.298950813810644 0.13639618829562 0.349465636701071 0.852751142667042 0.0469721997845298 0.306170100084651 0.0387946831368034 0.0141082936697833 0.84961102215171
0.134620984353309 0.426173767266735 0.0354689555157451 0.00177529707172518 0.771706603486036 0.00251972915991284 0.411498659386422 0.347785895379076 0.452823539237594 0.195635070656215 0.39073454114584 0.524704126891645 0.0433470835327767 0.351391355838039 0.736647917390628 0.190648206354681 0.0444215677434883 0.645787115255895 0.0793197486888966 0.0343172596723964
0.0409596258267701 0.292247255798106 0.027937989473026 0.00710520309929361 0.350871241343813 0.86998016491839 0.268219079184894 0.435604474181326 0.616514189918761 0.433998554753995 0.388654710464833 0.325429609896982 0.141560185934335 0.572294151627876 0.578732030320454 0.125928290993331 0.0564113778296661 0.0460316268077086 0.16635366534937 0.0427013609755192
0.0811980359484873 0.470446204638422 0.0805364745475068 0.00467714326147299 0.854886571752721 0.000452973477619465 0.579485838833757 0.665766575932256 0.484217939203723 0.378122910133751 0.401308492990513 0.424011130639409 0.104282743023385 0.00816344034204231 0.290562597235989 0.236583097743326 0.224162743825395 0.886577937702966 0.0206927005370906 0.0326576050099782
0.0951754831258459 0.285382722314398 0.0487769510868794 0.000381538243665732 0.423595060203334 7.48792061410927e-05 0.426810758910388 0.654545738383114 0.543925278292328 0.257979549738892 0.392649890050591 0.440132351154921 0.366228476240661 0.0500847482025582 0.870611735570343 0.000127145111872536 0.411155366110752 0.186194119884691 0.0631226824718467 0.55694804310579
0.0300326769297937 0.442918440189648 0.134232987197863 0.0866891442683429 0.683521459876244 0.889100759201203 0.627325056160795 0.592598650954449 0.449158625555666 0.464751610612362 0.410548701199374 0.375935612950427 0.365326013113757 0.943781784806215 0.181378664649968 0.509219938283343 0.595686505285069 0.578858251746894 0.211839693419123 0.976477748099489
0.933412889753266 0.796313579276197 0.919722552982688 0.961131315784773 0.461644129894393 0.999964464046341 0.844607757205776 0.590775516247699 0.756913062456856 0.902655121933407 0.520149505268887 0.679989034808672 0.794456297062586 0.99999375687893 0.280675121770408 0.998819645287346 0.942067015013665 0.998267593666586 0.870821099387234 0.988440975720504
0.0817385988371429 0.261451371374123 0.0914788755390957 0.0182595718777408 0.360539632949877 0.00329503299820514 0.351240181793386 0.574092273247918 0.204976204456422 0.21950051907888 0.351543748153376 0.140253209324319 0.263200274516719 0.00531498757954063 0.0668814150783053 0.0144705395017143 0.112018499955531 0.0420580077063057 0.101827932173339 0.0464013824961873
0.900824046358394 0.610727854292094 0.843919049504375 0.620650901577516 0.836013682042887 0.995703303286945 0.722912465452408 0.762944277510811 0.600048932862039 0.822102122511929 0.491204423872738 0.717701801674189 0.183779921301326 0.996301439406124 0.0969655618667573 0.531912894077834 0.978562049699772 0.875541558448267 0.929481771223098 0.8280412706394
0.234705546871439 0.428485478341141 0.102256866194471 0.00138604432256313 0.551397968018422 0.121007537897833 0.571504747056372 0.416434084733009 0.588590808472983 0.447615150890539 0.37648415471391 0.442150701775915 0.0658111575745182 0.116284466310456 0.244959897255089 0.240008756455735 0.164693283231594 0.715791011708965 0.213798333228099 0.126575880496213
0.954539575643383 0.803519312837224 0.725118592970819 0.170034508143187 0.861650772762171 0.978443958891314 0.845452617560998 0.604862357457953 0.778002585162931 0.920652350224895 0.503379607183553 0.815821053100687 0.20137323403797 0.940380513642547 0.757898050843466 0.995473782340672 0.956440192654693 0.987282716746275 0.993578905792266 0.164579047739121
0.0552822989370867 0.520621076811306 0.153251024898946 0.025311070236177 0.805397417629458 0.00877863720294559 0.527692775216275 0.466420980060071 0.531903007207563 0.44260082092912 0.451166551302191 0.523137910544932 0.204141934950409 0.0453041560829272 0.203234460082317 0.101224933411413 0.372672160080863 0.964858558219969 0.844549979997951 0.798795589339147
0.090936019853068 0.606667872301792 0.709850436229313 0.0718675286980921 0.624708243914826 0.962220038139203 0.621243334045862 0.736709421761042 0.662790353183888 0.50582843457478 0.424134915973811 0.681880277252126 0.388556922430608 0.0374818858027295 0.61075704493466 0.647643894862238 0.347706938329675 0.844217145268792 0.973118249054299 0.568256625659983
0.00240907493385116 0.308673037343873 0.0396464886068263 1.13416688940762e-05 0.366835635987828 1.81363903640474e-05 0.489776568125485 0.429154225772106 0.373850964603451 0.208888257162457 0.320209655235579 0.330256915408528 0.142495111148413 0.00184357261306549 0.0654595114348511 0.116115755472141 0.489691657079885 0.214302319746771 0.331093016564055 0.0133720242261651
0.919981046488191 0.523650360277727 0.0375942918767221 0.0300381748870959 0.965293485084708 0.270848376380334 0.52361043254967 0.672245955853024 0.633199603633695 0.492640597959514 0.449336161757787 0.389712246503802 0.211928861853914 0.700986022151235 0.154549743952765 0.708323687302188 0.320925015227051 0.372666161850787 0.109387217747418 0.136752121692451
0.121667135605823 0.470895411494634 0.136481857559828 0.0329066222386363 0.488935747423355 0.159611437558695 0.532201214356441 0.551013472662922 0.577739728214165 0.433957929943345 0.392833481096348 0.517412639819694 0.169670814269316 0.00245224637843229 0.660244621071519 0.323998475180452 0.550383727824953 0.304980883328391 0.235853832622978 0.890969712234168
0.0109351571319793 0.360801197049142 0.169469202181247 0.000226634647986275 0.315302467825466 0.00116957884622966 0.36596884010535 0.469060036796681 0.440401441311158 0.171150873018103 0.350997102088634 0.217933333649533 0.00331274797529981 0.00026384004866942 0.0819318408318668 0.034432739692206 0.406786546297811 0.057091235379422 0.140113474969809 0.647280401698494
0.127715901701192 0.490533353340796 0.00752960283303059 0.00753624036394434 0.392629036425418 0.703129212085028 0.582787995281379 0.558375333482312 0.405073839628302 0.486432151889121 0.412472173927367 0.508125451117987 0.00979662590894814 0.152292842496165 0.936615846799178 0.864819104717534 0.1203617620303 0.718444421578389 0.159651242119002 0.795594932072383
0.0758548828944146 0.393173548979045 0.385948132619745 0.00429359135357476 0.148251689850316 0.000303171616428657 0.520225919227354 0.589597288656332 0.436506647017877 0.417521213088371 0.453645719076839 0.492783897522482 0.0929170927558236 0.0440188143087069 0.0836156722691967 0.618659354024613 0.673623083155458 0.64124152018838 0.724764865713461 0.792085195785986
0.202312504774257 0.323425543566876 0.0306332922583197 0.000521481884666397 0.463375695435082 9.96639135307135e-05 0.278537243385117 0.607488373709906 0.401543879822374 0.164361494957018 0.374029227935376 0.350607711632701 0.0298799415332474 2.1740894120795e-05 0.19020323170164 0.663097387760895 0.28580307437954 0.0575055822756818 0.00289203039929723 0.396573554960107
0.132875733341144 0.464673934768513 0.0256460106129016 0.00837790199586108 0.552728165748947 0.00389618332605581 0.399491511586062 0.436721590314232 0.303619759973767 0.300635591986939 0.380366799248273 0.172548987561184 0.0196232170854841 0.191986328100062 0.195024056712839 0.00179132710516006 0.207741022279265 0.520314639108485 0.12149192431507 0.88788675742476
0.727325886469683 0.591537768607784 0.389704524346256 0.16930555249226 0.627385141886522 0.00203248437754879 0.603541331827158 0.544949040819328 0.617063135792348 0.594508501708569 0.41786300491228 0.362216741220452 0.284968874509656 0.0639867459945788 0.469269425331753 0.907182384669694 0.647993555068405 0.389737433525901 0.18445866797797 0.972628211247889
0.436647368150304 0.295524922625866 0.0507276683261578 0.0194534284301424 0.953442627999174 0.996790802118478 0.474090956879746 0.573612453700047 0.468856048788605 0.528624338799662 0.465499079548355 0.335866232922514 0.379557927465912 0.000160304577839661 0.761603428968052 0.0898001017290446 0.552603236896335 0.197957222127393 0.0376837282980969 0.0188590026380863
0.0328682971766243 0.212569560852973 0.110993052931164 0.000120472066221535 0.326197177996881 0.000289156189726995 0.210311242106549 0.65186406249703 0.304812856383336 0.180266686646231 0.317695425212308 0.258159845494984 0.414760458987373 0.000769086826877982 0.234098855718272 0.00439428536611198 0.113034746011858 0.0379221110499557 0.00390680339376272 0.0211196268437146
0.00386779622852784 0.270948377003606 0.0329484426478776 0.00275982218589591 0.590351440294532 4.19343210792517e-05 0.373371154573237 0.476836769300987 0.33929712558356 0.225940630040773 0.371161174364026 0.348316534655049 0.0312627243158207 0.0753988371962582 0.466174703440748 0.0174144321173159 0.2443528334679 0.222550798143566 0.00872246928893104 0.0252899601664007
0.0460969748724472 0.326968542989565 0.344969405386931 0.00237574488822918 0.49159521443967 0.247245434820533 0.567154712748007 0.491031580520915 0.638801145287251 0.43683443006199 0.417736352116622 0.525680953009258 0.161376237841125 0.00932450696645491 0.608341061947998 0.747471976508565 0.414025775650616 0.865547804019764 0.0315436567942649 0.0698563905334273
0.756150707566991 0.565292053568167 0.56315283791715 0.0728417467113937 0.202610852641583 0.339370158942944 0.567838845925028 0.772022735895806 0.68391664252055 0.607385041907741 0.446439277823745 0.656577211776031 0.624485607588092 0.872640928874305 0.660542592708052 0.577248180335785 0.47036268305756 0.70694509512945 0.285921256911927 0.986340464962717
0.122248965083428 0.454885129138493 0.0700314183407593 0.00258079249022944 0.803377186943796 0.824058113553991 0.339429688849457 0.604727163199785 0.508501252851442 0.303866090748375 0.392077407949824 0.339922587684709 0.0264734172498743 0.0114348457978505 0.273221983595961 0.234324872156684 0.204812409050944 0.166546453487001 0.00319667508253087 0.0397639953912068
0.00934388974011293 0.279002442214446 0.0773297080224145 0.00222582690254889 0.597571415878381 0.057492219351399 0.424360435063535 0.569186657828119 0.385579553218793 0.269796357931577 0.3115998113374 0.314419617752043 0.090904460038816 0.351643591946899 0.0810162837632399 0.0525615226298088 0.295154607064801 0.251676209265938 0.00623376610294657 0.548365722344506
0.0202969205502592 0.329308483694715 0.19392543062874 0.00521679560833747 0.469859468594574 0.00230369430461397 0.526245786721584 0.502045222576896 0.498836065410465 0.467031003207542 0.388142152326294 0.366148379817642 0.0898548630323098 0.0982084358492388 0.389603427772311 0.15223116227229 0.316931795280139 0.534085606588885 0.00633244190185029 0.0303648275261554
0.0970605568268772 0.526946215747566 0.100979876546389 0.0111555943305344 0.749991046430856 0.0303854348221072 0.483315411107043 0.43489310261489 0.367837992285659 0.265767977582081 0.442909606624391 0.312861619104288 0.0454972889839829 0.0131871784732711 0.36159583672935 0.182248797306968 0.31279829601859 0.162408124349249 0.0584899157250377 0.122730252857682
0.850903282067105 0.61998296212009 0.480333235160053 0.311936620595925 0.741509556311381 0.896141525981455 0.758094198069483 0.755423232197133 0.631584230443459 0.768014702690983 0.473752786858866 0.835678730181009 0.22557639362779 0.981387642559484 0.420246682104764 0.98415750027885 0.834263682542073 0.964531857119346 0.741913539845737 0.926434461565624
0.0613639469743555 0.252307605319778 0.0183864901081626 0.000364950489572535 0.77193777868088 0.00290168141258035 0.402751753937552 0.623521240403321 0.192830374011495 0.38423520232079 0.413249955473323 0.338598991831583 0.239841298019764 0.00327048544217214 0.11972852129043 0.0168193971377657 0.368896299317785 0.283614937213824 0.121797462770414 0.0201882260396865
0.00392850834809265 0.320802070642125 0.325831407372584 0.0941462752222599 0.487637493940077 0.876348198735331 0.420612671288613 0.374890342802413 0.279831302432807 0.38703041951061 0.347080577759106 0.496375831073009 0.243502327386914 0.0578561767166697 0.513452692757679 0.0230323264858567 0.159980940287515 0.0898424944604886 0.13856937043503 0.0218447549186453
0.226721682287017 0.520735264567419 0.0406081934785199 0.0117988148475968 0.807459262940068 0.000233928255653241 0.490881188212852 0.414911090855949 0.419483450081535 0.264727256900045 0.371024255948248 0.363428786846852 0.0707433937118558 0.00214413205515665 0.759995114505823 0.201251967615706 0.252012589580776 0.657324533828666 0.012259361407483 0.0123612877482112
0.978274923999706 0.639421743155075 0.380480632970272 0.104318934676047 0.580738570894298 0.600398702551769 0.63698715947964 0.6153461519267 0.584771310134505 0.635182931702332 0.465637337125535 0.655968782833979 0.122625235409554 0.99398867088521 0.333911366502093 0.80773011546762 0.717724594387086 0.955740083902882 0.119585297853212 0.123724595976957
0.00664864045631208 0.205330823860909 0.0209486401280646 0.000748133420404958 0.0295956391587204 2.34404613743531e-06 0.209652143825164 0.52949426950226 0.35937254471782 0.0647693563481755 0.285919532032979 0.190250257250054 0.202433493993419 0.000729024497880313 0.879870658214423 0.00912936686089503 0.0505771136016665 0.0680389805796594 0.0007542610560981 0.546030470844124
0.900321711532931 0.533002935413927 0.518370136300579 0.0436597668226323 0.501385453786481 0.0166140795453129 0.602728637039213 0.609789017594035 0.623227280327708 0.618903053859113 0.455557964474545 0.610853805556167 0.172723049831597 0.975054851540643 0.282449276040543 0.698477280901413 0.805382899051042 0.88520983779776 0.370756782537172 0.707853193784255
0.824828039627849 0.540829817415101 0.47088149102998 0.148561150407248 0.750395379126926 0.00545117652348697 0.521999380444427 0.761863210187981 0.654965950464623 0.807964530644759 0.484661195509872 0.725175850636781 0.25581897317229 0.796065152282505 0.727502245761893 0.993607720119061 0.647105867870136 0.81799272184531 0.416921078699058 0.973562455727158
0.718436614762366 0.375066077209245 0.106175240496674 0.00104040246526347 0.719560879094995 0.986811957003024 0.532169845408191 0.669148011226313 0.583948930113648 0.396135553765175 0.38040910356209 0.470113611811473 0.0303191944050975 0.963197120507754 0.918849475991837 0.293541037990471 0.3320751016983 0.523244556420833 0.171433549567675 0.994186400987171
0.963554162704623 0.559955534909156 0.0879178884635336 0.160739713598349 0.551951969302239 0.492583413235769 0.593496133079843 0.651094708620214 0.446354228089547 0.646092129499948 0.406376891383036 0.582790706810707 0.889138819679757 0.114721734268679 0.554879161825988 0.610372672858302 0.585328469507375 0.788011700831884 0.534710095858097 0.981806969281065
0.0511041715187657 0.395537963173008 0.0890954896041467 0.000766106773018652 0.59654740864062 0.000550090271870019 0.361844102112379 0.639167464568336 0.573362219241051 0.133923384339027 0.384011364782752 0.328130231969512 0.00240123492890326 0.0388609807536729 0.313153646987821 0.0188367011598957 0.135776574368717 0.0469124024994247 0.189088414724263 0.107536211951561
0.109130810864605 0.159586676016524 0.121294612360846 0.000565634450706623 0.332847948346671 0.735118474612688 0.32433495317589 0.54809657584593 0.244730694289215 0.140827504929903 0.315003663944338 0.191306178587229 0.013367338647683 0.00218571159383559 0.297723091421744 0.0162451026204797 0.0261115184358571 0.0846982242919854 0.00625165072396783 0.266520576901817
0.0115448266089995 0.547317058407133 0.145874841078673 0.00187469710858309 0.736255582321603 0.516131360691704 0.450064811514077 0.622632403537609 0.46716849185017 0.502214110245711 0.395475894514607 0.372409192148473 0.483584042828531 0.916528614230784 0.621591532888598 0.893743884501028 0.422341167283301 0.559336925369917 0.0965276959474891 0.365621096129724
0.25193116153195 0.327152786539821 0.0248059081601869 0.00482972384081188 0.179179799776309 0.00959850037822137 0.531923712820996 0.514563173806011 0.587014585188663 0.366475695613064 0.377236284542121 0.518156993968253 0.302796028865841 0.207665491769069 0.557290612527377 0.0240658298946093 0.500027614259936 0.435964551640195 0.0157184805561515 0.377780758415876
0.110980041432893 0.514781464091541 0.616269721777674 0.0648030843655475 0.709143566739001 0.0128514086230023 0.633488755559705 0.570539705080234 0.515298929588155 0.599752571812944 0.444674633683803 0.66313137397337 0.183390154348037 0.999274534667087 0.516081067987591 0.715282670661743 0.594127918319856 0.642143724363738 0.524356632435419 0.994629597798741
0.033064227448382 0.277568715740301 0.0575025406067583 0.000379669834987769 0.503083604178097 0.000103033057586642 0.426203882482529 0.608718087308609 0.29474711111499 0.268682642157062 0.410590755844892 0.431172534875419 0.0501065527898941 0.0568479477438937 0.177247446010686 0.0878603657488276 0.356615617973715 0.440715078136239 0.0144859315180026 0.175135913378177
0.020114993483967 0.387303326614565 0.0546112793643022 0.000272132598523588 0.0710833877280259 0.122436340991867 0.302219496047087 0.502401036457915 0.541242109450711 0.228228448353156 0.384775178064706 0.329096032500507 0.148943679882239 0.425275379103959 0.893327788837245 0.00676709589620984 0.124162533861264 0.0914531269743427 0.273597116720403 0.222494392306382
0.0506557767426826 0.476907061790127 0.105798558814225 0.00671519445704842 0.849140635035929 0.998213850452219 0.580723769533774 0.367161452786958 0.491429121480009 0.519911336468125 0.396562183315203 0.452872332259569 0.196849294974382 0.144045709412308 0.344599624281287 0.236504777452601 0.696918923300443 0.362032598548454 0.200375266936466 0.0324389679576478
0.771376455590985 0.543196636662398 0.100801305737405 0.0735562526548503 0.804747822934485 0.904640018113333 0.635066461871521 0.518304186635444 0.564949595538992 0.661661988816185 0.437061338653239 0.509679291517137 0.291424349335902 0.987267249992846 0.277222460817164 0.693454523182448 0.566102479118756 0.532877362175007 0.522895922288256 0.0737514534784314
0.137038746343361 0.644101299743326 0.117362738543695 0.100376075235189 0.448471534405657 0.00301955048516561 0.530917111719791 0.455580507776249 0.562606701747734 0.519724926287239 0.426599314704107 0.461074693727679 0.231200854410372 0.866849206479516 0.458500586587385 0.844267635911727 0.789401425972102 0.922687769757463 0.547061426869615 0.562286401937345
0.435962629952714 0.549611918947351 0.0799217265898054 0.0433020413574138 0.622095506192824 0.0480236507386031 0.47707161205011 0.55532433020141 0.43587944716849 0.420681509735663 0.426911122241412 0.689584590193298 0.121387220635273 0.00268306097810675 0.560568686657094 0.670342860064387 0.899311467955231 0.856229318574045 0.0913590547243752 0.996830957631693
0.0709819995109756 0.577501624474373 0.422830034552377 0.0398569627653147 0.375062965224501 0.959166798028764 0.682543973384374 0.78506426990064 0.614724577205975 0.555455307404072 0.536383232665063 0.667206291076158 0.169972175224034 0.354251529763764 0.597469334049618 0.988656152206223 0.738874224616365 0.949082137469606 0.472686097356301 0.776998875867587
0.122344512450689 0.529519494502133 0.37107412145422 0.0353478112322118 0.646281297632097 0.098841148076066 0.66456054832684 0.530448994081579 0.467539381019337 0.555865209185184 0.50517572579501 0.500693130719829 0.00989075767269493 0.856266708312631 0.236870571591202 0.0911221784840857 0.613687774077163 0.673981100479247 0.0532173072686777 0.0787705610142095
0.0482704999674656 0.251607479445222 0.0643397991253928 0.000246415761765033 0.252333825922204 5.63595109872023e-05 0.323270453992048 0.619641379411196 0.17074452300073 0.0981138458818509 0.374409080119193 0.148464660690874 0.511583552244699 0.197002542273374 0.358486273471349 0.00257192267359054 0.0391322795487636 0.0325108324014888 0.0102194592098017 0.428249969007489
0.0125761472885101 0.358498443224765 0.0746792061239856 0.00361408766570038 0.361540447574732 0.00840600905881815 0.327978673577699 0.379684202794436 0.570947112751888 0.334603336671026 0.363187449392289 0.397129551885552 0.00890015201072355 0.000303164807330085 0.0745338216228246 0.0644479772595409 0.108067297464058 0.255068774591757 0.00598312781535892 0.0123636421839273
0.759025917156433 0.467323932532856 0.0451918112849422 0.0113540779790843 0.594648818890577 0.934671501237917 0.590672355968556 0.70955820173231 0.518237374505865 0.510507924761477 0.460351736220221 0.539504735395143 0.273323103170535 0.976157138350895 0.278211803012141 0.0692806984159392 0.300819199040804 0.874748373216795 0.453092227586042 0.960471372409177
0.278413230737866 0.392150633130915 0.160515869176939 0.009302813618559 0.54185332361263 0.014774522439506 0.440520753081817 0.402894477408141 0.590611521705052 0.290500180075794 0.406610650344094 0.434574363458221 0.124511191704907 0.200863208393799 0.337259179072098 0.141080694187829 0.0924104888473917 0.0865893870540195 0.601920127132214 0.104120916236064
0.0211948770482337 0.332383795258922 0.319866310066701 0.000935938540367378 0.336320591884692 0.230546087589057 0.45524181092508 0.463462905164803 0.522397403485581 0.130196905810625 0.374368711483482 0.21198806737582 0.351824716275915 0.0146427746629461 0.126795230468474 0.0314502274063405 0.174177928625777 0.247956849628137 0.0575650393576017 0.0609420167367499
0.0879651840620566 0.70664414300255 0.877123602696102 0.110277029501154 0.563022985154094 0.0284714025366148 0.678316835111809 0.67290273253577 0.60606029323956 0.589809096754677 0.428673391030199 0.890203616117122 0.0716898667613348 0.967426894621603 0.629259368572155 0.670277805325662 0.973513578056258 0.908611347205377 0.729830151296797 0.2662858920294
0.0198463445805276 0.376988007167975 0.0873500761265928 0.00397698594152675 0.525069760035509 0.548556211703242 0.4166499223044 0.433287142396231 0.612307427699111 0.360581784395793 0.391399255227849 0.333128466355308 0.0456253653322211 0.729775076942568 0.0389686487155855 0.00759560326367255 0.722501104444494 0.0709696470191241 0.161084509662156 0.926252889308705
0.0292733817603257 0.2679610431551 0.0331689740416824 0.000229139347440487 0.66830359163339 4.81242625388249e-07 0.241703716765683 0.578355685029141 0.412612015623953 0.117219484077423 0.373433104601478 0.368725202254566 0.0161166640036542 0.367024439382487 0.37479184077768 0.00541966978951854 0.140509382559344 0.120262591533246 0.013335332674085 0.00780510193359895
