0.0730642300175001 0.595015528250641 0.540558037319683 0.415833917386513 0.751414961742067 0.45656442040826 0.0451491346083153 0.173693021935704 0.234973283924042 0.29047977338339 0.0697852050831307 0.786127932609528 0.140872264340161 0.117682640192281 0.2973761808467 0.0621404686822544 0.257527484664303 0.390717794109918 9.70942976857892e-05 1e-06
0.278695182169681 0.56720918558261 0.53896723100445 0.887802259143891 0.42548380162636 0.73620684068902 0.340295192011183 0.204930332411837 0.975616298341106 0.622900511788974 0.756250099345751 0.99520343939941 0.288496409451064 0.091395357001379 0.769291197958242 0.657601782043514 0.419577886831119 0.515900854812715 0.170275477990879 0.268214204010761
0.912125780894343 0.799914146391379 0.973504994973618 0.633137595009526 0.994211899186307 0.30718256270776 0.617897131140267 0.999619953802574 0.982673567181323 0.994780725324674 0.998121625340273 0.999936490017158 0.962586605482075 0.744929008945024 0.909294105487035 0.999980706004829 0.780503729325016 0.928197572252189 0.977847172598521 0.996386650266434
0.263728146920184 0.58457741603602 0.911164430660414 0.733703582164283 0.807514935514355 0.63053189970015 0.388176727342121 0.481424518558845 0.754883919480345 0.837375734816647 0.911919979769344 0.973816740028919 0.500744746089863 0.140111743381847 0.924225480168822 0.983162808270268 0.552282208493786 0.793429991509844 0.232725901032438 0.999999
0.30069239922939 0.588390987048367 0.223370028828547 0.654748177139936 0.450319315102097 0.142150288764114 0.12163014877404 0.185439666924554 0.0111096046252951 0.286701026886693 0.618139054781577 0.662667369102965 0.103716243174551 0.0826061317954041 0.784729086611935 0.0709615705141876 0.724052201507871 0.278192387956618 0.990904628854099 6.14377521898013e-05
0.0634885909529795 0.486692499869665 0.115995562932154 0.663363307605256 0.0957705366370373 0.153107123802959 0.162618548512487 0.2322723968928 0.591042904933896 0.329536496517444 0.0411267133386874 0.878466965971324 0.0860576741804346 0.0940316009625673 0.285581671101549 0.894974076234463 0.460724630334998 0.637470521688612 0.841699133722997 0.00141875916232694
0.550912191022437 0.605165851322665 0.866129236884454 0.820032514718751 0.947960064895933 0.254590797395345 0.350876703515455 0.850160892145414 0.466431351078899 0.905815647905735 0.900537714270832 0.999414582625613 0.317721015052218 0.379040695245241 0.589435546868641 0.955004764077489 0.703842601716443 0.74101635547071 0.0572735214892174 1.2906279048143e-05
0.333204233304833 0.612020610474424 0.321308284184608 0.869112152752107 0.220725515625722 0.493193329571024 0.0728560774819097 0.867013638109836 0.0670500450613787 0.44071967562581 0.497814887223189 0.928192368712359 0.493299685464941 0.33398365577512 0.738198527652845 0.892940665185725 0.792002477089922 0.509933005924478 0.19630267384579 0.00108876597898591
0.0925308375945415 0.552393068849177 0.326277134387348 0.524827321430625 0.361264097191563 0.948124185680207 0.0293924213792779 0.200303839078856 0.171834740741074 0.123595307506705 0.084719583872859 0.359820701622483 0.0634000567492588 0.033593731465298 0.602859746580418 0.787245155315776 0.592934769864865 0.712896536775862 1e-06 0.999579641612168
0.127351154384395 0.546047748687704 0.613952991116791 0.39913108350046 0.941574308983901 0.642372423461538 0.0250010050499592 0.25471843437772 0.137731990411877 0.262371773009741 0.0626392262300558 0.391742835124522 0.149456576442338 0.0801661261231244 0.447023598100664 0.92960546438417 0.430941563781695 0.611082558694263 0.0586160527138456 1.16159718904537e-05
0.567103964800334 0.752175001051108 0.792748972103105 0.729740444335103 0.987487414875293 0.708068616644039 0.634342319735918 0.997067526704416 0.952440086864162 0.839000534446917 0.96174062607241 0.990884361092284 0.754690166764745 0.373256538909459 0.848012916491046 0.99998007931697 0.78841330109208 0.578570238067886 0.125082862212224 0.135843350636068
0.102916020418916 0.545402491304381 0.190208619764572 0.756515557221196 0.00735719863460701 0.4148832440977 0.016774272606709 0.320187226335783 0.205010665939494 0.153040667022234 0.0245221595788449 0.986195305787728 0.13279734515236 0.0549108546504251 0.455573484208317 0.0506540146787995 0.262361707915512 0.47185326977391 1.87978100265723e-05 0.421954299731016
0.618043701034435 0.734055737570161 0.872643315209941 0.834761141665803 0.784136624283859 0.342293253414677 0.28899636737046 0.787164419349302 0.995288246990873 0.900138161808256 0.965458751281135 0.999618875918867 0.600494219494656 0.326544412408414 0.758292047862156 0.993917318145733 0.837223350151136 0.87343094861891 0.615922971911884 0.999958397072325
0.160568338768024 0.569860496986532 0.679032825360427 0.633735921634657 0.66566196575244 0.603342058049106 0.0623475327134228 0.797027036900694 0.492952490394509 0.364264340704166 0.0990572738997379 0.952107541130476 0.245329522529099 0.176310550511138 0.7648924412831 0.992726923034673 0.685679968565625 0.435624288993675 0.00881658001638078 0.00349204493793722
0.133502884982719 0.552312717813664 0.52176637416755 0.703883084668496 0.965610828216999 0.286408401956069 0.115376712285265 0.299449205060215 0.0477368086204617 0.0537519201625332 0.0438564817517552 0.975191629064143 0.381975827767183 0.067772499842173 0.207504087143055 0.962060399749229 0.506958020100816 0.414696324459297 1.56849753274304e-06 0.99999632817012
0.135324184780816 0.631125757666298 0.734118146830412 0.673945842167232 0.903649574825873 0.252321377944931 0.514783388579242 0.541964026212766 0.242798352102898 0.268125044580369 0.296856500611623 0.984640893140021 0.329628969955645 0.161202329996819 0.770140820186904 0.985178950166581 0.591028152075527 0.54794909427152 0.98750711700953 0.971545364562155
0.03020372432385 0.430074805448789 0.280589829658746 0.575403267980805 0.153153304021094 0.525237681532121 0.0141403463760839 0.519715240221896 0.203576377356076 0.06535981168025 0.507024538571328 0.804767509450682 0.123277088513423 0.0836728716147329 0.57062613091634 0.687719521910726 0.506538968962638 0.483705831255959 0.000554287451548629 0.904193637440848
0.119704958539857 0.576541332280573 0.189101744876731 0.654305490287044 0.234719069982771 0.529369164228735 0.392199995114853 0.715072706836224 0.231970031457638 0.14615014006177 0.0527772189429176 0.626184021856622 0.169837001716012 0.125301100666309 0.751157800042262 0.962724285789507 0.45324838157515 0.550580370927998 0.934136438757443 4.41653095156584e-05
0.41500142628053 0.450092922699706 0.6896381776792 0.552830103952941 0.419028437148527 0.735053388226436 0.0294880526347072 0.501912067966276 0.866902855038192 0.520886687933002 0.664923032582461 0.968010472846231 0.215019394727761 0.177895693863337 0.598502240335748 0.702003267128877 0.6730431429344 0.610892269161462 0.252516164048398 0.364337490608477
0.0274921985967742 0.338925865488948 0.146837711602121 0.495693321686401 0.0690279142803522 0.0466254922946788 0.00110996393800212 0.0256801537855878 0.217376347067055 0.00779322657980704 0.0160307595883324 0.438521793364004 0.0537109443581093 0.047369089423578 0.145467145468647 0.741794260848761 0.183047088846423 0.231048447430972 0.0068373151534388 0.528881795094522
0.286178546822433 0.698162340581223 0.784221060519855 0.547366442843713 0.583806205068055 0.186978836762366 0.674258623100825 0.314323524498041 0.755603046408643 0.33749002808513 0.10081456068363 0.916742031946405 0.37015501807081 0.139873914172771 0.732674418550472 0.983460377150021 0.619145399535749 0.69566608370141 0.671195142360428 0.00959308904277639
0.32612352523175 0.722239878676166 0.650225200161273 0.756902368287532 0.964256531448267 0.644525390671851 0.0646617679221971 0.920761445600206 0.751246982438579 0.958660290152471 0.950237462737915 0.980049683792814 0.610982589248487 0.388160167783013 0.939781635979594 0.999384718174069 0.455284813409272 0.594316154645555 0.991538526205763 0.962201778529522
0.0695176805100755 0.585174593791723 0.513275474396293 0.449149851815804 0.237584568693464 0.502019111529884 0.105330458471179 0.216375282434403 0.628475264487291 0.121054000602397 0.0379074163586156 0.965941700976209 0.185443461737844 0.0382428471025916 0.280977736381405 0.0168784270967557 0.608129639174624 0.274662847930613 0.00159386167846191 0.00569281794743695
0.0500919348067937 0.478397300057854 0.0187590331896181 0.315597796000989 0.131262390992705 0.195144512735444 0.0240305021112367 0.0364058992073114 0.0743871756809621 0.00364381811229306 0.0157554339929411 0.847929522471514 0.0386900867607769 0.022916286024154 0.223774770869941 0.00735754793851239 0.17938316227043 0.140777292918425 0.0698336564127921 0.0140663392138212
0.0371228524009356 0.394267490416152 0.0256722301892668 0.546818656670963 0.0485127894548968 0.463305006571421 0.0198696464388089 0.0507507463349627 0.021414722828608 0.00731534559430877 0.076629189363473 0.0522676417583801 0.00769863932966109 0.0320456708497811 0.287686348098258 0.00198049584504037 0.359487925731733 0.37039731835784 0.177805301321904 0.996103615613849
0.0386866436754732 0.45191153163662 0.558697866647136 0.742353058240089 0.00393438169588613 0.170781413855241 0.0102314198526487 0.0525487643466878 0.151131499878673 0.0334779349949583 0.03623286226363 0.802305090177469 0.0214561556336633 0.0500267262532836 0.571384360026332 0.842952816628081 0.208633940760919 0.159755435378645 0.998392743783117 0.456704821146144
0.545736500521971 0.701307497544428 0.463909978825433 0.678484533153762 0.736735407702196 0.551720582446273 0.32662599936246 0.819202970257032 0.799666564648609 0.845870691750902 0.971944546574883 0.999211640743649 0.744107628519677 0.417820724910709 0.787395382419666 0.995394051216759 0.3839434214958 0.826371058759061 0.59030266057955 0.99998447085178
0.0153220610784511 0.366333949698474 0.0719056513137376 0.313404075490658 0.0187575896242414 0.0587768144223587 0.00288870593247366 0.00939268587395478 0.092847748193981 0.0032891903536087 0.00506654998352494 0.741274303205331 0.013036643484477 0.0255808409104622 0.510956341160123 0.049715066884995 0.311573370290688 0.237761868018512 0.0164444345026849 1e-06
0.0313990144033392 0.439069059809716 0.556198445685256 0.477058772103596 0.00230826729441752 0.116997325297406 0.152825920046529 0.0229967768193895 0.00162869896565058 0.00441496985168343 0.00457996041578613 0.459830782128502 0.00326434581075694 0.0299808175427146 0.162434372213346 0.660145464419572 0.342706325029143 0.0998565614126415 0.00147859570343468 1.36668379888714e-06
0.233552871892105 0.576036144545994 0.784144932952151 0.584725262568885 0.0733821484988804 0.252589975548288 0.121063446111991 0.598282764056349 0.336026021591587 0.287004535783071 0.512568447607161 0.995035949681555 0.204530704538925 0.110960049541837 0.723825597215413 0.928255771264186 0.587655378625833 0.421567905147154 0.0360299471934682 0.000488801135329395
0.161609993285354 0.604012138153174 0.620948161712874 0.657295985300216 0.843110087653454 0.0711103341785688 0.249589848405393 0.7732553037742 0.783591632321904 0.545972790248785 0.710148172521889 0.965337696258421 0.160743639640093 0.0567632186906231 0.938419783421572 0.990133309801906 0.35191605835339 0.511527187247449 0.00993905010263149 0.015150078395031
0.229245783272227 0.493090436329323 0.875718260506008 0.803113283512868 0.462371533107111 0.186728813986696 0.226373669600711 0.884903882977392 0.5673608060186 0.512839216832742 0.703341524059698 0.98752267989477 0.215354275696672 0.354005733618935 0.83748598515311 0.980817185680098 0.503613856814642 0.61651336313043 0.00815479732471929 0.045473393660488
0.0196025271787773 0.361314927635554 0.224448179442937 0.45888005064078 0.0272270654604141 0.461310416147836 0.00946481268721196 0.00271077449175012 0.0888685295338133 0.0392111726880843 0.0428011026510839 0.031905103415706 0.0182892681919645 0.0227530717197152 0.213064638688445 0.392531762035948 0.407320218249669 0.239364575515368 0.000487753470204753 0.314325437906448
0.0798426068969188 0.461465038821575 0.641780706804685 0.586014240346945 0.0407820009855632 0.132774098994412 0.0146020608284767 0.566886365304521 0.00828177097726761 0.0326682958718577 0.0336089371738153 0.746476102182599 0.0409246775827241 0.0516156252228937 0.103055061269736 0.818863292906113 0.226582000318372 0.487716564168896 0.240534681005807 0.236142813890817
0.737257310225448 0.774476228807207 0.973230219732766 0.739834843566004 0.992320749423673 0.606263977999099 0.443278148280449 0.931356446910844 0.92939769078024 0.938797990673754 0.997427059290274 0.997522315175263 0.754870006129784 0.486154153819572 0.926152298810358 0.999990379457464 0.852732219881437 0.754872940361146 0.473274721036984 0.952581996817675
0.0777495063075013 0.493905968182608 0.195370803026198 0.443031787414341 0.740662909644007 0.503713288027346 0.162738479626995 0.0556088954707054 0.394513917298385 0.0382465696138908 0.0100823419919976 0.933234289871743 0.0532313259801633 0.0258078382131347 0.707984427487023 0.641698889878248 0.339134894249351 0.245233736644647 0.00115976362031078 0.000211212515093581
0.0454309758745143 0.479989922637227 0.0438333546538917 0.260423242327791 0.360326766222076 0.125243974185317 0.104948116647927 0.0339222008015869 0.221026340495745 0.100221944007218 0.193630101164015 0.132992141465008 0.0747692153943198 0.0643705821749609 0.233233165662219 0.942580056127371 0.259039814602675 0.43477898095357 0.000801133556572731 0.715266031474662
0.372718570566807 0.574023194834343 0.689084048639484 0.422047569004971 0.869977991835271 0.214424590140802 0.302632820261242 0.874135297769167 0.752696623788835 0.648546260639127 0.682254248670863 0.992035616772838 0.613948996697822 0.19514589685961 0.771134418087179 0.993173009715509 0.35403686295904 0.772517054596192 0.0146723509460563 0.144684451835719
0.119348520312776 0.595909158785984 0.0786833358993495 0.67512034012343 0.420620462418554 0.212592390563412 0.200506349286613 0.492863464292271 0.194220780554146 0.164465508920118 0.0923417077539246 0.423032311753683 0.210998533846886 0.0806016243541821 0.389360585998429 0.915972221741114 0.26125613686312 0.691396503307287 0.0167162899441742 0.996201416980432
0.14940129143755 0.594580443631495 0.453184506350905 0.485302373344821 0.968058043813696 0.0387002869748548 0.0432523424031314 0.0893346778957452 0.774291426009151 0.200876052728255 0.213312263068049 0.70387879111083 0.105070048924316 0.125703950822101 0.315754724754087 0.782920045866861 0.213946111436815 0.204954858123059 0.290762155215833 0.0241814902778742
0.252537333519168 0.622508869842325 0.921885531597228 0.518720799999702 0.0540411726158386 0.601232629309346 0.0728670235302979 0.54391917892565 0.628881808285057 0.0914934601964576 0.359008738273109 0.991033259646152 0.118378789076247 0.191695766691392 0.618971487456227 0.9841282347887 0.646919979969438 0.420143238937125 9.05787075523097e-05 0.908476957132383
0.432992534665018 0.684683890569516 0.679610305533799 0.528698198687538 0.569779763598432 0.652879104000075 0.0334737013847202 0.565489816969589 0.925513572133796 0.628382230401089 0.831649190304515 0.998419668610086 0.67143991148951 0.302419186713626 0.687640006525515 0.994139111005387 0.417299123126324 0.612461361830809 0.913349008177103 0.996098562287279
0.444071656379026 0.6377902079343 0.953136848782735 0.67090733675607 0.957085373709477 0.354302315961084 0.148285040253215 0.989098801329475 0.936978153754519 0.644387213976524 0.835502426346573 0.996239865108958 0.333096964722229 0.421620792498438 0.949379470957145 0.999881633569879 0.845621465130659 0.870177225688095 0.940886509013503 0.999984479150533
0.209369681702836 0.600587810566282 0.767831165520185 0.787481059273031 0.891778159429305 0.184380635553861 0.448242788187449 0.932731780183061 0.418064964496588 0.263585029860056 0.630953609605745 0.993003170445869 0.211318492062493 0.0803466466630963 0.505129390465126 0.28848593586132 0.221994101937911 0.719201701033012 0.20004484062196 0.999999
0.0951554568880459 0.603808110893306 0.491118857842362 0.594106154145555 0.495762669312779 0.537501386401005 0.114721760614706 0.237132991915038 0.957343357226194 0.377916860554251 0.060304267198675 0.945922279070884 0.113508217256327 0.0810010365526096 0.585445371119669 0.983851423833931 0.414483775905452 0.540899376929882 0.314679616688835 0.181033987710605
0.143283287094634 0.717806415231993 0.623934477240625 0.55775281435113 0.208899596772791 0.476729354927016 0.450027673650031 0.911846853726165 0.480067709587831 0.226713815264789 0.572847154957579 0.999347684616767 0.192257273899054 0.179127999433296 0.544302180537116 0.990955809066178 0.452850337038206 0.542553486680198 0.000129314660331775 0.0230652152554319
0.121244260139744 0.508561220367414 0.697546279853107 0.794422754910059 0.0893411233761373 0.825156127983412 0.0221202232189776 0.0650168191798254 0.873365272574617 0.0727158385724064 0.0260842044692088 0.546194742844415 0.164061591804477 0.0765138024126351 0.484971464286567 0.589712795047871 0.664677616119767 0.303792183385066 0.00241220730857379 0.0790222437076186
0.358024817377421 0.675760046517912 0.429949990712672 0.544239315450934 0.669005317967502 0.234867032980849 0.252900200161811 0.973581028823792 0.748225860569579 0.662842266429206 0.323461133911259 0.981222614412321 0.470014478359044 0.263000099945817 0.719935811950558 0.618181156720318 0.619502986308895 0.661868118618029 0.0462972233968506 0.0141860661679228
0.178242023124127 0.603108203816065 0.0536524300126704 0.665092681822369 0.424980630789064 0.680508242429334 0.110085087083541 0.673538452089612 0.346487545434941 0.268713012525251 0.224206318029668 0.883097505701252 0.160844399343513 0.123388147465748 0.616849477836052 0.943003144985457 0.733277967881923 0.551528639282995 0.024495429913261 0.000469432430422384
0.560864453598357 0.703421878063388 0.854860039127818 0.483953188042401 0.864168579037252 0.535617590435729 0.94084100851862 0.845226843749874 0.810650282585692 0.825920513403052 0.919915613886859 0.995959427529005 0.488496995869496 0.304494011757879 0.678387202468886 0.998312824773284 0.507833883019868 0.624183790352506 0.105265364329398 0.995788223323169
0.219069621321519 0.537892210789176 0.341319976374411 0.438739700861501 0.857981227894818 0.165832312148003 0.207510013160132 0.890656518516713 0.639915218559041 0.334517776124094 0.613323302889392 0.998828105324602 0.507187214745803 0.176276950802254 0.422519961604676 0.999835136419903 0.61145485828025 0.544074369402095 0.0709029615636266 7.2466782489298e-05
0.342825969555467 0.615469080205037 0.232038122306151 0.710271065352962 0.358741519171033 0.115126640080792 0.0981529875577694 0.556347890668394 0.392233684394044 0.483547953309535 0.778712671631674 0.552786764185338 0.169841527629531 0.12822238878143 0.865434036263072 0.86995354142671 0.736755034470453 0.761833665300023 0.0395680826146516 0.0861619787118391
0.214682695291858 0.675777844494806 0.842122953746173 0.502592993927782 0.653801855551339 0.321343937555089 0.186129964758135 0.668224815413743 0.915400689685163 0.865641560554632 0.952370045964583 0.927365566295666 0.542456882241115 0.24474999871883 0.978456249869725 0.865701354890937 0.428462611708819 0.679300221999758 0.28177610473924 0.999657844817423
0.191473611385818 0.506627045709158 0.51818544245973 0.410406187219382 0.365911156382313 0.599169468489605 0.0355232937442867 0.554601344557174 0.343609182323879 0.588287844815604 0.0548181964962384 0.872223815831464 0.30052732236384 0.0958815220320795 0.18490467789524 0.459082110200128 0.44250570328555 0.386655761985948 0.96612503564098 0.9883627271147
0.100069460533047 0.639241123844265 0.873992782365824 0.698223470931669 0.461865173254861 0.73920800202149 0.0188612104395304 0.118906855813164 0.211436011177213 0.501792164480651 0.249976539762919 0.908814929383483 0.140010786808733 0.0800542045765218 0.612946133324584 0.791968831932069 0.295200532201663 0.423359137557444 0.903356087830023 0.00102517382844159
0.0650441372587325 0.448037051409693 0.740553245231109 0.347892993012672 0.316022262700431 0.191074129836347 0.058106161399166 0.0588285721025354 0.018119316782264 0.0923827382436287 0.30219950152685 0.885117693324346 0.0482631922725897 0.0647422739947133 0.208533403700707 0.985870871471658 0.310162749770945 0.336223020382911 0.00201372718086473 0.901960946718863
0.0670223508214208 0.357150720791086 0.35977548676876 0.502844626187587 0.0130354375129039 0.585172867370164 0.0592835355825333 0.0451808732007027 0.220336298685962 0.00742066308278651 0.0327953934497511 0.766275156562481 0.0152016099920713 0.0178536134786122 0.0946494707395459 0.438779799038884 0.36772444579733 0.299969925615559 1e-06 0.000439212806574652
0.205020931780285 0.494363945896834 0.0590014184054429 0.892793892063961 0.952978020072808 0.796743344922235 0.270753687209323 0.0367365910016318 0.183562962494992 0.213660646292258 0.329288345325022 0.972834929438655 0.336435530261622 0.0716270162261541 0.656928722665934 0.714564474156038 0.651258588625092 0.66415018855029 0.64767664479227 0.000230042862010249
0.199311899190453 0.511393118406128 0.403271879740895 0.569789169427133 0.681571944222476 0.267126543721781 0.34699622533796 0.493046964508769 0.863233094778856 0.375208271136458 0.897084502500204 0.997698581721807 0.154646275433989 0.0882025143317666 0.651913323835522 0.971041806142189 0.262657278319962 0.816636564884933 0.999476584448659 0.000458170334700134
0.708261504173085 0.783209857049971 0.845204037552209 0.94487554662996 0.982857504966099 0.286652731908058 0.596992091511585 0.91553902486021 0.928663159027942 0.976813613784254 0.988864820557122 0.976277646785516 0.806349932556479 0.428052743780224 0.957975513931826 0.99963799726167 0.703886647597835 0.837510193965272 0.999019627836685 0.959508240511487
0.0486719582154306 0.371597990339507 0.302723078170854 0.48986790283849 0.0144608211864318 0.660076468509067 0.0297455878912265 0.00640161000224906 0.647680727016635 0.0174335675713757 0.00433975956221393 0.641938603192145 0.0526809091319091 0.0303081751983707 0.300019555648891 0.357344642037066 0.241412643005648 0.256149024751658 0.000988933025707642 0.526173910437385
0.247744388426798 0.68705271303264 0.611947190956296 0.528479206212559 0.788527234280033 0.32832059917893 0.209386374091492 0.217729501519638 0.758592201078192 0.493309057309097 0.761446364447466 0.980371618337985 0.498361677997705 0.153676171358274 0.769004929054871 0.959456521870068 0.591720250408672 0.689356515193696 0.00634952774433614 0.497839707045794
0.0934968895057614 0.43306328989281 0.267366603800805 0.379040175273528 0.173567456146025 0.39505128288634 0.031387113379197 0.0360534838430769 0.0421805723781027 0.0256225998703146 0.00715810896730771 0.571218669495085 0.0371628689386572 0.0531964061230854 0.296955432804461 0.823946295010877 0.447534405298476 0.336277304197068 0.182202680711799 0.945267751337821
0.0302909301777061 0.589399326835885 0.358339314325981 0.738268478718146 0.0859116642558567 0.161546406040257 0.0298448535279663 0.246012912289602 0.105570017418993 0.24715483236451 0.118915096596894 0.227524466509014 0.0634152231703892 0.132075948555121 0.456209520445895 0.665540780976762 0.28566832774163 0.1956886153529 0.0719561830500329 0.99936092918398
0.0244802367655446 0.363933511969266 0.0363232997306395 0.60578398406478 0.0951451111439777 0.756504096086565 0.00271824755575902 0.0657689048615939 0.0428729493798247 0.0074777661282737 0.0272217091174453 0.745726314078894 0.0511705960669358 0.0153120317319708 0.108158667061917 0.590230415651215 0.200374812519178 0.366994062730937 0.000823097576122389 0.000202719593515385
0.197239027996895 0.712428722576227 0.567547961298432 0.777637923915732 0.877402392370884 0.740879026592213 0.292307001085077 0.969953137784739 0.442418139176764 0.939066144657311 0.660870192795654 0.994505445773334 0.651448788402281 0.394825264534664 0.850338330170526 0.996531228639707 0.690123213803907 0.852367725933056 0.00197628074929862 0.275959575632501
0.0126044582623531 0.463728055438405 0.0735447645479332 0.718786938496979 0.0258257950863984 0.794252428255353 0.00518174683520249 0.0028097788819749 0.0240422235447521 0.0444254538633699 0.000940144830520583 0.260691212340789 0.00981896924635784 0.0113710436861107 0.0225511526524024 0.208774815515541 0.379424276752602 0.226375530027604 2.53133878107176e-05 0.0833280512393532
0.435120075041051 0.602941708624952 0.450187448735351 0.676590116181155 0.743430773322183 0.815482391129006 0.643430499821147 0.673366616042453 0.645448407227903 0.856319711693935 0.383631874622111 0.996556623070707 0.156953391017203 0.282473772150665 0.932213821842178 0.939703517591807 0.672309909286887 0.716012575011378 0.0525416215857309 0.0846980184147468
0.0393005832834406 0.462243145655553 0.310310704120014 0.531715916123194 0.0633888611858506 0.489454190056395 0.0310288968416179 0.454954354734855 0.0020722930534748 0.0363775806603576 0.0110169856381587 0.237269901853077 0.0641261137311678 0.0391031809272868 0.676415826523622 0.97957466185138 0.435985969631888 0.214854683427009 0.00800264616670278 3.55935794271295e-05
0.0437862894800788 0.430099045059123 0.383685952701427 0.431498320008346 0.0379214182472445 0.134489755401126 0.0393963368506957 0.608452135235477 0.132454001098033 0.0372445510624191 0.00425826923968487 0.102908665791803 0.0397325793854478 0.0576286895375873 0.164141960115973 0.327284990330329 0.26502465932268 0.271630982862693 0.000256354973860828 0.878659695730177
0.448264839837448 0.729526066857306 0.912125249072135 0.587496268559958 0.764827043568641 0.450598358165397 0.586983129455454 0.951502711693972 0.98609071687555 0.945736631889248 0.963280644651344 0.998024934830168 0.605227438316616 0.267214304978506 0.777327253422066 0.990743243197441 0.425238102518617 0.848318574635735 0.0670666088548873 0.16258519929003
0.534613282780143 0.700683441864168 0.542740118541056 0.681350495977829 0.711366620578815 0.68898521229247 0.0620480712125696 0.876980953761395 0.738910698461681 0.887561298455915 0.93073510620756 0.999803746418901 0.546370600649958 0.232073496819365 0.932074437159432 0.998389786891299 0.558093078848467 0.543641874821528 0.422859503767219 0.899430681664623
0.808196881575601 0.779918744592383 0.799740070880808 0.804761590658801 0.997369947469744 0.435897849090064 0.714449379643487 0.998580472670694 0.990881452984391 0.989129050425527 0.992649333697527 0.999280120268055 0.87518618728096 0.705127739403484 0.965386187496835 0.988602992287659 0.686454683391978 0.930180157764823 0.987258107154944 0.984993618047959
0.20448073228206 0.547598811928079 0.112952606347422 0.833934334655401 0.495933871774012 0.0761414907616347 0.0719489686314187 0.264852943601519 0.480212044520855 0.161604146047303 0.278609231126322 0.814289398077374 0.423917929797282 0.0853271713082119 0.372702001798679 0.875317708763333 0.531610331417015 0.448721086924084 0.000874231980401995 0.000452852717960334
0.0541525820175798 0.422941099758257 0.317372255871087 0.498684795735258 0.0602945895254564 0.198851186528631 0.0186312520744485 0.0264560680909389 0.0846606060288839 0.075216844748528 0.00494285185257679 0.233568254193972 0.0567132852619271 0.0288221048896331 0.537667565362371 0.109672709045267 0.439523267538586 0.209425104118703 0.00476760975632859 0.832221705341851
0.290346156186629 0.733728948572298 0.616171441552565 0.589460925650481 0.858691653050783 0.724208992476331 0.24341522612755 0.977971315362787 0.981511819061413 0.923774935018536 0.779457542216141 0.993931226537034 0.264674321928036 0.260241279833781 0.946028546505274 0.973859091078158 0.663934382154577 0.654270757826444 0.00126314719269488 0.200959794158525
0.161745178444299 0.433111060481354 0.143270325358497 0.601759375132011 0.366768187403148 0.425606661531552 0.154545344565826 0.153960875407445 0.367538517253307 0.409913442708545 0.0165044088167935 0.992675858978666 0.188151524315548 0.121029811777746 0.500244012749106 0.978903330616554 0.219722958039181 0.452808677572232 0.547560397956553 0.477379120234406
0.198228679291939 0.613670481230812 0.498729387151715 0.618941435788241 0.957235698383442 0.235061652534341 0.201787093164479 0.563779398531047 0.75002444401586 0.194734483636034 0.690836663877267 0.844084365796628 0.187717688964878 0.0822085179749911 0.309353645888051 0.425923179135915 0.486757801663207 0.678156187644544 0.0133215026219364 0.383078851742817
0.0353758785403238 0.490295978808934 0.0725111169298031 0.467822903087018 0.0242217428144502 0.14455885078409 0.00864140615551966 0.110755579687274 0.0867564087857562 0.0453579009945103 0.00238216616212596 0.220435686881682 0.0279094906065411 0.0381641539922444 0.150084858378583 0.961643662187758 0.394673647719832 0.187263002358476 0.00907253501078799 0.889836494770294
0.109548701470376 0.55480422154515 0.753582534805765 0.71886281008016 0.105313711469739 0.81499319826525 0.133780651999225 0.399163748577183 0.116623079539739 0.200398628549376 0.315293962280749 0.826521650986056 0.218729577760948 0.104894509247282 0.690786984184132 0.553647404534216 0.497466572204976 0.565189308674699 0.755449875556375 0.986750231346542
0.329149418694124 0.730290773218234 0.969511070433113 0.541040363020807 0.926613515647769 0.265205709702387 0.89781308096981 0.911265163819594 0.697627911792999 0.9344840135109 0.991546642429893 0.998696066595981 0.732120869514392 0.275419985253465 0.887358531012008 0.999951251598568 0.755717935380093 0.781116430463775 0.00230639078573646 0.98834398698678
0.28796655385914 0.771845166769656 0.502732094374837 0.660160978467527 0.981592854960631 0.250916020425919 0.355936989155934 0.982282071940327 0.961922992790077 0.745242782332032 0.779868723831693 0.998544895301994 0.54098305158993 0.279519806491391 0.79019910181708 0.996426777923478 0.628497917292312 0.660886457928056 0.596990104042921 0.990431757649221
0.163666764553778 0.607385481551212 0.79126293465362 0.472006994288446 0.821444831602459 0.345916508567263 0.125846004835883 0.0890864970026904 0.155843507874736 0.266845622947589 0.668913114252236 0.992344694406639 0.448672514041325 0.216166345714778 0.949741681250014 0.176172861726055 0.366068550834186 0.319661338808775 0.0389423045494064 0.999477028668343
0.178992553707952 0.639188338798004 0.166553413416781 0.843760438447093 0.675708034627146 0.605634456303188 0.325745603435546 0.417668056945027 0.738060097947347 0.413825603421613 0.138367189467689 0.969397958839757 0.0637815599418992 0.0828947242416557 0.520108243128688 0.325703907725247 0.528108188456646 0.686129275502402 0.043705488167004 0.149091690186327
0.236689116979378 0.680333664973338 0.685498386458138 0.635240755632582 0.399006787506354 0.58717426076267 0.399239317424995 0.862818224802548 0.0825669265848691 0.521811642031272 0.204836238701817 0.843953065208941 0.219311972883732 0.197756810510756 0.701411572590221 0.976774226529629 0.296667915008231 0.733261348621805 0.524818975297663 1e-06
0.215390188029219 0.462033936455339 0.0823159195205872 0.292080954358743 0.424723006347685 0.0520371651291978 0.252385695262947 0.373456383787786 0.0832965772875161 0.304843337661836 0.335117270043976 0.867522512703924 0.0217135286493422 0.0773566447473939 0.198113952857299 0.622517562031705 0.369748258686193 0.227445499938434 0.0127234576499781 0.0458469510718468
0.151413091836649 0.506685155930948 0.384614783341282 0.577980141708839 0.490142045605633 0.809190471247992 0.160259060889839 0.896823065056368 0.571021439730103 0.0103303889310577 0.0362696899652033 0.217606153741458 0.205332351758084 0.0689683624368223 0.15931053910983 0.964804166911162 0.689364045765758 0.548700698278254 0.0571757567028372 0.304617631506171
0.833649328294994 0.830958485644032 0.958826007159315 0.62893938871861 0.996566500918702 0.462822926479366 0.756434421785214 0.992500884048809 0.999859837205052 0.971805664129084 0.993917133631779 0.9917073635912 0.883575936127464 0.560070327146354 0.917065606712546 0.999850809927705 0.72679586918575 0.900599333363564 0.974834265463576 0.141584602771413
0.340594434957228 0.573478667585201 0.786613089619768 0.65326295830088 0.652657740873223 0.698878048485108 0.159535241558428 0.814388693111922 0.995977905806266 0.427701512629902 0.479139497435507 0.506357176356499 0.518644437116578 0.166872447142867 0.952491176959956 0.996797593488113 0.762899212158422 0.740913043763568 0.616163227713574 0.000750233045466597
0.309535569816556 0.509067810512622 0.854291229734946 0.473405130427007 0.664253227869001 0.327456559687666 0.229782684211693 0.860369038192815 0.884941035990309 0.33656364474099 0.657402359614893 0.998969003881216 0.370526276305362 0.165589468433111 0.576701435214807 0.998189702078835 0.511335087816404 0.660501053205148 6.79754308213218e-06 0.915276913545397
0.265382228744615 0.617101498322166 0.230733411990203 0.613787054994478 0.693329376805102 0.341057472418621 0.0449128108835544 0.911131958981234 0.568384826969211 0.437461785360682 0.88542866038355 0.750236664644768 0.246395045163013 0.107967436237608 0.774449154466758 0.997204265310022 0.350424785046707 0.548630784147317 0.913812946746729 0.166569812168621
0.448405633060367 0.753968342877355 0.780857311905303 0.84208822912593 0.99691902148251 0.740664002633256 0.426466108264713 0.985926832777033 0.99721242127355 0.962265817298486 0.923158735775567 0.985066925220916 0.540487595216663 0.219393661929646 0.953644475409172 0.901642142099519 0.653125276103486 0.841514013050535 0.973412952691821 0.988945300800219
0.0383574604497881 0.413497169453336 0.156734010995325 0.372658981232473 0.0549666462075158 0.266840888031163 0.0135534877970404 0.0148548841017962 0.791726694677186 0.040959035862993 0.0062216244247612 0.377292696125186 0.0440713164512478 0.0461468944435002 0.334304688212585 0.280672440683898 0.343457487718106 0.331007479195658 0.0700844488646491 3.9590405989127e-05
0.205679036565558 0.578109134642194 0.259003930667259 0.66302940560158 0.171331762043732 0.37926880971626 0.412237766317562 0.938072806500182 0.816280147435949 0.52458600314169 0.646402026915804 0.937507399987425 0.220235617413364 0.146219958747219 0.689867270332935 0.996376340018971 0.632242247992564 0.723969941034941 0.672465804620279 0.995179365777406
0.483175379320578 0.638199968735398 0.581311345596201 0.706304734753179 0.947732320905983 0.458432982627296 0.0642853179428613 0.718395116010595 0.865474283085251 0.916442666330216 0.88505428357222 0.998374319670654 0.42746171903383 0.323338434244902 0.950882822521448 0.944004566321606 0.679837977650022 0.78019380822169 0.0499330828690133 0.0166275331981745
0.390395492231712 0.730645484169734 0.805551617459004 0.617472130261884 0.358895467918563 0.420809487371347 0.110276901592218 0.323091936905505 0.672595631102375 0.356228365473249 0.602234109974851 0.889586939655326 0.191234784136153 0.104459742146983 0.597016313870468 0.998390525941577 0.4235723714564 0.648163142201778 0.000314749801109465 0.998833180718214
0.0412328737663441 0.680829635987211 0.438243219611472 0.806423353822205 0.392690009101467 0.583893420017637 0.0559736841529905 0.530755509643911 0.164886602803844 0.502384247588534 0.399097991343115 0.995000716287191 0.101555149532296 0.0728087241811809 0.633916288318242 0.996603712434701 0.36614095553295 0.480563758008355 0.00361365919641978 0.00057965860953763
0.151143573206786 0.57335227820411 0.372662031270293 0.375549227668781 0.0923704326580957 0.880849168129329 0.217136274856729 0.127711435291955 0.365619946898037 0.353790911640664 0.1093584024631 0.832614420490264 0.222238316262304 0.128026694525106 0.480405222089736 0.898352293731238 0.179544402842419 0.523655462154124 0.0783576027965882 0.541731553576943
0.423166415129231 0.745581070841531 0.265480739037034 0.829016710847553 0.997041232247779 0.213277293736722 0.615771327893674 0.97402789454328 0.636626307921401 0.612920355669308 0.742932266513026 0.994810731621476 0.293759402227426 0.203946091072033 0.908521354621345 0.991005464388403 0.646935653415885 0.887742666732715 0.619371445692131 0.527445852368455
0.0242607350753214 0.402353064985876 0.501385851693763 0.580102703841706 0.0255196037233825 0.238123620799138 0.0141955657409165 0.0743200932214746 0.0131435923027613 0.0585286381370864 0.0290031869256981 0.745633670465358 0.0410496799681299 0.0353900350594187 0.383979739818486 0.492987428403118 0.441012106326786 0.281839431509251 0.00123086497111001 0.597388398113357
0.638083232523806 0.730746606239975 0.684779933719043 0.651533313105441 0.992232157648249 0.519737704750456 0.413386568608058 0.979821267454254 0.914402147038764 0.763411083354636 0.516573360183286 0.991403539289371 0.369798355191135 0.121134348287374 0.939513685832086 0.997010839071129 0.670640541624929 0.522969521042256 0.00504193287343879 0.999975637195385
0.439894428758224 0.712071459291509 0.922688946458638 0.820427679401258 0.930011809371413 0.692535239569209 0.711043733856316 0.948734972535741 0.971481867253338 0.773193656833936 0.897163210045485 0.984259978941372 0.683378853279803 0.342581857852073 0.96641985646339 0.994229978529934 0.560262609183724 0.883836650612141 0.988857113947849 1e-06
0.0759815051850566 0.487668919761881 0.191152557514889 0.593114798501136 0.745778353660105 0.333743136077944 0.271869590547203 0.073663231330994 0.490256658363714 0.308099431893771 0.068699230640791 0.964644392288533 0.0935159139081973 0.0424821970518682 0.3730118751638 0.541173121208452 0.140809504592741 0.514793767482198 0.00117909438825412 0.884943507661655
0.109215732319654 0.611274685482504 0.751455956815453 0.657032036102524 0.607749990074442 0.266062366894676 0.0128065267374809 0.145084014889625 0.0947379556462065 0.437806358935021 0.41824188674787 0.864559637996597 0.0806890415194135 0.0509539837687377 0.645981772219608 0.990550365313061 0.535315132797644 0.652368977452763 0.985433310296244 1e-06
0.245319461633614 0.607324615602337 0.302272931334231 0.612183300545284 0.187514402515456 0.344321905970929 0.0905275378763635 0.882942608278051 0.222444876529663 0.346579974669683 0.407946350916963 0.940265240915961 0.109553397612671 0.170045509965478 0.644468518631365 0.992390485070923 0.517500465063623 0.516569676425422 0.0466846419165529 0.999900782828014
0.765476966457138 0.68936770563864 0.411321522996943 0.679284237512248 0.957885942431402 0.858755631287262 0.110853862769628 0.968213661643696 0.919935094458011 0.937421404540759 0.687494329348625 0.995944052856243 0.732037896275505 0.274382904952276 0.827530654154664 0.999882533795066 0.611240008584134 0.484574972722274 0.211568111291218 0.0230838026498714
0.127011900458289 0.630798049516031 0.254380648306924 0.785017649615654 0.722849161125309 0.569429169567816 0.0487153308916733 0.646952243325121 0.156060054058213 0.439447973140334 0.684383983425272 0.861445746230701 0.517921388597515 0.144962551255216 0.382197379391683 0.472635156773805 0.399557974497828 0.760797482647582 0.000475297270706472 0.968668347535244
0.541220966576668 0.721378436675063 0.866132896983191 0.855490235657342 0.353207405067435 0.419716516232716 0.231268108769707 0.827659864157115 0.358825900569094 0.841194558958955 0.0870538313894669 0.884731045364805 0.484483841953672 0.305800614436928 0.921329794579411 0.535515111649879 0.57587057954989 0.751238948464943 0.332540988346615 0.999998031217574
0.0625711578770115 0.570471680468492 0.0887598598813782 0.638518792501177 0.154416744548292 0.197036993772868 0.0531772064743996 0.158762900450133 0.468800404580529 0.173349190268293 0.441061781652026 0.510146837202113 0.0491147803966349 0.0467309059807477 0.451810046762678 0.604272896967673 0.612549184679024 0.41416981993225 0.0963287502411521 0.809750319497293
0.332694760842656 0.706232736609031 0.854670535151729 0.526653622497259 0.911011034818763 0.589155659659184 0.521296594614638 0.279197275488472 0.952174759370798 0.935927860280318 0.887588581178796 0.973402132557878 0.367322246618959 0.0913275025089502 0.711917930532776 0.993408184291611 0.215660036397525 0.576058555654641 0.9964271015514 0.000694644274299878
0.0659250293478825 0.591395920856515 0.479800376928072 0.532870110272022 0.0149219084232485 0.385280276379001 0.0230448277786074 0.377538890910012 0.0259636621898909 0.0254921103705972 0.0693223916371126 0.32397629524707 0.158386579803385 0.0729763993742192 0.827920601481015 0.7835405094163 0.263670488317807 0.546555942188488 0.189161244766111 2.22759410192711e-05
0.451262163633054 0.637498222896991 0.951432515016027 0.645024427950362 0.859305607605188 0.712906648086506 0.414145073945886 0.773151719274886 0.5867435217823 0.878672341286387 0.828688763804892 0.97753317170243 0.358909315340249 0.14430465085167 0.475020181964478 0.998938521549732 0.588708988148407 0.805704445474805 0.901758635270753 0.956456634773716
0.0610821540218768 0.508803454043031 0.139424725764232 0.587717154508888 0.0221603835755036 0.133551676058051 0.032636178761268 0.222328544466634 0.0480049775381118 0.0950776440182375 0.0301258190677357 0.456540424741609 0.0775974348084098 0.0266543089476004 0.728025828179208 0.676212386223549 0.408028252889555 0.647138102085654 0.00708291068547694 0.0920671813811981
0.299144931205159 0.631625280264907 0.226755125803415 0.67654780358022 0.80599223554363 0.395495706439306 0.131870075352551 0.943294470366951 0.631966478676348 0.564551713198955 0.173488947310624 0.998547724032606 0.510521845276823 0.165967090208652 0.844460042601945 0.998367920596291 0.277665839095364 0.668338708784619 0.578242161687279 0.00109010197030314
0.658220408976955 0.852980410869454 0.742128458645494 0.859835417640717 0.955944812349606 0.70195153577615 0.804808355395647 0.935082893610015 0.998821950879662 0.994965401077214 0.992985581663377 0.998096823098476 0.585244042176123 0.559695657091564 0.959826399129352 0.999259137257592 0.555889125433283 0.912175988862789 0.872817601623588 0.999823848345249
0.543357426470137 0.666898011720892 0.283879720754336 0.565372523041784 0.41362169209743 0.724971843848979 0.162276679944864 0.91480682793306 0.817762307655174 0.770743601878285 0.530427751815582 0.999750890660978 0.484894995826234 0.32580609097358 0.651436671553674 0.148673047826367 0.704759376403117 0.604587354515889 0.731401107156909 0.980536378454077
0.0343247016654415 0.44846885761748 0.0409360075221709 0.538533146323438 0.34519086549741 0.312583761424167 0.0101646249898283 0.00293658367569225 0.0681136733252008 0.0857174989618977 0.151160651990784 0.430574492382816 0.0528750575264099 0.0185026484549663 0.305582792493211 0.958274841533704 0.289765091732476 0.444186551887272 0.00396971712869436 0.987780553215977
0.0544500849639372 0.462032769548819 0.214935537660424 0.490380377253082 0.0261097016479575 0.260365213285752 0.00838499832402225 0.0182806173035498 0.00306397744483944 0.134261686930829 0.00982468195649852 0.673244056259798 0.0398456280211304 0.0288613825634283 0.571403773801455 0.718755501496566 0.226644698217058 0.210021656052065 0.0677526396595335 0.996384341058089
0.0797903640408142 0.495134763380055 0.776908263095447 0.669902969701217 0.301377358645065 0.242835011391173 0.0895047620892022 0.291862893877636 0.16293483976299 0.0902603528355409 0.0168908829562858 0.919146413036991 0.0823695273741571 0.0813674282973934 0.861370622340932 0.697888534840952 0.414195996611591 0.319323011572908 5.23864906094215e-05 0.00729608302070107
0.178332101357999 0.570056120179682 0.61388990325295 0.820878128341255 0.322246688900555 0.283046117686464 0.0556730502080676 0.661948484378188 0.240608351261062 0.0563436261263407 0.323891728948048 0.880054980615904 0.165243518265826 0.0634252617826198 0.514869357792032 0.785806242446228 0.532940583534248 0.421658363078427 0.000230833005129672 0.978402846029723
0.0409459153858736 0.636670952472699 0.39741935046804 0.38189552709897 0.0856496969527359 0.33051868200278 0.153661755830846 0.145588391926236 0.909030119095117 0.0748857211350372 0.00500893030926656 0.0705711070671076 0.0979494679005633 0.0476779876714171 0.388878139246803 0.505668991902015 0.733220733150557 0.37160469015102 0.00239517173110885 0.662177892539171
0.109452564134824 0.560591378692884 0.331745092845242 0.693050315646592 0.248297663926895 0.446634665737746 0.114127815004323 0.412571769656068 0.538196101565621 0.511201839323566 0.025478221338223 0.925945601963961 0.0865819377692893 0.0988810442400759 0.717048571911171 0.435517022740432 0.665588610152554 0.646579298770986 0.599186632565809 0.0466912413018111
0.237299133865448 0.611546254547417 0.297245545664782 0.894300545361236 0.921398687374192 0.247596578144954 0.278934908037595 0.898474839489613 0.0485777453730466 0.258037369678899 0.379917437008147 0.588862071137526 0.288038282742921 0.176598074109518 0.665174444288701 0.966730645409275 0.60694367348868 0.74767414938805 0.25696066488004 0.14954697284861
0.501065857170863 0.715218252535014 0.681179136085921 0.697385445824284 0.979653672027618 0.379700731030096 0.419459774151473 0.986579435371543 0.942492783745476 0.753228078255139 0.681048208305376 0.899552714991929 0.475306824139092 0.273957021284467 0.961064343312793 0.302673142236557 0.749933838962049 0.588607529877016 0.530828357381954 0.175891418495875
0.174077767078225 0.705186311018573 0.0742553820429762 0.693666765566734 0.683939427091652 0.436273376018342 0.476327031375768 0.3028138661942 0.146932790420992 0.562869960885622 0.146687989887931 0.808797907401786 0.418975601799888 0.0836742576915054 0.702145342206506 0.947523858064371 0.770141129363815 0.593970384675525 0.000219791745412704 0.895656158922078
0.0322206940483618 0.35627009113027 0.178814862954918 0.566016653623798 0.234290340719802 0.382826948169276 0.0796888668949351 0.0032125327574392 0.046326765681949 0.0303422562111823 0.00442854290388377 0.128398461612128 0.0181900204520721 0.0151464836106309 0.206457195369476 0.121439151303599 0.314599984205282 0.114535667024942 1e-06 1.83986918085293e-05
0.180309006899571 0.609427310465374 0.478884992532098 0.709282733410303 0.478190176703498 0.415845417075389 0.0389067143249317 0.18531803978497 0.202859966673263 0.392451129949272 0.296452894363418 0.723684097866804 0.0863505811608532 0.0801528352690046 0.514021634863237 0.929522352849996 0.315109054474307 0.481379977051627 0.134384258840821 0.886047012584329
0.498030044392559 0.667229114564708 0.88151605485429 0.714091797598382 0.895425848921581 0.503776946587268 0.216068078237667 0.540276015732085 0.523620907916224 0.953425631961442 0.974860445110469 0.968708168625416 0.442796735005813 0.120530539859571 0.705502449405185 0.998457340473701 0.709934796358762 0.460991924263405 0.0179237822170839 0.99856526890627
0.597751276753963 0.676017353241812 0.910366790325444 0.725642905196475 0.99482809106106 0.698107382813747 0.632406929950022 0.981324398872267 0.91532656126084 0.933101119434123 0.985823566528568 0.999369391179736 0.775352689188915 0.52937177138392 0.860838582360031 0.998811225502471 0.789009344150003 0.911885696721708 0.971119727558278 0.999997147829483
0.130826660260058 0.612677674741788 0.152297995690351 0.512199708147958 0.749345238007814 0.347944911003269 0.50604205255655 0.689343839010141 0.431117414370476 0.177140093016123 0.0649611422766517 0.18307681500985 0.118372000443019 0.114215751280119 0.421798319208602 0.463334298092629 0.396762508412339 0.59885888112559 0.0316358492999382 0.758584901046164
0.00792234382970138 0.3327292003687 0.241977776914232 0.501655089178635 0.00294486821870915 0.426356452327198 0.00432633465725737 0.0459520279735765 0.107132854869441 0.0390851825848076 0.00794413048841806 0.179627354541135 0.0384729549814088 0.0474841872465729 0.228933590757676 0.00201117617858408 0.123157925785436 0.310233145928975 0.00737903711136721 7.33617916872248e-06
0.427641129336543 0.737012250483071 0.500216238172781 0.804947913967362 0.865689887787949 0.23303573057029 0.304358538329325 0.962359389982017 0.994213230411322 0.948417016186952 0.744408718445278 0.990639701147531 0.777971778277752 0.443124754361674 0.902097831130077 0.998347764631275 0.734469040446399 0.761341730519701 0.00143685523044639 0.999851714699635
0.0264795389046005 0.447984989041343 0.382115116528614 0.585070511432509 0.170287573143558 0.385581666805438 0.00806147593428056 0.0959036510912185 0.00751664553334794 0.0105846769124573 0.0427757459370767 0.0377827417773121 0.0175246646786055 0.0420815456257261 0.450362689161329 0.0361962381148977 0.141559360806259 0.429105705327739 0.115208984602089 0.995321525273902
0.410253914133322 0.637341949601957 0.248408773970202 0.626176646675478 0.395103569392874 0.673279578594837 0.256879035355674 0.586208739827788 0.81098979204475 0.568470423990085 0.613437708618748 0.979548120817104 0.212282188084478 0.266252503584276 0.77450868089083 0.998908920079389 0.55274492903706 0.710749785249655 0.745150623793114 0.969262079638983
0.0840528592024356 0.420305248380493 0.890276666619931 0.40780543897137 0.764648212733304 0.500868723677722 0.0727484543979632 0.0216233411335293 0.202144407531617 0.0817763132740174 0.339163535205351 0.576756774765267 0.0893888273632126 0.0336272231020948 0.604561597277666 0.824362845488374 0.846861789645134 0.506909599964234 0.0226876776907068 1.86268473988307e-05
0.224036918583058 0.547512798033785 0.357498206360416 0.403487265138103 0.953243923434225 0.752855685977269 0.46657272799499 0.745810354530995 0.220000092117046 0.491847851612146 0.696452882738427 0.999445966158152 0.338421863038562 0.0855111376150132 0.950943283426818 0.678183097326295 0.661684975925589 0.655433448187282 0.000625156720983031 0.99461054156344
0.301437174526531 0.764956049849613 0.60465206152926 0.626579774813211 0.95873114021949 0.578770899031262 0.103202552763893 0.908555469763305 0.439737887745027 0.560702853135087 0.722827074367659 0.719818764907718 0.264912209507228 0.151964676866108 0.351266409519049 0.990300661697272 0.60762959139075 0.607925757503685 0.0457995328357287 0.973081902035062
0.138964562915787 0.628822634897691 0.754012065518956 0.498390704561904 0.120334538826635 0.249978654870256 0.0295803119979657 0.1971102967421 0.967263625678255 0.337187377008292 0.113331848987386 0.994872887708432 0.117160596802401 0.0785353086097093 0.25005217055716 0.939508905007496 0.649796895890891 0.277297959717828 0.000599505050774406 0.00203638585475134
0.323008046039877 0.643539940718605 0.456880545551737 0.647792228223066 0.879007195093369 0.427120267686121 0.394624347887191 0.232488518647696 0.972697542941889 0.191890997682112 0.709856870863238 0.933767025385409 0.108557145023211 0.28830436839025 0.681754568397033 0.964174917324435 0.821631560793254 0.37914448377479 0.152673039470942 0.999357394331643
0.48097870306636 0.717451321213186 0.796935131469164 0.752050237906083 0.962196529862491 0.600068429968417 0.216935928296388 0.740362225094346 0.9886800562841 0.857783788700807 0.974136814034386 0.997165664934383 0.696648921950192 0.311448641107774 0.984780996167548 0.999965692637215 0.383699708824176 0.783448314614392 0.945156237813403 0.999993200718034
0.34110695060533 0.550462418468327 0.203344162936036 0.502703536101896 0.592041501658171 0.550592854188812 0.208019769394912 0.385290150313409 0.617095954705976 0.102284435171835 0.0908112454370375 0.453228759469587 0.199289369032916 0.059472273307837 0.241578142508919 0.99598824609817 0.467949921133159 0.65387840338577 4.53245978437083e-05 4.35754845184397e-06
0.410945431794251 0.548010559927516 0.732724086060238 0.572777290726651 0.148209725467586 0.552573602482627 0.072069663890796 0.376173627120738 0.95648816807919 0.754018473687384 0.814782272503237 0.986801200438837 0.241805958293822 0.138420562003371 0.515676646138539 0.995182568313867 0.52492150122308 0.733387433174122 0.986423471282578 0.999987774922721
0.165882897224911 0.584744620719776 0.500100073573092 0.63972011499325 0.713839142613006 0.0942081932861249 0.566388063598083 0.0209371980041655 0.84640537653804 0.259121293442288 0.0927518878113019 0.987734162870731 0.296706752374829 0.0778495497169756 0.709749577758305 0.999804131865369 0.436789832087662 0.450255761992637 0.0202917001838565 0.00372876283526288
0.144479074404537 0.675389195679084 0.770606860740245 0.766600473469146 0.921935898588148 0.516944774967226 0.376698795272428 0.862000901536806 0.145839348053063 0.178872528375652 0.979176471905091 0.956987166296542 0.344923462420627 0.21316073961759 0.782581683572826 0.998336197713392 0.379420536116323 0.465185340550464 0.845392118927226 0.983428671925524
0.110030864645363 0.614898609936122 0.772122313629173 0.665229872847158 0.749436865016106 0.575607519708216 0.3653982567553 0.31251708444942 0.700003125403786 0.323795594545634 0.304543226299529 0.813533174843644 0.207272249285308 0.161240312443718 0.907095570659996 0.866190609628225 0.389925549717693 0.594597695712879 0.040350132436348 0.210372711236493
0.0642215808491839 0.591760306536821 0.7545645649508 0.533936905440598 0.0471395930064064 0.67868581503428 0.102449176142377 0.0921750588460999 0.337621391760883 0.127645012688181 0.0893383991646546 0.254327777126091 0.0510894022722009 0.0930402125924612 0.301838761497304 0.905522513995282 0.236241478567585 0.162246629038264 0.00994116797772113 0.95157427968966
0.689018280204166 0.837427922527129 0.21088924647471 0.815272448924883 0.930449329368004 0.120868752801853 0.26956202128432 0.898601170671731 0.546978004533202 0.889629244080259 0.81302733852414 0.994693657114393 0.760302345101511 0.613189686545408 0.949476891167167 0.996145417418419 0.325444503497957 0.811489753760198 0.813313169208059 0.29183696248417
0.321350758843693 0.718426957747994 0.930657533717518 0.658025745026231 0.997270396266121 0.14128581588071 0.422489736727184 0.988965235441048 0.0129791173092114 0.869072859091964 0.95714606840365 0.961734230922401 0.694216438029047 0.386472551573783 0.974459530080087 0.99973519139025 0.530087611955092 0.532606622767264 0.975060691888636 0.999945827531954
0.632834466347181 0.811174035166206 0.940946597684456 0.719295022236953 0.995946285839788 0.871813918855348 0.76506739010089 0.997842369113217 0.99980508152589 0.990977719468424 0.991396900246665 0.997018524964439 0.739677086035115 0.726998772557676 0.850844904691094 0.999695609980574 0.813999538842605 0.800660071418878 0.973677395364499 0.999917741233199
0.380872336763877 0.64931501656815 0.616261391629555 0.499403031705575 0.748574932257687 0.450240573524577 0.0341649098686545 0.823624098757322 0.489662568030251 0.443576483891468 0.352299605215902 0.641858910354375 0.271512812930352 0.135961479376172 0.606272713984778 0.921472987977018 0.303830323515951 0.429457221533299 0.0109825724570011 0.832684688623961
0.222690651879466 0.641012353891725 0.694468747535631 0.730032616181037 0.338982762866859 0.793965210183893 0.133638301001443 0.479661364409059 0.181942143548657 0.224442705499267 0.199487687671198 0.990525578324619 0.258076591481987 0.138249121693589 0.673657632164147 0.930783570243297 0.578577916496944 0.409214503101206 0.0521245923516293 0.888626233609927
0.160437109290241 0.597544962868425 0.709395097664117 0.546331020004829 0.520969263028811 0.635628085130712 0.567241916620621 0.312748593272547 0.787806569344622 0.228442985706185 0.514580500020578 0.981530918160624 0.322921466757626 0.160412477560923 0.539361644883672 0.977162263081915 0.50430899298019 0.569751262797246 0.0154059118005407 0.999908875074247
0.286525382042688 0.582355499910587 0.908674960824991 0.536480585157315 0.407034403922721 0.198822783646302 0.32991597750341 0.483996020812809 0.699287250974408 0.588792463358596 0.586528890589911 0.625915752449598 0.287278107083673 0.224642752909378 0.697049894829993 0.975749096538631 0.316218587581544 0.720021619288215 0.179096286414672 0.0672448370852358
0.597726582451108 0.716351847722473 0.953726552495166 0.720875083054019 0.903457328977185 0.552452198921815 0.38128210670419 0.999246471020077 0.972474873816926 0.988424025398917 0.434911156094162 0.987385444701575 0.501380397145067 0.34770774705952 0.81546968838615 0.996880556469646 0.676717294366921 0.784518480592641 0.180151479310427 0.999011446988473
0.0940478522728465 0.552956928689076 0.123747006416285 0.642247960275716 0.520325164200385 0.26580643421394 0.122859673555781 0.0794755270748958 0.91453050938961 0.170293448433806 0.0404930092287954 0.922158844714344 0.0665060508538335 0.0620327338174973 0.374730746432031 0.766914287564879 0.286962011376942 0.449856844717831 0.0215689458688219 0.996520735825765
0.131909253058754 0.549441875795881 0.448403136809701 0.639471433107078 0.546826734690257 0.142865890473666 0.0533631847969117 0.679756519939836 0.974773130583003 0.496197949387857 0.173114114717329 0.718989927693969 0.124112840339614 0.0514221080328472 0.563560773542759 0.151235864557902 0.365034319692073 0.559316094821361 0.000732675127271978 7.47270158271588e-06
0.15400582231887 0.622041806680397 0.823826812715373 0.520733577509765 0.402418700152729 0.446803207034855 0.732584175423591 0.131047533873142 0.17511786213549 0.345655592053479 0.0586889195907862 0.903749446831447 0.189977170657816 0.182161847602447 0.468685267103783 0.962214327351399 0.675179985980631 0.649009421559617 0.204107860912671 0.00130283174293585
0.170108862108543 0.648919149239637 0.277262866094118 0.48613763895654 0.70810968147357 0.604416231071121 0.0698243122213659 0.647103740909008 0.758881726710203 0.378144071917434 0.137777214611786 0.731151506164473 0.243722396504715 0.236596389370394 0.758377896258417 0.978916697847553 0.654756226211492 0.638397504255473 0.281094539595878 0.995858994127535
0.401083778429781 0.716613475774075 0.908974597123907 0.746701328459225 0.980332494704571 0.880654527141192 0.277993747444777 0.857566653776977 0.457949500763619 0.850431040617314 0.903458652860299 0.990209987564003 0.606574387298387 0.426079676243511 0.859184175452766 0.94243812165908 0.671386506125997 0.446416812688856 0.425288028474366 0.34115904646735
0.948807166968246 0.825336753788688 0.880952370506148 0.740239944107733 0.997641937590729 0.841890072426852 0.645027309880131 0.99954223274156 0.99832221268875 0.997065710874883 0.999282054965199 0.998575291649918 0.977849955723717 0.475677871213565 0.994261070480175 0.999997060287549 0.806299271044466 0.88342054179713 0.995634734617269 0.996654579967218
0.782175908893338 0.785726162048984 0.976708246418929 0.841730237192339 0.998455332328359 0.527757301872242 0.462974757354439 0.986370793131232 0.996396038262033 0.914757743004213 0.958972440930098 0.999475272802363 0.863237092502809 0.369148837391445 0.346872981578672 0.999833317533462 0.758427422431927 0.666146096455454 0.736636951895793 0.999272287876538
0.528501168149161 0.729528847697097 0.785543775616717 0.825422759403717 0.992673325880451 0.725611737674771 0.369169204419322 0.993977827960701 0.945243837946042 0.979819849900213 0.623220112293599 0.449837979673865 0.73687838950629 0.333059330761991 0.830434257763794 0.998232031821996 0.630543647077098 0.758832191580265 0.998339224321046 0.835640841149986
0.24540690142895 0.671413772574959 0.780263020454463 0.712507255344579 0.430340572001522 0.629962743016585 0.165088493010601 0.938986974454097 0.989607996321448 0.951704484262412 0.868961593526411 0.999949280616394 0.537160726646404 0.265411187764121 0.786328227946116 0.999666394859607 0.801064691915327 0.377121774272163 0.998843028652761 0.999924022245278
0.403764908799661 0.546087158575445 0.561329523293091 0.308014718674952 0.427432855711578 0.382296605528059 0.247913316264923 0.694453930505245 0.357138507350277 0.644743080140713 0.204186639346564 0.997966109357856 0.487905303905272 0.188536112681933 0.77214613095485 0.91726889069897 0.49465045724173 0.459620884781543 0.917701979008452 4.06738311566525e-05
0.741690922789879 0.838616611698639 0.872655946996469 0.823638759337079 0.977027037993939 0.500601653090848 0.820944822915111 0.993564315818226 0.999376666569785 0.971291322465263 0.916611270159919 0.988815670736976 0.845580163439871 0.524994137322444 0.678397835451834 0.994437185336964 0.694336860270091 0.856684087420357 0.233868127511868 0.750849109162893
0.159957183339087 0.536155584620938 0.345861587223306 0.693665667878082 0.13617337041189 0.223174725566841 0.161687196955138 0.825333217377143 0.417975385519878 0.156598924080427 0.100604259518144 0.899010423882066 0.301621663309991 0.0994071677255028 0.513513824756151 0.142937816470994 0.250363325615264 0.326480637703245 0.229280335817668 1.16485697741044e-06
0.19429902656599 0.57710204276096 0.454685554313551 0.612907381610072 0.207807527847032 0.203437531675129 0.0234629246275636 0.216108124624399 0.561711899857634 0.512411014677634 0.876728643946572 0.870081578052141 0.189714037211912 0.0684670963162768 0.681992142850497 0.727787441546138 0.26645487946622 0.298549673869424 0.649281032310651 0.817668016882525
0.104508951131278 0.712715748440131 0.436845694899758 0.696135625214325 0.924451212299939 0.817369378671495 0.129376462764557 0.896366708576121 0.145124108412631 0.149925799112216 0.673250612707335 0.992764139120018 0.100539960528747 0.181851251736942 0.565172853031926 0.85980324862 0.681284421023703 0.488934831812186 0.771073150137613 0.00546746958897866
0.0655418607340257 0.37979902234414 0.242452843847568 0.512097577337505 0.553742544612655 0.595766937921816 0.0891095685204371 0.104399374144911 0.586458524568702 0.0407968329999198 0.00755005276724441 0.199058447956908 0.138314575732579 0.0369746836984286 0.794403565135063 0.510615283584585 0.603861266816265 0.481905023626543 0.54264493103107 0.0782557170895367
0.158982286426958 0.615068324181094 0.464826295048156 0.403301341755059 0.265254313466994 0.325900200137956 0.0653028947198277 0.845152723332085 0.61446869638506 0.24460311201003 0.819134575068258 0.531078053833625 0.174868252470349 0.0993325615324339 0.781615774210252 0.986306029960591 0.220055597812418 0.39419238947073 0.162463998933588 0.158999498199567
0.315586346079154 0.634211224890613 0.57249857108328 0.735597459777067 0.401230494184265 0.555861161550692 0.189649212091725 0.761579929497494 0.941430067464356 0.299829682187225 0.8255089211186 0.985698159543876 0.286750100884348 0.255680940636782 0.786398491926217 0.681543167340397 0.579429498095034 0.593360467051281 0.272587584535659 0.995776897694204
0.183210300347382 0.685406273896783 0.813861781504493 0.534575972386317 0.969980242067453 0.379168410676492 0.844466192769141 0.929550644995379 0.835777083425442 0.848954238874515 0.909093099677931 0.966293421687669 0.279520218632939 0.20192771684124 0.868620154434536 0.999024206296674 0.449343537651834 0.641979720635052 0.499758688259436 0.701766986442269
0.131537046620368 0.531481480323348 0.403369707753619 0.737154649911159 0.275129602966628 0.268294431470789 0.0584562642279018 0.190036272186494 0.977612143965828 0.290855147667002 0.553871596154427 0.709102013554599 0.0799863243537684 0.175070513341009 0.396089095046808 0.99534104901715 0.23723219157646 0.328010097246738 0.00544815153036041 0.213298643018971
0.437701915199559 0.751892814861066 0.664833257413331 0.69896006610312 0.917733808218071 0.74591173902322 0.560320828711588 0.992435575635977 0.528593959731105 0.899509851282523 0.955097008151995 0.977601397218698 0.833028395175093 0.427931519123228 0.804154302607753 0.99989821276642 0.566872391119201 0.752645985082022 0.0558824781554602 0.00315728424669538
0.473680196279628 0.660061616820581 0.667762841618358 0.838295613705609 0.360925535460412 0.294923422254182 0.225203483570324 0.87829396389535 0.241003498011668 0.439621163896945 0.686466162047211 0.980642504985071 0.656715330004344 0.272443031047549 0.817547221473141 0.997808841510954 0.855589329806534 0.614953539186615 0.995199493097855 0.990949385773892
0.449717665353551 0.713208800888655 0.417029762079031 0.82675324137713 0.988047507751514 0.138785735842022 0.336307590113313 0.947665433005588 0.054448367450369 0.83239039868585 0.964565656871513 0.802376403937106 0.564118838966276 0.294263356347626 0.724705320355948 0.938364466926274 0.333819054751102 0.823133948819238 0.955989111766122 0.995204482344702
0.395945530330024 0.66577699226574 0.702838400495725 0.410598005609077 0.89110339512821 0.524405323747233 0.313194822727416 0.571702293855079 0.785518432568194 0.553270644071783 0.880195485061453 0.991106155395117 0.668492635303731 0.170486192426375 0.882453227346231 0.999859114483948 0.38226244844856 0.632019098711688 0.121664963209643 0.987925002469852
0.362044722305521 0.588293267318653 0.858302909036652 0.496544965171766 0.737981261944489 0.775168731007717 0.111755861992846 0.904926170998744 0.932865591074001 0.797438141620011 0.301139913661488 0.922048469612398 0.440885927771468 0.203124651267642 0.656296425863528 0.951423615162496 0.632374617928063 0.314610103295836 0.974877362247883 0.442441914087335
0.683474183152521 0.757264899267505 0.630072805335408 0.694854291690729 0.906045576833953 0.476774669862449 0.199176498712507 0.737031550721744 0.992426548227868 0.780407013771653 0.901535834645944 0.999141015927193 0.436401775097445 0.316230089116965 0.660465042498163 0.99921525497765 0.886235197949974 0.731872484964729 0.974920685070887 0.999081441136858
0.203303378204241 0.593597574211988 0.435713907327277 0.658992869908043 0.346819762962042 0.204972288601299 0.510842102269481 0.447834203845006 0.200623605055957 0.0829570234884847 0.126968571639494 0.990404709334831 0.171070927736983 0.0553557911801458 0.346831589395674 0.785859997351735 0.441753019203829 0.431294383029875 0.898131508416261 0.0978399245409763
0.932411975313511 0.88005658219931 0.990816458209193 0.820009498626435 0.992902425147109 0.713335498897418 0.748472341338568 0.998525958445467 0.992733759201695 0.99170787562562 0.998524651140806 0.999913484260312 0.934088671542194 0.653883428644257 0.927961995717233 0.999997604774412 0.803467865366736 0.770073056214874 0.999983690712488 0.00782706624897351
0.47809966889955 0.745851043207608 0.532758248946223 0.584769551171415 0.985639889593405 0.376899659962905 0.126138110041871 0.94667889900566 0.139716081997665 0.806692966803491 0.978275509918208 0.871294104234012 0.653522380860693 0.208400409464179 0.839955721499771 0.999874186994387 0.578613832771124 0.374189074318035 0.00787064356376858 0.992946692203238
0.260717832695126 0.703699514141396 0.828678357158027 0.565331410824416 0.94096517813124 0.556125425721949 0.410548517595096 0.655053132230271 0.868893702006748 0.862279767101332 0.994674996833086 0.966097268376063 0.137445350437559 0.226065021358745 0.857924747586542 0.99977879159377 0.58052595404687 0.843363686422714 0.0124238765008293 0.973726317906842
0.117330660917916 0.752529794208709 0.701543645215906 0.439155661810833 0.465066067268294 0.348836630552631 0.28688082083006 0.782456153478873 0.979495393746117 0.209614661132109 0.396289459361334 0.825378703433199 0.206418045511546 0.0955157958532143 0.817282093482079 0.999247997140866 0.729566359148076 0.561461697791383 0.691482749689023 1e-06
0.0194378511034115 0.447060919545374 0.145161221072253 0.358373596875353 0.0349460208527915 0.142483832629651 0.169904882473387 0.0312990430089228 0.82993103803898 0.00773701046888603 0.0803328047564729 0.606304134621093 0.0420664303824386 0.0722972888314518 0.641362965138107 0.773270972782829 0.224745104248158 0.276737366031297 0.00493968533265089 0.00192881708919637
0.679712400708816 0.71409245375668 0.550514882836218 0.778969906202806 0.990865070354617 0.252172543045187 0.0724579778157506 0.934787817981811 0.988352520191538 0.918878814774631 0.722048683205165 0.999538603017871 0.752043000060145 0.30695031246501 0.926247514961847 0.999548290216602 0.558844815631573 0.819380077656885 0.0235647202617336 0.13993861696292
0.520682928187343 0.741776715006464 0.798684284752068 0.848662318658767 0.953009967301837 0.375824916239702 0.526786597749499 0.954176940131532 0.0765044688731739 0.946168388228119 0.966381883431304 0.950185385802102 0.755840640967531 0.249114428557592 0.825824906943478 0.999741290861984 0.734200624189412 0.63996610684296 0.81973354849697 0.0248206235707778
0.577433025603401 0.744295911690654 0.900213932545025 0.75523214519045 0.991957635148649 0.522791530567941 0.344830027543898 0.986471382377379 0.960755751798864 0.933571635031114 0.98319641381786 0.96083494109669 0.691838894625042 0.263171406517335 0.826247493781497 0.999593171748958 0.578576325325002 0.761334273379713 0.999216840073097 0.010794502184302
0.142475819639374 0.548716561499652 0.496314127565164 0.728938719257267 0.322760724387768 0.395597263356937 0.0820747451612786 0.440838039106094 0.0585222839797016 0.589273384592526 0.26439600775647 0.855367223557043 0.310696527779161 0.103319069258168 0.698407396659028 0.987583974682462 0.545607815191234 0.468897098097765 0.150448809432995 0.98876461214728
0.0832587146297152 0.456461252041836 0.363429229717349 0.751337036739108 0.11279821015976 0.746716555382218 0.0229557171680736 0.0920792982899596 0.0179423314314807 0.0921734725616054 0.00470815179821578 0.437779256158237 0.0340768737283945 0.03750036017409 0.467229593391704 0.190387542604741 0.310721825475992 0.354078706843701 0.00100483627838311 0.0714779068016294
0.139317990710174 0.62379606582683 0.636212284164923 0.865445229390416 0.912833888224072 0.423172876832908 0.651560204558747 0.499782688405421 0.658582973957888 0.610665013190895 0.736183069680003 0.967692490716858 0.13865134484444 0.175034097205612 0.582593568178304 0.998290767432058 0.709171271349695 0.476984669541263 0.876441383385209 0.00173559716529325
0.400260251926191 0.708307695546047 0.677379058382033 0.737499075392908 0.766058013971449 0.317057303196282 0.43810464903979 0.921338969974979 0.749987456533331 0.82937195175332 0.331657781931518 0.991809354549848 0.39215263122982 0.153298033586187 0.772705193065931 0.973229651937703 0.177743079048301 0.809436367906265 0.891604859467491 0.761692981889066
0.517335785621488 0.745446052901054 0.675290605060145 0.788333120599385 0.987637813925239 0.780124812747165 0.142889746134229 0.963604371898528 0.999507818659806 0.973948031954 0.506567134325525 0.9922526164878 0.793320514134993 0.425193140218659 0.86389090199911 0.788317541874492 0.547329447241373 0.728733679889345 0.00977315244245676 0.761980496514399
0.141209348318844 0.47756243372701 0.801776430321752 0.595595724997344 0.0764104472111329 0.709664029581664 0.135020790252624 0.5060238511351 0.985135143001884 0.227899626431353 0.650604953351896 0.998686675051128 0.253467353344494 0.0990653106327331 0.56616496402539 0.494877857130238 0.171871941538355 0.758291751308553 0.49350048193358 0.954059724928665
0.0853219568184866 0.435170452102459 0.213209961286947 0.567199897924539 0.800337752182545 0.156428012141914 0.103110294072609 0.376159817321224 0.0382177509672175 0.0235454321866534 0.0859597960452212 0.154785410775075 0.0442888206296539 0.0474647197666539 0.181627697897909 0.926011047591744 0.151186959727032 0.356608962349002 0.191414868927375 0.012780110650734
0.138622527890152 0.451534536326562 0.541208743443503 0.395022909563641 0.0962885672255876 0.476261520334856 0.0379749320532601 0.110290571228657 0.686525564315774 0.102773661856147 0.140516628006987 0.573524874829945 0.120856114268835 0.0748277239106192 0.131646637145597 0.840195804894873 0.569615587498273 0.658539298855398 0.836153934854041 0.992144202818305
0.0202892963557847 0.474980676852626 0.559272259907497 0.301275085156155 0.899958094389394 0.303463603045852 0.292765836933675 0.136793734899145 0.333510447708936 0.110520314384855 0.153696801934192 0.26982274904987 0.127346671362838 0.0544131313938048 0.723304334835121 0.126169902960744 0.588023379190143 0.447009244236163 0.27543852928312 9.05977068885926e-05
0.216985416305979 0.720756444698748 0.53003911293804 0.50598665736512 0.530101025743421 0.33508910115431 0.102626354182543 0.744683238668553 0.399212131148775 0.15193552350686 0.583326749850649 0.993033427641947 0.338451384174926 0.119133768125095 0.467402291640818 0.996638279940838 0.239133186902703 0.678838592139849 0.0263637726593329 0.000136236219003424
0.793449023908759 0.791445724066392 0.828766314376118 0.569687779815848 0.978639736655712 0.820770904845698 0.325049543923831 0.993827484179059 0.810974694920823 0.82072639718741 0.970681337027827 0.907998844433981 0.775604261635426 0.421517486211096 0.819363661486471 0.914196933197088 0.570484725219616 0.844010720387997 0.960226544217314 0.999999
0.448665764711944 0.702452483376751 0.637877872379992 0.715811546121207 0.858753586083809 0.706410194010325 0.514014161016644 0.840895187304671 0.940367511473816 0.606997298164759 0.423365805132595 0.998584756120066 0.589663347344067 0.290127402393497 0.802454291834065 0.998416082339547 0.658491995808821 0.72261011796762 0.551073938320464 0.999999
0.195188941592354 0.673557081684121 0.64413853967487 0.893143452874038 0.715192811660279 0.328543213154575 0.363694266188864 0.455143411204751 0.470748538516215 0.249038685785722 0.179175959268329 0.997337871527105 0.203722808340774 0.0946609397213331 0.571746593783543 0.553077214916379 0.716421530892737 0.534912285678879 0.968617509607132 0.0129227427851158
0.0204491211854854 0.467663467771763 0.388185253734696 0.354939190942792 0.53592217886225 0.543697925037262 0.0332749060752682 0.0430097053700227 0.0619467532364011 0.0270818441166583 0.0235603925297423 0.422568769105657 0.02426529690535 0.0453957883817266 0.146987620975037 0.00545451909896999 0.195660919664283 0.307411840425889 0.991217496736866 9.55518328181101e-05
0.42303742766909 0.636087817178341 0.426544036916979 0.745200342029462 0.216175157422316 0.30170554478681 0.219246459875792 0.419830460011657 0.0445403439979934 0.679634770117439 0.801420200228031 0.998405775016207 0.461401177554337 0.123906857300948 0.894617569570267 0.99197385370451 0.468638205519815 0.465445852007278 0.160029612694684 0.17400558063181
0.156262307801496 0.531850895773227 0.714550549834763 0.647527604231438 0.729632271168751 0.478358549852374 0.100089451477938 0.815625129657925 0.726235096466861 0.29167112732706 0.3219791455813 0.987526806351738 0.332589110163151 0.191981018365827 0.813940451583662 0.994830031600457 0.348598286987466 0.743444497185988 0.195549140960193 0.999512938828684
0.327250722227021 0.613023406676544 0.55810982222009 0.555286765531168 0.971225934373545 0.305750708108497 0.321485208398508 0.249653564210025 0.367016090082924 0.772008161845469 0.647433033661751 0.984453990567008 0.381124775643119 0.215191607348998 0.721299419326764 0.998756462053056 0.504513417502564 0.774772915648997 0.22982068748284 0.0774302933350459
0.0496230664956647 0.500261906875273 0.512149732162703 0.544196987443608 0.0186978871287306 0.125212226563382 0.0494206143133287 0.0123397775900419 0.0225499588699088 0.0110907001794827 0.0100874610692226 0.867457308300235 0.0275543589102606 0.0279348251313954 0.668237000152052 0.63420908339576 0.459381382651448 0.473704913196215 0.0184680411850011 0.0847014970776018
0.0419798989702411 0.500944981500635 0.178437195829887 0.359210782657755 0.330357000287181 0.132618085717643 0.0100754962674893 0.12579359387741 0.0252621400794667 0.120394610596372 0.0260674804381593 0.578194834051687 0.0930927494211161 0.0308512672741785 0.510615189453951 0.693959390236571 0.664113405129799 0.454649184482257 0.335069598280124 2.76056421769178e-05
0.0406151894266539 0.52162612578445 0.360587070320292 0.400167843674632 0.123030489915785 0.231758522997536 0.173980229550189 0.0473772938858714 0.931891933474925 0.138337526017369 0.124701181204198 0.893641600063341 0.0634059992868267 0.115144093491968 0.0940796420086001 0.697749540765097 0.204418996938724 0.314978789341615 1.20889145029035e-06 0.0188059847531549
0.353113940694009 0.635922044666571 0.743313885736188 0.740289282301975 0.356938024266597 0.513286607591637 0.0841884180432344 0.217050474821501 0.758469040688911 0.93846150422573 0.477129267004112 0.986653472860342 0.480808071934872 0.325738738491477 0.784872471500513 0.991940875302378 0.435654746410056 0.563923988736561 0.0313050286201853 0.0738029008381674
0.443971407641831 0.65195345569896 0.436134932989526 0.582494052227732 0.793395113977725 0.210838695688996 0.600235880320128 0.996033020257677 0.852542041843219 0.73266216175824 0.905103288711074 0.980850315045613 0.36812378656804 0.145854964260018 0.77474921414084 0.964530338711783 0.863016610297149 0.635648923376769 0.918845848559445 0.960819684942289
0.314606647995568 0.594914970984079 0.745833385065192 0.418425547050585 0.98989433305759 0.246891597154044 0.323465165486114 0.992049460859404 0.720994948235858 0.960260378390146 0.974416628490094 0.138747629442196 0.591775735109327 0.419903894974474 0.851176657175683 0.93367416630943 0.675612214207414 0.634249600152366 0.163691813261466 0.962269481937115
0.435583980198729 0.660437069852704 0.912869056742565 0.513802684451239 0.95000399767113 0.812275494444668 0.177311356188568 0.990282888830182 0.551006607214269 0.976684254655565 0.961591340543865 0.996796023946629 0.670805071031333 0.323485645864118 0.885244496183248 0.590186113699809 0.583448970302615 0.851683489861253 0.996355676502941 0.999895106897125
0.228467416994441 0.680872462400018 0.771207523934614 0.802707286645968 0.521427629914147 0.0971667552516922 0.180802693870828 0.912760778210074 0.731768853038498 0.484881795839679 0.363379852433363 0.932177888135462 0.259677736387471 0.155779137875011 0.805044771349242 0.980772107261377 0.262940125186257 0.475122757560068 0.0957155496842562 0.00230526083365893
0.328786113192803 0.674393958458334 0.774952214913036 0.795838373812845 0.628516286912628 0.551079592400607 0.607270462924963 0.966751088484359 0.677871220954549 0.693596508109714 0.359702956230319 0.978664076232774 0.660970154415607 0.186686931174926 0.87849419740125 0.933088660010109 0.76173700994253 0.532722730570725 0.00131017750740982 0.899644819261171
0.0907764200162391 0.627167892288671 0.698414110888991 0.529402643514901 0.0936308442005548 0.203789246845916 0.029198477427691 0.398787246561795 0.488787571993331 0.0550796514079794 0.179152214865507 0.534140119503861 0.369268104303937 0.0658310484049941 0.375411004234235 0.521187021894961 0.571289310221183 0.400841160328054 0.00208819459538694 0.232685380648883
0.247914318658641 0.689076326771195 0.869571541157759 0.810018362997789 0.97922943973124 0.704667043295145 0.42698167520135 0.3462260626609 0.399955329167036 0.695724601128423 0.733111161604062 0.908832556832883 0.54779159137271 0.419740850839936 0.793873544315001 0.997963471157505 0.686788450128617 0.59489685888165 0.670856840331447 0.00925664594555784
0.597651376274507 0.648039279717542 0.457524540354013 0.75768068338404 0.974815262903306 0.267406436859892 0.05719129772044 0.904623994946873 0.753515403989256 0.743536382266579 0.843226871884452 0.624054548386357 0.775271324814827 0.272076000688691 0.868615805302296 0.954613874309492 0.627708608240873 0.721613293222716 0.952459639767325 0.999990991377915
0.357289015992371 0.62041228584998 0.594594551264828 0.794047695588241 0.426895867672395 0.758785392752688 0.104827418209253 0.656430200846501 0.161742256143066 0.71788796990283 0.749542493716642 0.993335276653186 0.532904242753173 0.283918623921736 0.7774811392074 0.980780321842829 0.686641143600839 0.750320454787422 0.0626101808406885 0.999888301039845
0.0254154320613812 0.463220237796686 0.104741551644274 0.52309586229858 0.137345877422688 0.425310445222534 0.102476998906357 0.179336714651679 0.64505608631432 0.0296887948689695 0.0582621793072071 0.0842659578627544 0.0277780090007948 0.0207305749338859 0.435809034758881 0.131729676410766 0.162973599348741 0.336430030103287 0.0479531398246611 0.962476478236073
0.0167988426488555 0.367523367843638 0.0930266799356088 0.417804689205034 0.0410587194779835 0.462876259144447 0.0356885599484153 0.00509463380163659 0.0200139697805536 0.0105748026700194 0.00141292665705747 0.233617801475368 0.0318741242832829 0.0216895785335786 0.128845337178888 0.0049415225588678 0.393810338351204 0.197639067975396 0.00512327803134396 0.173354560283354
0.717420660360879 0.791618863208238 0.913246846477313 0.705659359911059 0.993310463998684 0.587604156253135 0.785034866257397 0.95922168347574 0.901785565151981 0.982166002511147 0.656820123169479 0.99455215334867 0.821649464799664 0.562082218691698 0.88767821826071 0.996075729358861 0.734559716537218 0.916668252461401 0.221960658834584 0.00242066622321121
0.513761593712296 0.667227753879523 0.938889288817467 0.734587601750373 0.786695247043237 0.928641552243488 0.448265890551655 0.992209357860789 0.995602790364481 0.773583049695957 0.892409769128485 0.999305425863233 0.696971863594411 0.220244258417915 0.917854672490217 0.986793402537807 0.408972530191642 0.765202816106247 0.834037165229398 0.997819845360028
0.564145029157361 0.666142365670801 0.380971773240607 0.825196154386388 0.912919128617686 0.198336806709375 0.304401389316657 0.172847051189544 0.939835113024028 0.63793691250081 0.747965094698581 0.98998879676352 0.198662118739003 0.209968476707998 0.78071524562751 0.970885143151473 0.424904488729618 0.812887826749284 0.960865723042823 0.99138765529782
0.547908416340146 0.61718480702554 0.677184957948143 0.889060039024098 0.575501084921772 0.883204107638722 0.302797845479391 0.860846524805272 0.964153111784988 0.80044396995475 0.909723306437111 0.989319850497146 0.489871684280523 0.416042873633351 0.44636960981063 0.999380906176795 0.578359508108319 0.748763565494474 0.000206401439672821 0.0144764049248965
0.131796053733737 0.616182584759809 0.832957766130447 0.748416936986314 0.788601047146125 0.712802474502417 0.106511147437713 0.532333479731526 0.97692093725185 0.153135616580503 0.8176493589633 0.992308259709416 0.159812622232435 0.0760191407428899 0.731061661000779 0.43520166469448 0.449674688795358 0.441636365777938 0.428679769076295 0.999202815902855
0.464044690582906 0.762639708059658 0.695496856821715 0.761262440457346 0.942621879528726 0.65398935769512 0.300451572266442 0.786197489973402 0.907390441239715 0.807772848297605 0.829779422851376 0.93666837029738 0.475061612215562 0.433830114543688 0.819723702330508 0.988752737083598 0.548918220813326 0.772009353095008 0.245171330491454 0.998327250182777
0.101580713392748 0.616326528905402 0.209993102790474 0.415684742929448 0.734135647662673 0.476148193100177 0.137019779942366 0.0411370139581069 0.218941143321459 0.458040019877905 0.194969445868479 0.984205282307459 0.0627904607640784 0.131548662487598 0.60012061531664 0.996787234181494 0.291348560746394 0.318493684590686 0.454453483257745 0.0476128044411391
0.0160868038049743 0.464073818668045 0.259301821611383 0.629317984021626 0.140776212786958 0.116184181098211 0.0287708332426643 0.0310242175963288 0.54183812704906 0.0401776280040187 0.0253467698362738 0.819665651210793 0.0606013118857 0.0296555865388773 0.353142631675395 0.580639260741434 0.32638104704923 0.202237141928933 0.000917466414537276 0.0233668076907997
0.356282267767917 0.64754875560061 0.793575059529311 0.746672152679759 0.932302833526382 0.351868046189131 0.128928058668885 0.990689254453575 0.929323781602854 0.960268757391845 0.688527571271242 0.998388336191685 0.624566764772553 0.332555459678387 0.775946695346571 0.998823805649232 0.507227766189104 0.751367353643353 0.999174779587699 0.999413621485322
0.264884264607269 0.630296977872279 0.626511732720776 0.568120815199103 0.709770193301539 0.153211542948179 0.157996697175793 0.672049139702929 0.211777427580341 0.599996714080772 0.277901768543151 0.974550871002027 0.383879132049157 0.103319627819008 0.285626714076051 0.998374954389248 0.686893683351825 0.690787510665938 0.887938285458443 0.511158180977067
0.0824416321633533 0.468411485231273 0.0985945848662824 0.364378641278705 0.0458699664536703 0.382047534231805 0.0140213646068167 0.830959969163604 0.359394278073789 0.0795875514321231 0.00519305341286954 0.317710102036705 0.0413418851690216 0.0322563152192979 0.669131283072849 0.192325265695397 0.254657133819892 0.189261691494302 0.0154602152168501 0.0176613222469202
0.255430775247255 0.644492572622716 0.851294361924491 0.574589484708083 0.909703112194788 0.811110536250532 0.501207603373604 0.565381579089154 0.937471290562371 0.864128350195421 0.49444510758299 0.985197432536899 0.349533250622642 0.128351312652487 0.690110137215126 0.902466468726654 0.712362623837048 0.749552235889384 0.401183563159368 0.490915460068424
0.10235091110607 0.674579809076481 0.225863272670907 0.555097999648865 0.601190608184865 0.815632517198986 0.129782525430501 0.73724281268905 0.682316645960213 0.291800516266309 0.616357616492328 0.935630754869843 0.251765831663669 0.0915656774645213 0.850413605245633 0.676146160749528 0.403764809479693 0.642998792918767 0.903394914676876 0.000593664866172231
0.615353174942045 0.664243042004534 0.704668757822225 0.413534949815846 0.831572112668598 0.801845559959907 0.675542006015488 0.792920440185744 0.872937519074751 0.76862496483163 0.851432038256645 0.99542474647003 0.385432200625917 0.340185164415994 0.905765937934777 0.453093539126631 0.829634742782829 0.727601172114155 0.0457931341663892 0.999997904898698
0.0453142293808059 0.557306646689833 0.568841593225204 0.468012551561499 0.0415754193797213 0.378821744084087 0.0154056779954261 0.151457199731618 0.0105710757486209 0.117057309818684 0.0302910365540172 0.680925795537144 0.0488575035553715 0.031129642075322 0.342773355799456 0.133272905037446 0.361949734281894 0.515699182281013 0.00733757019914323 0.891046669196651
0.0520213011956072 0.594358575284724 0.720077114574583 0.573593224076732 0.0708731322081335 0.233418820300195 0.148265678969658 0.276505334682417 0.579258107242012 0.0841951907073536 0.0800208632316933 0.91197862995115 0.0588422172564212 0.033290470360685 0.748184753109859 0.0845965726479141 0.187500632500985 0.408411404815473 0.000893805219813308 0.992463041603381
0.453518509637636 0.750346093105813 0.873285763239147 0.817340089787931 0.902081862282225 0.60526904588709 0.609882430674202 0.800812752968149 0.836874265167299 0.8481708476474 0.881944722149477 0.797533747125012 0.467579202408364 0.616055401313492 0.676445202773097 0.955156609565066 0.683117842988985 0.692075957620982 0.946329571414874 0.999974023185821
0.574180086699585 0.816730505075082 0.855569124655532 0.835227470057052 0.845359774772298 0.634358842203857 0.4709089343878 0.982623544788007 0.996471922022242 0.930295022338056 0.995413050387943 0.990391410605535 0.679625441553252 0.588610731802673 0.905942498987235 0.990275539053974 0.688079809777383 0.929704106820714 0.98777435107748 0.999982656690871
0.289942504779647 0.701734275469299 0.807280507857323 0.744486822633127 0.714389754592832 0.555557807232823 0.352835504151761 0.237548869201392 0.0628533367845413 0.618452167256913 0.724598997864751 0.970966615894162 0.47018153064758 0.272725189966659 0.964834782597606 0.868593348394264 0.746248745064512 0.544682829260478 0.000631829452588422 0.00982129700814623
0.142134466402254 0.603557483277781 0.120961154125603 0.617201542083712 0.46964705715806 0.645394928182337 0.10127066021608 0.522890199201469 0.931486211932807 0.217100349121368 0.232666905214939 0.988936963000713 0.277034593840816 0.18884971494455 0.747439759997163 0.533170158132875 0.434335763768742 0.31170734335613 0.124984736431424 5.99727845033868e-06
0.12931589177353 0.498475360973262 0.371292893081683 0.598423299603072 0.0109268695046672 0.576776775562378 0.0941891269561115 0.0482967389904008 0.500774126039445 0.0906377192889209 0.0645776104501247 0.844816904795691 0.0943536687213671 0.0567885143944196 0.293011781004043 0.44066279321767 0.265270897674165 0.305306217168242 0.0135689762600097 0.130639836411594
0.166969538072454 0.622062040618915 0.736749623735919 0.699156689647618 0.42213666335807 0.129423633590068 0.13053695037527 0.901599970135152 0.996483564734413 0.827830834918518 0.630622643612029 0.985181327500689 0.195716775063156 0.0989875855566246 0.425844356921763 0.99923400995062 0.632438647440293 0.666181770505323 0.0801681006623413 0.00237147815219445
0.158279632527915 0.561273620192639 0.293933567799272 0.499823521558329 0.782961501688239 0.332198686331143 0.0442009197770607 0.126971434602161 0.0286737740588684 0.281289857457314 0.302576490929853 0.971917894286089 0.0753875831204407 0.0335051738627531 0.590565298410838 0.581985437890298 0.361492957617105 0.543954591855034 0.951051423537132 0.938824366877446
0.221670595348178 0.663018716592371 0.267536379407518 0.723357324364244 0.135221370598015 0.470886452959958 0.190052462413308 0.569862792079595 0.951335649139571 0.885139776414405 0.786927199344443 0.969167867360298 0.453744909512049 0.158208129872555 0.979132019319248 0.770068325309043 0.83367731172524 0.835153401379657 0.458545826535708 0.33145962686584
0.0707163725398504 0.414047715831592 0.608208350913877 0.432367047996279 0.0258503273634138 0.190861211836788 0.0134983398918973 0.00241830588731891 0.233770150434063 0.013608110523165 0.0630907695335966 0.938507633989132 0.0801002962358133 0.0261222058542233 0.365516739892509 0.339688062106849 0.193196631657809 0.293370538456366 0.0314356252098041 0.000210218208962571
0.5397587359737 0.718136699026564 0.77694587575508 0.747159191586245 0.979443130077967 0.572313686633985 0.481856871860265 0.938709383180066 0.968200767108558 0.978209174507613 0.917014461145811 0.999552033157833 0.895796157485599 0.416746002405271 0.925355954309863 0.99991798642759 0.784124154069045 0.764991818637555 0.99456647960349 8.61807800560847e-06
0.135476527880324 0.762510984309111 0.938760498213868 0.581055594283164 0.731173126044762 0.170399458772535 0.00680410488428008 0.339534840883407 0.92494107057172 0.724464440581622 0.0963089516576845 0.885775457396208 0.680118999404555 0.233493250964958 0.380613088896795 0.995104995263592 0.612884292942507 0.75851922985944 0.00879257940772466 0.0063560214813222
0.275954846449616 0.606481754917322 0.504441316415847 0.464414384512708 0.800651260760572 0.347278825740054 0.283234334013221 0.716288301574109 0.322098108618611 0.215721776674049 0.434329855218758 0.949049447592819 0.327030956582552 0.182725629165412 0.859640405595441 0.279787923883318 0.372096262343934 0.718771500613396 0.149015254350302 0.00434381965554774
0.275394400535246 0.627905469615432 0.410927812232323 0.71080286448936 0.140060661374104 0.350808203580541 0.0471099115597962 0.388743405281676 0.135547234106024 0.565713447673154 0.543371300423508 0.904594444627936 0.243294003749849 0.141570182688539 0.427896447563903 0.655047336982041 0.635400929572159 0.444446681263924 0.342758650129398 0.0210824861112054
0.442446519469015 0.632932183310546 0.974315154754717 0.523697337338986 0.586910756528933 0.534531029498573 0.341346157471138 0.658230667794161 0.628147647558255 0.540942193848665 0.498061061279739 0.99231167116135 0.200011984955065 0.11850284063085 0.916753688217412 0.953085156836466 0.504617007196137 0.630424087567288 0.862850358923015 0.312679348990638
