0.898287904390591 0.735043917997666 0.171827719074319 0.456195926736756 0.953436825786914 0.0353746956228093 0.362135023947235 0.239350458984241 0.0664905267746278 0.574550788114333
0.616137390574082 0.021139433005621 0.07395062670243 0.689322356655291 0.990016238417496 0.0384915976373811 0.620490735314084 0.419488158551127 0.607244483935463 0.584122825222305
0.948626636647158 0.980187735510593 0.38342151322024 0.986878840625895 0.999816405099024 0.785417174748918 0.804024799712427 0.584287515097444 0.999034609939423 0.768921478658699
0.664074633346736 0.442601486752344 0.443517342145975 0.81211845121935 0.997301510248332 0.150492097766504 0.528142078870522 0.349949937791379 0.643195854645559 0.591294220870148
0.136884620328485 0.626020225775631 0.105881011305204 0.884664114645807 0.988180109982216 0.0501716180177589 0.435767227035875 0.425414990960953 0.382473282742814 0.603595211340048
0.312239443171475 0.21419176481884 0.122830114662663 0.411039478986267 0.931643369359839 0.0202134522549133 0.263326071118804 0.301695979670558 0.124477254292644 0.493156387395691
0.737771800021771 0.553292953970673 0.353061706490185 0.938807198600902 0.996459520385143 0.099695483468293 0.557900353906881 0.413062747741502 0.968982908804926 0.593001652824333
0.877992185188754 0.771901925999485 0.0917261421424337 0.831390575304556 0.991259256736378 0.119411420080011 0.498876634180005 0.333589375884384 0.901631684985273 0.578496523113932
0.390865468765166 0.779987686903024 0.0355751324223671 0.74035482581812 0.984115190639989 0.0297188081011944 0.282221538290752 0.334727340795966 0.199982199300188 0.581825332296833
0.187136343160932 0.511577681036135 0.218837453567836 0.677272177610375 0.986020120391597 0.0585431214935476 0.465087666424092 0.293077931523726 0.481392210730558 0.62915693653834
0.77274608720706 0.719589128437337 0.214650879605678 0.963933269605081 0.995933621378161 0.520991710865136 0.6279974152233 0.529950530074377 0.959427514844484 0.616529456063498
0.121870644731345 0.55308961124738 0.248796603309886 0.707272403351189 0.934257161146134 0.00741084123343104 0.346970360728182 0.258270177219695 0.383180763770535 0.689947912322173
0.98119107068243 0.851586473356536 0.278259467901969 0.971036307333868 0.999151193921536 0.457153973028764 0.636355012735829 0.482867986155676 0.993620492988298 0.745073888759351
0.417170729412227 0.48021945610087 0.142158234190327 0.962482196029386 0.97129756956625 0.0632065393183581 0.561186724699336 0.358921679318103 0.806262047076809 0.477256145997051
0.302143418451366 0.346895734629317 0.0456571185548164 0.3349219792843 0.980931712402909 0.0911252474156705 0.431076312008855 0.328248310835822 0.333380642863568 0.64018086354412
0.726216501603148 0.968527341193097 0.0832651439732298 0.614763800374786 0.995494106104774 0.103079603655163 0.464815683061434 0.407716204289954 0.905861769469518 0.492997739950216
0.394865817342254 0.516860241023014 0.131538151130364 0.754537616687158 0.931252976752188 0.0515323506285541 0.270673583741302 0.257376481249503 0.123901782421164 0.364292379179696
0.86771297731384 0.288599081474607 0.0770498020246805 0.238785526494869 0.974982779381396 0.0295196982398515 0.3650243960364 0.373615535478601 0.160539913759239 0.531842927310847
0.775354007894812 0.618621701284787 0.141794877400471 0.876177119834219 0.988854473002608 0.0297964386931027 0.422173910047619 0.391349239490328 0.745074150797961 0.496172743366084
0.0632180873669096 0.0915211679919312 0.0555758202382769 0.159442646849185 0.556704063458784 0.0059942180955714 0.222810595473417 0.18553003145386 0.025294765148276 0.441620406447386
0.719595289650524 0.59048525725433 0.603070073906836 0.888901787266976 0.996936379609409 0.0319386507725607 0.429825277210174 0.304470476549766 0.212558228876523 0.555561521239956
0.938316021147882 0.97049035251106 0.171427724321296 0.964241203000609 0.998029784501732 0.212791512678443 0.582170547202339 0.448732352126193 0.980333652564252 0.649635811859668
0.051790438177394 0.995036788580735 0.129829731461023 0.469784489260455 0.920907714745019 0.0171185013373103 0.302886075114107 0.2403248910812 0.0430792526509888 0.413747782235144
0.195603271017727 0.175240063202429 0.200301057983299 0.133087795950181 0.651085330495984 0.0208549904578425 0.295999547655951 0.189261899622971 0.0193088626964748 0.461587866860337
0.202711086299637 0.11832200874293 0.172625693040692 0.163232622829476 0.790754821245137 0.00246664134306961 0.205083071484314 0.230226584813178 0.0441898556649154 0.533506203976265
0.328503276259767 0.564495371624494 0.150339214664442 0.930786898255936 0.83349402569743 0.0131572649479706 0.241385470274834 0.321510504641066 0.0351379931805503 0.483132042286368
0.934371102216644 0.692433682084469 0.193682707387373 0.816570907650999 0.998937117364589 0.133470161388701 0.586691433342898 0.471498141819786 0.918724846665488 0.689630379264516
0.0983479052680651 0.350448076301548 0.059412277576957 0.406539393787085 0.788801811961115 0.012110561674813 0.177563947054244 0.279411932544397 0.0719894582897243 0.344743610292785
0.0257264710516023 0.384334660156955 0.0285888627922139 0.162830929160747 0.765024840017649 0.0159903230797561 0.117785999089561 0.206296937121146 0.00580541071596681 0.399887154120626
0.548709440144149 0.511860595378125 0.144735064476523 0.85057739883302 0.986063273944664 0.127693991249093 0.375064364408797 0.295008059152615 0.0933274164932639 0.557080167565002
0.294762641828109 0.594760611094131 0.148121339055549 0.768166252604319 0.978137683394923 0.0680641873807023 0.463368209090316 0.324759989322999 0.392510712155493 0.509858152890097
0.831640510453542 0.166745182672316 0.0543747355753909 0.842520458866714 0.996980455322114 0.126413965278476 0.563719611580441 0.412390866314881 0.684300050906253 0.587664787575572
0.27959723675626 0.400305169953447 0.101355860702091 0.0853510890586917 0.860649874702195 0.0174669434437735 0.218936280419746 0.2601005592912 0.0761775714575508 0.447162178179952
0.0723918621467458 0.167694321935985 0.0641245412146261 0.915230131382675 0.946868644167024 0.0162312790360881 0.241840135142712 0.263839509924674 0.0618647879596675 0.456569596984039
0.957137667262651 0.294919351079111 0.59521518663096 0.91965868510951 0.999031120319346 0.460470939202195 0.726459439487377 0.513956996667796 0.999696782198553 0.767481553126635
0.202058558247766 0.324557573731076 0.0495473387189003 0.254166604334006 0.949690512946166 0.0270553059088202 0.28609989918169 0.208061886556746 0.758318521018858 0.483481011984915
0.506309124287522 0.00741025957961634 0.120415190120332 0.644826401211128 0.958738956945294 0.0287199174280361 0.257601995578478 0.338854507746479 0.0850256624470639 0.496479007460578
0.752409361924835 0.350163205623379 0.308093864956131 0.92791819853354 0.996237827934832 0.312216321098656 0.546590294109814 0.422793282571111 0.911969454724355 0.561237744166914
0.0641524660606475 0.750414193864302 0.271627303541617 0.605763309101545 0.964199943119542 0.0107067446599082 0.541705203982017 0.325093272066555 0.262502856848394 0.489483007671016
0.290199114598621 0.40821824958979 0.165844585852063 0.662511265223765 0.992455657775676 0.0502173830635732 0.318021068767643 0.308321482766003 0.783923587207725 0.527899587699807
0.715280375516195 0.258059499379625 0.029669517095902 0.847042098665359 0.987897612868195 0.102002927372735 0.345945123919259 0.277578204988503 0.244866531495026 0.517700553910916
0.172192386031863 0.91449441798949 0.147905056557602 0.964112995560644 0.994972186860343 0.129191622742264 0.532238725639218 0.291023616438648 0.952975886460101 0.609791748359696
0.571633444330177 0.213357756275896 0.232123835076926 0.943198956652947 0.999384502999662 0.166563498946989 0.56557124061575 0.371840011677383 0.940918119020574 0.658244787960302
0.552856202709853 0.550932058209119 0.173577751969854 0.690714964540052 0.99381533115781 0.23591697269374 0.517592897664814 0.354017695241244 0.277193211526969 0.616058356767154
0.313356966601642 0.815671607251646 0.185927499190967 0.771145167706782 0.949665513633444 0.0661600981636245 0.397967929548959 0.354649638755364 0.222040753529548 0.497708206067163
0.48070320371425 0.981467458941463 0.308162967980429 0.851319231933121 0.985496877050616 0.187291639944953 0.5951486307318 0.417265415870766 0.309854513798369 0.617638928661134
0.208635336326729 0.0786091175353803 0.224586163487337 0.433007393034971 0.923813443467383 0.0144445133266852 0.334160033092245 0.248215292867065 0.193236349469448 0.423577139501692
0.783870537751155 0.669391848296278 0.447382457941483 0.795243798030255 0.986057313556564 0.263328210714331 0.471646467024143 0.348036485162366 0.863966173153936 0.643312422278459
0.315134472835778 0.162332580856512 0.120779457446011 0.891693355993581 0.984289467426886 0.0419401952877015 0.381680333316119 0.332300326330334 0.258807101591298 0.588901213713996
0.59423008055348 0.182444965642946 0.301392536526217 0.884351746672485 0.998730046305414 0.189053046340665 0.608884521764075 0.348847957947676 0.977084795538422 0.718307792514833
0.761682620058822 0.450064469846522 0.291697071008085 0.815294682721939 0.993452150852803 0.402948556930573 0.549484320839482 0.449559013628961 0.650665619066392 0.564020888726746
0.656217609258887 0.24186336507928 0.199102889126872 0.870851618220768 0.963004787910877 0.149197138361932 0.413852907751543 0.304261568540774 0.614639613607753 0.590983233891657
0.831107304116872 0.264165869325223 0.242161989848213 0.689211607008074 0.995115632699513 0.133416182098867 0.500385961846993 0.401982606378162 0.907663138777828 0.65631276581494
0.21394944958462 0.283545808143824 0.132583109107138 0.865141178841377 0.977271678822994 0.0781704231155461 0.410567288229431 0.402992304588128 0.0922623317511888 0.515205388285022
0.656078282094458 0.0421484919213822 0.0776721238345116 0.196874345268171 0.95867613585601 0.0151178146668028 0.291177184519546 0.264324825674728 0.454169282951659 0.478500121975033
0.614015814934332 0.473303415935665 0.038010023405987 0.746918665099152 0.8187708014768 0.00846157039446834 0.299903107131586 0.256100195231582 0.635158338376003 0.42023215024614
0.397222359642805 0.237432890550577 0.158893439139159 0.511218033130378 0.535274809479026 0.0131837527424863 0.222692319588074 0.200618533995534 0.0246066849223404 0.460375702289199
0.481216116061539 0.936341832309708 0.118029534456908 0.810079981764742 0.981154317677764 0.0529281782451098 0.42113707204083 0.266250929826229 0.717094606529683 0.593016129950363
0.773951767313994 0.667552240320034 0.247945270947437 0.659347154876836 0.986173153428194 0.0581628572504088 0.35208312903243 0.357456434550923 0.354727169069621 0.549252887944778
0.596945863775054 0.826137041809533 0.149597134188783 0.741244918742152 0.998701367375726 0.327786969760806 0.713373797252977 0.433901961550389 0.995065453817877 0.718982978695832
0.229924921185317 0.336947751818758 0.0541247410357281 0.465411230519278 0.941698718169957 0.0400582018188189 0.261702241708993 0.228122507284925 0.0682862077709715 0.478899732173206
0.772761682415657 0.719614067592499 0.176223388674433 0.751070026906841 0.988441441521842 0.0734278357124815 0.551910124504626 0.341883963628107 0.38862837190036 0.610529191717853
0.206522154152835 0.829909123128364 0.0741747329942978 0.559181287513906 0.963176321356002 0.0204152108441162 0.264228462498222 0.198252671669553 0.0577649601237515 0.467194895969851
0.239116419502201 0.316621764430166 0.154988249231411 0.579268215266175 0.989027726692086 0.00520175188168183 0.307709286140149 0.284942964407956 0.259244178749687 0.61702376730738
0.358931765130684 0.0121937841878767 0.110997464584682 0.450126906862777 0.83521608402954 0.0120928417397323 0.289287066977034 0.254001221254839 0.0154088043306015 0.482626954639124
0.791552429115815 0.135060028564421 0.436227751893241 0.798977549817665 0.994082206000809 0.312769281904905 0.651446234714133 0.41423412523071 0.906737932601937 0.685076907519325
0.321876021052871 0.261693916134968 0.0323885967180182 0.0641972427841523 0.944623464062621 0.00375758179285335 0.293375888414083 0.215436486205043 0.000794497985735601 0.295887075229957
0.205946377662408 0.970812847903935 0.444008737323754 0.95521788877983 0.997007977989583 0.328713999539452 0.643660784334116 0.366457288194812 0.908235508182152 0.64049908546985
0.30707672366329 0.0374716451620698 0.085808155375059 0.136660271546932 0.918793096311 0.00969019439011428 0.24128273547581 0.255770437884974 0.00775980589200856 0.539852526218044
0.342139810293401 0.125126346537113 0.140867358104945 0.866111897604203 0.948389413676943 0.0180485405685208 0.288226149398568 0.226684017644744 0.129905387689892 0.49927410466593
0.36804961403078 0.122846530441154 0.55025937915463 0.668240272861081 0.998750469977714 0.112302233171091 0.523366208850076 0.426094614016444 0.540196487368626 0.604197937250298
0.894808751216562 0.825371937377901 0.373491076648145 0.876411611234695 0.99391389050699 0.379445915834405 0.656337415492253 0.511629218647004 0.928067113623142 0.714125977178439
0.991048797749345 0.250199452227636 0.1698230453199 0.981544743120596 0.99914740888842 0.890510411856241 0.785503418323352 0.550698510002511 0.999665195719104 0.853897639013449
0.402352632424769 0.769113727919572 0.08850285684243 0.74117299288132 0.99216492913331 0.0258639084566381 0.29380274327684 0.439736760024526 0.514959398639588 0.558192354169853
0.268112094370665 0.735742134975416 0.0633242166399407 0.144821378641894 0.879098118864076 0.01717343254795 0.257999512731923 0.252091377568819 0.0487623638107724 0.360744367927715
0.782283271318744 0.74133920595064 0.280957920781902 0.834240747289762 0.993748331058442 0.37253199125678 0.647277559624722 0.470886573808647 0.88823271607383 0.654968817686734
0.202728936936017 0.184200039541641 0.123867661426118 0.573277093622515 0.932599096341659 0.0436410766063704 0.393058977821493 0.338373356816808 0.44702492510184 0.458564354412593
0.286194809991893 0.262980073015676 0.157653218874718 0.601972737182273 0.986279697448194 0.113890256350096 0.424282589156332 0.33337019309629 0.771846825518517 0.621838186551243
0.0274642868703931 0.164920996395174 0.20448034185333 0.572672769865663 0.943282962568045 0.0164369536450436 0.373969420837774 0.255979460685874 0.0471038755771371 0.503115370543995
0.697999618938116 0.193624749128048 0.169631722686568 0.79809172019299 0.96977745474008 0.0484711298804988 0.47802799395426 0.321309192184828 0.447541249755147 0.539438224499904
0.869848954285198 0.727736281645542 0.253527185781758 0.939957462856563 0.994590755007657 0.178927964932111 0.71777907282474 0.412747953539728 0.99286753258026 0.617477473778224
0.833632997461044 0.940782857463785 0.347173451677484 0.96499365802024 0.998309383865038 0.21539866169876 0.603466874912751 0.486915837218209 0.87081091996813 0.628084087822188
0.869326483639036 0.703345858086957 0.103284757881817 0.892295944322094 0.986587019769168 0.101662627630493 0.472624097670357 0.405961296217705 0.838262501448229 0.560230531624962
0.279798281162578 0.757272324000499 0.214397683644331 0.778472904580914 0.992177454543483 0.022042158881976 0.415012702866759 0.334091814052991 0.230502795007767 0.636078314772162
0.438440846243044 0.910338691504498 0.211259083437203 0.706527062648294 0.989374086310016 0.0369908060062906 0.524796315936857 0.307440162197317 0.501980672180741 0.592217581133551
0.448114669701361 0.366935941667633 0.12473501536275 0.697421009195146 0.966972254332972 0.0557481571822553 0.347006251307451 0.301292328061322 0.232374505771071 0.451569738554872
0.622509309130539 0.733795624011323 0.155160625663971 0.954119529183588 0.994830817874425 0.0798843610604028 0.348977831892236 0.308647714320508 0.148366613192626 0.64404008250933
0.990046579473328 0.820076317116873 0.48930250766273 0.988595286767824 0.998908083480945 0.573397429960028 0.749135847980931 0.598865607349488 0.995546160259527 0.812652965927038
0.447661149427912 0.924133530282885 0.268242085964915 0.958434055951659 0.992835272073229 0.132204009728767 0.473370351685223 0.347161836385616 0.836057415179945 0.534572683392175
0.85016588140683 0.389051767441464 0.197786564697557 0.910675139852436 0.974641198107888 0.112802046475671 0.474146996309593 0.35061277403918 0.811059588423429 0.605027478272113
0.768006541651486 0.138702702809149 0.547443421708328 0.83838980735755 0.985512977956525 0.075663030571199 0.419516667822162 0.354497030211779 0.847059994908716 0.661500713463701
0.789291005625781 0.864027585326208 0.154770270683928 0.936777358876646 0.999463359019674 0.480611522298722 0.624730539936458 0.539940900101679 0.985269961990774 0.6541045172592
0.501214272764691 0.179937191426742 0.11930278142823 0.541246538636454 0.736041013300708 0.00803758621181525 0.335384791024014 0.242420740984559 0.152879856007078 0.365563288765836
0.0891184675579323 0.514786815148283 0.301190957992133 0.965370204656657 0.98711931965604 0.0478019966587199 0.332765417709026 0.31317808879333 0.440616117724435 0.51061126749893
0.306776861036138 0.898472902903669 0.346879198962861 0.875617933379394 0.997579343452549 0.0710503530052558 0.559844908892605 0.364910080615047 0.641368657033134 0.5750309926828
0.358102524343943 0.935396620603707 0.307708022876547 0.876187022018275 0.984830575556016 0.371416981079922 0.524635975097862 0.47113702382138 0.537808373209007 0.510854081240345
0.54662225627719 0.616238537588616 0.265646210191086 0.478674300310008 0.952239314646341 0.0579880349278519 0.364725774158504 0.248067039238552 0.601180251347382 0.539478172872393
0.538558306711128 0.619756828795769 0.0195502602440302 0.367146091205697 0.98909196986717 0.0318261559469507 0.419587146961909 0.377535440713606 0.304472042343138 0.574940794997775
0.811622920843188 0.344510605642076 0.316002814450094 0.930596388120618 0.999012506841084 0.14109157760329 0.517124367191519 0.457684962602342 0.927301340426301 0.578807593522625
0.232559701278082 0.0417114730927723 0.0915946760298781 0.379659049531585 0.717531635464119 0.0172623756719491 0.309290502078595 0.270532410528663 0.0380068274746313 0.483303733868829
0.621394320095883 0.962209252397413 0.220198732676945 0.803707473747485 0.998145389804922 0.309721937782532 0.589855773037014 0.428382512431684 0.988620544937029 0.719319187117248
0.8674523747549 0.919283922449782 0.505826352112725 0.919452391837384 0.99898204129485 0.240962160673264 0.580856113791223 0.476080225893513 0.95147000952122 0.629668334161478
0.558840903983853 0.0276383951745743 0.175461469599009 0.870892873373531 0.950586649788747 0.02376870616662 0.263218019623103 0.3562462846074 0.113957440056121 0.386789073282199
0.697404656869464 0.701540273067138 0.167868132753037 0.555790766472317 0.98080743559047 0.102109301680107 0.285019774231003 0.276182414961437 0.398516065596134 0.491597316415993
0.11766715300736 0.244995430967337 0.18261816619817 0.964157967336644 0.997248116344586 0.0956085564564703 0.510522384989979 0.430941710887934 0.813389569204795 0.567902812142086
0.450279270283463 0.588069288139543 0.188056858843374 0.947285542726498 0.997338129037448 0.502068378173437 0.621940598064478 0.512125221729747 0.902665156771957 0.790415739391462
0.620895546267551 0.272060209343742 0.0720504202770006 0.513074697210462 0.996791576424747 0.112741856512807 0.436484267620668 0.472192792695145 0.627596816545442 0.484727429967196
0.811850498774919 0.626408248468223 0.310095248178798 0.680828932887266 0.994864300119791 0.249168484855476 0.453310834939501 0.392222793351829 0.798763803242259 0.543128540418677
0.893620590438942 0.718603119734848 0.34988316806183 0.890124697029822 0.963802453753466 0.0290653906783312 0.407461667489148 0.31798199401195 0.0765728022979395 0.459817837118925
0.611675471138653 0.368089844474004 0.367922031116259 0.676575319379517 0.998374634719427 0.128357589703333 0.547259038167019 0.510584485793371 0.938227276582955 0.70783176245338
0.071321851350075 0.0385633908829634 0.1455118731933 0.442390391071026 0.973199046112013 0.0164619533926054 0.228493133251765 0.263644164620784 0.0205429490833149 0.58927602415763
0.815550483327287 0.384657235685279 0.194250890915073 0.838563748525306 0.998923064659796 0.189311766615872 0.492290954306201 0.435621997558 0.638868227810713 0.505194126274131
0.323593894258103 0.848065468348903 0.118468090508004 0.352570723320432 0.979573674078029 0.0161818227749589 0.210182816429826 0.33118724333179 0.0593262097039556 0.388424460069126
0.718960143184395 0.253521015319981 0.0757238887715692 0.954029209040723 0.992495436561854 0.192425760527975 0.493187156629316 0.450447235178205 0.517974801382225 0.568690397557847
0.979838453258901 0.267929956174427 0.519842727518343 0.710530746964123 0.999630540023871 0.739326773684331 0.753663840950196 0.582469874810564 0.990922434648578 0.709162831615961
0.784694625039122 0.406733181187131 0.235707449480966 0.985887966954976 0.993469693314644 0.240751674697794 0.635859219889217 0.384329748181579 0.844173884135788 0.599246706130622
0.326202199787868 0.150125768731689 0.149082001580774 0.537390699535095 0.931172451968827 0.0240821750038263 0.209244894308691 0.260131249755245 0.0156631784517909 0.447466104674258
0.114482902593091 0.23294937663955 0.105314153532524 0.807252443496746 0.924687139768055 0.015680711052097 0.213665430926038 0.194954575071276 0.061079818759517 0.455803780525526
0.468199062555905 0.916361690239945 0.176125722358788 0.642706789989342 0.949032993119741 0.054676498984838 0.396556989619984 0.271602213973059 0.0751104696062626 0.580890460688336
0.0899119532426301 0.125095538918313 0.163695294074821 0.795420104183521 0.9968678799263 0.0894597535363982 0.38660173824997 0.318338349078293 0.318760003557356 0.544805874350841
0.0703139595684813 0.708078236575561 0.0938766021735072 0.47579539479968 0.909841172825807 0.0234273784390848 0.215837397277963 0.277769536261849 0.228696774155153 0.473242055999941
0.428557884705499 0.302568734947882 0.266862496504823 0.874566372293264 0.986798667362664 0.0763966545992904 0.514032504425594 0.339630607432821 0.552614640411603 0.480612566315377
0.735248940625501 0.428119436407069 0.105090734753199 0.882116808241505 0.994887819613559 0.105656743719686 0.483326928574719 0.34726274384264 0.723625987583246 0.696059387437874
0.535251879726672 0.738080539852869 0.664285406981354 0.949032465725923 0.998656004261231 0.277254604789512 0.618404363626017 0.501261348093246 0.838074158269531 0.714203508787734
0.710104088190295 0.536598507230961 0.0997672052731183 0.911012663020445 0.966526041389773 0.0389128744988156 0.422441525411025 0.297602101037039 0.457782248537475 0.569323272070801
0.24976761676571 0.366592860986024 0.0790692139018685 0.109605399749126 0.562956283399122 0.00527500550624217 0.212229047999787 0.242224996489928 0.00918012335960392 0.334098514483296
0.576375581696068 0.306518960773339 0.107947435321962 0.239430224654023 0.991666730775757 0.0142377321065876 0.361467711640043 0.317915619704001 0.623831062280935 0.446529850330943
0.858697980514493 0.625632258918606 0.249339301992994 0.948554945711453 0.996726754103978 0.288921797886883 0.580603888274723 0.463069351404204 0.841389104120122 0.676102473235499
0.886146882343889 0.94215964903322 0.376066966704726 0.889763836774905 0.999188836201584 0.479561245416178 0.745888564833477 0.428303978488591 0.998980005532039 0.701960338590354
0.585991605145282 0.0519688217858738 0.130587182613412 0.551337923718 0.958411967644007 0.0155515536732406 0.479910315198207 0.247602408735321 0.0282970018005357 0.542529822031235
0.245600122031412 0.451057982806696 0.0216164848704984 0.462740412007828 0.875707103706585 0.0149708044887152 0.184779497546603 0.232808433684803 0.0104935803493062 0.451989921167482
0.905196570361073 0.745750308629852 0.391922976920002 0.955983699271512 0.99435267031032 0.223492188012299 0.5872975826858 0.43011450649109 0.982953354735506 0.632260428063441
0.611269175788105 0.202366140397551 0.0570218002231748 0.457962995618299 0.818792687468332 0.0155263984113175 0.161513856731125 0.226353686983447 0.137298478026561 0.476423482860846
0.74083743180197 0.105570164691549 0.165731301890925 0.813765740388419 0.997306324043095 0.132124416715782 0.61716403392057 0.333863465497826 0.928551178723289 0.609552248772413
0.693772643709136 0.656680060384117 0.186134497626149 0.722768505575669 0.875584085066171 0.0125395204377027 0.344771553852555 0.31482463852346 0.0301337190054913 0.433859193800847
0.577316047265484 0.516254925835711 0.187622556714833 0.906221567647124 0.995337891840827 0.0952799969810636 0.373670403123924 0.262193754296267 0.375732266626929 0.54091031659166
0.510597351601087 0.0474020621624733 0.281297782890356 0.509317909392479 0.993342302001134 0.186677046188394 0.491464734593056 0.385609635650763 0.79968083930748 0.652861082221039
0.471049275997759 0.447158475012523 0.242397473761191 0.331780368753492 0.955800994572791 0.0454242809518038 0.388943287635199 0.39335745148139 0.800539478353544 0.591540879450122
0.775758946446878 0.549432121043305 0.171644571549586 0.842077684891416 0.969701417531218 0.115171863717035 0.440481101578108 0.401372979029412 0.218629636645634 0.469446078995424
0.814356567420677 0.814562607701957 0.491796092615961 0.949464957007837 0.991712876807951 0.451549133909551 0.586897825255789 0.5385708699951 0.964467967371721 0.711031083548688
0.432466918812786 0.0335836295839761 0.276058153618038 0.813699496376637 0.990198612443922 0.0353749774317918 0.399345972531277 0.322136854649154 0.0457280823585711 0.464979323125694
0.844011439347086 0.459479674722201 0.0596538965272146 0.881751122945187 0.995075475929381 0.206117096545547 0.444619112307094 0.310516172268809 0.8579144304309 0.566227737437843
0.495882076408636 0.160643456613405 0.182064318069613 0.924977353387002 0.965766461642969 0.0918236845003933 0.365113605096494 0.363792082076946 0.693962017931434 0.57326482602963
0.591525694743862 0.88458299797249 0.13732034064224 0.599189258280897 0.994524421546405 0.0778094503185095 0.418848729810467 0.28889243056919 0.806777453394102 0.512153737746104
0.208117656484483 0.976177062862151 0.0716297616045517 0.81634693742107 0.994291339720853 0.099444562327667 0.503666567286304 0.358486605657185 0.892770502545909 0.507911572702479
0.134038523963748 0.717407809853906 0.225048961041729 0.476865557368552 0.913884158340713 0.0285887419850543 0.37607899691906 0.243123904697518 0.170421373523293 0.47670106442312
0.811748751130027 0.93238964978425 0.229337806715116 0.983320301502189 0.997897615083596 0.171747390111779 0.595437866394891 0.406240918883039 0.987894709714524 0.669456818772197
0.769630666877486 0.906843034145642 0.467172680069746 0.911424922893726 0.999407545842753 0.066689254906588 0.764099508449152 0.414571261407417 0.993506346531345 0.648356750866144
0.968945089781921 0.685440339124431 0.464211277370556 0.984635235948985 0.999200784052154 0.816341972252321 0.806107472996107 0.550924372607251 0.997920808284718 0.789830797559963
0.504128087222167 0.0715786011844215 0.185644197796868 0.9406397393345 0.987880534852092 0.0411040129028383 0.46579796100489 0.327613438060385 0.404849223951327 0.512742658086535
0.473674641324809 0.265985081633577 0.127721781331262 0.582214770259237 0.990185569031047 0.0798990128645799 0.303060316732738 0.285611279487204 0.191744645432943 0.523038412556199
0.776401407854663 0.664377337434318 0.418626785635741 0.974748263024416 0.989389635109067 0.105436998344633 0.399598521258662 0.305014677613311 0.47644836269733 0.554758624148519
0.373878891694528 0.512829843066761 0.0731350643138435 0.65656428406244 0.961452970332394 0.0918235059581811 0.443840866511479 0.304579306675346 0.902755950313121 0.502222936228403
0.900256993870523 0.584937397790843 0.471628317669296 0.927345204362068 0.998523630859355 0.530892587032625 0.729358454282232 0.495054189564598 0.92654132195888 0.643446957696333
0.513734604957849 0.563786097980755 0.0767982122338116 0.479968791917152 0.916490255559646 0.00760523768164181 0.440807825053131 0.369018397219685 0.460597367610763 0.523783526019129
0.234032041550114 0.87457811946603 0.179731128114094 0.908067374703628 0.976487644375066 0.0197209181273232 0.360826211114197 0.397787486388834 0.739073406294863 0.606705166579557
0.522269405201481 0.831090441245095 0.0528844341427901 0.877673759455867 0.990664547204 0.0671852006848712 0.450967823440189 0.443458235918123 0.166163552577122 0.588927936298342
0.581596708835703 0.113628559370789 0.197718529486379 0.788417327308079 0.984266833517405 0.0400366454125887 0.380422515055261 0.332094640918188 0.443329585725069 0.586559317201639
0.463603626179122 0.89560310131122 0.27455055257989 0.59399347165038 0.997134747118203 0.15303638496889 0.501343688073121 0.487254191844695 0.859987170571785 0.57901058863711
0.985925944838944 0.941619578577292 0.606693092851975 0.982486441297736 0.999879369242476 0.873727646153986 0.863050285797782 0.54972012406208 0.999601613667187 0.828024050186822
0.91121477200895 0.229697723823079 0.753443171955685 0.996588248309709 0.99807516719215 0.528379328338213 0.712261654116881 0.607015513051153 0.976455713372827 0.63022249025529
0.688889426291907 0.766441615381918 0.243280301271242 0.921619688441052 0.995259293337758 0.534049092498047 0.633905879418339 0.365913696464989 0.98858963739801 0.580569938672554
0.494887353300461 0.884958121406883 0.200011913104372 0.891838501152125 0.996526487531382 0.204818837580164 0.495719960829547 0.392184647359317 0.856101082837798 0.617834181163212
0.905516179861103 0.164175462228946 0.299779865861538 0.79441208468291 0.991090637201272 0.112455994905666 0.536262347786628 0.28954530861111 0.742352120465106 0.64315791756978
0.895636304819069 0.964584486855403 0.514359536565024 0.937910470577647 0.999192627337861 0.489707795026007 0.755648947043567 0.441318158895778 0.988274551595935 0.550439704674593
0.529857545961955 0.941131705588243 0.173265139154001 0.834050456842203 0.995224274313465 0.0850273696049464 0.442634920137656 0.286828824218948 0.386620719881249 0.623089542558172
0.175852134732386 0.410420396591915 0.0544335069977849 0.961970664357682 0.982392897493332 0.0262963987683855 0.356721923645743 0.323974818062529 0.355412639501229 0.479389064960727
0.670423395426459 0.86454788481687 0.332124130617397 0.952680363231601 0.937287250232005 0.0610357176512347 0.382753881225553 0.361431242660129 0.707101867140044 0.506578811151214
0.438096201213397 0.0993142424822131 0.148956273755304 0.390444247560674 0.625071475483972 0.0170977617900548 0.364418202876164 0.301248069559292 0.00813463648872764 0.397127481036317
0.271523340762898 0.854139599002505 0.0835484689315215 0.704834718629182 0.930646156888774 0.133374851497245 0.513956999855938 0.314467064958802 0.756865694026525 0.550233175853346
0.892896605414581 0.528264406749495 0.184582387144011 0.776371091089042 0.992234638296983 0.104019334846498 0.475712652045642 0.403291120728077 0.936404340560817 0.564797269332431
0.759657418476647 0.441120647704833 0.29769864452784 0.661913312056087 0.992842055897907 0.173639615254176 0.462727128598829 0.354466852448357 0.950895920568214 0.54028657438525
0.621720375765619 0.1545696154361 0.19433317560115 0.883480041824661 0.953769910557612 0.0130861113306517 0.448661834904171 0.268845951735487 0.173577855603965 0.53044568141858
0.659819649020945 0.304242819103646 0.286815550625636 0.987193998248779 0.997876836405743 0.215118207037504 0.573515356142298 0.381245606218265 0.929192211477401 0.546364486983772
0.636216527884951 0.748119046266687 0.369184084418479 0.698009032385785 0.995767409284672 0.192345209523369 0.488640366073694 0.318672963281475 0.83889177735278 0.685827063288257
0.912598231738042 0.443663702364888 0.093767204312146 0.784620172050514 0.989050030795041 0.186107865476642 0.620121417032237 0.446812494824068 0.943735309319006 0.656501638735817
0.942241967992138 0.789867621857825 0.0725622076994583 0.783402170620278 0.996605022589285 0.121334828010117 0.637663213569776 0.395532197442165 0.694968615511764 0.618440780595615
0.772693506125296 0.779579650687451 0.300103299725781 0.891581753406823 0.995842809599209 0.167107726184495 0.540385563402376 0.411151588202027 0.871182998820695 0.546030657764878
0.93357640722072 0.876067189099906 0.331229040149616 0.933416785720977 0.998114310848554 0.351257520551069 0.68993922615815 0.417982235653869 0.927976814615239 0.605125384942084
0.547231570588787 0.684549748546027 0.0665872419435757 0.760638027671737 0.981655473004513 0.05232509137533 0.351981029619755 0.302635345389955 0.231421174162509 0.576847771936958
0.992734855492431 0.964299094709793 0.45749163256257 0.98707537998065 0.999692619488812 0.779022656773139 0.85600059366104 0.596064002915176 0.999876507097947 0.802648537445147
0.819869862117087 0.4045216743858 0.296380303707613 0.916072462834359 0.997011787941863 0.234331304460893 0.5786983866682 0.371879266883979 0.730545150191726 0.666274875590821
0.885149323532549 0.861363918784924 0.177551709008432 0.977272356926408 0.990177121808898 0.190322264178356 0.566852558742689 0.396715549016925 0.969609054013011 0.533250480194951
0.403190382352141 0.362124208886437 0.149968002374707 0.814628043593911 0.995968028525893 0.0610664915656546 0.589029869811222 0.268203432613043 0.254486765397543 0.597365834144748
0.649466870881418 0.639477106307805 0.050265269721709 0.598162442352537 0.936485410136498 0.0168824398332529 0.293871794781586 0.219344795290374 0.0243334338741997 0.42431476412325
0.748812400843574 0.774481174767136 0.33371958708253 0.968606511733459 0.998098335340028 0.290265423305046 0.729829718889485 0.465658372897371 0.924768760364178 0.712436848221613
0.892929442616503 0.637511468054964 0.265130368210401 0.951014633104152 0.997218324021671 0.423677018123895 0.521838683152833 0.468088549182625 0.927870169380373 0.765198831972349
0.529752020130487 0.972364495526234 0.121678552164086 0.946623889310736 0.997069679400291 0.331135413031255 0.599030794773228 0.407746275351973 0.944305815082544 0.641621813323471
0.534804484559643 0.896048700543094 0.261147696574235 0.493810738373604 0.977008306775821 0.0749985210386875 0.472968677590736 0.348375623166998 0.153167923599576 0.572094985105667
0.476623487492427 0.338334312958304 0.237194134911046 0.894244672228514 0.944284244788906 0.0654892150769187 0.309317962338916 0.275413335275061 0.0762319553655427 0.48536291189827
0.441261394483084 0.893981499527615 0.174308386207065 0.790243824169331 0.919051213735371 0.114069892768094 0.4189728891135 0.352453836526838 0.590707472230433 0.487892085674368
0.810945258513308 0.253689610928617 0.111022260420662 0.801503928329994 0.992776535720132 0.0808379689061613 0.37727485701289 0.423016580090194 0.986372301805186 0.464908785521739
0.929892978763943 0.762690350753185 0.440302103786431 0.958163026490763 0.998805932572111 0.60259811822583 0.585568283339531 0.558961713808978 0.978750880382318 0.598116146771482
0.953205223525243 0.262159441812721 0.172769823614621 0.897198348500197 0.984934062721857 0.0366996219170406 0.379822726338622 0.334704754593159 0.499151465085938 0.543628185316658
0.108581999739622 0.633866538144499 0.123493173367157 0.611246329900094 0.952272663267455 0.0311204157732595 0.358499327564865 0.320897204225328 0.0634567227571083 0.36466634431369
0.782167241486994 0.0948566875066864 0.099296011017346 0.782859280793363 0.98608582607976 0.0481591155258876 0.381104657119948 0.383634448059585 0.299618302639286 0.567068931607571
0.591613510268568 0.230293913673692 0.12644601420761 0.623046495366197 0.958154149187793 0.0657395658141653 0.200389600686403 0.224069814153658 0.0268948545177743 0.553366600764165
0.486435095755538 0.911405448071152 0.15544732985397 0.825354404926428 0.979789072189345 0.0401914129799231 0.480391010350961 0.263238468014997 0.701927694136816 0.542652373184041
0.967865036624211 0.943151066804898 0.355992988823956 0.913875469577801 0.996389414108277 0.247986133461864 0.615173475207335 0.485942937916274 0.993465317504741 0.76082650016605
0.91355233976681 0.605334117593247 0.271216367770586 0.88042406923422 0.984689940117077 0.357073828902429 0.461064363585201 0.473682180156515 0.74750276284862 0.472164949374395
0.290295816711818 0.498542580989891 0.115576411397689 0.791721293860142 0.995477845143338 0.110582902910113 0.337106229522599 0.34512722002288 0.909399199401423 0.527586007221852
0.308528457089504 0.501396787137909 0.079418402393662 0.255620230504956 0.975863786009609 0.0107326218622366 0.170319558250843 0.196800886735018 0.021775029503359 0.443038327016111
0.492390508008935 0.92847354772461 0.216270971401229 0.219236801800918 0.977639589090972 0.204984919782104 0.576479202496718 0.290010261722013 0.417972550510667 0.594412857810196
0.298174705042537 0.652072589475207 0.120283713834888 0.670931653127699 0.974817608625968 0.160848811532521 0.507317432133673 0.380435251614891 0.532256884319117 0.488592457576374
0.738745777838164 0.794665551852359 0.494565916799004 0.988042008546485 0.994759504421719 0.376846852501337 0.555780188233906 0.447022980587185 0.809991825954504 0.631241962457622
0.0501179984614394 0.0101507226638334 0.0668807491996567 0.128856307972426 0.665651503441012 0.0109499783341 0.263683219944624 0.259310910463274 0.0449739502427345 0.467678589862207
0.359382781528276 0.56794164023949 0.182816088211464 0.289911354834482 0.986780267886778 0.0165927641463698 0.179386615320567 0.293072454805843 0.0285758518447911 0.387687872174862
0.326414334403084 0.153467646220389 0.171274357642714 0.477353483227631 0.911359504027525 0.011903227221118 0.284849595369599 0.281857704598349 0.00816787931399753 0.46548786895163
0.50432696497726 0.47934368627273 0.222223586295011 0.864545380589979 0.996843668767114 0.110144698079638 0.489818301843331 0.39401167956106 0.90925886699202 0.65087100418151
0.676052433914608 0.370548203261136 0.490486936384942 0.863277545829941 0.990755083079878 0.232949661885383 0.49456884781336 0.432898890640746 0.904064097644342 0.493010229088549
0.88561307814049 0.766486632170398 0.133652697925183 0.875068134226868 0.997867761720629 0.478609585200108 0.545547733306255 0.497762340096489 0.984205595187739 0.691851348532051
0.967923777934232 0.987709648995153 0.350203055792911 0.867893568129767 0.983471387442866 0.440437387653177 0.612075404521316 0.365372564697222 0.932145349895728 0.596507489258966
0.593648401727512 0.0993288252030505 0.14362171369215 0.895067771302218 0.982230227757473 0.119174490186202 0.504777224610126 0.387559505606603 0.661159906863126 0.756514641831189
0.501603135735441 0.0854072937094731 0.112591069994721 0.917614829554484 0.994684577186666 0.229656949606237 0.613496239225339 0.326101213397716 0.967777106445741 0.558737050447797
0.0879307685116941 0.431044106953108 0.299366122612309 0.190613855065003 0.970414024271142 0.0325810996857656 0.371296428841249 0.278550990586298 0.126556001924043 0.505510645468329
0.983804125119311 0.322939619555275 0.174633069040487 0.875303683682732 0.997114850390932 0.236458724903578 0.59713329750391 0.322317896998897 0.930421530999289 0.554703564380253
0.477286885116784 0.854852777951639 0.143073374692003 0.92516286867652 0.998696484169498 0.348214866599186 0.64505591764232 0.49111070918366 0.944147341236172 0.646699789778565
0.446212142018695 0.394989856925654 0.146621888081428 0.611104718462194 0.994216040583308 0.0603735501476674 0.696598912658169 0.364140506353963 0.908453495086502 0.540556644961722
0.140311049688486 0.566462269473272 0.124670862323363 0.277291869037518 0.941543001389353 0.0102402633869795 0.291685236034353 0.287588857669717 0.0452525963481529 0.509228970255007
0.12531460613915 0.275207035790326 0.41544673558574 0.251742042766583 0.922396905691235 0.002122843227319 0.177082671215838 0.217736428141901 0.00235294938840864 0.384488782829175
0.675025274825747 0.900963711572422 0.523886141189757 0.974610264160141 0.997890593650929 0.358827307484704 0.731449543143675 0.450328936097345 0.963931928793532 0.687779960297971
0.896590833186907 0.496832630799592 0.469290929900547 0.871688523043174 0.988997552988906 0.288192245814444 0.579808026806698 0.371698692612533 0.982084350786728 0.724230681000751
0.725400703472673 0.494973995481376 0.19594514197905 0.820092608524252 0.986603910251759 0.0693217871442231 0.455911670763708 0.441532558040628 0.778444900072724 0.536782920779447
0.541439113636654 0.703630547800019 0.146768772995061 0.672967151322402 0.996674713529905 0.396012646881914 0.498783605478158 0.430750602623749 0.866554995370927 0.668582915498148
0.709222888934324 0.334757501034204 0.249410389313432 0.955837760170713 0.993588062932605 0.067441671648661 0.423767132459784 0.39748503695514 0.710593995575421 0.549399509792489
0.29801546186625 0.96158357935085 0.0988402973621147 0.988711913098234 0.988187022646471 0.234708499851737 0.55482935304088 0.389756643686259 0.932968784620224 0.626760223321936
0.571324053700236 0.443279672499094 0.038457570309748 0.399270479689672 0.93766805567986 0.0745949883797006 0.430161538912456 0.35715719606982 0.297315292703205 0.530196570019031
0.0993015679484836 0.287055421614034 0.0517213053910267 0.462209243731038 0.776185120935108 0.0248777764179376 0.293697260545749 0.243826776685766 0.0884937104864406 0.602293307253902
0.966393522759039 0.699006715813907 0.35153094783178 0.954496358069237 0.998129610237832 0.298067332488154 0.655906309198889 0.515005256220104 0.989860123526267 0.708320683393102
0.501848077719301 0.759175472811165 0.061798074902803 0.601754849855827 0.988481679779305 0.0659893327863298 0.522420550264995 0.353032404074029 0.743040628733734 0.523655847113292
0.0548828762151054 0.108225938695585 0.0914235362121658 0.794758102486816 0.972196595691985 0.0303162711093053 0.228345320541694 0.201348763922589 0.0666771515866415 0.522633079293133
0.67604596609539 0.18026921582403 0.115398388785327 0.971804335396371 0.996592534519485 0.267949278098267 0.457808623086972 0.476068340523604 0.972321168198354 0.543932757428246
0.735614377302924 0.0200097852081225 0.106164619937297 0.812068662127454 0.986842091998764 0.0410384238452572 0.454036954509778 0.376953291484762 0.288871183996524 0.552035151237149
0.896060737006957 0.711958052722037 0.181049522537533 0.774166936146172 0.982729532956059 0.172532579556674 0.611768516776764 0.37995290055499 0.915453130567155 0.663259801891657
0.201155974166395 0.339372021136324 0.0443195414883111 0.32327258114704 0.991579989337745 0.023401627028133 0.26892258751582 0.232555287672538 0.0581362098675809 0.502824616957736
0.40547198990167 0.473027899465223 0.116977920940113 0.266953216059954 0.87707386210509 0.0180859314653845 0.474139278661715 0.24999054240379 0.131613798508452 0.495953195372317
0.870427930114368 0.952598133359933 0.376177491096867 0.91829100866694 0.99810496757056 0.275889008101238 0.492615720130586 0.342668863690773 0.908946610297844 0.611280394600579
0.925870753579379 0.741785192948952 0.520696135268462 0.971369654032876 0.998945363153439 0.143663285028761 0.64149506838191 0.431567668424597 0.836841540415403 0.641451348880813
0.745584136327161 0.762897612687371 0.219527795663265 0.772300844414398 0.999034277567457 0.275780645527992 0.393560710429782 0.3802149952261 0.66102645406604 0.627569833046126
0.250051936069146 0.776621856646605 0.055525801637372 0.938091307923687 0.9925613415747 0.032314034212485 0.472106201466677 0.30322268795912 0.110995919626946 0.549393725062598
0.0967202881040292 0.442382842678123 0.120411826918571 0.500344939338049 0.96344415811578 0.0356259042957059 0.381296454531331 0.28625010482719 0.442212314086211 0.479024486472818
0.639448480177413 0.554378241210232 0.158847181756591 0.50629989512296 0.984237528239363 0.0961235869231861 0.560486797647434 0.351299822484189 0.111471675290299 0.585037879782535
0.090457208142998 0.754001964473419 0.101926777127776 0.731225806492449 0.984624975317596 0.0171973698457717 0.327539046624054 0.338421826482657 0.24065624541821 0.580305702660315
0.639468256509824 0.474826716415642 0.243073701052461 0.590406945520252 0.993237615790081 0.129208334131088 0.498704989307115 0.386617752757082 0.817441147274997 0.595353045787992
0.175546452114147 0.199306489875872 0.025559655564033 0.524980603242808 0.960778938589032 0.0121676704075576 0.215436702493287 0.267601965945171 0.0318388403136502 0.360801736220701
0.935192526805614 0.60984836951565 0.401042284460927 0.814407180063801 0.999287843425257 0.298964292263713 0.549335502986269 0.462601272358219 0.990405084596528 0.692319572787073
0.956448515470964 0.319018189925083 0.380820319843663 0.895318871326336 0.992155306118148 0.160523156385919 0.640273903360883 0.516462901060232 0.776173138571354 0.66329237969204
0.448973128898546 0.542316550756555 0.277335709106911 0.690567633128883 0.995857959864664 0.116596283524891 0.515268581299401 0.433177263890079 0.507622655523657 0.586982262094529
0.89401812261651 0.116471602612755 0.10868008937361 0.511170348513403 0.99365083615001 0.155309932921148 0.481107842240136 0.358486339405976 0.531448279070537 0.587314599518271
0.674340210643514 0.95322146044344 0.0703488853616931 0.739944101152176 0.992332914744271 0.0358325307580438 0.49948033008833 0.331815760847522 0.544120476505778 0.570749879920804
