0.448589091720337 0.505496755346837 0.0926436812574215 0.465971438392968 0.952076614981832 0.132504356035775 0.430024067582075 0.307103491236372 0.623176165834743 0.541609966640514
0.382686995764137 0.0978830020481651 0.14751675815324 0.940819247041129 0.99800718588086 0.103975229740633 0.49088557074265 0.296004310781853 0.473883261830083 0.629910933562162
0.927143862642928 0.710701204206527 0.528096023160789 0.984230623681768 0.999903306616456 0.783306375184252 0.793140473404693 0.590739497455985 0.999436918510102 0.728900646317353
0.653222429189766 0.744518568971777 0.453896542636458 0.797904863660801 0.998734726442502 0.0568598768294986 0.494621476914078 0.483732986878034 0.92918356184314 0.634095701604861
0.48098861231488 0.222620314521556 0.108029024933846 0.836208493657417 0.990351537283976 0.0972855154935997 0.478643774391069 0.296605368011283 0.533414540884523 0.483477284279975
0.106303170189118 0.91783465071064 0.0776805434456697 0.726400099682514 0.995856460306104 0.0286873677243405 0.376844914768106 0.3476522804848 0.539476402800364 0.481700280844093
0.816166810573491 0.252686769440249 0.258553348590527 0.904028989852977 0.986136830342162 0.331622986070246 0.692788872280229 0.443526210775359 0.774190655857076 0.626526069388612
0.89590170785241 0.428643359017236 0.400311407697608 0.731888320505148 0.992734341692704 0.0930160321098212 0.482339524185035 0.39233171921861 0.170988720897267 0.602880704851455
0.2290675740193 0.343646798030577 0.0494042655718207 0.397899114127311 0.915393297740654 0.043948465930988 0.292644370379579 0.304959319668022 0.0445028178170597 0.493930946549479
0.554896156440799 0.230563769242581 0.350256102394422 0.715898681638284 0.980432074652008 0.0220893575836983 0.422476298926447 0.331273780036105 0.115930184024977 0.498907065454605
0.775438375476851 0.0463999752899488 0.109290539911069 0.882743726274605 0.998488167532711 0.210572748226946 0.633047502066792 0.373339021540794 0.973798625861795 0.716001316130265
0.837102412380955 0.560610790820578 0.309837492381582 0.660403869434443 0.984021553218583 0.0241235596382465 0.374720686197854 0.276001876147306 0.0654050319736493 0.510750371739836
0.642104126273823 0.517063700094627 0.0555383601998643 0.98119637207803 0.999050890652239 0.196406511716723 0.715997865828588 0.409274627466221 0.987161637534675 0.636777263534308
0.779717069393428 0.643995642082834 0.249763984519438 0.698095132051636 0.856019516581412 0.148066789721896 0.38641892160853 0.400131734437147 0.46824440696882 0.526338508746187
0.720107870686663 0.788629933262553 0.248477468917958 0.898792250041417 0.962834548258595 0.0407469305217365 0.336235231128104 0.333857410354693 0.293293127660613 0.574638936339738
0.617426831154127 0.760696322062359 0.184773037218176 0.889267031416215 0.992719645220642 0.109052742733846 0.411022774989102 0.391246959074082 0.969725272246724 0.652076078052225
0.358421085259173 0.0332654928034781 0.194377437189179 0.414857055203648 0.899244345770665 0.0409612212256873 0.355203887682345 0.24411800392207 0.0793353469983731 0.506317388267043
0.503815043713925 0.433005783776534 0.170957248998232 0.972438226729632 0.994502247070492 0.080537417536342 0.407115104824431 0.299250964931473 0.0754425263390464 0.587630967206831
0.76405268092268 0.603630169232572 0.435005658350918 0.308912921206484 0.988577304579277 0.0861345819163688 0.537494030305005 0.27072073066699 0.536247182758226 0.601708983222225
0.0796871297792008 0.599837372076943 0.0541243757239697 0.632176408206924 0.68183686527048 0.00828616490552277 0.242613007401253 0.267627263464135 0.00158529777574321 0.466060180527912
0.815552570310197 0.0934851331431576 0.0834978097527924 0.817992854592873 0.997925192842719 0.274153959981914 0.52852967155713 0.308052768482795 0.471033519912046 0.606982498559582
0.718240195503151 0.481320366207176 0.259349206699677 0.93629663270661 0.991208109966912 0.350245372003806 0.737558830275852 0.453601993634537 0.921133269213811 0.605984249561427
0.346384092760833 0.192696973180407 0.331866293334899 0.689787797332776 0.966871313834875 0.0774281182641263 0.289354069937629 0.269086731366817 0.233708297250382 0.503252565306477
0.247449372532224 0.0864630235205769 0.0554824484946553 0.400107557969488 0.929298416975645 0.0267810329136041 0.189637660877479 0.192787545064398 0.036420049348003 0.425240823584507
0.149402087520835 0.129832585155136 0.0284126511215284 0.588933317951181 0.783591530992213 0.00948128137184365 0.219630616301879 0.219623295892314 0.0379743359719661 0.499398859318225
0.207343681248866 0.165124350112897 0.112485271527532 0.364461408297656 0.714845078078788 0.0192312886902472 0.348791601217375 0.187322571072545 0.0499422733225085 0.400363870126762
0.768037735949393 0.882145729005759 0.165202280046486 0.967830426668698 0.997617420787334 0.288370161577979 0.522134078274686 0.40247966173626 0.992595668977273 0.578718592241928
0.174677379481015 0.281731969036568 0.109286184932737 0.224092401462197 0.52667997145198 0.0113515616474637 0.206820648479635 0.283966387669838 0.00155745349757608 0.376634449006068
0.149034259966871 0.373479192809694 0.0539698321715201 0.393980209390634 0.776013092009962 0.00600947933244011 0.292903163918167 0.22272971411061 0.00911084509316798 0.353970388661371
0.413382562525774 0.299118751952366 0.315428515354248 0.571489371129633 0.993184662837668 0.135983365223992 0.382778343763689 0.372886927371908 0.220244964230083 0.494692451707636
0.534986432160899 0.0283665168045884 0.0432586673701107 0.935543035481302 0.91796661460035 0.0787051633440498 0.504834767767856 0.311023387225304 0.778755371928204 0.449048980303361
0.415112522893855 0.545219610527814 0.154758147083584 0.667027507213474 0.994960167644728 0.113097922739284 0.561012369790478 0.31773161270951 0.864141440635882 0.654908708897314
0.0543493020355406 0.019423314569015 0.0224214892017141 0.897880205857624 0.836385041698731 0.00598096979717097 0.372802518635513 0.199191277252126 0.0133175826259651 0.425483186789269
0.195928016742158 0.190857810340349 0.109304203874845 0.61057305510405 0.971515235084501 0.0268216090299782 0.354399280123781 0.2865603447886 0.0969185042780694 0.325738635398468
0.953134675009653 0.875284269647559 0.297575372703093 0.930882496395357 0.99942105820191 0.437319667998606 0.73197925809 0.439019621954257 0.96719770532071 0.614674263827922
0.503529496924544 0.80884292930629 0.0417691920762687 0.496010188161408 0.925763869565288 0.0127269721597728 0.205861453894412 0.244843726176839 0.174038699719242 0.480253970736791
0.64115712161577 0.235284032227931 0.0735458999387823 0.789774102145153 0.940247536944968 0.0347929261436626 0.248455224241677 0.348478832919401 0.0707494837064035 0.507050337514691
0.772777530679259 0.874648217300699 0.127505925495517 0.761158936051801 0.994946965537726 0.162354631428399 0.523570253814366 0.342891222316955 0.520904499632299 0.586393733405429
0.222296910306829 0.046647922630355 0.107294356266944 0.58891809814333 0.945997003222189 0.0310608640877419 0.266049931028386 0.269905891363333 0.169873747799861 0.507070469824421
0.389409250673439 0.181821609859844 0.137519607266021 0.227094074835784 0.946567884772914 0.0149368531417954 0.36957716902986 0.367938481910726 0.337159541950048 0.548274829102474
0.404510427590084 0.76055667889258 0.451607976110423 0.931144423329038 0.993901903189305 0.130392520146393 0.511311720951957 0.378997801216988 0.375308411891823 0.443050246042772
0.243619672009811 0.844060562337083 0.178851995899878 0.719141298164653 0.985481340810206 0.153043824584887 0.503638108254507 0.317051844647837 0.594409395256931 0.588467875036849
0.781874851463711 0.331689943315269 0.120161995896913 0.933370119316267 0.981137426331137 0.173592801346147 0.583602657526796 0.304320156003174 0.920242038990416 0.632730266202383
0.656291831007719 0.801435591446191 0.350423823854223 0.89595915548848 0.995541310785373 0.0653013620820866 0.386431811886698 0.408706661147992 0.670915063301768 0.556062950197099
0.610975064323423 0.583029793625971 0.34182278533232 0.451653056786976 0.992863417231741 0.0488921023499623 0.395882722646318 0.415163568418381 0.236879599578872 0.548104427124852
0.725352764292776 0.597199599946733 0.288688098286569 0.605608427688448 0.994027857168935 0.0320231327457614 0.338484557340636 0.335188354487695 0.723267521531514 0.561588077998471
0.577785791407066 0.0231430513277873 0.076454440412852 0.8384787117531 0.959388817530045 0.0478540400381146 0.351208199940032 0.234649690954169 0.27320673101884 0.500034048617423
0.437196373163128 0.515060393441027 0.107489592322909 0.845715835425529 0.995918883005207 0.341171329622183 0.484077767701043 0.334893659848639 0.539301944240508 0.513721879408763
0.164941847588956 0.563123448766674 0.0984905074816775 0.284856402992097 0.949199422608364 0.0201443047630105 0.467363851182196 0.365132103683567 0.28328902197952 0.554747884991453
0.917672411658507 0.833539751220342 0.445351112002442 0.764844641399267 0.999064657917975 0.523073881075232 0.63644335620523 0.553431503223501 0.968043507319465 0.723027681241284
0.657641931553286 0.250998654836456 0.121818921683222 0.955017212083625 0.98616474261471 0.0454181552203037 0.490240673675344 0.307928654184992 0.798019306969793 0.595227862804803
0.317157587969477 0.163407944904641 0.0736382410191676 0.657880850354457 0.974061370316167 0.164311717994142 0.424175778384535 0.35845151110989 0.541819189307499 0.488003544079466
0.604018716261808 0.659643598003245 0.206019750378021 0.668787072219042 0.993081130107575 0.195293763749056 0.504559017514982 0.343827272595377 0.791358815414346 0.637506680595241
0.290912651565752 0.870626491353629 0.0886982499330654 0.300837814927651 0.976844402223168 0.0549240563332711 0.452006645345757 0.335158945183052 0.121416578332273 0.535417779552099
0.186121206483896 0.331610021091713 0.191687810110022 0.788898909357351 0.96375444587537 0.0825399800762844 0.399395359762206 0.257176079336339 0.195410559840249 0.49082550823426
0.315589713569428 0.537195349652343 0.250476251270164 0.531173790820734 0.958311843313379 0.0207209174889138 0.330949587169635 0.316672601788325 0.226265148537022 0.45980981010353
0.13346278540246 0.107317488487311 0.0337278228171595 0.173452239117643 0.87725860759481 0.00270285672581347 0.246669243041191 0.229888490817908 0.024953293032905 0.433008277975443
0.525342606933009 0.282810683275942 0.162444213384679 0.718893374663429 0.983048323523401 0.019050199376757 0.329827576425783 0.454743978337629 0.519941895831039 0.592674196663966
0.196142665193968 0.210381703072097 0.0814071002151582 0.794656187526593 0.991105512949782 0.117531378696683 0.498105918228455 0.316299622890842 0.413013194145303 0.577739873199126
0.779042154295226 0.852660531251419 0.216722268400858 0.940943186352157 0.999766178397095 0.396692775618416 0.65969476560922 0.54816398110827 0.983491076156525 0.560432518653666
0.159756451288993 0.362881294227335 0.160780588023068 0.462566566107279 0.821426332721929 0.00569096395106696 0.216224926572354 0.21149490864981 0.0335830980546302 0.34132507010824
0.770699635677126 0.508388716630191 0.0987494112169956 0.624482604955079 0.993064057373059 0.138480942571092 0.533376506997429 0.374572908595316 0.742895671915491 0.50469553966403
0.336937363705144 0.262545364472844 0.125840004443765 0.739060159826318 0.854663508033746 0.0228857738241058 0.314415196971399 0.345403357574526 0.205278318524689 0.437606055243543
0.284342403925498 0.106818312878444 0.213276076510328 0.961666455356166 0.939817976087658 0.0874477642171031 0.331532581210365 0.277689801246857 0.332811701508502 0.551718078933101
0.0981956404071767 0.00705395125522433 0.153595929852266 0.219082706423933 0.853613876919076 0.0197504371000843 0.189834426108862 0.175134570557898 0.00944361949178732 0.382553656318063
0.28033206961258 0.490679027878118 0.333014069931917 0.957457346172122 0.99893718428207 0.196238712969879 0.600755782270194 0.441804933144295 0.717168662138756 0.674603306947699
0.103192963407876 0.157264612490227 0.15181585836295 0.348735831856807 0.786019998151134 0.0140413008489722 0.189560110240046 0.185132328102905 0.00520453505929272 0.296510379410445
0.853754584972806 0.830147101921694 0.106722656686396 0.808890577907339 0.994131555960211 0.177098725388689 0.533186375510734 0.378234679748812 0.707279888215884 0.614784731026116
0.0983024789208787 0.688437395049928 0.0631263930462779 0.834865313512773 0.943521847942467 0.00369315428359554 0.319260058451433 0.287090281900934 0.191779453762004 0.397795103580804
0.0937247120455462 0.0500382419440968 0.0884946451423819 0.262303373864171 0.947118833564271 0.00712065997909928 0.316445578135642 0.226874022737586 0.0770541579721474 0.432372018097983
0.897660598742723 0.434849957385206 0.32245577364238 0.876680633309465 0.999215860062315 0.254176094837168 0.567045822785151 0.43707451137023 0.928024015377032 0.641012525799134
0.727535531737038 0.603218586945085 0.254520697387658 0.807830803929847 0.997362919894849 0.219098580139998 0.522622449418179 0.382979769597849 0.834696115777645 0.634044067515726
0.815567930438601 0.889207113445882 0.692046225141831 0.96005416445413 0.999824273362326 0.472230364939305 0.825774532776517 0.546219842675668 0.999640019564044 0.554270268814782
0.456098336006642 0.834255354013014 0.437086885651798 0.943179860599848 0.981610363300987 0.0838238663163672 0.415149113987234 0.292045811830749 0.723536345649219 0.549454676186028
0.533111880766276 0.123869359567525 0.181369403371127 0.160596029316236 0.880271241509655 0.00879746712302876 0.233585054443066 0.265125818698475 0.0302492234523208 0.45764403829304
0.764314379719921 0.947157709470551 0.167356770543507 0.766480859648112 0.996604797237237 0.156027361153523 0.650043652461255 0.381598438244973 0.794610953547793 0.678535990298196
0.188191685551984 0.438559174803737 0.0617460058934525 0.409597543914535 0.989986631030342 0.0682617678029631 0.377653949024788 0.310584794306555 0.111593796744694 0.410130924727814
0.429468061764058 0.83629084901727 0.256936277895451 0.777679233761345 0.963919364337791 0.035425239186675 0.449434899348471 0.39668720998097 0.564899578358816 0.508103106028618
0.0769026344650208 0.0112534253566352 0.0332694514016583 0.789433137363229 0.928750122047333 0.0161688288939367 0.23472994288169 0.328120618827407 0.101759322977985 0.527305944497765
0.714187111963741 0.241738175787729 0.110097489298062 0.938548881779693 0.90358504024464 0.0831346814746428 0.333164464898543 0.342853692255492 0.355632746287919 0.468765489849586
0.76952694772671 0.225957526680991 0.315988921287528 0.965725788934244 0.998726092122938 0.412520088760263 0.567017068013436 0.503886845576793 0.846729126140463 0.745817877113915
0.954609096428268 0.650902883134177 0.572821921187489 0.802887665209285 0.999262044615089 0.196241436820989 0.608350119103238 0.427161785382333 0.740051858514919 0.670077028988774
0.621859540365197 0.768884163873956 0.157537346124513 0.979107477359807 0.993413803468723 0.250504084689958 0.479384520026745 0.42631030321349 0.787799879308424 0.626792001448128
0.531371451721024 0.51661726875246 0.09341716899055 0.524383669274461 0.968201032684827 0.0440395013355057 0.340773097658195 0.306896542733378 0.259562750056256 0.473178277530909
0.52815491732353 0.751917376667544 0.0570213019606709 0.546790981221662 0.96854051860191 0.0715988002454505 0.450732255201459 0.368034177515764 0.396643102180276 0.497571390644238
0.2841625161115 0.0561333269525293 0.0322188068252654 0.713164427498281 0.92499854435476 0.0535256237038963 0.318249123341659 0.326045076031343 0.287772714637119 0.476347418200228
0.420452503033167 0.901962624721514 0.171795291678576 0.916047454672573 0.949656794600006 0.0308681855434854 0.328604074702691 0.271150987577208 0.0732644845729869 0.594787866507556
0.91144382446875 0.953707501815985 0.272451550718038 0.997167601990879 0.999757798168499 0.816483273893093 0.775840950999032 0.496455913684847 0.993659946136899 0.800036927494132
0.900966515288659 0.825273002644041 0.200277705340961 0.456216771952499 0.994216413270534 0.176502334136693 0.485746462929794 0.331638153932107 0.896882972586174 0.770662027584798
0.60715639333665 0.449766346080056 0.341001370390173 0.744793652111951 0.998474340602354 0.175303472753518 0.604417705123446 0.388441523298267 0.751122663073674 0.594663897190431
0.58460220141846 0.218690023949047 0.236598667734857 0.881382400814096 0.986320756897112 0.1737275499721 0.380491103735601 0.367584699536774 0.917129429917549 0.526931161421433
0.826088536222516 0.483864047136499 0.287153481198292 0.952708144716611 0.998055792592588 0.386702996996629 0.763704500641501 0.480744338207256 0.993171230990565 0.71819820491042
0.44338533768956 0.273091000148662 0.0648501635603235 0.265823606748145 0.913862318598853 0.00636138302836501 0.229549337397191 0.199131133759031 0.120845884848709 0.370213563647415
0.511017386470787 0.11737709358394 0.0719265304555536 0.814926584630138 0.992884366775057 0.0817375738459994 0.519761323627978 0.376440953235417 0.417296515560426 0.591291223355677
0.600303080767068 0.676340871976701 0.347809335503674 0.72468002621427 0.991323487507148 0.177901684421498 0.582834032289531 0.453179651579738 0.922302615115315 0.65150541499564
0.558269007606982 0.214165376097215 0.191469976702942 0.71351445790917 0.983411955009194 0.167389146288489 0.550505253758169 0.384916539966604 0.95133123815977 0.601198888297624
0.327741832706637 0.89780881874364 0.122409611244847 0.518716256900852 0.994144177362843 0.102252277310639 0.374860617963985 0.302780182473721 0.553342655103831 0.524401922808402
0.191087598235839 0.3422851030272 0.202590932604865 0.654408880504379 0.990640436150039 0.0878836644325281 0.298412592741176 0.287845730547613 0.823569727357645 0.588936258108892
0.658232091061048 0.579959054759329 0.25376352245168 0.935464434631244 0.995569163068347 0.142215058417095 0.521638499067422 0.410933532272956 0.987090665007509 0.622454048062553
0.0802836993214518 0.825073343188803 0.238667203919495 0.633426541107967 0.94264049116139 0.0230304356561653 0.247206041542657 0.206803906721331 0.213169870550749 0.512494518577833
0.849467998600816 0.471760617537261 0.0835054042805177 0.830347156937905 0.999173068330981 0.468642149815172 0.669231602931746 0.36411382237008 0.99058411820015 0.802131970618355
0.949896742867746 0.824131923009134 0.383396382021053 0.528768153908313 0.999223121817374 0.323442549936983 0.607395027138275 0.524465559333844 0.98224126517471 0.68524898363691
0.442313437856823 0.283770121602009 0.0841017033052308 0.765920347226427 0.949694222163027 0.00841660468538884 0.329619219938223 0.266941829226416 0.868646745180274 0.521271851795944
0.157048470569257 0.351496580983123 0.0230340564050264 0.666784479933839 0.981328922548469 0.0377555896104505 0.306958902772241 0.392405453952545 0.194981604813141 0.529611551366142
0.199979553771106 0.288265315293457 0.0396360124077602 0.760066129118145 0.972286543618388 0.135533854106171 0.353909885703378 0.419383427312475 0.668878237084584 0.462855241028869
0.962377177497097 0.169260599016541 0.396396181827222 0.967537119444645 0.998498389988091 0.412898740740091 0.622983064506614 0.408735689301556 0.949886707830673 0.611322063578004
0.331081959669831 0.778082148223813 0.147587928137278 0.942370359674581 0.989664853575131 0.140154347905133 0.509150926704018 0.437556765233295 0.550633013670136 0.582367693832674
0.367830323865479 0.344014118190933 0.419430621998002 0.980826142092105 0.989332149057565 0.121867248380515 0.580232889951705 0.350723634645788 0.509028014140145 0.590416592728961
0.318419697102586 0.598144350364056 0.524316136792222 0.697463691704706 0.988612532166427 0.0911150885310812 0.330330433344318 0.34465614558849 0.104200343448371 0.497617950262763
0.667051277228841 0.159567151010282 0.382025771159045 0.829607900367032 0.983742935966578 0.418717291895852 0.574655552348105 0.451924054607271 0.704570216835017 0.578673752296716
0.604409258998799 0.429382849174805 0.160612202802922 0.326629359018196 0.969025512174252 0.0206899674213394 0.238062773770175 0.288601813874658 0.0692496997769416 0.445463618279968
0.795321874692566 0.795711581335525 0.207647868913003 0.866337147877188 0.992236916145551 0.203487540229674 0.597566815987922 0.352666172276372 0.774478537494811 0.638550046255275
0.805673383329782 0.270900097620813 0.116375688445702 0.296823253957227 0.939360645837432 0.0271104684656777 0.352854693001522 0.306586971232214 0.209502703848284 0.43988804570173
0.383051976296553 0.293067309473687 0.338781321243061 0.886709462522495 0.995785798737032 0.196138008903583 0.446760231009164 0.312105796271087 0.372484583255793 0.607875241644737
0.86593603794819 0.917872644635276 0.462973916754451 0.989015176629026 0.999402847574492 0.606979143189426 0.774042346339881 0.527058209605339 0.993276645775427 0.582796840630828
0.868077542194531 0.808843285902272 0.389210505742704 0.960303853168425 0.99209981176387 0.312132917666702 0.482776059974698 0.458702940055636 0.970579809251011 0.639547636618223
0.226367369929428 0.12141574171388 0.133584190794556 0.400557617167372 0.693925583129469 0.0416035455836609 0.256455101161004 0.276042290456762 0.0333432125591116 0.283982212936341
0.050322772614187 0.166041260500116 0.0582152028356466 0.554258148870563 0.724799097197186 0.0210272328788765 0.32216123311809 0.267403008586593 0.041810002688845 0.582308535896302
0.252373263102643 0.118721949473474 0.160151959515777 0.954991482310086 0.906994119580153 0.0378953813865401 0.371283204067168 0.364533021095737 0.38950832621248 0.474718871424812
0.435507389620777 0.834609165742326 0.100598948194704 0.897720098469831 0.980026422440961 0.0393267429912437 0.314012488768002 0.328600398298153 0.389829023832961 0.536538406853269
0.286012049522722 0.282712095920784 0.097056473732272 0.852769152927783 0.951159985540887 0.0220761309885882 0.258815176620778 0.2843781167959 0.0363363472362755 0.449637597412266
0.098994607771023 0.978735892337545 0.102356679235388 0.747635665922101 0.953798303644795 0.0308412788519048 0.473360816065605 0.308050142408903 0.258306143480411 0.566792135289864
0.792415212445727 0.654755354082049 0.0699532602844562 0.872090604734547 0.994872948880244 0.0699282631059558 0.421327095423881 0.303355398446226 0.783319487255744 0.513122345569017
0.923356590889286 0.885112075926605 0.336609278171182 0.893350474792812 0.995040457290649 0.254242349666987 0.536039215978036 0.363050713221358 0.826141139815559 0.72700215033509
0.86433464703452 0.350652789338313 0.118943648341376 0.969542023542241 0.980836892955698 0.0372796782186943 0.364780072782066 0.307693075702149 0.466516137352926 0.527926467920851
0.113583859188323 0.102791860230702 0.068935301199973 0.13233459568999 0.857377784279298 0.0102716962937484 0.185035977585019 0.264427531375202 0.0103695202800999 0.394765269781898
0.47907480243517 0.26834410733587 0.177560205335053 0.896740649926333 0.942841893724705 0.0293399380045004 0.394416672292373 0.294628408606551 0.0594439017511054 0.547383194715583
0.845231484525573 0.632256052733836 0.264282867374893 0.832624598602349 0.99360954318408 0.120929426025411 0.632829267867757 0.421002752743489 0.902261286803728 0.598572567086469
0.944890013899366 0.767095480893257 0.368857043672369 0.956711806390313 0.999088392141504 0.562344544721054 0.652109784288278 0.481253005858258 0.993855573244507 0.692845133378339
0.0580384928571079 0.732523954875578 0.0817161565566244 0.21051737636232 0.959528452662552 0.028261681018528 0.427375796710881 0.244976426358648 0.400808919697297 0.525989430736032
0.337978105100585 0.707021529468112 0.118008119623753 0.214081154869167 0.898444510571302 0.00223999495266066 0.178502223480504 0.179767878709678 0.00349434603175111 0.528595846654085
0.769044432872112 0.939961879994327 0.225354942193081 0.961203478243595 0.997066698175394 0.328108253047154 0.627834050604885 0.305554405879895 0.931931535836617 0.62431593470816
0.0504917998252124 0.621021411928599 0.13632135335503 0.17657425555844 0.830652720797568 0.0141636364038556 0.265796154246185 0.239251791904482 0.0133448481372557 0.467822899664781
0.242734484467338 0.643062309997806 0.195723629663285 0.716128065758878 0.991257066506532 0.120540027840197 0.471331993832841 0.348403396028978 0.330906692104428 0.590927388722422
0.140556564172043 0.41691784742851 0.1201941571631 0.38737293057405 0.957626373140321 0.0159839955949903 0.297496773425401 0.264112596751518 0.0681889834834847 0.554856963203866
0.355568025504856 0.528516088154206 0.323468469208349 0.895772427375449 0.978215324417185 0.0669240130924593 0.485601398459756 0.335284352674136 0.76323771828108 0.524126594920898
0.639400269969452 0.953927752335304 0.20220187151296 0.905610788968349 0.991593290069675 0.135115807817776 0.476964458159713 0.426904720919275 0.790257637774986 0.579827310607082
0.341691076040413 0.367329682538229 0.0984986045478154 0.548570317095716 0.993106645157878 0.0553410246392933 0.362663606445184 0.312672751841137 0.368493720921004 0.579684775383496
0.133127886757897 0.501717617029126 0.0993395374035593 0.772780126764139 0.993212481798841 0.124398852760678 0.483154380437199 0.479912069047094 0.757256683014343 0.582187966487647
0.454479590325902 0.246919684022649 0.334448957694691 0.665484219484107 0.994468543187617 0.422885062994522 0.656440080340535 0.517801225788504 0.951994404912905 0.674876826575803
0.487362259612985 0.269435231483259 0.137259038448781 0.809008125332602 0.989153376683362 0.0779681795315757 0.38138284112838 0.247631236860943 0.558634088137987 0.434170841615301
0.680531706974766 0.615629563317922 0.245432161046189 0.898203083422919 0.996715698332749 0.0468227522635616 0.572388363323079 0.402031159239929 0.754515080079297 0.725262020293071
0.821192434263482 0.75621816518026 0.238406393075879 0.894993609936296 0.98766566040566 0.114108841968758 0.446110596315409 0.358820520731583 0.576506437141847 0.529742293608861
0.742490669123709 0.598259893290307 0.346690729939359 0.753653062747011 0.972582979513099 0.0950487979537536 0.504608854373697 0.431708526558891 0.65705357316417 0.529493632966641
0.617280984917464 0.994545469898153 0.3164764635093 0.800844936517682 0.980787029168352 0.0682316138479907 0.404842962937797 0.334823701042823 0.484566065558121 0.530724296799163
0.29669272781984 0.578497600831069 0.172683962151593 0.672379156257025 0.925921622454256 0.018004896891039 0.274647919346723 0.281382999082477 0.472849763609434 0.44532102994693
0.45668925240837 0.577214921801574 0.347341204121517 0.772574571067975 0.995526689270936 0.295799877624004 0.638271991836718 0.570881206419547 0.998147755047407 0.605845317945264
0.917121757067271 0.954331878122746 0.27116012297024 0.928991051216186 0.998150021900896 0.353896419082882 0.674000029136922 0.455601849792128 0.930655082085469 0.663418834820596
0.970947001193288 0.905150559094484 0.535508776079056 0.975466962425561 0.999353832504106 0.751687210186388 0.730741016325041 0.497280039166836 0.989119172214143 0.690281575783156
0.492423846795279 0.978059769246883 0.171066631452839 0.855649176438796 0.97285749644992 0.0920460856107154 0.394665274712681 0.365472187999973 0.744512226913955 0.539474578042032
0.2455734301608 0.0561396722003748 0.286329592912234 0.802961565979554 0.955842393795549 0.0648303427258222 0.339367968172828 0.418217743897412 0.735925329544358 0.632213352506752
0.466350702640004 0.386683245536744 0.554047583136871 0.929696243515485 0.990678115024291 0.0322878819156391 0.440401763170139 0.39300082925974 0.307351230325067 0.621508947156632
0.813214459077562 0.146648455330803 0.283698820667903 0.887001803545558 0.997263900186437 0.15942318837146 0.44568744519888 0.429936196885517 0.874496108989143 0.594203464232287
0.908000886676977 0.794662477222866 0.486298914702678 0.840891153956973 0.997663614874137 0.175684600914279 0.67599333579249 0.46722248087788 0.976755021665585 0.70307755080957
0.381920722083241 0.224927461861436 0.123713458214505 0.959900277672672 0.953774111741014 0.0254730724967085 0.364415460434262 0.284236605414568 0.231766642555462 0.560834626469297
0.655011098774612 0.215906919034374 0.29211320545079 0.825899828819107 0.995922965600758 0.112870361398554 0.497630639656032 0.419631460961722 0.74241877696672 0.559546353832459
0.116817660497589 0.679283842508189 0.196002967125883 0.779628395731032 0.988121894610107 0.188740522711533 0.414930380032571 0.31354118977843 0.410302301965812 0.589330378926022
0.67576630708731 0.112554107560472 0.205769236605398 0.770987546707473 0.995617613762106 0.084972136562409 0.452309728947315 0.373689928134561 0.838634326176819 0.561818054000047
0.962058043392307 0.673691954193418 0.130270100110404 0.914486804542906 0.992693522859691 0.5341747175785 0.684177647266487 0.365718902160887 0.594367847668943 0.640400840684213
0.911460126019816 0.923119552943549 0.57480865248287 0.991585720184414 0.999973251132369 0.913053617148328 0.820779432128809 0.497236225413435 0.999675442681342 0.754781027096326
0.74733231906431 0.924036907715643 0.226476479067038 0.975569660044651 0.999017391994102 0.480053739393835 0.780853269701364 0.431231641448963 0.992064471454727 0.65105550629502
0.825238594699583 0.980813859929581 0.155921096039657 0.920306105052014 0.994714127258029 0.314998681944114 0.476145522868277 0.351840443460899 0.951836134292094 0.637112528458596
0.939504283278488 0.665440493864664 0.0678281119561704 0.632670719502872 0.99180330857506 0.145081048614986 0.665822372624683 0.350562430937107 0.947085714964254 0.556194153572254
0.908570135800266 0.0725897181792809 0.141464499432648 0.670200548597953 0.994155844804724 0.0987865441661779 0.510175503267648 0.395395198400629 0.878825526013992 0.572816988090372
0.79795102998046 0.982951081364208 0.443513210805377 0.991290918456858 0.998365765210277 0.414664404918988 0.772704010451865 0.488033865066348 0.998021992034613 0.707892887431448
0.329076914989062 0.67029387576873 0.14748088537784 0.758040540101076 0.970837159834396 0.0498552019099341 0.366956576420626 0.369299155372118 0.625727607209295 0.624305797591229
0.426968815122795 0.596096715548431 0.101154128835017 0.943943596871542 0.975570103165165 0.127765918623745 0.488239303093479 0.350565113018147 0.574491803835146 0.571112725994257
0.665872687046343 0.889019494987423 0.0193366016758154 0.809233143098067 0.992530953237517 0.0390719946098588 0.360123037761455 0.257694543610956 0.777569636050666 0.638855323159085
0.684168507831169 0.519053626236281 0.124938853910301 0.772686914677924 0.862888251725006 0.0279128931419552 0.344780734367838 0.245780810539246 0.0104276433313278 0.50866741719719
0.850788227398116 0.104783065969052 0.100577421328287 0.445456759980321 0.977067471644014 0.14817366056041 0.48076688531202 0.344314374163648 0.503183505765922 0.666797094131507
0.918057974527586 0.774987932441282 0.0922229147226857 0.812673252079267 0.985269022082086 0.144747382794546 0.653627707962007 0.411142188149248 0.688948184579259 0.61717788345969
0.850828800108016 0.74122131209383 0.207072812083282 0.77384321591237 0.994368625581183 0.178136221329424 0.543728645215571 0.406257359598815 0.653142451150106 0.552380414907579
0.294066948939927 0.565295470458122 0.0768817567573551 0.511084959874418 0.97686649918344 0.0281534269970927 0.361863998225117 0.370961444679908 0.347066213449718 0.494473375056605
0.840880911818635 0.675181972849364 0.537555528973382 0.857580062541366 0.996632764984584 0.150991173707989 0.62664410567057 0.404346402718016 0.967599738616118 0.693210108457426
0.368238222822775 0.921187107877359 0.366041126816501 0.865163968382037 0.998575522104153 0.34027748354723 0.52811299824876 0.411451831092251 0.992922656628411 0.61327662719839
0.91027631633977 0.834793216482537 0.316396468696438 0.876462604514433 0.987371259673851 0.254849989451348 0.584305794955293 0.463717792378665 0.945255512503329 0.694088575856349
0.808916322843093 0.593421387348391 0.0793450554300871 0.905264413074887 0.994762370100379 0.243115306257035 0.575868495844352 0.378558397767062 0.778829300481628 0.630351751950507
0.815197862817189 0.513747755053592 0.155363822792498 0.752306611707301 0.994473973941275 0.154986925196832 0.436539263518724 0.296173827664375 0.670097506041806 0.515954167058947
0.884415103804063 0.986770199281788 0.19352046233242 0.590475306134828 0.998690088795225 0.374313554887083 0.646445152461922 0.383711086087406 0.979992599930057 0.647132284791941
0.660406090093643 0.475914187249474 0.177582129002659 0.809502112992453 0.95458807661801 0.0615205274780509 0.449782535028109 0.35844834686437 0.514721198283823 0.538568205025243
0.950686940649289 0.991379278287628 0.205811475636465 0.980184817564945 0.999912126468654 0.868449538376186 0.853331655070723 0.641949157277953 0.999866376260677 0.818099261745483
0.857465736496154 0.466441677404705 0.128988419747448 0.97921787311571 0.996602467254465 0.217794592491709 0.593961618150338 0.407988014858337 0.870206144566441 0.616241272830581
0.909287238353309 0.725038433390921 0.238973750419207 0.700033870147622 0.995371878908422 0.300534525525717 0.55363351953375 0.326341739856256 0.977732382694581 0.574894682066354
0.521133437873313 0.261057991055714 0.351572356670556 0.842339349657133 0.994760091742207 0.0996822471492719 0.325399511832764 0.354040283074566 0.406670756742851 0.471488632381842
0.152095911098152 0.309296348495174 0.0583333749671535 0.19744603438193 0.928344196206314 0.0167865901137025 0.260884599413716 0.221228021162947 0.179431784388701 0.382355122818414
0.956567740411568 0.449293302900152 0.525683850478767 0.916821483263799 0.998195700438236 0.310133175905597 0.687504236372364 0.395426253559285 0.989798516440788 0.733275833746296
0.938195080140921 0.538018196928619 0.199583771347452 0.951437416180166 0.996286472932373 0.442078591630914 0.640695629193033 0.540509107222462 0.992780987182192 0.746724991025802
0.834491115095958 0.541029133028291 0.186715144007509 0.88210604330735 0.997964934578277 0.326306443986944 0.485184966982587 0.506015351365113 0.932761420988417 0.702749738524749
0.416364951543357 0.361160321756868 0.209160337197035 0.506188998420635 0.986625926533689 0.172119848988393 0.339213221239051 0.374348097482057 0.624237845343256 0.560894631429311
0.151334923404027 0.6536731666659 0.200116698700402 0.514969573891342 0.863867574542942 0.00823200483288443 0.245987948237036 0.347047630538209 0.0618512610307628 0.519677873435934
0.493839507142352 0.214062588486104 0.193111927997034 0.876460774038264 0.924111821081044 0.0717706925307273 0.445732922197519 0.316234102582876 0.341231222844087 0.573394209463628
0.751901196817202 0.653272139562087 0.282285408413844 0.945330176493349 0.996613718847757 0.0532709222493902 0.57594981297061 0.340789623761876 0.692956725108207 0.727519143238233
0.777074086535848 0.375853822632259 0.27789365570301 0.964519225240128 0.99972414316848 0.314966992960541 0.658408164804015 0.460297720906339 0.998343814129966 0.641863914936163
0.739107556956978 0.293112824046891 0.149621171852439 0.75836395366947 0.988592882795458 0.0529150745855024 0.414989022069163 0.337038761964552 0.471710325697907 0.583263483812719
0.30445293087771 0.423091978970351 0.20816101043005 0.642475216455188 0.944900986242318 0.0142979862272572 0.394810481157751 0.295640442770395 0.197743833738546 0.486874954389224
0.302847667882996 0.317263895491836 0.0318477465941403 0.849186961267948 0.962282044969949 0.0133433529280918 0.298325599450537 0.341430874823227 0.239123497446839 0.513443470888374
0.385517564373139 0.926722556687307 0.0529668291852903 0.454159135348761 0.945437163304578 0.0278055272148536 0.261002359001126 0.225911342479305 0.177440552439842 0.538830198936245
0.637206125853916 0.530675669838051 0.219523521412812 0.772699588361983 0.990687116457822 0.113747807435328 0.486147535976095 0.352616500490535 0.61312884010183 0.600289124269047
0.889310667484665 0.994606019863195 0.331844039827018 0.971401212962516 0.998434302427218 0.332629288971029 0.715710192344692 0.484338339372566 0.979749288858394 0.56410064308029
0.297736258676706 0.937951749157457 0.0956606360626282 0.810433000887291 0.99390971684922 0.285911990926795 0.56624180014586 0.45133332666154 0.650824056871581 0.656967795264775
0.37585617318719 0.497922657884143 0.236705785195398 0.710671926425591 0.995110689269054 0.0563361128870513 0.384680235260151 0.31220984118076 0.30495944824486 0.595643441566246
0.897982507352814 0.0797628156325053 0.0109714320267027 0.654624480066711 0.815335549921074 0.0254352030675583 0.214430321224764 0.269777689891044 0.0309245619809265 0.469581428482105
0.471486325608114 0.426309547112845 0.306189449702442 0.762830909576591 0.995708871424537 0.066861645184526 0.411032241769352 0.439196575116848 0.91866024142914 0.641811716827548
0.580364623489378 0.673168321439107 0.0518483127008499 0.826050431960742 0.979276639972409 0.0889495877111268 0.447617546042367 0.405377697553871 0.309871927083678 0.584122519846359
0.145388324013117 0.586156985691505 0.141872697054947 0.929547891787293 0.99575927758903 0.203465420813639 0.472760783220932 0.424802443909381 0.981005057071645 0.638056657818603
0.158366772295648 0.0741238761340953 0.0435379656754567 0.538121648556218 0.941719036568146 0.00401773880972882 0.22352617228344 0.200974738167376 0.0018015106186599 0.449968683722874
0.0859543200652373 0.442435749910616 0.147775855157066 0.469047075434908 0.973496970348711 0.0237322952749233 0.350076474972335 0.323097346258688 0.253532010937696 0.454686148591807
0.126912577983654 0.241619021791054 0.129062898839224 0.152451417265158 0.891999766980436 0.00917069363509335 0.233312993924017 0.235389689830005 0.0369158116357908 0.421459365925537
0.806141972245753 0.964019876306899 0.132774426709178 0.803662350361044 0.993504211115953 0.149486574719643 0.454890867847279 0.33600483339123 0.765638366607985 0.592720230900076
0.940891900325342 0.352530490812461 0.252643180701846 0.769975051225653 0.997975042627 0.207801454611291 0.642693912134939 0.496671623549304 0.861137742989257 0.661410553136461
0.972263188797917 0.65600483392567 0.168011793687475 0.984917401239391 0.993131960622888 0.725197734939063 0.770422081956494 0.543091595263867 0.960112521862909 0.681130983061753
0.427605189730812 0.492550713326268 0.532989382047043 0.965362399362998 0.998905767015885 0.15060043052983 0.662996462162453 0.473685220288612 0.959223430014937 0.670918810152246
0.479634313313587 0.155515784402705 0.169864287078314 0.888763853756213 0.997355443726716 0.0761212025862161 0.456068433569536 0.390495533115231 0.893957833286748 0.539776931615106
0.710419122144234 0.912790936625395 0.326343842078629 0.866733521719555 0.998774775744415 0.125968578123821 0.489473719462989 0.34654848797773 0.663504646871383 0.545680368333979
0.644109404243065 0.623139640096446 0.165190317905888 0.488192804315311 0.937180285075511 0.0565583783595799 0.338552781505488 0.265405190404958 0.694948057600414 0.493362545575352
0.511792661035289 0.851845834439309 0.0719727486881327 0.901141073661842 0.998012523456955 0.206985505775357 0.653713961441088 0.434023041038942 0.914356667062293 0.575596586522952
0.865107505975943 0.844918665791666 0.0933254630551282 0.911319203317854 0.996569389892556 0.121118953938857 0.636027935685796 0.518376654211571 0.922868875649305 0.693146116644674
0.865769733155633 0.411895616595094 0.126090296255442 0.880536061394463 0.993045676846605 0.144539708148974 0.51615975207874 0.422405808073946 0.848187122566631 0.635776245609515
0.0588061842342188 0.664904852033205 0.0508007172882723 0.544240210594594 0.768081938266451 0.0134437677142929 0.170370499740278 0.308427086136657 0.0270148179484278 0.433373038214779
0.192372696893922 0.243317578619257 0.0579120812479173 0.241037094954668 0.799965493225742 0.00647968019755548 0.264788041066143 0.180949996317171 0.0219687832894724 0.431234962480867
0.907582133527468 0.415668555056601 0.254961904790399 0.935405276464802 0.998163339710559 0.5213356457264 0.737563905456814 0.483097907759215 0.985962420271338 0.71688484958576
0.370057262714725 0.711851849039644 0.233471821444 0.971904925597438 0.99771160895136 0.514179797622294 0.634902655177282 0.388756225297824 0.977095981940364 0.656519559218891
0.667989147071019 0.138735000081146 0.12825377229805 0.825453433739788 0.995477492123577 0.0880996971086891 0.544704865719394 0.371350617918192 0.772236354762987 0.526100562488236
0.238710544369521 0.927150735344286 0.0575007145767645 0.870882859036338 0.998838067129584 0.143677425777927 0.609685324029605 0.48938194621408 0.962911759161847 0.587692562187457
0.15655879266616 0.93284918769309 0.167928633237042 0.886853296522644 0.987386441187762 0.0272099488280712 0.470203298018887 0.30310066532915 0.76710271994549 0.649397847606961
0.89244445031974 0.0910337297671847 0.199319737512021 0.837734351878074 0.993719444238185 0.133269937399248 0.539311133927984 0.467260731055885 0.828800776768706 0.647599348340664
0.0754351633388472 0.196562538629245 0.11168919779611 0.680992119787885 0.981998147012435 0.0194338807366085 0.287733173918299 0.256091572085926 0.314822024682988 0.553629952854309
0.325436506243304 0.514015389312279 0.205570758830475 0.374455829375271 0.79170072391493 0.0207917748165239 0.211407141738748 0.243335263881416 0.0865016642378919 0.493102176407487
0.41578665347181 0.69757934757931 0.455262173058748 0.859866860163877 0.997045322654288 0.224755376813976 0.702830121090396 0.535181895787576 0.97002536964665 0.597374692079643
0.341957434283454 0.0163336163079299 0.0956624544239566 0.806843577386704 0.991787451601846 0.0362970809808586 0.400146644178144 0.424622536802952 0.727556322294197 0.572719090540407
0.275437791007757 0.0366666496627371 0.0859622395780106 0.289794383562495 0.872332886294573 0.0100243065909922 0.276137262121137 0.264206505896284 0.108484261937768 0.636069232280296
0.669289554428588 0.0269738884341683 0.243821189438706 0.979122620336052 0.974201300161071 0.15207130518711 0.608123854425572 0.398574845784364 0.949022274183184 0.618499179350397
0.829965111640206 0.454803989062627 0.338584815258901 0.161261687828101 0.943586447097802 0.02670546866004 0.35449192599836 0.339884401804333 0.386891125473732 0.547772599669294
0.912169368876359 0.711005515650568 0.140844430373978 0.668309461093005 0.998339043061302 0.151102550932905 0.6143182325032 0.443333917899772 0.960122875578884 0.579463511448764
0.525674853289537 0.222982700397859 0.0994135403746511 0.379579401578232 0.889715209008798 0.0156989746416344 0.334501647571007 0.315953415369458 0.23198791739131 0.455393669520017
0.310682962487519 0.151622764965074 0.242959232823917 0.914295779299871 0.971115106235336 0.0333183784856834 0.240738313256211 0.290750417119896 0.0351113627053158 0.571942823912257
0.270481714515689 0.449178382856193 0.231140059577107 0.960559576174557 0.995248717518181 0.260339200644653 0.497962775757578 0.368834635484675 0.969339843702005 0.477843043016687
0.967956209484097 0.0380881050444055 0.417168565049238 0.945174312396289 0.999599602784709 0.30858132532198 0.711295420387791 0.4609299241687 0.974184618200824 0.778508661261178
0.716403411017569 0.67864556084129 0.199134990052065 0.769915945567787 0.99325502423257 0.207822791437501 0.440578458083599 0.374393697806889 0.928283204214307 0.731759065361621
0.39998792968494 0.480544016632673 0.293383022852967 0.516028776907867 0.994716708861883 0.127542731303003 0.419085214848361 0.295037842782054 0.859191497822306 0.540373057877414
0.0572768419853157 0.0114934899409538 0.123636730629027 0.616389152386187 0.857740860468024 0.00836697111338044 0.329101225825821 0.438902571213568 0.0192409721075382 0.579056591114714
0.745024035218461 0.70782085195364 0.107934708273116 0.929626474381375 0.994221637467628 0.385518412735104 0.443904190636503 0.372473469392034 0.276501117510306 0.525134309209241
0.340953712167717 0.0323216821088569 0.0757898661463997 0.547272150452437 0.968357361473798 0.0198082998947072 0.37503051262064 0.324311908076621 0.512293805845191 0.613432014466774
0.917973249602396 0.809446150666522 0.0845085228553596 0.950790848376736 0.995511432006721 0.232486105235942 0.528741920021357 0.441319999329337 0.606471461534848 0.61449321284246
0.251329953633361 0.50157808785276 0.0420509523814391 0.51620177851504 0.87902924781919 0.00535092883842467 0.0929342812919979 0.23180921007413 0.0227776637038946 0.474800052992098
0.726203542496022 0.217148036988424 0.39509049533885 0.969207447505024 0.997159068306289 0.575864897401524 0.58787600635332 0.525765622633522 0.981379864744213 0.684012977525661
0.80900757243564 0.418076533614532 0.359188429287219 0.650842272745033 0.983953520902175 0.31608876378275 0.591968567368068 0.317322584674696 0.309787823432063 0.593210268204539
0.701389574788888 0.346113171479061 0.134206582517844 0.722129827360795 0.991657719620461 0.0518299325995154 0.441670357060532 0.33730033472038 0.756446706601303 0.595731052391146
0.860180431013895 0.762050196816991 0.366060205599979 0.760882463124341 0.995277733152746 0.0938923702060529 0.490733955559556 0.378612496074736 0.94807935167439 0.594534057357302
0.753669450131082 0.860055472544696 0.120741507751895 0.937654921766233 0.980258875995978 0.171974477016238 0.400879840118386 0.32773844755274 0.946518897799057 0.629851249048198
