0.474153520018214 0.559677754873757 0.133476030114956 0.362897470046806 0.982019616240275 0.0707076811059089 0.272934584823042 0.312797337016555 0.556242989620669 0.579054742919055
0.693491800751572 0.131840560672368 0.0493037472964724 0.29406187067404 0.977820438987927 0.085217089991893 0.509578980071871 0.381637514380876 0.762806917969156 0.523421857524591
0.846566867898202 0.950600986869377 0.54948401193259 0.990851444209297 0.999414806069584 0.380087934007307 0.744919477643302 0.606664575545908 0.998124041429169 0.634173319920997
0.953715939508552 0.550317193583913 0.247240920297331 0.89915969258654 0.99708358943146 0.224545153117201 0.555037189486335 0.37933130705031 0.908060657490316 0.570966960991459
0.321504176474386 0.65104439990806 0.217417388362464 0.718701816794988 0.988905646695019 0.0355395262846349 0.482498948166006 0.298826942879882 0.576636821470103 0.577947452920037
0.133499980513606 0.345788828349884 0.0627273526382977 0.596576235038923 0.895229737718155 0.0741905905947333 0.334286537065759 0.30902588267474 0.274981811583297 0.516124816364817
0.487117747910476 0.371311889901508 0.0921856748558203 0.45717702321597 0.997323776281288 0.261936962795727 0.558717787968568 0.426614803554714 0.976016892212495 0.681896756167052
0.837025080491377 0.614877957003459 0.327634089821765 0.963466193154541 0.992159886180379 0.0783556758642968 0.489352963354528 0.487750967331814 0.778972148604768 0.673538631531906
0.463808534804735 0.200267931924817 0.0715900398258753 0.567352477682487 0.966895119398077 0.0318220120826201 0.288677025244382 0.278332189523627 0.139340310366156 0.542378942829959
0.487619773086824 0.549528637102061 0.278940982983445 0.854288053819561 0.99056403763765 0.0515774051656549 0.460834136290719 0.275943203579608 0.343403830056976 0.510248797808983
0.585374286967467 0.598578619310372 0.397092471264516 0.898360249418244 0.998267443889258 0.436813393954592 0.60004375518663 0.421234808455523 0.964976272616916 0.707453573461512
0.352755544686802 0.930573377156153 0.0987469592905837 0.512972112227833 0.974025065200402 0.0367406758185641 0.339023409114149 0.259822923139684 0.30330286649687 0.439699766036072
0.67920725555368 0.964635733000338 0.189616803570686 0.95627527151013 0.999341403808534 0.308233831731658 0.679479085156077 0.52466784851564 0.994419239658941 0.590730020393291
0.34703543127829 0.956114170971767 0.120087435305162 0.359651889723061 0.945096740327574 0.0959827352997 0.33686666541611 0.336032734381597 0.18720994670224 0.458079204481014
0.313834681752892 0.77260448265258 0.129589634936678 0.644496956110575 0.982346013774328 0.0982761946187067 0.389609420600868 0.351790735726142 0.362422518367111 0.532989832650834
0.851090566169796 0.898413064873928 0.145960036340372 0.699704398958342 0.9932546556155 0.159005496480276 0.463182258643084 0.497525399940168 0.687806480868113 0.615533835547023
0.460975904267445 0.167083224237278 0.285418016465715 0.608841538906777 0.963586818801751 0.0299532344595548 0.259546195402415 0.310508881581596 0.00923068814418717 0.468176485551028
0.275711083232408 0.202987903673644 0.114987653873309 0.287802664929221 0.985204258655271 0.0820223722803928 0.414567171166304 0.307749569467917 0.147005334921997 0.486332841011236
0.482827674398385 0.751456224726575 0.186197336227589 0.961013578267617 0.990347934758715 0.149033267874667 0.496111007275281 0.301661309813337 0.652500379056912 0.505492311898075
0.293611720190738 0.250380685963526 0.0620100717666245 0.271183093690935 0.892747315300033 0.00408739909400971 0.238800071690843 0.228066581696257 0.00972556881586553 0.351926709027809
0.389711720288555 0.83079335490254 0.127670639738256 0.616111181086278 0.995365434682555 0.113244561908734 0.427063640119118 0.431537559617409 0.363301284614527 0.535809615821009
0.899659960127026 0.590637755457939 0.356745147348867 0.931605081463019 0.996412995267655 0.26466544121819 0.70280785228636 0.544718730393135 0.965251734073676 0.565371346189035
0.0290078006274167 0.051163301315979 0.14833578018707 0.465703698130143 0.98719076556508 0.0141403310526839 0.245039994854775 0.241884604170684 0.0276231788231664 0.532905626110551
0.39877774465135 0.0209767743381736 0.0582663788469487 0.157519720243541 0.73072516642264 0.00895549481954471 0.265929774690911 0.225007936914072 0.0178262082669547 0.452711261849062
0.0910162347412831 0.0572507044000496 0.0428034891924912 0.508814557430028 0.389042505256358 0.00494412923300584 0.144316328934507 0.259762652604221 0.0200413151219529 0.499337230934655
0.201503004729732 0.144067926087191 0.201286932769639 0.426731655943966 0.910258555075966 0.013096931362512 0.3052805572804 0.306863540054913 0.039632145571084 0.37819707022771
0.942732930293584 0.854709159853704 0.349066009369355 0.957509721013127 0.995676301115588 0.313871168235685 0.654760976497332 0.466291233102115 0.720410631837694 0.632257315811506
0.133266137440704 0.47459612118507 0.0931675174450395 0.469469640999451 0.97755595884459 0.00376932147847802 0.234308929023392 0.204953506610214 0.00376753935109146 0.423253489395221
0.0640175295745873 0.0682249560343746 0.1871512090402 0.498488153833502 0.805259652089183 0.0149638403729819 0.327776893183938 0.183763916433295 0.0491253551103375 0.321034173415006
0.280632088670548 0.984352524988938 0.121052702379435 0.823847103079222 0.993552730734466 0.14850521517478 0.376651933437707 0.268656385000777 0.456271363342238 0.604739026498683
0.156734658867639 0.059708386778609 0.251008051796347 0.86781297853415 0.9883472425497 0.151101529646219 0.419680151091731 0.397469460741102 0.510738273581634 0.572756233396848
0.621198552421135 0.727710184101316 0.0875952733253523 0.429442213730093 0.985867785304947 0.30730754625761 0.530100618704251 0.43376403083885 0.95001511683946 0.51848697812292
0.377636402953709 0.360060340788751 0.204151220054133 0.728813189605183 0.873936914787459 0.0104851602734417 0.206586427886072 0.208571375027989 0.029432764150095 0.564522932327254
0.808961950393577 0.323272762034099 0.194546519644994 0.916367193539443 0.98001968566112 0.0280235343992331 0.307566494465168 0.316951586357044 0.0681881956744894 0.489501272113927
0.802514475611564 0.97788351120726 0.528767136501827 0.968474610486097 0.998630706869531 0.530429105781098 0.763889195619015 0.501082741817998 0.989475373623667 0.717209614369456
0.782129790111532 0.25709811832035 0.0333636733491781 0.767104524475952 0.978382992643776 0.0132068865952386 0.226446385962914 0.247101067234978 0.160073255258214 0.442255720848021
0.211373220433149 0.309601440407748 0.191152721604664 0.285942589428103 0.936347181026504 0.0326704614808616 0.409563944016762 0.240683838490078 0.11495155037739 0.542286116350853
0.668991151751557 0.394697095450475 0.206273598457481 0.952251140251702 0.995249255902187 0.0588376880689027 0.462783642444946 0.376707326522918 0.856710960488196 0.543499607634058
0.59589294453136 0.144006104033493 0.0502106232191631 0.652604792025139 0.811504283725677 0.0612789268937103 0.369858856422982 0.400472550889663 0.0316315765025637 0.525674646837282
0.679743540670688 0.880561428853274 0.0572983128767934 0.682329496089089 0.980922313059021 0.116750679281409 0.478503066432575 0.385356767796023 0.03730699363554 0.434015815192327
0.385847098924153 0.462839772130299 0.0846970567212068 0.924716053288924 0.987915532899984 0.134430913062288 0.462319577825171 0.318340858118519 0.694258951886687 0.545453339935637
0.183807956548547 0.49467302089437 0.0360686730094035 0.948266755778699 0.994296207044265 0.162779984803161 0.510318918396307 0.339898527219226 0.75426275155533 0.621177864594518
0.638197861044239 0.790425569288229 0.0947213523089598 0.503631156843666 0.991228517896817 0.110559836039167 0.53531052748284 0.450836868134768 0.908544530423524 0.571512191295234
0.709259477444838 0.557203514866167 0.240570860785963 0.792613025958274 0.986334913141277 0.218253682794125 0.509892708945742 0.323822670629154 0.821406629994934 0.529359330507363
0.331071414044308 0.365980815350132 0.144418042966717 0.599871216497832 0.943691170262172 0.184253439355649 0.376992298429019 0.252911551033285 0.770166894120362 0.525017916887574
0.842153225713401 0.813973395627735 0.222429964048737 0.840891870941436 0.930673246234192 0.111712494654756 0.409600071390083 0.430499794897099 0.654253058187684 0.619848794973754
0.106860858592622 0.575833156901833 0.159376942726282 0.541284475817855 0.978841388620725 0.0399839270433626 0.324747591760437 0.273684295567074 0.0317547115793625 0.51290665316069
0.856161431519388 0.0823596929425668 0.193506014808436 0.896337862964744 0.9970428794206 0.0999326606757631 0.451754959012775 0.494162001356756 0.850424365269006 0.607943618713453
0.760425274092968 0.538231393106027 0.210627006479699 0.809632051555331 0.915632855335885 0.110519839519522 0.370248984146378 0.274250149565223 0.0730560698418665 0.497189012761329
0.55916121290012 0.546053956326697 0.496569107075386 0.965786793436128 0.994180984144721 0.181574977057142 0.567561663304245 0.435330373195138 0.59235226900817 0.615874203554522
0.562848807103249 0.739029037320726 0.317637392685107 0.960949011928662 0.965829676912571 0.102526650529647 0.488316828172771 0.349193981545214 0.773709929797201 0.60101887843156
0.520003435504513 0.482286731378512 0.091060883904334 0.908037846187329 0.981144430881309 0.153666543786539 0.394444614567909 0.434907278512275 0.840477730423368 0.632893224774658
0.361977494112497 0.441125736229645 0.0864982169237532 0.925436714904473 0.976201939700834 0.189045504737931 0.583005749871785 0.332028309673952 0.90826229431416 0.59361286451939
0.56853956898217 0.595488344691374 0.178315548240751 0.846059728480372 0.973987238924419 0.156020158383836 0.457453665356478 0.306189540122998 0.201135022066287 0.560041498365421
0.246620310463934 0.713096280825634 0.11841131114348 0.384616054192503 0.9717074568018 0.0327828244629819 0.399098236622334 0.323009748088659 0.512827555358904 0.450903338990579
0.0905386396980122 0.091917704588567 0.0677187489304341 0.187224506367344 0.937612254617608 0.0216656655042079 0.392627169619826 0.265041470182847 0.312986344150361 0.458706890348453
0.0386514472050405 0.160701088816413 0.055466191115967 0.195076554183617 0.958698973515446 0.0125940094249692 0.246036138849845 0.298446847763012 0.00494950004702555 0.409734890442875
0.880016794666687 0.20038674418796 0.0367748412489391 0.954162129071836 0.980556574031458 0.0412427179675651 0.367217851175572 0.35900836106518 0.610138119909746 0.600151283898495
0.611163068256094 0.524746520021272 0.0968479799879273 0.820652785947093 0.981197392582178 0.0663629678470716 0.484308371563833 0.277390212204588 0.109094988012305 0.525568541598814
0.682457548991385 0.896765126199147 0.458761678168512 0.873025035224417 0.998995479697634 0.216965123500888 0.643439900276405 0.434135434904255 0.990613064042545 0.685554901672857
0.219612370076677 0.0139958271521348 0.207951990912185 0.493327818913823 0.957569912722531 0.022498952415549 0.254359997308861 0.337201294711025 0.0348277014984373 0.382199475889228
0.328700669697226 0.740252674553188 0.19558176152198 0.798219552100386 0.980267455234665 0.111743194316578 0.569230719412105 0.333285522025541 0.732079995196177 0.590440038411384
0.0647151871674937 0.459119633524991 0.132912946869427 0.535366294268167 0.953090200173702 0.0199347014619662 0.399469371317186 0.278779175856627 0.0750304658808624 0.473884411075731
0.482607380575876 0.536232845073364 0.162894172211501 0.734775230351501 0.928732712939764 0.0250502140851666 0.348834575868603 0.289131288508262 0.026284462873234 0.654676259886734
0.0757901080046147 0.139684347615785 0.145518775686035 0.515364945260601 0.812074192632195 0.00866579615499782 0.280744789340555 0.258307714737709 0.0450769841012467 0.44878420435409
0.925034296358691 0.904485228836514 0.704015117663359 0.835400073879462 0.996587705428743 0.317190788154775 0.601529790426315 0.408315109719964 0.934425764796413 0.655683976182654
0.0363376778808336 0.378632040227883 0.0138945742430507 0.200159369474726 0.857255459656597 0.00327856100731902 0.207185952689889 0.205164231712703 0.00592433647633453 0.486170874046966
0.931565147855838 0.244812272716776 0.27621622500477 0.466519038107839 0.995464780205933 0.260140724472607 0.580122440014431 0.334113819601543 0.961885273553557 0.629841043825203
0.0990889434251188 0.671171672214809 0.0795100202433979 0.845587764480137 0.907519804967676 0.0151283062401418 0.188350452143076 0.401182130267739 0.206131823661783 0.555292522289539
0.248319043075235 0.522395799822855 0.0336551962827489 0.319016046299642 0.917519409378221 0.00895260428819522 0.318124733293486 0.269439023679938 0.116485817664233 0.416925562248716
0.8618350339428 0.835758441705136 0.260527985540826 0.532456946130951 0.997483211412567 0.159265018932807 0.493174340859628 0.32947354067303 0.763148632349785 0.5990424355043
0.779847339463184 0.735110948167553 0.124856446034049 0.738019593498304 0.997864443530064 0.431012218379075 0.65816673323324 0.484859050471286 0.886168947484767 0.659657447720323
0.984688350305266 0.485016406608412 0.300213531656538 0.990937718579522 0.999440873336867 0.577245412498445 0.735436375971624 0.443932771780461 0.999611144155011 0.784379434143332
0.311518944154207 0.538789776634364 0.0515506646369905 0.745696805399461 0.980877356345628 0.0456661116905637 0.312728656120145 0.403364864206694 0.814296876842546 0.598702837522287
0.333061036390633 0.190092009101037 0.131856905361776 0.721968335959838 0.832081331420432 0.0180293434537641 0.215568683007141 0.27533580832822 0.0918093863038686 0.394344005158573
0.956942287242381 0.678446042060092 0.186328594332425 0.941608860352733 0.99758081152411 0.250568111292177 0.624483207882353 0.431594933714762 0.932445495794596 0.670932125076068
0.522470831477716 0.287916574214985 0.0574181313382659 0.616943560768294 0.974660955884739 0.0428084459893669 0.388099716184595 0.277738947302686 0.389535143989697 0.499338029537938
0.835405455806977 0.106430061295822 0.147012608474652 0.588631794016778 0.965730385827218 0.0217002844523029 0.454177368401084 0.320754334869618 0.377300818541601 0.620759317925
0.201445657198362 0.238079227538747 0.109593083242056 0.839160404146725 0.672180096580098 0.0136442380459761 0.275052696719893 0.238477958041538 0.00188286934201543 0.475818148736393
0.180819630705095 0.614455017388817 0.0893624389562543 0.73829337773041 0.980306681492997 0.0861035600073986 0.432888504119107 0.311902345870742 0.463801371180036 0.538512893848577
0.956374961127023 0.901642546587303 0.420315509627003 0.910582915335378 0.997115187184627 0.272470536169291 0.618551638775741 0.413192861554459 0.909393180426487 0.66519145299598
0.882495262956383 0.911147777661459 0.387722842039068 0.676241933104459 0.994379535410791 0.658666630589729 0.514055473267144 0.446282042991188 0.982601881074588 0.75867722414583
0.503678098619745 0.449441074850086 0.288652369627137 0.888822528681442 0.995818175344292 0.0437137464400159 0.448333556662451 0.465877390118636 0.914729836338466 0.579299731488874
0.837996185512239 0.0382779209054626 0.177386360531246 0.800547527135683 0.988094411410869 0.0446837109056135 0.406962908529245 0.299165453915162 0.591820041414139 0.554563583593619
0.337575901442163 0.275559918316017 0.247566385205248 0.830219592840587 0.982143244168809 0.129436696467824 0.521122729012037 0.34504910917606 0.26669409379347 0.523226966914092
0.0750429322740409 0.594527303872962 0.132496131240479 0.722147287175991 0.908586510050442 0.0140236523325347 0.375430158868587 0.330081404800617 0.290846646205219 0.50355568334738
0.606163519928516 0.779563375215561 0.0943260015386194 0.650271852520096 0.922726151953609 0.0495303554132992 0.296135483371727 0.293598441595528 0.469864624825053 0.541505847844969
0.880577767285603 0.270601041795609 0.311375656639552 0.962168952596284 0.99964594661725 0.298498817339732 0.816418774109101 0.564339948754368 0.991179240925799 0.781623594965721
0.533694099764491 0.201372841597445 0.0190764434865537 0.886637237590733 0.991275760444308 0.201535183965399 0.51384963148748 0.468038488679316 0.530884282234603 0.579127835606851
0.789319128093136 0.661422987270323 0.0708899271648733 0.730139821546536 0.998229343892443 0.241839399620247 0.492809306143704 0.357125221062108 0.894395725672635 0.68150391285459
0.611305768907543 0.892492107303584 0.367660486203349 0.659186602110837 0.99203577999062 0.0724088388292511 0.458343199681113 0.346046746046635 0.45702479950815 0.491384142150559
0.562436176593149 0.952648241177536 0.282334783016684 0.953437031872418 0.998789626753125 0.443457809145861 0.638168458408731 0.558888296423133 0.928980493323746 0.605926972074151
0.0692285705362599 0.149050559911481 0.152729406370444 0.306727198929385 0.965040830501438 0.00334262105227042 0.178492381688 0.261144622025742 0.0046649856269988 0.452110883334297
0.345885591525053 0.598704995834015 0.220433892774066 0.510949144288074 0.994870248308771 0.0577590154023891 0.414517561319699 0.380361981486678 0.858668272993701 0.621681425290461
0.827890867507284 0.933174084121155 0.20194376400975 0.933748535448113 0.996059211791416 0.132040797096333 0.542561793006044 0.41589824162533 0.936832764279184 0.613671377182783
0.845158202065895 0.337886482805807 0.166899090509758 0.861341294684499 0.990385609954761 0.0419242966655896 0.326693093346736 0.379249879157886 0.876079205800038 0.606704538216314
0.378091625390583 0.53598481396028 0.228903201950646 0.668323264711645 0.983277965221533 0.0473353106553381 0.279473590434806 0.320418783638873 0.728458002021663 0.522862883635051
0.690511951268043 0.830113880826697 0.145276496442312 0.582828188951967 0.991767862991623 0.0283533159311467 0.338502162967467 0.347851983481279 0.514451368096235 0.481929781988702
0.418549003440428 0.676836415765698 0.162392413536607 0.797630668754685 0.989632760502415 0.157013620376327 0.701023898121553 0.512115561237534 0.96994973754013 0.58419597037701
0.161746289663209 0.77729308370828 0.193843687129176 0.391372587480931 0.99264833649761 0.0154204281540683 0.199677131626184 0.246825941332326 0.0426008617363322 0.435384841516146
0.78499296261128 0.675581793167922 0.130499256372354 0.891149339259821 0.994641330360208 0.112125619157304 0.572910127011367 0.386995681072996 0.97237985870945 0.708884754425015
0.864532804247005 0.989835945379213 0.332650675906918 0.98309109595013 0.990871476735394 0.249385097664753 0.574311275264197 0.304980413798626 0.88075994090197 0.734340496241091
0.307104829794869 0.0775674649546962 0.182464923333246 0.652279760630775 0.90296744720025 0.0203333118657979 0.290552320747259 0.294639727955882 0.177891383925629 0.510784470354143
0.598628377159973 0.481419345530092 0.31266630494944 0.152143420396524 0.93423322553623 0.0299844447169806 0.41401326951575 0.351203451103015 0.100176607170375 0.473382116622712
0.558856182909018 0.914481521850423 0.111112190625935 0.787875906637785 0.9913936099467 0.0913394672788825 0.435681149360888 0.379727364795473 0.729412896914395 0.625902729389877
0.757178599975522 0.850664994384755 0.264408477844358 0.970118923746813 0.999551520620551 0.444057767109839 0.742065920026922 0.522355269673131 0.904307579608839 0.666749390983097
0.767498175693957 0.48656117310527 0.324943398403209 0.872257485524989 0.984502332719128 0.159198516339796 0.519744731522234 0.381207922891652 0.705969487213046 0.594249393454859
0.688357866053434 0.428481821177442 0.242599552991179 0.960178959250702 0.990026494893352 0.19116176333014 0.570104894756002 0.34867785014697 0.747651657477894 0.627774257481702
0.080414998095762 0.900476884644751 0.169155435646434 0.69827773181788 0.880594128596449 0.0226312440675362 0.44740056317841 0.282639253799651 0.216957239097395 0.611639077326668
0.87076836042775 0.365715911523666 0.182915203917637 0.731460747305363 0.992406828928626 0.146684220330004 0.470383264221058 0.380831148218196 0.913035246056071 0.577776672649244
0.203043686596102 0.483525293207699 0.0436118508278232 0.568589288778989 0.94316371668887 0.0244350122009125 0.348854572182122 0.37517175346876 0.0512262616531064 0.469016568836233
0.87894670524299 0.665562540083914 0.10999489337103 0.59705071224718 0.992649952806532 0.193059299029378 0.502224491387613 0.383283574754313 0.592170292087755 0.604254212358874
0.127600310639017 0.241943340337868 0.170961705498258 0.694036435096927 0.927394720861112 0.0392482129154238 0.266289147465594 0.356616060350401 0.0296005496776759 0.544193744043602
0.434603422913903 0.833423325253076 0.17070922366543 0.843458088457141 0.957517152594751 0.151191600627491 0.462220782252184 0.366293961972614 0.385288781146177 0.587949870733388
0.988024090314108 0.517366544501542 0.369728231294656 0.941171778104339 0.999548001376847 0.458385870763948 0.719456221884163 0.498091278327573 0.980915047350881 0.723075896172036
0.646964877233538 0.737448429988046 0.299941248395329 0.951653377843403 0.990703161403798 0.219967831287076 0.769331684274933 0.450438397347062 0.846201451014817 0.662423269064871
0.461133334305157 0.694918934605138 0.153604398511885 0.283961315991159 0.453552536707933 0.0438853195765843 0.254724120672976 0.292749963437212 0.397410493528851 0.575627159972455
0.09507983004353 0.350345115017537 0.127765119651382 0.488645989543526 0.965067390171487 0.0196810765428083 0.229797707830733 0.269298920436104 0.0194396436865312 0.316564914367499
0.588177270145857 0.114268766404275 0.102357556306532 0.798545024999655 0.940964769983438 0.0529603073748941 0.217520473535567 0.306288682880141 0.173722907525638 0.563819880060885
0.278644624458051 0.657118159635647 0.133060193325518 0.725653954920668 0.990409541678994 0.0192019456675906 0.452391231741716 0.309244988316965 0.336005094369037 0.55699087287111
0.170838537125459 0.0906384357760305 0.158554792198977 0.665138612968885 0.943853799903409 0.0205659280308987 0.369528552400997 0.255112484548147 0.0736055704723621 0.493957634280285
0.584402944167321 0.652503665007992 0.0969466093682015 0.537688667033034 0.989395523518363 0.122577014345432 0.507917437775055 0.384638601833552 0.318251213684648 0.507226105093097
0.881609396307955 0.769617305399004 0.0653811707694699 0.821798244807148 0.952222250481482 0.208792683495512 0.477907131420283 0.346588475985888 0.923183497774074 0.546423767204042
0.517608127662368 0.82474334538709 0.126559754297627 0.966479666180967 0.99157460819523 0.362579941138288 0.553396782627612 0.443045844914089 0.911679905688215 0.553832111219662
0.484282661200854 0.623767310343804 0.112328745138132 0.860407961437186 0.997560989622903 0.0426683907412451 0.515697372261751 0.464728622073916 0.197729195793541 0.53948833856345
0.0393808172310208 0.0370591333651649 0.118229633718917 0.123268936376553 0.715057136159445 0.0123856229032856 0.161315076308579 0.193795369908542 0.00467185553225785 0.403302650613402
0.491398878592556 0.472578826847921 0.304384551325648 0.286692076957289 0.931114230200688 0.0370106871059382 0.270602857739874 0.294970224497002 0.255257357951679 0.490565177842804
0.903323220096566 0.583382890865375 0.561775792405402 0.9598277017103 0.989933142431518 0.274462633575835 0.515141415608406 0.499720590481461 0.928029371652365 0.517360583092221
0.878866744560681 0.870153161718493 0.348865924278749 0.937152000450858 0.992081476949336 0.258088215913481 0.683177866471728 0.457261833799023 0.995267207509827 0.657527950469667
0.226737344560181 0.116421371361146 0.297275314046326 0.61432290820731 0.982282341309986 0.0593416229591941 0.430052924448688 0.309328088383863 0.10402892943007 0.477820960676697
0.33668961099343 0.372103272600611 0.0709326873735414 0.212462965092532 0.862957986409679 0.00400103012846982 0.150530818934644 0.196568720044705 0.0386914089841776 0.386651741811873
0.834563294178954 0.74458577050801 0.309126540513488 0.939788898770091 0.997861487340527 0.452441817299876 0.568831186821391 0.358312918447096 0.941221115464794 0.72784739572939
0.111567265500692 0.147832424811277 0.083201402642989 0.103863664777057 0.824120182126848 0.0134371514432207 0.229876506930361 0.27670954087852 0.0347014512025216 0.416429758389491
0.739329097144847 0.0443476312301782 0.22574157771093 0.719961511609233 0.99667961137524 0.38219054966898 0.440274829995095 0.432731974012444 0.682019497496024 0.595189900462143
0.379609129038883 0.12421964672684 0.095238443911736 0.569446074165137 0.872470189162463 0.0551741657703295 0.333808340205254 0.288711963867212 0.635781392859923 0.522408874687061
0.158401199237614 0.441352342756101 0.104897336466321 0.718408463089713 0.988938470401207 0.0820311137255526 0.479536312244174 0.283822533686761 0.86435890775271 0.670916228331153
0.650409959976409 0.665296582567132 0.279635262512619 0.751916787716222 0.995496944452119 0.0673246111096972 0.527131652669887 0.436675395050148 0.759662063266242 0.616890839889533
0.277972382795931 0.609130270098579 0.284051623739983 0.900616062785036 0.972410107550102 0.126100059619384 0.465413775320896 0.385580342523999 0.425659041738844 0.523607346188044
0.961249978492121 0.434877969904224 0.227091961450596 0.948242187648552 0.991072959675475 0.117560049708748 0.473866574113954 0.408245651613344 0.774129115591649 0.624747795025349
0.904045513657053 0.803451757049985 0.166411921917163 0.961799833100099 0.996688659140748 0.323734551508659 0.662995194682828 0.526624247138643 0.957160750834964 0.667547225326296
0.605687622003115 0.611521672087592 0.266390139462194 0.569308871958477 0.975827736433267 0.0630537424436599 0.522086979481928 0.301789802263633 0.423257561339827 0.542333557667124
0.397107666080752 0.698478455632308 0.0569477190333786 0.558546260492269 0.983339587981798 0.0149833128183912 0.463224700241647 0.419627025313847 0.447570724000829 0.50415372021354
0.473196390893689 0.939695895179499 0.149447484079442 0.745637586835206 0.990950153241047 0.0675668763548377 0.344323103230607 0.34218317375666 0.72612293567648 0.660845069826477
0.347231342823895 0.605151015358597 0.193326457865732 0.850394548916589 0.984973966058191 0.109553491876275 0.48788997486098 0.385144459420809 0.527014879977888 0.450745274764221
0.50868041249285 0.882860534705589 0.231142516850788 0.443972617894092 0.988822636469847 0.291219378031185 0.447551247796194 0.41750577115077 0.318851877680975 0.627677909865441
0.556295210366311 0.0307065251155769 0.149754892665305 0.442740949642671 0.897966349412638 0.00744329492627318 0.319437123357006 0.269129664358642 0.17134937640147 0.461344251605646
0.749573951400873 0.862960341408704 0.430212057363343 0.830768895133649 0.998502805379195 0.42645647906441 0.617880790738072 0.46235799335344 0.894206876105204 0.56585935811169
0.939067648537294 0.772205170104263 0.239357668077055 0.593119559310892 0.982005566976043 0.349930441770224 0.695046372463987 0.455170318030805 0.985067688596085 0.623360482081409
0.922574895656652 0.998554038506523 0.453392461810219 0.98118193237605 0.999144052649599 0.450639174903301 0.779071040100628 0.537840180754407 0.997876855901625 0.682995455969892
0.699186794179265 0.969894659756431 0.0329802858642209 0.623097068249502 0.920979998006225 0.0607803458243881 0.444586494561685 0.330002284190244 0.43006509316587 0.621789387361418
0.747454106054648 0.865075229449438 0.0978644193845135 0.683906475857543 0.978492278737794 0.115604110231256 0.45220949258011 0.338745663574333 0.378150396388406 0.611289277369669
0.400859832354089 0.520040419265783 0.270261217439541 0.675176283019949 0.989874327575561 0.0802130243398741 0.415628091907516 0.36112714526876 0.315928285598557 0.607668899563703
0.914742652212964 0.751841053771729 0.138637707284701 0.76583520257446 0.972073149843827 0.0522673331335008 0.614280422872219 0.349381457579747 0.774344312520952 0.448403947924781
0.766716086209224 0.354092464804032 0.256089192843087 0.908693375303266 0.970739826439887 0.627047162695186 0.662034592923815 0.549165270237748 0.987354097551071 0.689010281290117
0.563892427607796 0.181332152048989 0.116327079920711 0.811037505567741 0.922629325506655 0.034383934846981 0.270347229233314 0.309266654465252 0.533392118891734 0.505580903916721
0.301531038898633 0.0953734200038493 0.145620479127124 0.91320352167847 0.983155757322492 0.0999818517092816 0.35621743123088 0.468315849391215 0.66029887155122 0.54962435688974
0.505606147335145 0.127724529517961 0.19777396018511 0.877018357593206 0.959175298403223 0.0907233383967085 0.328372593354956 0.286878093727891 0.54155909718826 0.4728160826689
0.30344833990043 0.198743686701402 0.33528968484478 0.786603128607757 0.993971144754822 0.247435637076931 0.390009386451775 0.347091379802206 0.472569048867834 0.638937048079929
0.718170047312909 0.958612712298558 0.205619263430391 0.922938449710369 0.998766682810037 0.251817906138363 0.551543800097733 0.481476031476679 0.945963898255357 0.627961457164344
0.963580044393752 0.918223590204089 0.685211555433911 0.997852836585923 0.999906600031382 0.931800055201292 0.837245022465112 0.535691942674316 0.999816941377115 0.795488376910782
0.95632504438025 0.811367539188174 0.174467932010551 0.988223288692109 0.999364151890738 0.43507751007004 0.756009423479026 0.523126840764785 0.974222810692181 0.713689080912806
0.945998252633169 0.862857272858888 0.236805428651236 0.965104489891699 0.999279930538116 0.556421977017206 0.567618089040682 0.507050934134949 0.996285909268564 0.630510402294002
0.811818639663286 0.885118717049235 0.252301555255283 0.39469682212761 0.995111458696852 0.132760515353278 0.550073337974403 0.426330443670264 0.961177861543841 0.639680007271241
0.753677757919863 0.203626882892785 0.739961665063187 0.473927863980172 0.991741475460626 0.161256356041631 0.44592471202897 0.38260505230558 0.825634688466901 0.484775998889281
0.924652668512494 0.878138178306176 0.550967813083039 0.9825202247699 0.999631808110234 0.447294712115825 0.676692210668412 0.461040537452791 0.998575321995436 0.703003064692566
0.296673856417787 0.683647592422634 0.316341127117518 0.56735412670641 0.978417926423349 0.0492101043827768 0.399071991052242 0.334369536443675 0.382555554668306 0.559818180559361
0.564908890474895 0.43449082593508 0.194197193353178 0.352471086183601 0.972634902329436 0.090856072935759 0.430562631593306 0.352926510032062 0.418457239937681 0.447460486283845
0.603928214369032 0.833117653540321 0.173513164332352 0.699170239306383 0.989158013655484 0.0797320184232474 0.501767496056924 0.338956577635907 0.253414366548058 0.520435159832811
0.0549523829655434 0.463183049210593 0.0463661060657324 0.703943506902768 0.950240872815257 0.0112646187259001 0.211970222321518 0.294512689994412 0.0175995662275135 0.425903089143971
0.338812760534739 0.0868238274357745 0.106518043779766 0.844256967133334 0.98979264786264 0.0673679184213488 0.455966427675779 0.345017840693309 0.81109053095422 0.659986060283431
0.429770003812968 0.877976707424405 0.502630840195222 0.957120754312253 0.992833378627152 0.192229003159536 0.513489613026004 0.424008538563531 0.77602228282491 0.612994499426955
0.781678553788707 0.163082263639661 0.207420928632262 0.664793184005048 0.990427808450831 0.142162568923506 0.619818459213342 0.347764094544948 0.791240340959166 0.706760096316975
0.831989297653078 0.93911877909468 0.138591506868562 0.445485785941765 0.967687618222952 0.10952521895795 0.461134174381321 0.280554703486029 0.432449759993431 0.575414549935174
0.875032355378155 0.823525908417183 0.30552251896431 0.926231419980899 0.998921713564786 0.727786295497562 0.596349076086139 0.477676694863281 0.926871301256317 0.604282959743914
0.548484481743739 0.400603201805125 0.349185899629381 0.920593937154552 0.995591189405088 0.161419263629169 0.551526438328613 0.34310645967586 0.865788984708925 0.617693644337835
0.867718628561857 0.525293831922157 0.504251412409541 0.935131389387401 0.992909365279167 0.225210829766141 0.492797502382993 0.33608745955335 0.736934053357924 0.660808030385661
0.808610801186948 0.461804955069076 0.224757753496954 0.918333230049704 0.968285745223836 0.34872793492407 0.586596663019696 0.401040050332716 0.916742226609143 0.657219184485384
0.267600690235468 0.673525581239004 0.263889407856983 0.740029318175362 0.987620540467161 0.230330574752135 0.546106985607578 0.443786646773733 0.939903693741121 0.654949513309125
0.232319906293475 0.395626506035973 0.228148290288937 0.911452874729238 0.997083014259415 0.233245143024835 0.660555055857577 0.509670645693523 0.952592726385854 0.719707151346468
0.246336882169468 0.204490182568864 0.122694275082112 0.470866374723706 0.970159949610808 0.173458569244154 0.416035419609106 0.251838592137293 0.332381472437074 0.660686945768269
0.912973906684963 0.810741477332435 0.679008228429893 0.960667646680628 0.99979735353014 0.845273652326031 0.812522037756195 0.558020012477364 0.999824977698963 0.804383506300519
0.853449569325946 0.283760144925979 0.105388669794541 0.875240756115251 0.997310266355843 0.157931184067792 0.566922976825508 0.50344491084804 0.986247540289904 0.647948006570506
0.84675560809613 0.211509616208856 0.100861747645494 0.8351405923489 0.99697961447072 0.209684499421154 0.458432736666799 0.405318999697661 0.971264798852746 0.618708819189856
0.843631308916244 0.746966215243509 0.0492772943024498 0.503363000903893 0.992540878858091 0.091278739832182 0.415548949158397 0.369899554590763 0.576869392895439 0.569608520623056
0.904510918847171 0.226009055949955 0.338871932243681 0.182406454449878 0.968442402175847 0.0325858345302383 0.291450532837283 0.285994407394877 0.14590355824051 0.57414352940086
0.970343729901174 0.23979348052347 0.450524407055484 0.952589108658375 0.999398574061415 0.519791026005091 0.578856786577736 0.527551327063257 0.962676917965804 0.744916646541663
0.761559872538127 0.386102662889166 0.408068461639015 0.891516136694482 0.994426092006449 0.563065182526388 0.691700202095151 0.403104120062659 0.973209226235443 0.564154847470173
0.976398371410642 0.70743467584747 0.511639133828698 0.866815933239414 0.999259729782864 0.265134740168747 0.785823011811074 0.503394891680506 0.986880401631348 0.593734507365081
0.515715621616743 0.067505081981516 0.0835569651394394 0.899910765204316 0.968418471953555 0.0453342741794471 0.424743308113325 0.307474308162067 0.548428101832083 0.552873276199223
0.675129662362356 0.0996884816449315 0.119865119307539 0.0903588431127682 0.95663148618819 0.0395315458378488 0.410559037932177 0.256566963804927 0.0783844214106592 0.587966279865999
0.903134626870506 0.887823166171298 0.188009050287933 0.931789538816492 0.992954959230645 0.0717251582976807 0.395644754248561 0.355178359125608 0.310722338284643 0.616293224999961
0.748904809185843 0.460496267786272 0.297609584902312 0.881709532253113 0.99590903772486 0.160907351353536 0.457705313707605 0.37480039178672 0.881539629024926 0.557431861788953
0.879542859453455 0.787363428269172 0.163651955511266 0.91265451612469 0.999752807993319 0.420102554267005 0.692838784498824 0.395678977114811 0.996227735357778 0.767242811670414
0.505417426631638 0.85409024183122 0.187462896447789 0.465941017009913 0.986175082448941 0.0889642689266957 0.461219493043605 0.300249442024345 0.603393185473887 0.576314046049487
0.497596670131159 0.847165152260039 0.137216746711929 0.868999062771897 0.96972275269223 0.0459518425028346 0.275344870263403 0.243100052671251 0.0837549027839266 0.609900730102565
0.490741303827541 0.193563126458796 0.123094842893193 0.832659412427535 0.980166400113613 0.0539357876679982 0.454875342389941 0.336473104538975 0.255183413228082 0.468810215929351
0.192783285685076 0.30116694220637 0.144402422629154 0.0870824806224851 0.970463760129588 0.0175815457192335 0.289733393396998 0.278554052741689 0.00907668327946801 0.448592158076189
0.26267361446459 0.784484190914305 0.122330705758343 0.881198936804855 0.994383689104315 0.0596095939415562 0.576693168002887 0.343887752465382 0.850783690490158 0.600469133098477
0.834027965471077 0.876208495101572 0.234174756064105 0.957315843368686 0.997198675112846 0.591518383278715 0.720488833357724 0.475641041044713 0.989138447170354 0.662985821195687
0.893055525938408 0.784112761804961 0.277366967082532 0.936585102493131 0.990532049684189 0.359202975516148 0.487064314708987 0.33639637938872 0.9326188348715 0.587782742857979
0.49527179217278 0.232523062642878 0.236654524251396 0.92761409275681 0.998444708130667 0.133659275855592 0.43146730631972 0.436777690993672 0.690759051324415 0.433021234673212
0.11127713373265 0.208032936300656 0.107470264369127 0.600744404778739 0.953622965642621 0.0350314632174351 0.326016144238932 0.28448756362005 0.0317519747851307 0.54415957430962
0.32054822120797 0.594745714260949 0.254708854362121 0.724159133827787 0.994642057807232 0.276008163957279 0.550571266001806 0.417110758648792 0.631015328562161 0.657771991182917
0.420025155072621 0.736017167022037 0.179062961932869 0.933581908058141 0.972141622117176 0.161963437701056 0.436120854045302 0.431050577911309 0.217608787727189 0.680932763402907
0.768988315061556 0.539240725353462 0.226326498115323 0.62580485631258 0.98814898091656 0.312358259548948 0.567909407634596 0.46326808171606 0.958629142963931 0.644765773847799
0.182708544593014 0.774058973738759 0.00988201788580467 0.135283825230299 0.797052363598183 0.0206994690421933 0.260539520016858 0.199493779673349 0.052874212755036 0.380105713870229
0.0777186026772431 0.0498512872372182 0.168877838151045 0.747132381358782 0.906369655039982 0.0319097889538992 0.294532579190409 0.349462081527623 0.110321970644268 0.488057615484942
0.624292255392756 0.725488476946512 0.0605049858179961 0.296512537314263 0.98268890483569 0.0387160773723504 0.331137567801178 0.263496049178386 0.0622450590118646 0.41789776948921
0.389962444062354 0.642943535511901 0.109685008310487 0.976779189565577 0.996205175457482 0.0407380046874626 0.486726354821669 0.336368792529314 0.441214952249079 0.474500213062677
0.882995874037187 0.623094015330706 0.144805769400238 0.870504254371298 0.997357127534609 0.099822311318047 0.532513570813181 0.397748131652661 0.86723281650547 0.643636869963835
0.56994029756137 0.974715295855581 0.232837290089809 0.967650351665238 0.999876589155435 0.50066536207628 0.560901946162583 0.426174556079317 0.85942785629348 0.713591610174782
0.831415444758321 0.433042561159944 0.162158795595247 0.981622728392154 0.998803082696157 0.243533085475799 0.641219964488689 0.530672304628137 0.961678624925006 0.666250808956266
0.780170418353703 0.871243167843346 0.177473451898857 0.909877373889838 0.997177883813689 0.0710372586081518 0.461526475550619 0.402025745337679 0.683716289120152 0.561182735771897
0.836011012663553 0.787214857917946 0.158015489166956 0.936727267126028 0.99402149222656 0.220960532279608 0.399324546503165 0.448986751274769 0.233773339197713 0.499357479695511
0.351359248706508 0.982709287095783 0.16667970950446 0.549802533286684 0.968898466979656 0.0590493421911609 0.494099021914565 0.373419991443356 0.215116733864725 0.483825033118355
0.933756084771111 0.827029606670258 0.18439405434636 0.893239254200539 0.995902425095435 0.350428747136568 0.642535388017247 0.406632365545843 0.98685201332151 0.585794781646343
0.908050465205808 0.344992967121234 0.175266104271015 0.68726408728532 0.998467948288181 0.301435128301342 0.425166661257101 0.397866906098555 0.713762861618768 0.626590454574412
0.601500236856488 0.265151088887596 0.176669975469712 0.721764809100268 0.995504600998666 0.0583553051674489 0.519673958262998 0.386656197543287 0.856416735418433 0.689893583474291
0.451842180753429 0.160231063101428 0.198129520392219 0.0431992333239571 0.799326124784087 0.00877678109554435 0.295607193163596 0.251208553903468 0.033862011633454 0.432388568857038
0.0162174108195872 0.254355576676868 0.223723744469148 0.884643322339665 0.784065430921075 0.00720397458671991 0.317723609082586 0.173493475942451 0.00110350512906751 0.277166525697477
0.794619661358 0.844304317466721 0.299193143479999 0.956330673040855 0.998664095912156 0.483472526156008 0.679145008379154 0.620394533991899 0.995606618443176 0.673126802852919
0.804810163768336 0.789570232692251 0.272584297924761 0.875446211627524 0.999053812555462 0.123820511382967 0.607640727150801 0.464245312456951 0.943373447702574 0.644262669385684
0.821163918472846 0.936744188031328 0.283192473679444 0.975975607732019 0.997264764344802 0.0875437732185256 0.569978240486912 0.362214314683052 0.851382696405575 0.523358966176459
0.630751234443371 0.856728477427515 0.296500516668441 0.807314745707024 0.994349519280643 0.217127244872023 0.508683178728739 0.429808544084628 0.980860560835322 0.595954770295969
0.653257482579989 0.288954122407945 0.189113921460296 0.864854203304932 0.995231247874907 0.140390926635818 0.549234062965482 0.319222597251484 0.595280622660692 0.705137936575515
0.872423285415759 0.823158367268994 0.160914967629182 0.924899744551252 0.996677769342039 0.110108016731659 0.674034638726906 0.493468845507348 0.985555791010405 0.629639723301133
0.343176428814889 0.307238323251911 0.0515688118191708 0.689993255731802 0.97060366563636 0.0889921170542913 0.358829048054145 0.345538658120373 0.173976395100799 0.519840269814697
0.0648841627071122 0.314726128084603 0.0383405195357399 0.213881802006159 0.896270473011096 0.0156447367943662 0.268811316286353 0.199975136022508 0.056919583541571 0.508068775119875
0.845136954117923 0.898241656633571 0.238367569740103 0.659564085370489 0.996232543237222 0.380611468025784 0.696651554124625 0.396514488967166 0.931739474112139 0.654905281912142
0.83188742338047 0.609575703960687 0.548442166831681 0.680388993636113 0.908604526404762 0.0804329829030034 0.437818168170824 0.405056100414665 0.884247842808243 0.49437198484756
0.0513776235089012 0.167109446810869 0.124434585176147 0.761441824390825 0.932848881115455 0.0150190268111476 0.301716338700998 0.252278942842765 0.0286173437048192 0.398029913244522
0.706825933809862 0.469032687427534 0.12923122802492 0.851554023944763 0.987422255059135 0.143638838534027 0.511810870000912 0.408355067455559 0.941005204646889 0.635576964198927
0.578235278336736 0.23496395351012 0.287481127449114 0.739516552339205 0.995430840844341 0.0293661309912184 0.435165544084599 0.305902310085351 0.249726344326326 0.520727314759499
0.797804350453237 0.188945315350554 0.116740801458255 0.960517767774175 0.989449173877108 0.233660166104332 0.514063368130832 0.481521577587322 0.932121094266763 0.627887753026477
0.0468776853289159 0.480278092091618 0.282418320877065 0.734800527774368 0.90195172734548 0.0358991259668689 0.278767340881713 0.218408916477354 0.0912281698793921 0.354673649097423
0.216181717929421 0.514700273883118 0.145213626588884 0.261591021275203 0.913798969417021 0.0404826273070366 0.232514979648937 0.262932238099302 0.183840273428159 0.504765856361333
0.812548968882583 0.968146831270659 0.590882264111763 0.858835664624687 0.990553332997071 0.343801553718709 0.657044699011972 0.39192002811184 0.953712358535688 0.60325048867677
0.781506086978803 0.313466571556738 0.65681790527922 0.755518910240794 0.995590229202459 0.467227953528488 0.630725109190803 0.45886629283939 0.952046335809003 0.773063197456313
0.365993021530033 0.966755916410149 0.288720458184547 0.968467286972641 0.98604736513051 0.17280822076554 0.575367733282678 0.409533487590713 0.926167032644654 0.632975975279253
0.649396086608475 0.484902497628584 0.0717588769378909 0.901976746580399 0.993006027829659 0.0378050680158814 0.386261856701609 0.349888089907009 0.148509049486661 0.485414733651211
0.272436825486671 0.209582617383142 0.076455358126572 0.157716236130363 0.880764762903547 0.0106831966653487 0.301161587878536 0.292964474681396 0.041124322545209 0.52599519382024
0.239622673591123 0.442921924240833 0.278201338156669 0.875963011733617 0.995000568384762 0.134496072564521 0.460137040379389 0.438472451630573 0.813285870958275 0.668745396889768
0.544598746299094 0.371360234369296 0.317861538487036 0.618604686544127 0.988022708436638 0.0327818064182009 0.364165090843072 0.332389536257492 0.850188348968496 0.497574596391704
0.796708222727178 0.627984086824007 0.201146882778012 0.868138576318387 0.996181704649897 0.0375398835390093 0.503833891032585 0.444761787178143 0.656568493844836 0.491686041057922
0.289822278981783 0.553156066291921 0.026834427846415 0.564640249939898 0.901636224014903 0.0105781235815502 0.143074423012467 0.180354446449008 0.0275902627919543 0.521698304974638
0.722860622920761 0.648931752986607 0.277773956635222 0.954422475224226 0.999167611752519 0.394617893472744 0.556608263510001 0.375720822604114 0.95134786177404 0.636685382813882
0.697954864227825 0.216894424506968 0.54641905321339 0.870225945462175 0.99637813288802 0.0877406567592253 0.487787129144135 0.37941351359681 0.136864790378187 0.455670340581619
0.514096790195029 0.388467479476155 0.526355279097628 0.876704035517744 0.992032544840002 0.148762839454968 0.369003407789072 0.401573980147744 0.428959149278515 0.70119780939386
0.690006037048473 0.0775678672182253 0.15309648198849 0.907863659652154 0.991315079277569 0.234953411623154 0.406380559032005 0.306011267812943 0.893841159480796 0.551242870696331
0.488141315690674 0.525412868919647 0.223162672384597 0.7906616624361 0.997586928521031 0.0499238753450308 0.458247153698059 0.43453323381347 0.941541904582194 0.663185103422131
