0.976604691919996 0.796709143445789 0.108382959255366 0.662611820390511 0.976825459854122 0.0417807257257053 0.431256231247718 0.271817385881686 0.0780891233872899 0.483066036066719
0.897481527338225 0.26333409513699 0.161611907547055 0.709005535984523 0.989364722251419 0.0772406834084724 0.431886492489212 0.261786978537366 0.601243719046664 0.554550226317063
0.829765771626041 0.802188706668657 0.195733878624816 0.976384731847415 0.999311874844701 0.754436014959273 0.79382120013537 0.499045893340801 0.998941600959535 0.672368318952371
0.36674769905327 0.352934724006622 0.134084688989208 0.914319402612692 0.991347835786856 0.0575477309333341 0.522359036476222 0.380824970264065 0.707783856969297 0.705003825662008
0.551326079642479 0.625182773338148 0.121768702530049 0.904543198941665 0.987634977360687 0.0472749759148025 0.528791251536118 0.451291409205803 0.793470803736093 0.508620977754889
0.311825634640966 0.712677659457326 0.125788050053881 0.658395063334064 0.963086860654125 0.0193960463427484 0.348423656740291 0.212588014853551 0.0576908858907461 0.477384432609559
0.624003482317915 0.209164949503807 0.310615271110363 0.555180324851135 0.995110149879493 0.103197831200192 0.540197498644769 0.386538126541773 0.43720659960959 0.629141243537816
0.870666491573073 0.876439568906075 0.0620683632657113 0.857695478229608 0.992352424958217 0.154890683871613 0.534325987640232 0.355587101843599 0.919829327662793 0.58118539624505
0.158146225681195 0.687434840139482 0.0460939238977644 0.108507836552307 0.937046719043212 0.0105567230252032 0.273501187504331 0.322605475199419 0.0551842534747735 0.487903986779385
0.528301583748489 0.842723665360323 0.0648589148048525 0.673339255280483 0.989448230052287 0.0404045676221167 0.300445266238749 0.33656828443907 0.142838970363158 0.539116466501503
0.854875091608086 0.629213994658688 0.154916369976108 0.923520634353816 0.997083369384627 0.313026896461432 0.564404476271519 0.529654758851578 0.959441121153143 0.627295391232745
0.0807380453456781 0.436459784765209 0.0248021037944864 0.562280162492765 0.899380471805291 0.00637775214756199 0.247626074950516 0.317832714810273 0.133731389820131 0.56849795490626
0.834340106710183 0.956609671783712 0.500649718097499 0.935266396561846 0.999134507186516 0.277100088008661 0.671213144568772 0.475704731933152 0.984065328557291 0.603535948282715
0.416702316203346 0.713803476455469 0.337864929424299 0.875654937379555 0.997255168632341 0.0605794285355391 0.473115945878029 0.314245534890008 0.78478837580364 0.587081825765374
0.396377989671536 0.0949643438802299 0.0777113067462683 0.336124101855382 0.989285355641229 0.0585412512466442 0.37430188010878 0.328297111072837 0.347069339314611 0.583647906685058
0.898104848980731 0.658523859644825 0.295908533603267 0.907890509172927 0.993326213582976 0.2714787091719 0.556501134410139 0.370006281725157 0.658786551428223 0.645881593888363
0.576978180061156 0.166251787622538 0.369498190604415 0.69122177162767 0.822177013591588 0.10454528044568 0.290359766306773 0.321465355846345 0.667555497281568 0.524246000596391
0.636918683915726 0.158569032085322 0.118570567813619 0.503106523616818 0.994546138829914 0.0792456562730305 0.413858445333761 0.279782260221837 0.302511900193193 0.547932988965994
0.422502326931831 0.495242818290756 0.339851128499437 0.876309403409617 0.996797117298332 0.182331042962528 0.494713497683029 0.335779663289898 0.914974091478525 0.566075627499502
0.439512958963093 0.262341809157175 0.0954178298397993 0.257743195151634 0.89575578860504 0.00595791580947889 0.209390338706435 0.181810203537849 0.0500694617582001 0.40135871066527
0.543245069575292 0.274673471312925 0.200624479620618 0.564442156298771 0.994238292412709 0.217542061751092 0.506419703367298 0.270654215598708 0.584910620913186 0.400638923150772
0.587747248138119 0.435278221863078 0.506866450028689 0.971347156192403 0.99747950722569 0.400366040774663 0.637842888615911 0.42091008770764 0.955545939127603 0.643753969364125
0.806271774524917 0.122906780587925 0.118218902183788 0.513327279655759 0.88309617789227 0.0241241869896351 0.309146538853638 0.240539569244175 0.232571189062051 0.387698623922729
0.104071198774125 0.52781930095784 0.027303556306754 0.176662495998632 0.877802380049679 0.0177734772671036 0.176892179789342 0.20673606341145 0.00949221439453876 0.460820791992994
0.0545074051179511 0.162216655548768 0.0322540663389618 0.781482205393759 0.897209565784945 0.00882495831933584 0.301040448043257 0.285064956931734 0.0576493624382042 0.43475208275251
0.256673086677883 0.346594866641245 0.0373491987338989 0.838862855801048 0.950339704037209 0.0204106722870106 0.274717764032918 0.340495147499389 0.0408427123681634 0.478968083940212
0.559294751350773 0.699216631727109 0.489852605246686 0.629213121759187 0.999004540771671 0.221207690252105 0.552806701955414 0.50051846949104 0.990844706511715 0.701566318274264
0.0797356675757429 0.0777771831426954 0.0265282482586746 0.420511405861261 0.670550198419722 0.00267404031660906 0.221449699166937 0.312926836724288 0.00833178157238825 0.464693577707024
0.0747775568860186 0.0815082604423132 0.14292213178995 0.502813945931441 0.891424937150439 0.00538157443309009 0.197881137417466 0.241360367716741 0.00975763758127734 0.391804938077776
0.526825020522579 0.548837321751312 0.19956751465002 0.821845953136041 0.97911030790141 0.0372851072238204 0.437270571022267 0.378731395339592 0.389057209085776 0.657257545862026
0.375081887586449 0.586450080134051 0.179954121916408 0.735626744957062 0.993944592614442 0.104971832672026 0.445408603293173 0.380762811213381 0.548432445459094 0.573444563781447
0.874855292675253 0.531072129658041 0.183992354161376 0.702667049290849 0.989646413444323 0.111749550383234 0.483378000456949 0.399949706011127 0.830017069906178 0.533267677955466
0.197205152179379 0.46647955759403 0.225731438574446 0.102013411362814 0.780264664726403 0.0143577743593906 0.262773951676212 0.246611224189303 0.0216176796422723 0.504074784946516
0.398714784095828 0.216903415936859 0.108341057783127 0.606985921015606 0.927579394378888 0.0121396152554588 0.285547911782499 0.226203595833436 0.109716662597854 0.403351759164395
0.925975601097042 0.663617525660781 0.750324127957455 0.935947879500596 0.998621766145041 0.7406680568221 0.840680806878811 0.502246144237303 0.993876285907411 0.696704458086009
0.177001032512495 0.364022548567194 0.183795179090522 0.780775969510567 0.963321228043711 0.0390403426920147 0.289599935061537 0.285993655409109 0.106634436047045 0.593144084538845
0.488847929397968 0.749752670555468 0.0973028789155102 0.0971451890649547 0.910636564629163 0.0234964465556445 0.284197543687968 0.276183541862042 0.04217284946887 0.5361050592787
0.720896037233698 0.607889154541097 0.573486339501361 0.802690784799377 0.994401282786385 0.115086891151494 0.498822483357252 0.384554418657986 0.660771355668578 0.542663940111069
0.497135554484076 0.00986309981897675 0.047945433521977 0.972856585163349 0.976873681296121 0.032791094544113 0.349968401750865 0.358411463323058 0.016822743591021 0.554065796105637
0.0524915272164653 0.499908507641129 0.219858720741593 0.606332708837315 0.830665204551642 0.0681457468664752 0.314333212772923 0.344999513985669 0.0847931423225021 0.661720716696523
0.505918231573057 0.214033583551745 0.110395225659157 0.551278013655437 0.969759898018063 0.106857519439042 0.374333521773078 0.29826588554125 0.580100597585822 0.461299083561331
0.89370330365889 0.853741805814894 0.302563112739598 0.917470287725629 0.993886616677027 0.118473250066973 0.413875505773578 0.502937810026052 0.977333040908915 0.579783389783483
0.950956147065535 0.943517670685834 0.112395702560106 0.970762268915476 0.993707033810365 0.285561159916279 0.629365511414548 0.367869427160907 0.929581889107804 0.582421599855334
0.908089041497174 0.626350620544157 0.0379499697765696 0.718125163957469 0.991381403609628 0.163826724724372 0.456307368919013 0.375840105665695 0.775455418670024 0.594348093513575
0.345175069584742 0.575088202748428 0.0499462487630225 0.415367962266744 0.96656309606613 0.0491549610337794 0.409454501391953 0.314552113030246 0.385980506740936 0.541448633126104
0.215578994111819 0.939062081870133 0.115128351145518 0.646711098937851 0.986647679442633 0.228711358700356 0.495283417821032 0.398688500227846 0.16313598541657 0.534361489304408
0.437834164100556 0.471423059602073 0.0790482745637722 0.424594689358068 0.969151315979295 0.0261657392190542 0.244225294229676 0.283720766507406 0.140876062821808 0.504537270056452
0.863236198324771 0.859185170402511 0.0860207700882046 0.972251391460098 0.993183300262911 0.213096342316834 0.517993184534018 0.402139179246485 0.421089230470756 0.519873503788533
0.175891383007164 0.504116653104096 0.308210032799218 0.704273857705725 0.878328816358207 0.0279943724207863 0.402345491723393 0.380366973465023 0.714256374289309 0.524460876254348
0.967380983387851 0.211245025414686 0.406673853905612 0.755698828534342 0.995448959857543 0.256055087880027 0.692512906993064 0.462678922304486 0.965865959958267 0.702388458868958
0.514877936122352 0.650982052557687 0.31031351858898 0.592178360354681 0.992171122313457 0.168438684301879 0.588009487698009 0.368708742979904 0.793629411047347 0.496846284633891
0.116636323444717 0.102013693052844 0.0814983888050789 0.861906708301863 0.997622005340933 0.201147182381614 0.401353032354166 0.316081944376083 0.678402523166614 0.527745483667132
0.724072358869312 0.888928389742461 0.170723836007708 0.907901857240206 0.997507986301881 0.0935459716000662 0.518986797062368 0.336366866067761 0.995539794183391 0.586499613605017
0.26387579451269 0.34155035172782 0.305800013429466 0.653422079557765 0.994348940231448 0.0294802815383198 0.39641128959287 0.379980584835423 0.445621431184966 0.622802175912615
0.0920077704269479 0.523237253044139 0.398974586022516 0.64840031302086 0.954823245507789 0.0385186272437916 0.456007430868419 0.283800932284123 0.283016635506398 0.520593436410541
0.591483038930732 0.34917014977054 0.0345711951621952 0.215776884031615 0.902245455662101 0.0229339846998114 0.315526333109282 0.219290093099744 0.275278037543361 0.400220564553696
0.1579613147238 0.12267605206324 0.0682009811748939 0.0625558674485517 0.955906923926152 0.0103197832457372 0.262725722766801 0.205843553316954 0.00396911983949857 0.441945938311413
0.691771701391347 0.956682557466401 0.112098297216538 0.847992886822724 0.980116133933342 0.0660509191442619 0.527260712096431 0.220857587524833 0.485743929799879 0.545222296875043
0.493733592048197 0.728278615880829 0.182896406491873 0.38781088337789 0.979315935579171 0.111465697835155 0.41747545238783 0.273014072120137 0.251897953835896 0.531538093265835
0.957809666867853 0.945991598452601 0.355468771098753 0.897365770811784 0.99929622789879 0.647530721778025 0.637888785178154 0.417475289792741 0.967973596913391 0.671582692211912
0.135031321810209 0.253080769638923 0.0523658791961298 0.266286926415884 0.96264781058435 0.00350368671842706 0.300273053831157 0.273512732154105 0.0269131723326532 0.459693049188702
0.403924838589537 0.0600906348656019 0.119286473407648 0.604879024055021 0.995916293906534 0.288791548292321 0.466782696611165 0.343252831934403 0.870742577327669 0.552095352827642
0.249582021613766 0.114099502250662 0.117429924567202 0.762105511513063 0.880258289299442 0.0300899722885227 0.262484719218348 0.299517291925923 0.0288683646020063 0.458881326713801
0.191898608051554 0.236971817031399 0.106379159546304 0.471699290261901 0.945746955833142 0.0282527525431706 0.406770058726986 0.352888024019435 0.171170298312317 0.525649221938203
0.121252591377506 0.0846571420951219 0.0592535254120062 0.501931620882711 0.911198184834884 0.00412549669522038 0.228786463212586 0.259742248121591 0.0538186843059356 0.399816319910106
0.919432964049075 0.463303745453321 0.232028780949041 0.978763251060682 0.996815877276273 0.253113939108288 0.613190783898418 0.478328213166573 0.919390620781691 0.6239898668402
0.215463660978217 0.0737358650759651 0.0308129819274974 0.0954669381314584 0.79263400350061 0.00808883892813438 0.154021320826924 0.176093930479194 0.0157290511268747 0.447367654344215
0.819018217467717 0.775163022871775 0.621083127151464 0.580299462002845 0.996617226277125 0.36215627714894 0.635578889568765 0.439743479868275 0.643865909656518 0.625231202033958
0.141618074382552 0.182509383947336 0.273439689651864 0.751504693770312 0.654702176623378 0.0358292409300958 0.290680830009408 0.340443444988356 0.301204682058418 0.431441598566203
0.142875728656854 0.1970318737063 0.0593838697585523 0.690804269699384 0.965831181142791 0.0141338569507038 0.229989915366576 0.320274888891468 0.0922365165886104 0.486655825147838
0.676228573272119 0.921603157043429 0.209183008890748 0.680259439074558 0.979081552373793 0.302955717378954 0.464808727880117 0.429912130496026 0.40128526319263 0.67272326675319
0.74240208499199 0.837706324910455 0.21112378988526 0.964102469540562 0.997680358174266 0.233954196249028 0.606324126508831 0.364477027536729 0.945772346302893 0.661457267704307
0.912890752577138 0.938851361611833 0.405380790293134 0.975435560927895 0.99948367821592 0.748990741057675 0.830983032557455 0.573634569141326 0.99732650747498 0.730282408012161
0.42199533507191 0.34495976642871 0.287191826457605 0.799879012686094 0.964133357005617 0.0671530825835994 0.417553787854708 0.345962827295115 0.364755370104557 0.576380223471005
0.221332489326855 0.21803334489589 0.148043297485401 0.13424168196742 0.679434448297952 0.015070227121622 0.309742107501803 0.31064776672422 0.0945679716434975 0.263984392369145
0.364527875166928 0.919325532185461 0.3923983544116 0.801697721464946 0.997082851459652 0.13939382269915 0.649950288055355 0.383271384660049 0.622761480748342 0.574543417722031
0.580816983228333 0.354181854790977 0.19129199548431 0.768503877807925 0.804047693742694 0.0195531977733723 0.409495801375628 0.294303905874707 0.486238162347334 0.578360729253975
0.680919537999863 0.162347084571269 0.483866276422619 0.77950880234907 0.990953184773267 0.208229062451885 0.52957385353206 0.357277706877294 0.246788360863759 0.59186910798282
0.0852191177268001 0.416388295510191 0.306504186862936 0.672579796015859 0.775480583172886 0.0227850138186586 0.271909297112722 0.268661359716237 0.0107088705285756 0.359578435346986
0.704653295433811 0.762879496409698 0.337878309349143 0.780534171311554 0.989636194143363 0.0475455486925044 0.472150229803898 0.329512700406109 0.358643705272555 0.530772704988665
0.928753374461051 0.742261875732217 0.237306269351557 0.940413998041223 0.998180957000804 0.606437643094408 0.623923382883983 0.475664559098083 0.957002009418182 0.637756482035059
0.850706439947709 0.390984523418349 0.636963685163078 0.921230733226703 0.998785664923664 0.205601004111389 0.630315915307559 0.456515374818411 0.987187604786229 0.64095062822103
0.513055335852387 0.657567794621299 0.0799776953094039 0.626200487358453 0.995883764054844 0.177097759691637 0.506584794376076 0.419556599432958 0.901178319979825 0.621458855941127
0.187573573460342 0.242342938506349 0.354770135580858 0.917789487933656 0.931381428068676 0.0628190707185596 0.321371170985697 0.30417331719772 0.208731240544029 0.53874119100883
0.784565500741125 0.430007265557394 0.163984022875432 0.85270780099905 0.992376472807716 0.0312842028245838 0.277749148631509 0.312039518577048 0.780788918378577 0.58765989394904
0.362370641045469 0.470444284237955 0.196917999357251 0.508734649700718 0.933985774934202 0.0110931141901154 0.277743148870294 0.301668308013646 0.0490284957680383 0.518982584255645
0.972467540938007 0.691804725432322 0.0974397614939592 0.702244883742287 0.959118564939032 0.00906018037547316 0.482646317454682 0.245795447053479 0.349335051824805 0.534204643392712
0.992177311555242 0.708959540122196 0.482269557388879 0.988106199115451 0.99910529294316 0.662440639629636 0.805869133049357 0.558459168347201 0.999226126982595 0.70472704716777
0.911650249053014 0.45231313291957 0.168955004284448 0.256578424395081 0.989623508497442 0.0763932455817402 0.438992408277067 0.327508650889161 0.718985821364173 0.568323941683491
0.141215910046648 0.603880124026229 0.331268664560864 0.980443098257491 0.994347262822586 0.11039577136569 0.592599713771577 0.36500606286261 0.851002760564233 0.553615688132807
0.497156131614669 0.653014041331881 0.419563107461217 0.754481084690573 0.974681103548581 0.20367952200394 0.505601887717801 0.347419485184923 0.939504159767701 0.550147117125542
0.872665742963197 0.88004034813349 0.39047750991232 0.9307415270584 0.999011582281628 0.516836566831079 0.653795128428227 0.436001800174766 0.971270479945133 0.66430573587309
0.344104014483335 0.113805395617796 0.00927134810755658 0.175981637599709 0.890059848838762 0.0320107882148426 0.215890148814087 0.271816259465834 0.0352789448288512 0.42748937558712
0.756967337917576 0.837218335424895 0.0479251056791801 0.458398055133626 0.996044549698811 0.0505363518947112 0.45471595822605 0.312430588323457 0.562505600362407 0.588340578811136
0.811833109489253 0.838501315758523 0.168239171703023 0.968998287339952 0.996043815590277 0.300369661057044 0.540180137703534 0.361201624444932 0.796801405080509 0.68768153291476
0.557682738666059 0.794347766641053 0.135310560777215 0.892436687817782 0.996449832000954 0.071608188509511 0.553631784380465 0.438434955362704 0.74473331696404 0.581641024146903
0.907881608456911 0.40818651887282 0.160031386405777 0.943949137043706 0.924802178844475 0.0335249142918678 0.417892359736711 0.398912973113507 0.337289205025768 0.483914186372899
0.470652999310108 0.199509919222321 0.230111250929804 0.562030956040641 0.945551842571283 0.0578310077546939 0.404933270262822 0.395849482708532 0.383994373292572 0.674582177722254
0.782236887879301 0.35945923542081 0.056714390895616 0.896539757345144 0.999062447101474 0.252610147385445 0.558160305812991 0.472675929250352 0.955125580275842 0.599792546182318
0.196376979905565 0.122944572701156 0.0566738104593561 0.347115677787686 0.929371697431704 0.0251297928031354 0.191430905666724 0.26438535957583 0.182706983567341 0.446011399137939
0.725705928620699 0.460380306537082 0.462634056946547 0.86567852636651 0.997914642022734 0.217168537173236 0.592206709178003 0.529806610570593 0.960320917815593 0.720265345066393
0.671154055394886 0.875162525184582 0.17661624741088 0.981308214280722 0.998039104811999 0.327693545977712 0.698968624021158 0.415153624698291 0.931773276029962 0.743740195685918
0.660041755132491 0.835810534697826 0.366451133873906 0.676982207310113 0.969703357675242 0.0189004727877035 0.414795236768221 0.229564269479414 0.0682365915682616 0.501136327904566
0.36899297688401 0.48576664587343 0.556142206884749 0.373261491063904 0.970965575763645 0.0690633830276555 0.298645089386917 0.41662350074357 0.257516865114694 0.552489384468736
0.351362822409193 0.21844422858139 0.166062756480547 0.811774552556309 0.987413778517278 0.0797761784540317 0.668559047083122 0.384774141670506 0.2470510926586 0.561068243468441
0.884120724810193 0.941589596208782 0.398278556146729 0.93987073255448 0.998824304742166 0.290560287114888 0.673334811020483 0.435834715728361 0.98308997727294 0.66894267279579
0.857404178057681 0.743013901212979 0.192800198295526 0.683785253193763 0.997732927039556 0.237542035631957 0.61561235132286 0.410117301585197 0.895437995590979 0.592566698217643
0.921405001372118 0.933370530097433 0.190354012182097 0.939157725117118 0.998432861993255 0.167187370666756 0.561354120440384 0.332419748836769 0.913606931383207 0.672189337934713
0.395616484358021 0.795935128761705 0.112006995197521 0.813857917360071 0.962623430948216 0.0424106909968831 0.396424158463401 0.311838325833143 0.566729259312636 0.529449472387595
0.873814366188254 0.664237959845668 0.0804114867733802 0.9580217601074 0.997141267825997 0.120800704176423 0.55287140044522 0.472726741793996 0.786147285068507 0.681237973884736
0.295034331069189 0.729249395947391 0.191435442901057 0.441358476069253 0.9294849817307 0.00964632382917298 0.367107096377543 0.341583909241535 0.0848176834575073 0.542610793163719
0.852913979437717 0.49432803853605 0.188624546478311 0.970886429710953 0.993123480850669 0.132269573490547 0.502580095579873 0.344895028173391 0.981012349899717 0.582055083625858
0.355665622039115 0.100307770506219 0.148006212779729 0.756940518701241 0.953895950303248 0.0417560870268624 0.273815935801314 0.306469968181352 0.14904859710378 0.543926750617667
0.378079773781695 0.993094763010073 0.214301542332659 0.869998909802698 0.988286753733648 0.09105211498974 0.518784956931333 0.578137992220301 0.773521140670831 0.720003242524114
0.651026054675962 0.970272041143743 0.625798384098631 0.96446437541244 0.999627193190116 0.430340166306263 0.693314621900997 0.447808296392188 0.995646241233986 0.657753313324339
0.891054147645022 0.874546821631625 0.114895632570251 0.811370772580572 0.99355667622101 0.404338149435018 0.622754456654037 0.357069353778625 0.978066936486257 0.556835597939119
0.147062290872187 0.881968595232359 0.0506534283362265 0.473405733550231 0.987370418337165 0.02116871943748 0.300112487735099 0.266469795729396 0.0257479035657386 0.519128937881341
0.372674595464926 0.262566769598145 0.130515570675227 0.38002501970972 0.981181105281081 0.0227022784890243 0.306695985133383 0.275190049074591 0.128997648024496 0.470655249470974
0.299933699013341 0.641943568950124 0.11647997448219 0.438159008362397 0.963672034733218 0.0506821287611781 0.364990338289226 0.240176055717526 0.489070261196276 0.543479286689662
0.763593233132909 0.0673184434996152 0.130433990038885 0.783977143749484 0.957780951623442 0.0334971999967994 0.336976487729602 0.265847623347464 0.493540267641015 0.55287816785336
0.247198169816185 0.23839852624853 0.107857585135329 0.422821636860379 0.967893656244623 0.0306545619606323 0.210971224452073 0.229614559507949 0.609442170848833 0.364585680756104
0.261655651624606 0.462852911759758 0.130269567816047 0.506700171391168 0.965618301321114 0.0864089884918923 0.381542780131963 0.31877219964329 0.150481208079137 0.568249550297697
0.769751819883772 0.829676918089497 0.093135001140051 0.656646838354596 0.984696075880975 0.0904317548593198 0.456303447572657 0.352381023205927 0.955145716997891 0.651240093439744
0.837060223852574 0.654355586653433 0.304258646181099 0.873062317051193 0.99592318169884 0.555265443503105 0.499972279516042 0.432867589738791 0.875948021731734 0.699362673661139
0.622998479689314 0.718851990554967 0.227435078306672 0.280883109781254 0.984106152459349 0.0528808247062567 0.519460507642699 0.348095364005897 0.46055090344995 0.532270192359029
0.163431913710069 0.0404104695262162 0.0987887287731529 0.141090091771749 0.47719976429833 0.00375788946983283 0.208820390545225 0.257784048968785 0.00411884271603325 0.439881512677773
0.49313776984949 0.836716867896893 0.0508373698306849 0.264768993757309 0.957837411511514 0.0369245265508502 0.382289824717475 0.321775194669011 0.60422597871688 0.608005009538827
0.976756563279203 0.977811189558041 0.349125095352975 0.740784916735596 0.996705531766236 0.168073776773302 0.565510728769617 0.402668741267538 0.836423531423111 0.674480250303605
0.844710144149303 0.765988720230127 0.1523625120215 0.98457775007771 0.998505452700746 0.74800072439996 0.73903186364598 0.505152168000897 0.990032225616795 0.683557185962242
0.220548509782809 0.407193514563619 0.157392574695221 0.702608429652923 0.9728953444616 0.0162077561441711 0.318362050292162 0.324650039664906 0.622699823375864 0.579297878202281
0.200016401369129 0.389155275095386 0.0441257052134747 0.416890491499092 0.932973969976724 0.00355222089118735 0.219504449923422 0.178456910543801 0.00177843488596802 0.430398095744056
0.853252144196667 0.942907181764566 0.256165663644885 0.530379026500131 0.998698815037226 0.370194346620682 0.573662675130213 0.363872542530692 0.987406509767495 0.65724917343175
0.443960152870224 0.29321608763788 0.0443446700709672 0.494447700407094 0.903351922475546 0.0142191463342872 0.179017025574005 0.239561006445737 0.0447611095210516 0.496124359969544
0.782202923656905 0.0760532836588641 0.154688911835891 0.953021480073339 0.996377170619775 0.104128648948655 0.581163212775498 0.396461799008224 0.654222117557046 0.578826691142752
0.375189339685329 0.168166295474562 0.181948296927618 0.335747133123826 0.876966799799532 0.0416162193698526 0.307677891304827 0.33273071646902 0.0579570244728533 0.394751148127811
0.684484858463808 0.48435495222273 0.215787730345875 0.768726468791878 0.998213689194844 0.079800181423256 0.531224691897302 0.400383056692941 0.886690688912393 0.726559264388256
0.506004796667102 0.54110768270514 0.270785998378168 0.829457133766705 0.997832223394248 0.0823915349297655 0.450430448000132 0.320520327640611 0.869478932661783 0.584288592681178
0.705366605856853 0.22396567828532 0.159397780935839 0.85762495235431 0.941914764788921 0.0868791797621898 0.375662755676282 0.361203220404406 0.148538327307658 0.570981675189265
0.261364087794564 0.0181690896858746 0.13404879052942 0.689453672996928 0.994994970305723 0.0943501772820334 0.484702112903807 0.361720637589049 0.260859986564943 0.529920519703044
0.974559631416668 0.892484313862786 0.324888415915256 0.881391231811231 0.997477424301868 0.246341262787631 0.588096043688973 0.418600303523781 0.955233443874658 0.532186120118424
0.66977164469686 0.689329728489018 0.65271062359581 0.425105697663538 0.978085705955584 0.137042021481535 0.604753832920781 0.264647856211472 0.270844341449567 0.529211477381271
0.580470158597183 0.0624003539894139 0.0753558071577324 0.86222878947186 0.995267825727426 0.0540772239100345 0.34682895831267 0.309160084134711 0.917325140543857 0.557227704723183
0.396914904159124 0.828839850470841 0.152695936207226 0.832591908588448 0.988559998305712 0.1866152161033 0.450744537902816 0.391840800443592 0.757745119870666 0.638533286517518
0.683605693829734 0.100632599717232 0.36318294441884 0.585159636217645 0.990083564354925 0.078775576017353 0.406516208391543 0.332914985758738 0.323634355764883 0.53430892591632
0.532172528970483 0.427252605537522 0.146727936363774 0.924966461636943 0.990625978828146 0.258330683169583 0.557015054238279 0.355694548660829 0.270860149719425 0.586323184971835
0.886334437426089 0.896231689883105 0.0754796284246789 0.413203644682507 0.943952925020841 0.00623179486032875 0.273239252435989 0.291900093495954 0.530362225814794 0.351549858907365
0.900345596297758 0.592657460535114 0.404719693972674 0.885014719461131 0.998081328537188 0.37302104147755 0.724959621565337 0.50914916579603 0.951517328894059 0.706316970693074
0.481278848803978 0.90075966940337 0.291790024413754 0.981904635684727 0.998116770526086 0.495804571655082 0.743918298143556 0.436982487975247 0.965798305410501 0.704900248970306
0.981500545628023 0.842282982030402 0.350297216923817 0.970928161146806 0.999575194251979 0.461597534151407 0.717849192817797 0.534437798932946 0.998440369724914 0.772157100420745
0.403552181792995 0.312915326591945 0.162693105468336 0.824679201405777 0.992149682155942 0.073128416618878 0.397037868987682 0.357177438033523 0.509841788117551 0.545661761880942
0.328198918596755 0.09407048771019 0.0921724335489182 0.716297427262581 0.987540688848279 0.0110916154115305 0.324091011746858 0.262191556766403 0.738388447097319 0.592100588099505
0.305328944358753 0.893243023787903 0.1438351920584 0.872247553419835 0.98911567833576 0.0920185807860626 0.412451415757428 0.31455153655934 0.903618185539601 0.630460405382879
0.650703282989746 0.388102487820223 0.129638299280903 0.748040389898662 0.980842548787514 0.0615482571989211 0.472241686729753 0.510099532026154 0.284193085946325 0.6425068280844
0.879301754670918 0.415504576589629 0.237084448361001 0.927369747185557 0.999106873725307 0.281889100469313 0.586832882368349 0.387308969065838 0.991380443220255 0.607693604829471
0.390277410784816 0.795207261447688 0.195636598515671 0.571663345764825 0.913435281340219 0.019535149732552 0.373950360270763 0.311484447754685 0.0979475617377698 0.411333952337157
0.772012394301347 0.577720905941257 0.319017485298668 0.967017402383979 0.971937072820197 0.0825697251563381 0.446821831001839 0.333447981972077 0.377542995240201 0.666280458176984
0.33351823501864 0.168650889454148 0.212560433983523 0.817303369115731 0.992013186943108 0.0525382772473113 0.499378268789481 0.311289631269699 0.841699549382017 0.49622219881751
0.51017162864306 0.811911822773779 0.14796518528116 0.515055823612708 0.987342877912009 0.0677718883268962 0.457714810752917 0.370894897420928 0.893866487412838 0.512439755008811
0.752354590540347 0.439915257459202 0.120805131502491 0.958296639561299 0.998079705507499 0.103288782951411 0.493435626199085 0.499146116701028 0.980172605279918 0.628420755892062
0.828495197569638 0.956204037825711 0.705033259153113 0.959325674030632 0.999794646176932 0.870955968301824 0.870342361414829 0.532913407183935 0.999726697935932 0.755693438210962
0.971670885418334 0.73951104471562 0.756895335218852 0.971223038332983 0.999644456407528 0.53772294193683 0.770574028917923 0.515687772638114 0.99614698001732 0.776192772775764
0.716083250977618 0.941044497943146 0.232385546711781 0.974833957352581 0.999329092093337 0.403217592155128 0.648692911697489 0.444713981642238 0.941095342902692 0.702512822063544
0.710686485924054 0.787644192246422 0.0414900921055891 0.869387664194034 0.99805968809925 0.220024927722812 0.569568290065652 0.398351578316067 0.969587630138078 0.728119354005593
0.751688864053345 0.610699531311382 0.0565403997094607 0.841631009962399 0.996247891330172 0.0856428657311294 0.469478054070244 0.340690397869151 0.583737856694358 0.59567341833467
0.825955342132062 0.735290233773561 0.563314963052955 0.984529269767472 0.998494217672759 0.640665277323215 0.80836430684688 0.531385344875925 0.979202193362725 0.665423373666181
0.321233974493833 0.37790519719712 0.202881841397797 0.745753018984914 0.976850413915799 0.0481349971597124 0.421344652041095 0.33795405189177 0.39902510874359 0.586913790037712
0.471829887899366 0.269732415717153 0.23386288043746 0.507636305103407 0.971872831404149 0.0354677251365312 0.484046280160016 0.420729565315427 0.602463561188473 0.542849448189032
0.811634151580059 0.78978667256975 0.169403817993998 0.620889137134768 0.877168935294945 0.0511437349760336 0.435207523573312 0.458315941836126 0.653982313648792 0.470251930133062
0.173309318201317 0.434174793559855 0.0953679992984644 0.308351837736216 0.912413329084937 0.0277670852395728 0.195267493971669 0.249519316204741 0.0604617158971798 0.457990026441096
0.337026080251936 0.205782097725976 0.304504914195715 0.461833651255137 0.97656934095987 0.196393888723694 0.379030213995427 0.350261030197027 0.553600575578051 0.515405258908697
0.676739904515235 0.976728051953603 0.166148353052999 0.914257672166912 0.99866914003431 0.175290155201109 0.501035573342263 0.427378319239749 0.951239194402416 0.699593462010079
0.690939574646669 0.105663094020982 0.126840674685949 0.865395995288142 0.993646874819576 0.224853732718325 0.486899389222625 0.39230119040116 0.871439617026098 0.628646650517646
0.66458652064754 0.779852895968773 0.169748905766331 0.664325747024845 0.955029689385923 0.0559483516007128 0.407250658522279 0.375017346177751 0.281996798720821 0.445315862891327
0.982525636692768 0.0873912425647592 0.303837318781041 0.939702679557668 0.994663544949585 0.28334288724294 0.672676360328414 0.415151152367904 0.935652196959781 0.650061043958274
0.514724836612445 0.748828867205574 0.268163225130436 0.827400391284396 0.979066802037568 0.121166216351656 0.58376811444265 0.408754935486403 0.928149536351901 0.648712756788728
0.793644342603881 0.711942110577865 0.376218471768859 0.852383316122741 0.991506528552702 0.113312337577609 0.534351422504835 0.341177317313043 0.910312811347867 0.594788217009928
0.838679571948653 0.948751206153276 0.134767430065888 0.982355273691782 0.997641756298932 0.194555011453995 0.40605307436422 0.429925033930418 0.460054560260831 0.500519545216871
0.391495274973206 0.89469177771073 0.258437976553748 0.888361118038485 0.996758475139171 0.203461173921935 0.535428869469397 0.39281046053928 0.896896874765942 0.572866684874146
0.95530533754085 0.893599125216663 0.278541877251341 0.985925751732481 0.993373298117236 0.241991438332513 0.642190212843338 0.559239780415692 0.97082432273869 0.660485487078659
0.473010331117474 0.32533794412073 0.220952605312736 0.648883383900642 0.981385071875746 0.0826747772858543 0.501581746378717 0.344550252552927 0.4909818580544 0.593679033481828
0.978711776158664 0.441754129032876 0.199181526927868 0.986508232408118 0.999777463028631 0.829518812972373 0.736848818126242 0.516682389873021 0.998604554207349 0.659791007984458
0.747175975256642 0.693117247545325 0.360679087939843 0.924580473695853 0.991969792427827 0.353562959579018 0.640163672260712 0.470528264229209 0.783896617164483 0.588004419730398
0.757066640529242 0.647332930300848 0.189785851204604 0.904474793300962 0.995387163539068 0.144603911547696 0.548156967923132 0.523691758643779 0.741986114523064 0.629014288590291
0.545697703206894 0.666325004970918 0.205503288726232 0.480048121028629 0.974567265817152 0.0496937956123908 0.48048599582254 0.401496286935975 0.539461642078377 0.462674145235309
0.344572479067301 0.115216823347801 0.130056482287648 0.863995876705394 0.885768040020383 0.0110258160138548 0.221204312737229 0.267775534797428 0.066738819485724 0.457855140123403
0.892058580848741 0.677052399543989 0.146574720545912 0.909124058318376 0.99697385409549 0.408916702680343 0.666850683787857 0.488449677430478 0.975573407698452 0.688458358044537
0.961404231841186 0.373109076667804 0.768591175990009 0.885511110470289 0.998290899697614 0.367869445603281 0.726201191294438 0.498254683079164 0.9419719348219 0.630976567528137
0.927145054592619 0.936863873239181 0.336133021629361 0.836405045819782 0.996133867760903 0.255517947082038 0.692138187756711 0.516838437526614 0.997685170898557 0.653147759714034
0.25865120347834 0.335227746715127 0.100852924924387 0.656859601261167 0.995460658463767 0.0386801607660511 0.364402091625128 0.367229117227817 0.548692046544771 0.589999948610849
0.499044130007695 0.0885740984696609 0.180295094176396 0.726320901156393 0.968334920099368 0.00329037128352935 0.318641145452732 0.302860783474073 0.0565887395033156 0.432795984292366
0.511175035742982 0.479913131141578 0.122561809009457 0.660494806817859 0.987532016987272 0.096544979822846 0.402432685895721 0.366582344328611 0.924648998579768 0.701363475724595
0.638492502731604 0.810930593872928 0.194524365751434 0.891315211581522 0.996520837268882 0.137554703781744 0.56176471318939 0.41057422806385 0.739807800666312 0.601555847453116
0.977517948331611 0.887506197689538 0.224830482320504 0.920094108189681 0.998547386983814 0.663796978628895 0.723042137425979 0.513434218117578 0.941487363601901 0.704587072321055
0.483106055482554 0.91825217927405 0.0971763989619276 0.810970924038965 0.990616065107542 0.246393345792084 0.357785112350803 0.439256218019243 0.900788238991607 0.662088336520487
0.471403960003913 0.100324885527951 0.0473676870396683 0.412262714209901 0.98259275621751 0.0397032873564318 0.399445427939775 0.31947185662494 0.0738939657695005 0.493420855524483
0.250662229563845 0.591091749746959 0.111398539864836 0.578708647330408 0.972220943711217 0.0613994292821484 0.430680236293931 0.408160311436559 0.663492153719578 0.376723420003287
0.452693876524976 0.329758894656143 0.0764541140301343 0.640108441496441 0.943715281398169 0.0115984242081393 0.289029484409236 0.257659913765162 0.668953293497873 0.513352115494499
0.601771182122901 0.721122164563127 0.105856446384476 0.762444508776459 0.99096275009809 0.201811003890341 0.499894818793742 0.39535956463945 0.389487496806125 0.560547868655288
0.903162950078521 0.292362546915083 0.391832838545955 0.879477987228367 0.998868040263597 0.428673858624518 0.629419407747303 0.450779826104744 0.973687611345865 0.695034445729069
0.843929868715779 0.75476049521605 0.212108556785526 0.924518989807874 0.991928706662189 0.095104530006153 0.45897173203161 0.420410784755411 0.927365505854684 0.572554639219605
0.852301939747015 0.971357727433914 0.246612155837787 0.936852620671555 0.987591163151924 0.124052348078113 0.465633511916006 0.343640608789008 0.408322389103764 0.48461861855532
0.14183392761479 0.686121516493529 0.295741249309604 0.55059755677855 0.947144164835277 0.00446009346692495 0.245275924790331 0.232080850020309 0.0220650172116654 0.418102476974349
0.2999688387423 0.653840820824531 0.0744189497165503 0.635671815833717 0.963085818584874 0.123393596043542 0.460076207586618 0.387838710746737 0.766186072244865 0.497498081130047
0.388247324592803 0.128531767111079 0.0777680095360827 0.452140715801387 0.990790757023524 0.0815333750648389 0.297068111782986 0.333236336019067 0.104195882041865 0.633895664882657
0.867442568165601 0.213021326845084 0.289542786258173 0.889010801885102 0.99596897479979 0.246434557186245 0.550618193639469 0.361142125168095 0.992239155385165 0.649059985411441
0.130533361875242 0.278583953741929 0.0319612809956666 0.244236810617832 0.626860319699148 0.0130135323417695 0.247975201007194 0.192733006333125 0.0346169500366192 0.395043995081488
0.266436864245727 0.253716260311362 0.134281064043591 0.551894923453017 0.921896701105675 0.019294398094501 0.381736092161637 0.282812763313599 0.0167610262421293 0.613628103333394
0.304313292507388 0.516822356862866 0.134828518668591 0.233734755678625 0.966964081062559 0.00754957001119652 0.250323346407905 0.279580074958969 0.0700137808443481 0.482385878575571
0.800632790236172 0.548452640732495 0.0495756883225451 0.815604637691343 0.993418749157729 0.0700210281865731 0.456238393571406 0.485080828757201 0.753460367034379 0.553171198570723
0.682254037942225 0.771499400403429 0.108937553573163 0.903795706399624 0.978910725945268 0.0708471302152257 0.529524025103221 0.466006658377899 0.74033449713714 0.626451210655637
0.899799600673922 0.67936057334207 0.464469466833075 0.882932833451113 0.997117531815469 0.380877176557955 0.658267488524967 0.425661357509798 0.972810872028623 0.554967300188716
0.929228970463732 0.664384760810229 0.213984494633123 0.736531553427459 0.997404871475342 0.445202309153828 0.609305487989905 0.433320761137171 0.919768467304185 0.645556798473693
0.702015695106784 0.46514501378881 0.286253071882069 0.653124633304323 0.997904440231881 0.158016955508162 0.521313492657416 0.414679157922843 0.705374613527463 0.569765006570707
0.860239905741496 0.698157363552865 0.124290675258772 0.695149679920176 0.992629963275184 0.123643459778514 0.447291245455965 0.417770798277736 0.934820488093771 0.565651337790389
0.779826785269959 0.534485292347841 0.0993764820068745 0.745240752954309 0.831658351152724 0.0537482747108501 0.377018454261537 0.376561271774874 0.239179056855968 0.588773222661633
0.581678340995559 0.846191528737619 0.252261388225372 0.914380769488255 0.981443337796503 0.212912724767188 0.46879677285158 0.354048934113637 0.952242683187928 0.646027765735119
0.916758009690146 0.465873872407934 0.306809949824217 0.940784730489068 0.993474436429678 0.145251330497534 0.712404470167542 0.432304702570888 0.948735044695178 0.58799709839789
0.814970441856483 0.958481456382394 0.355067493128317 0.980751228361192 0.99664456903768 0.115429558676981 0.482454989055189 0.391515866827544 0.949230309431666 0.656605925260399
0.270693210070678 0.395196459242658 0.0556855757760838 0.261578975846691 0.884679284728136 0.00875229011175902 0.15845234959311 0.228525096773281 0.0542610348953909 0.474931414278644
0.201245148250931 0.116232313284849 0.151642170856823 0.36079738201612 0.944447636742525 0.00687491708621686 0.179413069022261 0.194224822792385 0.00682149691254955 0.429220337215419
0.921522377553675 0.930923137757263 0.221548830068656 0.896678956890515 0.999248038770789 0.215206038688992 0.695753252100694 0.521393219493927 0.990381633634763 0.647631564807448
0.836595907623707 0.817672491715978 0.299107912012602 0.70947238719604 0.983535586023896 0.151548514050997 0.553091388550916 0.492171363897935 0.814150306368763 0.702664168977741
0.521067537468181 0.840340725725622 0.45294885478307 0.76476763810158 0.993532622354697 0.226424451609055 0.440949946745378 0.33184946587537 0.932823924107724 0.697024124452812
0.826351821633758 0.812857234731513 0.0889147407411327 0.749924414065362 0.997241346908702 0.31125238102697 0.498327374404263 0.326063775356713 0.924155215154681 0.631740498956144
0.906526315234679 0.147050076554666 0.628318958318173 0.69088610708119 0.967007183402197 0.168527184960872 0.387056445214269 0.371929926112643 0.220708171841202 0.61286522280533
0.980579989068854 0.810558561939778 0.362603721372145 0.473631798861213 0.998726432693918 0.263808208933709 0.495339701478229 0.432232647279423 0.937297381932346 0.639934418043403
0.105917598408217 0.187729983855888 0.106184150268378 0.766265925824899 0.975400867009764 0.0326777612781435 0.35276896394729 0.295933361594948 0.430513465464635 0.625021930466805
0.01451040881175 0.176619156377969 0.0658472609386856 0.303716672840722 0.725621157951772 0.0152026545787912 0.179029782306035 0.24147755144373 0.0136218134337318 0.4882085174432
0.775519827065481 0.94570187975953 0.333776913085648 0.932624704899207 0.997542869364129 0.306912525560543 0.685699659855906 0.422076233385554 0.982401891951689 0.727704151356661
0.516718819783213 0.215831300913472 0.0999705359552864 0.828989213089327 0.996788604616801 0.111814087803527 0.629826865145593 0.311817096927495 0.930275219026691 0.499773259453342
0.144256390705622 0.565439595490895 0.0632427465438538 0.207975921189071 0.811558640128934 0.00550015529811042 0.237017001144013 0.285593507733869 0.0614985461171685 0.398834013755158
0.449388635968956 0.976624409478923 0.453279627028242 0.923499462894355 0.997423705771064 0.13140095992187 0.562066038432737 0.359418730622877 0.130510794669113 0.615847059500414
0.633821591745802 0.877382660869557 0.215415081710088 0.842677995815634 0.996411476990232 0.0617611523263551 0.338086850690961 0.333815823171124 0.739716056898274 0.521047232872884
0.956516706415137 0.588472515878698 0.0486368628483686 0.870150371090363 0.997688754272643 0.353205835117446 0.522419509603866 0.402378636541637 0.983300591644829 0.571696783703738
0.324867088983956 0.592063764828278 0.269791127260672 0.697301705547328 0.887509707927723 0.0137071907930677 0.330476286448348 0.340603341110907 0.100894046820392 0.573149712302928
0.565304268391078 0.265224710569028 0.266972609190044 0.385355012961218 0.925174221944277 0.00959776247597157 0.298551178859023 0.273669370762827 0.199032830815356 0.592862402582658
0.822111611102465 0.984588815576807 0.303675885725574 0.648403156063551 0.997438705788247 0.371178337112059 0.664661055417319 0.458070494354224 0.867896354795529 0.599381145923115
0.901772917706614 0.853483386056395 0.23715631242657 0.981753541028738 0.999195832221605 0.464495212240813 0.681455324581658 0.542233454099763 0.992681882224799 0.635096043380309
0.793504843375747 0.637603271250123 0.0282225939322496 0.93967139960775 0.994195939526222 0.122870945965751 0.501038733732497 0.424821076185297 0.939848587370244 0.628222424104812
0.198731998496416 0.237487957347641 0.177015382889785 0.897865472744639 0.982973088226996 0.0434944035481336 0.494210872329277 0.391227088727132 0.668072256439172 0.556189628087316
0.0287471101718961 0.48877929533797 0.0455103189026551 0.410179158053725 0.934659764783892 0.0255288528589515 0.426012600129796 0.261544052417333 0.164731017848014 0.406530417673756
0.467516109107479 0.97032296737839 0.384322748208795 0.946658876464917 0.989462214918428 0.101133581341279 0.50159917038547 0.444593502884111 0.576696269568564 0.639341302798737
0.695763915527684 0.921227216118627 0.0727613672885207 0.944569870624596 0.970937369251548 0.0196527805097359 0.355433535978201 0.34158839754938 0.0984153349783215 0.577993672897339
0.961738371435116 0.572526581196462 0.103478534523162 0.586610338177247 0.994265405639413 0.136671091018299 0.59515287535946 0.321033942060263 0.648657961648211 0.634887338819857
0.190370429519163 0.210286590210934 0.0284231897991806 0.203052597262961 0.792632897077082 0.00477203015249193 0.287737651893222 0.234612566392374 0.0736955625492602 0.388395918128449
0.550438157628386 0.9671139635321 0.219063836278873 0.991097524958747 0.998302837978104 0.233596667946787 0.656151616868614 0.434777699431622 0.99256012782421 0.644932640748227
0.820878618369165 0.966352672671925 0.0861470026886353 0.822555844027019 0.987862339971956 0.0586136652288353 0.473806320286834 0.417099944801369 0.246357234900574 0.428850858098102
0.200378456150307 0.732019082981479 0.203828453866424 0.700258857310803 0.968521276948166 0.0944339251479522 0.425166313493499 0.333926776835877 0.768828473381986 0.575001168702681
0.335941692298906 0.317935667876592 0.20164019180986 0.902301313358918 0.99412241626126 0.0493319861808936 0.475148754418606 0.42501087556542 0.723616578869134 0.555220654816248
0.369126098955938 0.117060671931708 0.359604533989719 0.907739445912844 0.987229527322427 0.108782518581827 0.554384775504573 0.503550023901759 0.940207055378377 0.640738033357802
