0.572847260565503 0.957364528260046 0.0662772754716657 0.66587130964284 0.94638728593121 0.0111436804659685 0.380345639506255 0.326937276803205 0.283758866373013 0.582618087919769
0.857331152381493 0.151707574361527 0.509415742239019 0.728178945076073 0.985244061863854 0.108245668971214 0.537137924234778 0.350168962067077 0.919105563305105 0.606104416337823
0.115909745011822 0.0509234675218063 0.0838328415954741 0.683921873555229 0.664415205587762 0.0028683744248545 0.209635301238793 0.181112809130444 0.00196514725283857 0.311192274033764
0.717306620460901 0.468393543458074 0.120738399191987 0.303250542753837 0.963216815864622 0.109356144340114 0.4935849730838 0.310523337652527 0.359429735160889 0.637767472503465
0.727236858347615 0.451502938460434 0.180428691609098 0.719854601391478 0.987461490701605 0.0435850610431502 0.482578816472492 0.340769797900623 0.551617858045749 0.504102832141013
0.400749992184375 0.462015020136722 0.153150869134783 0.929352837083066 0.988133912485344 0.0222534353944306 0.39093752244463 0.350158976480475 0.820108089628923 0.698307416610193
0.695257352431947 0.283653751247327 0.103046591960303 0.679031915888897 0.970743335895979 0.0397495753916771 0.3531933851495 0.393113672034554 0.160990705995095 0.397308566151935
0.742266033383993 0.168688121174692 0.0705950821797727 0.580833698584857 0.974061917773272 0.0687713634617881 0.473426295175906 0.373029303137488 0.51534238194975 0.606430245430681
0.752578187530036 0.977808160152768 0.292343152080226 0.894891692034169 0.998316366859737 0.506154546343272 0.580940071062754 0.487313864611047 0.970618947332446 0.675819144116507
0.42655330138379 0.70585157768435 0.0428227411585421 0.843263719519391 0.93023543192521 0.0520449750453841 0.329162693724908 0.330872975469075 0.517004792394798 0.569801765249407
0.7452832772011 0.899034807966401 0.134149615542786 0.522891752010181 0.95153994088768 0.123748761297005 0.558359670623042 0.319431549627714 0.486324806539717 0.577471125406048
0.170377323561448 0.668502069022828 0.281294160974927 0.79171858670994 0.991335370154024 0.0347879646700592 0.390743954689191 0.483500945146207 0.226491250902602 0.606367145170329
0.621813915294533 0.046586971324008 0.362431305146194 0.803630688272393 0.983411897983129 0.0165537086639566 0.291366736009873 0.381839168352115 0.102538484600485 0.565441950539753
0.193577509080855 0.668009494360749 0.197310914895629 0.779708153497444 0.972108612347826 0.119586466105147 0.413054496794548 0.421928091940993 0.623416725307147 0.61105147940136
0.958478247803915 0.978701445151426 0.325305250075605 0.763842278594397 0.992518059619107 0.264640139464868 0.708013913972856 0.367944089763159 0.998333099121287 0.665547043401947
0.829199048227832 0.806235162669322 0.248516951040767 0.939311039565686 0.99666086607193 0.475567980960312 0.674877484814464 0.433408617905105 0.983255139150576 0.595768161191943
0.685602396670851 0.122000609454577 0.241135185872574 0.501437009603206 0.99346685633374 0.146439105840891 0.411262647192725 0.378916322653443 0.346150021797199 0.575551365504301
0.458112885980899 0.81588516323821 0.141892434523303 0.268396126193126 0.981135508323869 0.00686779947577752 0.22538132962871 0.237588087477745 0.163102980048668 0.373711261534929
0.970922669765114 0.129578761005984 0.0589506308250996 0.667978444900715 0.900895992170071 0.0183204743048437 0.36770948483297 0.287062711395382 0.0964563341215111 0.501146671059382
0.325939217214351 0.656983884630349 0.156409369514613 0.515694098051092 0.997500541413694 0.112695071947872 0.463570381398636 0.404537927648361 0.965537540133725 0.625414551247021
0.561713799237551 0.479563833262408 0.297707455586103 0.804110037785267 0.997496089738915 0.143609438668111 0.561972224141846 0.360720620971055 0.995057324735583 0.512102647833825
0.850694093212385 0.900136172200838 0.309647327041605 0.599394647846614 0.988664778658469 0.0806574672664784 0.571949406696269 0.403005463420525 0.693215312756385 0.634886561393865
0.366930107722033 0.580487626531038 0.244167549303746 0.480626187354095 0.994710635481549 0.0793113979769368 0.600524818445425 0.368903064688481 0.674204750742417 0.482565675222294
0.926261459546459 0.73412513159087 0.23106357136443 0.915069918829796 0.999398955810509 0.224994048179134 0.637466393494771 0.627987654531211 0.992366121947108 0.65765677951623
0.777424225159882 0.587039453029153 0.614306787763487 0.939405243857578 0.990139795372818 0.0725254224861583 0.46808056346985 0.319956373155836 0.754808789328593 0.536087524453216
0.852387804115394 0.834524254112199 0.355098533908916 0.975659423191902 0.997864710899688 0.144272249369546 0.6287857254161 0.431226386776164 0.98506902431854 0.666175097559953
0.492488308698714 0.485366226531071 0.109488386626939 0.286176010831344 0.706105310955774 0.00965547915599377 0.16754185464831 0.229679667352857 0.00430089427573828 0.405871652635244
0.644717906519141 0.0676859363043583 0.408758231536149 0.993920890892651 0.999504144952097 0.631897374552228 0.773085488009448 0.536148817523604 0.997597039976243 0.735776056695235
0.125463078992469 0.610596485239266 0.158431320576743 0.428718858718024 0.929189290512087 0.0199532459424547 0.294192922891467 0.296225613333224 0.10639738861746 0.407192658234455
0.443202766179668 0.866353215132051 0.164371082708329 0.295478815322018 0.989929326780277 0.150199013125993 0.673450557028896 0.375097951203495 0.751193894778426 0.593554114291583
0.731225772585856 0.931256586240233 0.412553407101413 0.889200452475073 0.993580890445535 0.121017660017652 0.490540318634132 0.493302132389919 0.817371702623122 0.562727193445532
0.664451952195455 0.591973570504555 0.0922665882479362 0.965960923714721 0.970237325994119 0.163809201814374 0.515129569110364 0.411923682476161 0.746413274321925 0.513161247121284
0.119638375490489 0.51001804597901 0.152066723227284 0.546080548743866 0.962916014799196 0.0364739068403627 0.260667670534561 0.276714365186854 0.142253703583285 0.460792708580293
0.95951990423938 0.969331131876511 0.199680005346289 0.938654187358024 0.997951689172141 0.312668284160679 0.618696945241418 0.36343267539987 0.956074338157291 0.58316622793422
0.114925656025179 0.216445650158039 0.0856443769362292 0.602079769454841 0.862293022966756 0.0160681743744336 0.272341444334548 0.274598877558616 0.149910602716368 0.455332743984538
0.803309963422845 0.254137959073397 0.282168872662956 0.976499447449328 0.993565979935978 0.170621905050238 0.554995058507869 0.512011024144231 0.941465663593376 0.609512003918763
0.105556214403225 0.379141223765804 0.121190284549111 0.763081428132152 0.415075963632649 0.00880609920706411 0.217730809093379 0.213963548760383 0.00581535037766593 0.414936863361364
0.350102296921365 0.538678791907903 0.0578645131901881 0.424438146305637 0.982904674010187 0.028755305321377 0.32065037532189 0.389606084818636 0.654201029312452 0.489104030630348
0.115975337469282 0.841646464837664 0.106670705683167 0.221641727287946 0.975784744375798 0.0344715475861172 0.376237471433992 0.406328078525137 0.142426436737369 0.644574439424746
0.126286238715438 0.318259587614402 0.100708805863009 0.319371508514375 0.945125475518969 0.0531575874132664 0.337319367690737 0.209913552613727 0.0600340677904489 0.52051595233092
0.949437970387701 0.943895031494969 0.689362710887521 0.968229244875644 0.998200037142806 0.710062342592444 0.791367752706945 0.408984052644724 0.97449840480161 0.688900408807604
0.694588891592932 0.494313630264629 0.290652247987832 0.93881738456535 0.992753112397006 0.251620866606673 0.592304230437799 0.429039046813304 0.965421216538321 0.598678495722468
0.459412973457423 0.621875112846407 0.151657775280368 0.883417706145835 0.993933584054987 0.0725574498665201 0.51064713772835 0.33056151789616 0.38765962222652 0.494905269802695
0.56612062212311 0.551260410169503 0.105519667163893 0.562955014578272 0.980243762145778 0.0258543686515349 0.344093883097806 0.279080224899567 0.186154249887596 0.393941976545007
0.942629917131336 0.848693017569121 0.30135234547399 0.837105221606679 0.99580145232697 0.639629122116872 0.755599206015777 0.555733647915744 0.993892829583665 0.707867903121716
0.75946948065444 0.221950238972409 0.418613263791849 0.758598614887169 0.998275124947908 0.0636405754364919 0.59874562401227 0.430059430711971 0.738429431762781 0.636301368002646
0.0414281945177737 0.505690023917912 0.224401048886838 0.603415150985264 0.956400702249054 0.0235938017809594 0.311915764198836 0.273201396602255 0.143923970740607 0.524887555066293
0.383737842137452 0.706932754247919 0.158812786038713 0.777596447089838 0.991908897858598 0.174535866542244 0.516313259525123 0.337642241152488 0.951857937932982 0.67075783004127
0.796732613959493 0.387599220112605 0.44989693755357 0.976538496807367 0.99914583760866 0.0912088071978999 0.632509931179362 0.459674114562361 0.968622669677328 0.772949989270021
0.639360984846803 0.875510736786266 0.130860581237771 0.70578810740367 0.996902956243322 0.222818882915069 0.4564021586468 0.428113439530492 0.738020343787684 0.572088712366296
0.554076438035633 0.126902867165026 0.0863227780370713 0.807973060497342 0.991902490542076 0.0641124858193049 0.490410481347832 0.305134963069969 0.582584989239258 0.564431497916278
0.576268480651103 0.859452779889671 0.461971253282029 0.945608640474746 0.994514121491878 0.250702237760333 0.629158705358488 0.470329758363781 0.984584564038198 0.609066599224503
0.922426731348872 0.842401228516597 0.250093508358183 0.913940918471482 0.999685010758648 0.233073953955401 0.581244961159617 0.428799834869468 0.973818614530991 0.598745611996955
0.869535624203169 0.305820969769994 0.178497178367343 0.767491744401569 0.998186933856732 0.168725995929114 0.613878666010976 0.391696546331624 0.934421659373094 0.763068299612765
0.779370869930129 0.952766017236182 0.421535113645793 0.757684508714106 0.994150306993225 0.126769084567533 0.447950051973351 0.306665096185233 0.913573403641432 0.610758154434252
0.885652757159766 0.601144503211701 0.187637388980421 0.855155362090614 0.978437061282118 0.124761622573616 0.534555107187142 0.411247101339378 0.842708505259088 0.565460338402618
0.567839859595116 0.258534434295919 0.12405813721101 0.929680202423787 0.992767095385827 0.249005445243942 0.692671123803612 0.439624157865462 0.768323512298579 0.557179148672846
0.186593661980846 0.211629792715182 0.0702458428393939 0.961846141957228 0.700876798592012 0.00331872818895804 0.338829483093222 0.285991410589559 0.0380210724799682 0.444460711959297
0.867171909058533 0.24288955530581 0.213834676421365 0.95553244412934 0.9991271018855 0.455429032375632 0.715828655156383 0.441212980583484 0.989479410740586 0.762807749709194
0.755599005639635 0.846237285398573 0.158700073459639 0.919433832068738 0.998867518459891 0.506233199053896 0.810269815042673 0.365206657725362 0.989412179913874 0.749781614093901
0.628441870560701 0.208424900843539 0.148968945877275 0.679637314811495 0.926518701159202 0.0677672090007604 0.470094249098413 0.318035542822068 0.0316464981651574 0.479085276645226
0.615612161558861 0.257700992943095 0.152687443954688 0.851641596173596 0.991953151963822 0.166052861943947 0.449481430049807 0.508351601786425 0.73931044361728 0.632726609846861
0.640398555546396 0.321659499396905 0.204457568249938 0.958678686958856 0.993813436816759 0.0730561407770619 0.48982221827262 0.39338217759926 0.827521844323731 0.706214466526118
0.978500582729824 0.730487657169011 0.110474514295743 0.847045091524167 0.999488141509337 0.269082359719769 0.632386679768451 0.438584342198428 0.974888792978892 0.662075693481153
0.798938109875549 0.957858588369431 0.147589127483715 0.939565180499628 0.995545700294683 0.129697087824153 0.508784418277071 0.319056705332132 0.60349522959173 0.612081794258229
0.239882682841664 0.414974987018244 0.137365641219834 0.858434413443948 0.971649389808112 0.178463906462275 0.482860105673112 0.256655432363403 0.484318391711635 0.589270369812706
0.106484944958153 0.976522650613947 0.111202767743881 0.841993531558305 0.807776523085296 0.00429571843605447 0.205818992999016 0.217970270286297 0.00909788421112776 0.430506743474306
0.530039391286359 0.354314303164612 0.177111976741401 0.483890290410127 0.969836743481779 0.065884036564906 0.261820932271636 0.271711270886984 0.361335012849391 0.448187706101439
0.0943449553107931 0.671966662455534 0.118500587152122 0.184804896125599 0.957346286574958 0.0208302131682781 0.188837381362062 0.294615700370358 0.0139630941746628 0.40295353672495
0.303099449156138 0.842070048457288 0.226247968723231 0.540723969801333 0.978576661673495 0.1677819329233 0.444847800577899 0.400472933990771 0.495451474841551 0.468232245431536
0.516569083657985 0.411515333542475 0.0670844279642311 0.910432968265877 0.873734679577454 0.0116202929716095 0.215564319984168 0.227918573196399 0.113234874646752 0.320639953732668
0.453781032289609 0.314229338327377 0.0905251860217588 0.961543964902236 0.998401417933432 0.18142025363502 0.466280064708726 0.371821449920992 0.701085470143436 0.554973203455659
0.855616235473578 0.823405377185985 0.16460246770798 0.667588695272247 0.997619284504365 0.222456895734532 0.621093592611269 0.364147288001456 0.94231559865988 0.63451891923649
0.455613729254066 0.312191881518722 0.0909475915794227 0.944908716699067 0.994287421050674 0.27342305246867 0.47361269364742 0.374189764760494 0.89420357602946 0.593863303733161
0.757369721841475 0.196838340820395 0.0807133182383675 0.507494857090508 0.986986488208868 0.17768515619222 0.664207215085459 0.447253802517444 0.7819194659355 0.615412227292735
0.237550625065673 0.140984407642972 0.0506280615745978 0.197218206892086 0.929784491725577 0.0130527541145412 0.156294105901751 0.256188289299996 0.118907801768444 0.429204976650837
0.428235781245627 0.0956301109491181 0.242545103267963 0.61014997313322 0.94210725906737 0.0163867625234999 0.251029921049523 0.254607823651323 0.118854895673354 0.469210208369275
0.354460010116919 0.34905951209335 0.22591949850149 0.560046266802297 0.880707284109115 0.0369393773579288 0.230675511222825 0.326028530172436 0.0250605988138643 0.322071276753419
0.185347662217959 0.329463912311924 0.10156881416582 0.372851230081319 0.75693516747074 0.00773283436313904 0.258387276513569 0.163736968471129 0.0303406566261566 0.493276392588202
0.384562279088028 0.224478200517778 0.0949121859422002 0.605735350244779 0.883832616262207 0.0116605232271445 0.317201423486057 0.292273410390561 0.0652636498024048 0.514380214061015
0.4327577234742 0.745986672757734 0.186093456947829 0.874945078425007 0.998693108513242 0.363250944629372 0.631790969842477 0.53015319888862 0.98842487723496 0.674423865010025
0.126076289668457 0.328673323831997 0.270240412761562 0.498872861971597 0.891057820491735 0.0725145304388031 0.379481178046895 0.344080369754923 0.635331639655408 0.554379940664784
0.837887423007292 0.741508873450642 0.235796147877771 0.913202589960032 0.99671338714826 0.239788988330237 0.574968390383411 0.409514807342994 0.958585115600801 0.667485626668319
0.777105063729733 0.774380843971666 0.261846995638493 0.381277391677251 0.964108808246821 0.125600820070372 0.465216516725693 0.383673846970718 0.0280808034444659 0.594477173835811
0.736543936604124 0.213345601366325 0.502418495570176 0.23797708822226 0.986837119042138 0.0707067156132564 0.470038179888131 0.432422595832856 0.870212999336933 0.687891241023514
0.527210406628249 0.738708561105454 0.143962554913409 0.323171169042273 0.924340413620174 0.02190724277017 0.324508608383782 0.377031630613399 0.0561614039712218 0.342219935910365
0.201459357652521 0.115945374342005 0.117444488225248 0.181377817765083 0.923935837824495 0.01501872683356 0.254562068586046 0.223202783218615 0.0637901002065073 0.476521837795091
0.123852426710565 0.0333758462607467 0.0226965105755037 0.251571587190984 0.828895017872458 0.0136010520858368 0.302350367991782 0.267264412596205 0.202226521403661 0.43352718167263
0.883391556443944 0.525016630538184 0.28620352748821 0.985367177225672 0.999069652065837 0.504527355181821 0.777835142842806 0.512831764221584 0.981846114755576 0.678875283679777
0.590677397020644 0.841013247235559 0.406240381557649 0.960767307289931 0.988528364484304 0.054489378286952 0.479151829845563 0.322711544167882 0.707598279155311 0.509078172263946
0.404901343546753 0.514595927948228 0.102700134113792 0.539960026176615 0.966739621134904 0.154229500786416 0.413707408868985 0.291388180050094 0.26072520104399 0.532444274874402
0.165830998150494 0.229933765668409 0.0685380431796014 0.765502239299285 0.923406246535176 0.00695465494638433 0.260538174177027 0.235776693856233 0.304116912914464 0.490414248140228
0.705495071271559 0.174102692895109 0.255494471367012 0.959668720468146 0.998199797644914 0.447367456482053 0.614409112950849 0.537137959273173 0.985431909441933 0.682848429618807
0.950932831036519 0.804610545514179 0.358189007577636 0.989198475523269 0.999316456331241 0.156581731341632 0.759275072386073 0.46472055230381 0.946920754769986 0.620371578227654
0.762399204135313 0.515245604618582 0.0567926715682934 0.979884366820759 0.98678240548254 0.292054561116798 0.531461609910385 0.408998727251625 0.705706124186886 0.48151740695911
0.872275303528131 0.983343120813427 0.184877483821857 0.970604941177908 0.995893033810162 0.165096845245049 0.687228775232224 0.430391843622633 0.952619526415666 0.663884331687352
0.411519752126189 0.467184312565301 0.0956719841308918 0.488573184325614 0.990065506495901 0.0586690079765354 0.469400793800292 0.377507078011127 0.0954408915547477 0.617527456307761
0.56700983758061 0.118695671196407 0.0924851567925641 0.287832799091071 0.971561135982708 0.0257437255109448 0.395091856067757 0.331851029552895 0.5042586381654 0.542015607871808
0.656289495961761 0.210236142643236 0.0376596863586871 0.958699307392323 0.996600583876073 0.181112469079681 0.483631414308158 0.374393764255975 0.994136051088105 0.611765514565161
0.908725354410099 0.438730207554678 0.435416241943629 0.950787134946557 0.998117689630865 0.22794003801864 0.689286377876589 0.456420899828514 0.971990461575501 0.742167861710685
