0.323690505693924 0.475762526219081 0.190621385246968 0.741472457889821 0.984299714847424 0.0104579629222708 0.338620482801432 0.265310874715986 0.28908697124292 0.498784841736715
0.81533703390904 0.0974215876234668 0.0383693544457762 0.785122745078821 0.982975107573627 0.124326142282889 0.522383539876759 0.498425905245377 0.894647696234068 0.617928184861976
0.102137971931347 0.0658857667737277 0.131691094611083 0.125590267311243 0.852635669272483 0.00654766926187115 0.19881887110682 0.194536289097335 0.0189504241632824 0.44253415910083
0.298115886017619 0.895102005357317 0.541795734723214 0.715390690762693 0.984618508158147 0.0796007964196555 0.431543751094991 0.342882749980956 0.684268881414296 0.595616115542125
0.64999469690081 0.543128424874841 0.155327025284708 0.196083496202254 0.987035820871771 0.0667950425708643 0.427979864177592 0.326025504013296 0.475934395533999 0.470086989034153
0.676177477031848 0.873083665668782 0.396304860080744 0.928888772483151 0.988099035067596 0.0944526489437359 0.45854369287945 0.399529227889415 0.890347639291589 0.447167400196069
0.388468755114605 0.665568621314213 0.167817467551971 0.540060730515479 0.95003316932256 0.0612430220276344 0.294685944374577 0.277245302085525 0.769986750453763 0.557495077340117
0.283255944008612 0.133076256848311 0.233292086698574 0.584186135479183 0.990549880257703 0.121250370114501 0.541864077244648 0.325363475785245 0.659326610730814 0.464185533682228
0.924770765502333 0.736509419789339 0.469064911563975 0.897938922974014 0.995098488426587 0.420571155313276 0.668541588594424 0.49308183707322 0.895307279460746 0.568491371146447
0.0948749173104907 0.404949630993476 0.167026882421164 0.111784722381304 0.983991895833182 0.0482014268166319 0.325769617155553 0.360005905931608 0.158734204220493 0.593027863364296
0.398638858855294 0.200654621053337 0.119643963811838 0.891189127538381 0.943690697656117 0.22501749824693 0.539361642501013 0.415584861774033 0.675869407768828 0.624938665375335
0.832293435662832 0.870436084065071 0.100628819306854 0.631051715118722 0.984239698248566 0.0505458661306062 0.407029620294036 0.395160737453095 0.664746844899854 0.482844982565423
0.742158767356899 0.0588196278444697 0.505089300697003 0.82609410074116 0.927001084397304 0.0220246312324157 0.378610324926291 0.359582699393055 0.564742719729932 0.582379096129337
0.661133344808409 0.538801198454443 0.291298335515916 0.920543313179912 0.979823597075282 0.0482444976930785 0.518020517719687 0.315896343560843 0.801748626480766 0.594547759702171
0.723886851475946 0.722457294434022 0.105435448016607 0.817937270743888 0.99903104953677 0.242853813133219 0.578990052448117 0.379849036947677 0.944926981037154 0.638410989995361
0.832918569501895 0.680180380111893 0.0613906116275102 0.92647744045683 0.990807570657388 0.338617105305083 0.707412614697507 0.380960742698935 0.797001813773697 0.72304984821099
0.712026644121803 0.337000436347073 0.368512796389021 0.774520370721711 0.982152143749656 0.101192678569073 0.449393047448902 0.402544011646515 0.594202490214152 0.561775257105622
0.0998477104701655 0.627535303149725 0.250178313595852 0.559085161967001 0.980840512002857 0.0285204151086834 0.298011886625137 0.229435354497718 0.207446650502127 0.435706869108058
0.246001384043067 0.103920251289766 0.0806521851623499 0.642963525480097 0.971847399451112 0.0653669205328726 0.381130634073622 0.292517636690383 0.18317369838125 0.397054322476928
0.926098579710915 0.761721526913263 0.326771795229632 0.814542163023237 0.99709222873335 0.129837828708223 0.562267499000075 0.348555366873352 0.782126799509894 0.589879712721389
0.768232349026495 0.966290582580522 0.199796670278461 0.653854567283936 0.99683531091181 0.0726128936354451 0.487884392764953 0.391607961365625 0.52387060262402 0.564440790162742
0.839294374213177 0.341628978291112 0.132675729247376 0.547249904953779 0.995167614281647 0.151726020022102 0.485007462747816 0.46198277819604 0.686866147074507 0.59254732859481
0.57259989809199 0.551125628005334 0.128876852642694 0.823029182456177 0.990944576021366 0.0677943428090221 0.564807033267855 0.462190999158857 0.400557889719843 0.64240273383103
0.857640108683119 0.679025296333555 0.135435190946878 0.983604024707501 0.997930402284291 0.458830204264767 0.654593683012084 0.495738942315717 0.964926942822743 0.702199838153733
0.280317352229223 0.922027677542141 0.225792008203773 0.308285050717523 0.994790951537232 0.0883921286560176 0.440676344568266 0.292283061540627 0.731148569178523 0.508441635172012
0.863590087186515 0.952705105376328 0.261001589521909 0.95562449527441 0.998658966177086 0.457693532848616 0.648960874524943 0.430609759105824 0.966353219173972 0.565817758870203
0.103745787410361 0.11490813160915 0.0529983842937093 0.289503762324058 0.85451769499343 0.00226990869247974 0.181757154573152 0.219663104416125 0.0291319886542113 0.315228568396213
0.922286233080771 0.838312388855512 0.530766571305891 0.987884469317029 0.999035858179745 0.518254781362005 0.7023857581498 0.565729253524018 0.993258806842831 0.614517553818424
0.500022275128829 0.117273931759786 0.0654201730648835 0.392603827093617 0.90451625263281 0.00827326417591579 0.272210766723928 0.18761361213682 0.1123074887687 0.422952211253165
0.412840290809371 0.433984256118692 0.253335315465416 0.611560096814995 0.976853866580854 0.0630144082542519 0.439203528833975 0.380904369448892 0.177186879598026 0.597725236678407
0.390972234335218 0.619233055146805 0.159010856486186 0.961337968172752 0.997609964571738 0.124260558452477 0.565334550296279 0.39173584572038 0.971959726481842 0.585210963163859
0.447602122169737 0.741009002054576 0.152444941918755 0.914628396097934 0.99426961916311 0.348839026586309 0.440178467664889 0.497969380647818 0.796800003589514 0.520476003745152
0.195606727818017 0.259245601475879 0.245317549331772 0.311435486998648 0.982335702893674 0.0123358606287181 0.275002944982302 0.380064135998221 0.016593256126026 0.529471924537692
0.771088974947597 0.712416865166845 0.437879292744772 0.75835124935806 0.989729142587985 0.46211623385285 0.673645653446936 0.390058689229117 0.591723896616902 0.602725446746285
0.0260905199101292 0.377466887215486 0.197496908239852 0.157167071604376 0.923675152726902 0.00738178113064854 0.224516486529699 0.234336199037276 0.0276094979975232 0.477313286783715
0.889391249842623 0.431047198741701 0.197261699418905 0.86177484252047 0.996058766652258 0.138641944783007 0.628864295237768 0.304504880522771 0.873528697602913 0.63419059756643
0.0241674667334499 0.0964381306155553 0.0270208522204303 0.785844922656125 0.678190157722707 0.00986414112446731 0.257359037989279 0.251055838926544 0.0204811775348226 0.497121576851684
0.107854760880817 0.750550548399687 0.12622605147842 0.825701312958885 0.940313369066506 0.0121701039906733 0.50286736483467 0.372161491106381 0.358803229654432 0.502593159353635
0.385979661094294 0.617472149716034 0.225357641578096 0.449567697518364 0.982358547986057 0.0668714953337811 0.410140426473687 0.217273765752307 0.571041993150697 0.470366386310872
0.445388386898416 0.368743655600508 0.09026079330489 0.253681827507808 0.857587645727137 0.011598825642245 0.232973879208457 0.210523207388215 0.122302106831706 0.45442070193283
0.98191210667677 0.868997766604814 0.233089013231088 0.960779819880658 0.999695001387664 0.57610995501807 0.653260742262223 0.503342422609044 0.985337856310746 0.752108367547061
0.875189862108884 0.92477198512863 0.417779065961054 0.885107837988094 0.996281672002829 0.465326030705573 0.631988817727283 0.375757164916772 0.93907372832541 0.669209538505521
0.728333142167221 0.176219009100365 0.142568383316728 0.698275755332025 0.992223026659743 0.0508114557087386 0.453013721855411 0.372236392576405 0.253632314770857 0.522023237176428
0.564446100207029 0.133256119434765 0.049772944969654 0.548572709163692 0.885623120444824 0.029903576776869 0.297632056153948 0.244674881243498 0.149459793379174 0.446292022876853
0.826451803185021 0.387768020207587 0.100277393697543 0.950721798961267 0.99939746095857 0.455521912256497 0.682785639932616 0.463301563249881 0.997448265682613 0.677645337605416
0.700458594550921 0.768417098450656 0.500656238437869 0.420732392187516 0.981184150353394 0.258993199115861 0.55027306126772 0.37348657713648 0.787329009402739 0.626217038625714
0.144043917270678 0.346981797546082 0.213110001519115 0.123345524295864 0.800592090836908 0.026097848370652 0.278546594717917 0.39704926570062 0.0149278367137982 0.494857508142835
0.848582505149102 0.733314369541676 0.0943738548538515 0.820426630635349 0.994098933984311 0.177298839608956 0.467544342210217 0.470813194526307 0.923425868601697 0.597495425117725
0.329936044092131 0.893014064375456 0.293109733232214 0.745222556873028 0.997326597580665 0.12610575082243 0.556237890312056 0.423067425167411 0.659592832056703 0.647357862045789
0.589124724479737 0.800014555893668 0.160474898933779 0.589346598822313 0.995376986846771 0.054045055310188 0.476579492958916 0.417973504779758 0.612821747037548 0.703176271150471
0.230464348678451 0.856408312800388 0.0977639952074984 0.820664314947603 0.984443228075345 0.0280533123847387 0.50556612795925 0.435887373297271 0.34131810982635 0.513779988503682
0.724288618669623 0.812393488034481 0.242277248329245 0.970899218411364 0.995105477675689 0.348138336526653 0.653189748348493 0.523795977411133 0.976413592264598 0.565700139731153
0.380927872148319 0.279578215208122 0.69418503995425 0.804157204705431 0.996358635895701 0.271804921114428 0.593919112617619 0.436468333940747 0.924834699261395 0.625231655739865
0.663522369639918 0.541476412106169 0.375909489671004 0.851814227883747 0.99688471368038 0.228762242353076 0.584108992866193 0.307693430995799 0.543956637832976 0.635782765606597
0.332719753876479 0.804226662800867 0.581466114602129 0.778891863298265 0.976060224807534 0.234376993230702 0.512880844533581 0.300275246125177 0.440473289167824 0.58405906893879
0.365234678583819 0.485868062745285 0.322124927615051 0.855250339252972 0.995851739312969 0.149317484607464 0.638972484381476 0.351169718027578 0.936094496195357 0.55286798474756
0.736606504709245 0.6738306086139 0.222347038394927 0.754693196761881 0.993768148740724 0.109194001871897 0.430869937560778 0.394615374276558 0.949804228914497 0.584280109858576
0.0727941454138702 0.727226935371507 0.0362904403785568 0.0772738647899898 0.930836392345883 0.0461264033224513 0.221544002527952 0.217097569484933 0.0253230559970632 0.40982301106334
0.852088316843827 0.328448110566277 0.316784340940608 0.976210118919095 0.996113976322516 0.360686566805768 0.615854981578688 0.524260807723782 0.983232216858553 0.676686728938629
0.812006423986982 0.992689721554838 0.326311179640322 0.976827380944286 0.998440726827654 0.50441176771988 0.765991166640423 0.471021388706805 0.988349351986241 0.689854853512157
0.796836571830418 0.234213241649702 0.0765031927861446 0.548463548658814 0.98302138117008 0.0223368926691339 0.416938421392414 0.449895196851734 0.666461522866292 0.485637232841951
0.601058515340047 0.392688576191619 0.166615369446284 0.772033981037871 0.997809192663035 0.293395434476222 0.418988898289227 0.313460606524493 0.330069786126342 0.653737861602368
0.334740139240936 0.244240285506409 0.122711009297154 0.95112288584818 0.983310475702185 0.395890596575874 0.556079184953327 0.442013995626172 0.947431322496399 0.587546314541794
0.814774109052102 0.033499500606782 0.132112616625063 0.860797966369126 0.996968954865891 0.37755761480346 0.62570512722432 0.50656627625316 0.980668430514091 0.645827434565172
0.513967775678105 0.430997100756821 0.159059059291153 0.920221985278051 0.992256777482304 0.151722897565323 0.390992393522549 0.382847903997499 0.510870914970676 0.535843546532428
0.698526010604807 0.402095942881281 0.0334180753638866 0.900525193707416 0.975985721195325 0.0671019406477029 0.395939760703327 0.350668442296782 0.794112910847019 0.544979056479407
0.0770187778869146 0.243586139537261 0.297667327726302 0.525478166161544 0.863575381293131 0.0205160733744385 0.254112392658818 0.258068948500881 0.00345571204922149 0.568864619656446
0.309408561305557 0.427491431593682 0.365560503073161 0.527020429249571 0.978793550566536 0.0367308610304347 0.403151576503551 0.351575276334822 0.219796522449712 0.573978875383211
0.166161583532457 0.650205355493209 0.130228531888429 0.529442874200753 0.924666470124087 0.0171070168495352 0.229511434301622 0.28134525843485 0.103124870070531 0.468614600166693
0.798222346919101 0.854818110852035 0.119523321511377 0.647643721821602 0.988619113470987 0.088449855108281 0.503655063982252 0.388093916411622 0.259349633791392 0.613582801767553
0.332251299569526 0.0596049022790637 0.166867687438416 0.113452160365938 0.837741728758574 0.00779608136152288 0.279151356642355 0.32264838283085 0.0131447790465059 0.421743825161767
0.678442905608321 0.84648748301906 0.205539639774474 0.911426611840914 0.998611038796924 0.142764317796391 0.599157169844695 0.437307254164092 0.881066241125587 0.676948462178409
0.516475172381616 0.691121970765733 0.19035882747358 0.90933950008602 0.998442540360473 0.261411840707078 0.532461068794635 0.412711810940516 0.944457796850593 0.653049189700891
0.851330365786758 0.696909769282444 0.209985670997922 0.915643025994799 0.988808388194449 0.0644220616331132 0.567469989178531 0.44117962175055 0.783795825652731 0.603306501581711
0.760023649891808 0.665067187049582 0.102004073296154 0.817798340086446 0.997994822704957 0.128150060901139 0.531859654449815 0.515729158621825 0.789256819768168 0.595148225793522
0.0653488443643253 0.0408462128197037 0.0589464975532851 0.482142409898548 0.910759907654635 0.0160685195544519 0.231695508389166 0.240647897425904 0.0548819613872608 0.347857209466827
0.443625314565738 0.0311410512401287 0.110321705862412 0.796086548907099 0.918710434687063 0.0135731304996268 0.30099662850163 0.258910594010388 0.124638107281183 0.434241439543604
0.345802736400945 0.37752032487045 0.0968075519660908 0.575201252087384 0.831231547084809 0.0345308209106973 0.163653104329261 0.322575481271244 0.0267325287409152 0.604962727211666
0.125122362387896 0.59071340510228 0.126102570251769 0.329138626653561 0.905054596604903 0.00323268494514245 0.241267505225291 0.302645451016359 0.039817085326758 0.452331042731649
0.247654118808694 0.924649028710696 0.038442098327586 0.486656822336025 0.97947408469453 0.0090551248470548 0.206118476838595 0.256645109262853 0.0754633418602286 0.496218587698682
0.945655367783228 0.943647675680248 0.340330372260286 0.884948987741003 0.999542138838626 0.155407439380261 0.724079625425734 0.394487377856222 0.981430969331064 0.736868541035626
0.5011182848142 0.605972089715624 0.15618679921503 0.88596249354238 0.988966457034907 0.0088926706158951 0.364650642158005 0.262841882479901 0.024536973888904 0.471326868747196
0.75785811380914 0.984170180742475 0.151975447692341 0.830765295772904 0.995436756460438 0.160387372083083 0.569504913486593 0.351851181181177 0.87354785640057 0.61941057506491
0.293036245507458 0.897719387781378 0.396070490191604 0.402240035753762 0.991242875971398 0.0738797906252882 0.375185635707849 0.301199293706938 0.662868221951941 0.558075408813292
0.801540793280831 0.220445219527539 0.186357280581333 0.32870397471996 0.985558878822547 0.0651630279891701 0.393228333074668 0.446784597144816 0.798716770821242 0.435896144170163
0.671853257636818 0.171314212276083 0.027201634883136 0.581417358239443 0.820315171511552 0.0362273412159341 0.297171388299106 0.217056829406082 0.0104282418056317 0.600127309282956
0.430175778107561 0.754961318319419 0.108552156425152 0.89200512832092 0.896458661766126 0.00768710314185835 0.160846037049186 0.21755357116483 0.0329919071996236 0.478459713842484
0.206107786464668 0.492448050564903 0.287191167958075 0.362442301369554 0.988781758258911 0.0200324069688542 0.265346854753705 0.363595495584661 0.0980847189592217 0.539087228718205
0.984750887633341 0.970397545565128 0.621583905297399 0.927987337427585 0.999351898023873 0.508230342488305 0.701871179074075 0.550958749964532 0.994420051139593 0.764558705458383
0.616517605297644 0.314589007533948 0.265301401241164 0.883615587850104 0.995624857313942 0.0974075035933922 0.527818301507812 0.416330338165556 0.882801200850772 0.533276315022707
0.824939558744894 0.448635572526477 0.0947949972615373 0.797887462278096 0.966558726818475 0.115228316712036 0.407372376199474 0.299816886942843 0.689594534464015 0.357651704332794
0.452641172146452 0.594003803931001 0.0769676711806589 0.463615440615172 0.782441395650183 0.0334915429176222 0.229556567336553 0.226931640393459 0.0662447615986487 0.521291318191368
0.823462610994384 0.828600006358668 0.411357732103905 0.996202116022805 0.99793504361553 0.220006988573528 0.702101422816075 0.483022010607242 0.997409740821952 0.549628561819486
0.855643955503635 0.901302701405923 0.282759611485197 0.930807298784326 0.998689760820837 0.294220334594063 0.741949601484576 0.500581250551434 0.98520759065464 0.632083020339258
0.596279210085896 0.367705053919794 0.18961373487848 0.871334779023055 0.99591676592764 0.272835085630665 0.395888165084904 0.406580492962386 0.494591967966887 0.603775865591213
0.823770973038317 0.695658245707967 0.395288411302717 0.90510646132029 0.997029149139241 0.480380500675314 0.655162478364596 0.389129322210498 0.941390155385204 0.605528884999057
0.441764834844655 0.192703120165181 0.127976484293348 0.298718159392117 0.977356090795277 0.0601578523884356 0.371206416301388 0.340434605001819 0.473165760159012 0.520552859299341
0.094541108078569 0.58986602103207 0.138581742358781 0.61659304506289 0.969889412274074 0.0434549100527805 0.413115544298561 0.332403483119329 0.363134553579853 0.582205322647492
0.882191767703665 0.895093703644403 0.174759898009699 0.972374512679134 0.997702405064795 0.612677513381665 0.665792359214692 0.53866224288225 0.915509634936167 0.578207564173741
0.503319467013413 0.426190054806103 0.260620311635528 0.84665822479877 0.997903646091271 0.437138736769231 0.599839738212983 0.469698992882882 0.963789633661708 0.562008519517537
