0.297313624795197 0.475776499934436 0.0325007595665901 0.294021997647149 0.927579239503114 0.0247805949033419 0.298428042396214 0.311060346287719 0.109880713233175 0.550542717092367
0.601193078140798 0.897800839802212 0.224733115911387 0.722274502271982 0.993543930573527 0.0699018548880601 0.437046101782917 0.373969703461716 0.423875890917134 0.618910052913355
0.114335607328299 0.434779612409841 0.103818757010767 0.167403602892614 0.620593518053109 0.015157068967237 0.154178340530753 0.24577271846209 0.101967711739107 0.549211727799183
0.258279870285801 0.39981119421463 0.0759479552167707 0.856546971226612 0.981563788728556 0.0768584961868601 0.421064402844034 0.253394164324724 0.349841895522963 0.597280643407737
0.964282333257114 0.812079132807926 0.306414829044279 0.804474448334504 0.986995449716916 0.0845318625781916 0.429916459860269 0.315539543058646 0.0822634454405912 0.46453730379966
0.678473110104432 0.899175549816525 0.258615008524115 0.452474479453047 0.981869263843077 0.0842694931574571 0.466756421124918 0.29866254316786 0.907046217676193 0.619526734500393
0.728133914949148 0.168249696137689 0.0875790051075749 0.567524210551974 0.978279121669035 0.0268416412234344 0.295707990501301 0.33915739285752 0.360021713407979 0.469691907876497
0.493551133259927 0.613744540573852 0.238995589702726 0.488566545743059 0.99057053338718 0.145540898119513 0.585779315893902 0.419672745732953 0.637161120170375 0.607296436473092
0.807978934794336 0.648568664795378 0.386325045041966 0.960900303615672 0.996166454386608 0.443031800983303 0.730718222094848 0.533150619323212 0.97640643278157 0.515382708298053
0.258973525161989 0.127370860404656 0.405621545037972 0.308002751210699 0.974751819014616 0.0102988243985524 0.243733749476409 0.25091334606443 0.463779937983611 0.484745936707615
0.740722889301835 0.313597942570723 0.217006541054763 0.842540770950562 0.978399541339816 0.119093134680166 0.478523398822012 0.370204287237813 0.59904811124698 0.49309720575846
0.532197942746136 0.155406426983558 0.145593577293224 0.81228217452593 0.989499628084356 0.0827097042131012 0.337723488348026 0.355026052518894 0.798316400322417 0.478197975284685
0.323714623397234 0.412219026257255 0.0976063949654779 0.779144570307748 0.955754350778215 0.0147348827336233 0.339189211475478 0.342183474152358 0.0883005090525108 0.556441342502216
0.779672168596823 0.215941188384766 0.285731332896644 0.426919195043428 0.997814342219574 0.114602728192663 0.397450353926379 0.347417268140929 0.830152862748173 0.649141559843973
0.517456252401657 0.966997558697378 0.0739719087559489 0.644085536116085 0.997428810064362 0.140985784903676 0.590465498688194 0.406529720954062 0.971387394624087 0.590084773160009
0.815748027861683 0.196914691902439 0.300238463263246 0.796449351015217 0.998733636132546 0.438278789668428 0.571296028937744 0.349937774360739 0.789794709642584 0.687731415640956
0.047619448164721 0.261565808801198 0.264928240378373 0.72548227867012 0.993169717474059 0.102834570012329 0.546974186362585 0.388555882509239 0.857663556455229 0.680164400115874
0.141754017648426 0.330499383642075 0.0695982639691424 0.299957337313265 0.942817768749692 0.0256279183777807 0.213079331921976 0.336550011218142 0.0154258737616527 0.447861267181565
0.200549200767026 0.663412626349166 0.184444670384287 0.477270328353539 0.951848979510172 0.0687519779562727 0.411271322826993 0.359233742069408 0.215948952510674 0.443304213211962
0.873239596500503 0.936447695899943 0.562366390378295 0.863717296017415 0.991523070142117 0.0983733810249197 0.498877893422123 0.471484167247066 0.604708855903248 0.587763366750227
0.343416520936983 0.877873358886937 0.549301308943204 0.887079282558867 0.997872166803841 0.373501579431396 0.553677634764058 0.468337455706611 0.723608078850557 0.653597799868815
0.778115339346011 0.704670963475821 0.451534541291083 0.658094054453548 0.988251003970289 0.102423929378509 0.536197315574445 0.410222359525634 0.950803459772716 0.54481447336616
0.767487793759127 0.683441885464313 0.242362694812692 0.829291778039849 0.948798640714647 0.101974258847503 0.466515725124213 0.336741729745339 0.380993390184926 0.549547187654524
0.897133047110254 0.857627423771804 0.302462513239012 0.893165523244817 0.999572586952175 0.204616487653873 0.722913533734846 0.49134934573253 0.714109772853142 0.631891176019442
0.248181216461759 0.954669255024871 0.223240064753876 0.875192686253468 0.981345353701959 0.17905386641541 0.531016326122673 0.387878091524203 0.629398950551992 0.620162252282476
0.919061318790424 0.733424012753122 0.317728878602985 0.822856700922824 0.995846722475359 0.324637440929224 0.626993534963262 0.486761291363001 0.987111338667491 0.629292268017502
0.604798012481806 0.1574250444243 0.0579141899893765 0.332656673488117 0.901744124120483 0.0162387659572461 0.221617603462292 0.209456970525351 0.0987016608354254 0.317667492010842
0.887428787802941 0.956421734986026 0.420832299548412 0.931454141903825 0.999537948343161 0.760165854113699 0.789411172372299 0.581342776448994 0.9975332448852 0.704850092724156
0.404401458220287 0.0506133490114866 0.0538680140472963 0.428502603201718 0.770587966715989 0.00582051059802827 0.345011589108387 0.233393466545909 0.05623004538095 0.528332827146391
0.706994103588875 0.143961403479451 0.122559065030915 0.956339389438334 0.963640908392559 0.0614594149136482 0.522902747368493 0.325267919792839 0.484384967380318 0.588598438422084
0.803752785132257 0.860985924785989 0.262397609187632 0.872719663070966 0.994908720158229 0.236920216855638 0.522615069290549 0.366011769216834 0.894239114878507 0.605480108797499
0.24300904565777 0.368597994247617 0.18143773295695 0.877686862806586 0.987370688748101 0.24484537192454 0.557862100083039 0.451735301164732 0.976927407797491 0.571779369270091
0.371318954760655 0.29467399104004 0.0786785687605218 0.574095514606739 0.983221536190348 0.00954348967241707 0.265251829669447 0.302283297214621 0.162064959258012 0.469624643164284
0.569968624140736 0.782525377854426 0.0202256351001667 0.856193494667587 0.99246524440422 0.248172994682075 0.607744463032803 0.451518374652817 0.746580354770102 0.714711968709906
0.040742098633665 0.383441707148708 0.107164234690037 0.774488197207227 0.688127105561631 0.00710388690769899 0.257476440586852 0.208137665621495 0.0281926280580312 0.431143991382427
0.828120011875914 0.525895453161189 0.337552024299062 0.961947018321612 0.99115080483485 0.0663660480109504 0.550547555460001 0.365052534976717 0.872413589492135 0.547097666782544
0.0829948413430272 0.129867279734597 0.0365278038042087 0.495481692998975 0.843578827208073 0.0061156467321747 0.197660090234013 0.313275816020643 0.0546776227885433 0.525323425613287
0.0917535518752862 0.229487146108659 0.145167746955672 0.712122497541235 0.89544927013862 0.0360999548617214 0.302605453632571 0.300159584696245 0.0975149156445213 0.663766078055052
0.170934009713021 0.920334137564539 0.0331511067237906 0.553019812297948 0.981126733438732 0.0382118106797076 0.407412603143169 0.277515386929401 0.33901123669199 0.429455483605345
0.657241166735201 0.464458662227063 0.0628422871221188 0.440090036599819 0.932988400942674 0.0163240647949615 0.307539832783648 0.214964535514001 0.10749079019856 0.439046357718324
0.893176510449893 0.518928483262808 0.477972553169277 0.792408908288695 0.998904882673839 0.68466332594845 0.724580999919673 0.52736379174028 0.975209028026086 0.728857431611279
0.278269340378807 0.478935543859698 0.310637445071102 0.722276648843201 0.998404397119782 0.244542827041074 0.561356122522828 0.491638756994637 0.800885175317278 0.617420995106583
0.900412644182688 0.955154155848599 0.168069228860922 0.693097657716113 0.987458086005579 0.0461926429458119 0.449825003960818 0.457456153772122 0.602995035491324 0.639167756779758
0.0620570177911311 0.248311332791731 0.127239574608464 0.234413212498084 0.942919499548874 0.0724951731722864 0.266153632814298 0.328502744635158 0.312666990139276 0.574889337324237
0.787952998105986 0.237136536090642 0.354623464895946 0.985196813301954 0.999401774750423 0.382074452632755 0.658998330710076 0.521148900916542 0.988308958638874 0.677177941295291
0.812560730106104 0.799764877239197 0.220336233824372 0.977824343160613 0.997279220246895 0.245941349010447 0.572672868023918 0.445811110456838 0.866787239429847 0.613553321567681
0.136397768896244 0.887892823465773 0.124952931933262 0.892622772508219 0.769696862937906 0.00605230819416043 0.261176997108754 0.282192368479492 0.02038585967247 0.538358665620241
0.67716180582418 0.955945477854822 0.090675809110872 0.802118585879251 0.986605154375368 0.0799313209082157 0.413486128833847 0.36568592702856 0.777637406348784 0.619092365263511
0.467008613192502 0.731428548817306 0.255703878460846 0.87936665961268 0.998656766358981 0.243068945650303 0.526027010830879 0.397784423929471 0.976360605834393 0.602322443981536
0.690401821057433 0.907858536155097 0.0269239893795434 0.86159165475079 0.982197130226919 0.128233826136295 0.419452921424805 0.360376031189383 0.741294011547157 0.57624536161928
0.524349246084693 0.939123770669713 0.184836549692814 0.65664373296662 0.986570794409069 0.069323487023899 0.468439103934069 0.368182255114913 0.198061546133225 0.589935841461566
0.912809878918568 0.997075492637008 0.177864266081283 0.9523199935951 0.985149494356503 0.178005474681575 0.725265423200167 0.336260434475385 0.937355824444024 0.633863197859307
0.925228082916118 0.2210392424721 0.390987567984413 0.706950821729218 0.996428944801384 0.444293058971654 0.577085909575662 0.449230939156618 0.752832753163252 0.668314557940879
0.842469963662372 0.899811310583649 0.305470825344202 0.955338671872337 0.996605077150156 0.206922866429913 0.526337886639431 0.415772372353495 0.972918207532277 0.768419983957639
0.490427343374333 0.20022232387174 0.283907373721288 0.898760514534511 0.989061085696142 0.256770579963952 0.542986026731626 0.363356157654003 0.883335401667905 0.580115283032115
0.851878820039613 0.724039451904762 0.179980366282427 0.852730352679687 0.996882711234397 0.0554249319264615 0.428864762909869 0.489269706539352 0.896488877456614 0.578857519498362
0.917549364706572 0.818720037565302 0.252384642029018 0.890849937060769 0.992675353289535 0.183784361173994 0.472326700976791 0.359186779734877 0.357101818255853 0.646435194160389
0.12661390097752 0.0485884377193625 0.0392970915418397 0.113005491013699 0.940002607686632 0.0159659343502557 0.314389950131729 0.291773809259818 0.0733563425045391 0.495274426779599
0.807859513799763 0.790822408175316 0.186714966666136 0.993568306358666 0.99711033176237 0.296915874043127 0.69928148022861 0.468526744965709 0.97036431640121 0.656793284027255
0.658608955596346 0.548951634768581 0.280953459372049 0.810423321904012 0.999289600760986 0.671992236697074 0.673089542700378 0.494495652259571 0.981672568087405 0.742440447129906
0.47882402044146 0.317582251796408 0.389627443042803 0.660096451765983 0.986263756452512 0.1056943039446 0.507582953634154 0.300327013045439 0.465221047009675 0.537802442063533
0.620761894953114 0.720521551712551 0.139690701953952 0.867524860901679 0.977679380271127 0.33344574142045 0.337114398583198 0.480448645239098 0.60341614010951 0.647001190265743
0.485983922291643 0.588002140056538 0.251020541322942 0.611321916457972 0.991273733072037 0.315885713831796 0.560304351494891 0.298825514584961 0.790705853699746 0.57253808004121
0.86035904825958 0.708762165707473 0.0834703015077682 0.981933129057515 0.993400477283149 0.339729430948426 0.564681452080279 0.529975807547281 0.955355755047244 0.547907835207329
0.541946257983886 0.625236616448507 0.194594710925851 0.94970391854881 0.983802647250327 0.144425615410528 0.455159546636834 0.334360736660492 0.87841230818443 0.513978161621015
0.58335477428376 0.512777277518784 0.294082587321557 0.894214558843257 0.984448716369463 0.0317732777517964 0.344593556711894 0.347358064558764 0.708257740736175 0.521409778305994
0.645714742201923 0.119462088702926 0.0152656366592244 0.75423708546008 0.877007415264401 0.0222232147313203 0.279859635719678 0.180475851192199 0.00816176558665965 0.500924734811658
0.512074531215673 0.687452322563191 0.111671706977073 0.804205367095705 0.990875914737421 0.0612565894014165 0.475547083843588 0.30368056554749 0.44964872006873 0.503111232286329
0.601715558384197 0.161729506810054 0.0765549291911902 0.651236487548527 0.821890181352394 0.0103534836480791 0.241062060716913 0.217980705776709 0.117560119556659 0.428216692921926
0.613424128652143 0.683446446638687 0.287375082561551 0.848377144298263 0.987351764829191 0.115172038355725 0.534526301244829 0.465066533302913 0.493138555456944 0.469247456459903
0.161646352764687 0.428158559000301 0.0164350637572297 0.187921461271582 0.855589064592352 0.0106970576156018 0.126560941216885 0.274744226561416 0.0105662762908637 0.46286493528747
0.954524326217361 0.359360109734599 0.122093517782308 0.7641161468228 0.996758523235621 0.280304614624495 0.552079720065505 0.352675958562037 0.976938776231682 0.662349995434237
0.645352488708559 0.51544332002812 0.491072662485616 0.835825878653453 0.989752940009481 0.320670717863275 0.400633637597882 0.477869382267851 0.86550112741824 0.631175811111529
0.820903267663174 0.249947598818612 0.363926814453107 0.825319127454515 0.992243131131546 0.0491543578067742 0.52146513041323 0.380204866801499 0.823028024196117 0.662619404546754
0.750478724710701 0.172961522777406 0.243626367044814 0.695240253375851 0.991775493754474 0.294625538360324 0.571172925269429 0.354422952497669 0.406020884523226 0.539050824836125
0.0420377901436334 0.113799718824777 0.206285497800373 0.128627987739865 0.777045076507958 0.00222856580521088 0.19354939992888 0.18748712202143 0.0695210737402312 0.507025231829016
0.706873280915909 0.22233527610716 0.0485874588950994 0.356177223998094 0.812595010054205 0.0103343695792291 0.283728173994022 0.226053993946867 0.0216695465405995 0.437857351987399
0.0821700550341238 0.196627540292659 0.0500070812424642 0.356583482924899 0.815347226418615 0.011805146432377 0.367955256109397 0.187907823583021 0.0574984043877482 0.366546891040656
0.779655339991436 0.285495772623968 0.121237715390381 0.540571258889388 0.882830858507915 0.00758806159190989 0.263263430423182 0.201320047821554 0.0364781529289879 0.530526786810041
0.254956346727199 0.817156800058663 0.106382608106634 0.749096661612249 0.974318437739231 0.0119242106018727 0.371226584477557 0.266919071091859 0.0149949511780956 0.566864133192291
0.932989340353386 0.217577215313927 0.259943874754276 0.984285409015478 0.995679173821054 0.131069245203053 0.682894693096568 0.504315350659712 0.962487200756832 0.639892041699304
0.680733977715001 0.696101411479394 0.215086767761734 0.686712834886382 0.985731688370448 0.0595172965040239 0.368305751969717 0.415439514951713 0.276845116548201 0.440959958638653
0.858026311813194 0.966502762969569 0.142259532658272 0.724506378533127 0.98597935877554 0.23498783385271 0.587952249068083 0.417777199648411 0.976606682218209 0.617063954333782
0.563417904192901 0.21185070955951 0.245878989118244 0.417349871791299 0.991112478928567 0.132398191312481 0.402928772498399 0.363192567293284 0.267230483156132 0.585903643508337
0.518259907505788 0.745363067898265 0.383172366838387 0.343640374452522 0.987458848024306 0.406240551061426 0.378647288365557 0.494349671369325 0.639518948001283 0.520980571329258
0.0718707490016783 0.898305424511391 0.0605812926080129 0.521935021435405 0.972569348104021 0.0153203573152996 0.193334298426283 0.248837711830468 0.0317477969859715 0.499086534905362
0.245984748182395 0.677099744670268 0.077706524509768 0.336219430828545 0.922883672927603 0.0110254235117081 0.219242246211024 0.233568981395848 0.0896813469174246 0.50791662514105
0.394194363072604 0.569876583823056 0.130053875654877 0.736489691068389 0.944608823469905 0.0680186941769756 0.407778530655347 0.249280041688948 0.614414549302597 0.510890227104076
0.983276598623244 0.780728363267765 0.522621455042813 0.973672833029327 0.999205296705285 0.549458890676218 0.740546206559672 0.485635012366439 0.993827844217034 0.740204685621623
0.544577035237794 0.55036231712241 0.104091161115733 0.813308279968608 0.988193493110508 0.133120547723144 0.580166112778269 0.386085665684445 0.593815873245235 0.516836897843999
0.316142493714406 0.80828368266508 0.317468816101256 0.458713168525017 0.841163238324759 0.0604483660641234 0.280742861325262 0.287432506078269 0.421789296050831 0.58982432491604
0.124091300644498 0.172837334840022 0.110866598465459 0.573395350926909 0.873238946331921 0.10967175343125 0.23532148073252 0.249556125927828 0.397182420741696 0.455084946095549
0.734722859403153 0.864563398834426 0.484000099579325 0.872886789149404 0.999680605656002 0.271758055050927 0.768428898064834 0.424150846022076 0.962811972099643 0.621750534409007
0.831378012157803 0.762069621501677 0.277588426419754 0.970269088687442 0.98966393285072 0.262127761268405 0.660892725617214 0.509494364320202 0.937159363164996 0.636897473333689
0.265158309806417 0.848468197054249 0.251054437595674 0.740633237935415 0.990693474540999 0.0896891104276609 0.572431315092165 0.483612421943766 0.860416154243243 0.716438424019953
0.938161761808727 0.958022865907114 0.259315215730754 0.965036420416273 0.992850014114088 0.269767240278776 0.613436168204912 0.425016177470676 0.984311483971733 0.725280444530316
0.24215962628866 0.0504948091891664 0.157563898782013 0.73383654219098 0.990446917357565 0.0830416517299391 0.513195278552168 0.3347255792503 0.612780790594849 0.505753087552909
0.315894271481449 0.1164525748733 0.0527304760993195 0.810627885030594 0.983362247065624 0.0209350310580716 0.444698001292916 0.283032795717671 0.437781824306971 0.442892079318554
0.881325751773076 0.917260263141912 0.227891807849354 0.985408932911685 0.995241056928983 0.392747133556404 0.459990435956479 0.519014605399185 0.953778538058673 0.649948494923235
0.926322538485449 0.257905046437026 0.0663509578008663 0.867989277387084 0.996617111036052 0.302629873738018 0.671786486951216 0.47463206151898 0.982871040286034 0.644240443334869
