0.364566586249418 0.0482392012980127 0.146543086503504 0.222721352534329 0.912900308942738 0.0362060421289178 0.326853728863546 0.295190573093331 0.0635521316137784 0.457302317572502
0.743880592228976 0.240538961722271 0.311564463475288 0.948799391661472 0.984590412025401 0.0874658579197213 0.53233476354819 0.329677455790728 0.975606980413881 0.655760361133811
0.0188120160243192 0.268030030980416 0.253547044864668 0.353668890140609 0.951334278732047 0.00985168840778211 0.127650839182281 0.199653083037879 0.00343987812257724 0.338932645149462
0.439249371914641 0.741681750554651 0.163462022289271 0.660242040477452 0.996916736014105 0.132964790076366 0.506829247883625 0.365465939765194 0.662631891150842 0.582186346746616
0.203579001822573 0.671911987167972 0.0790692927539319 0.833213205784666 0.961401763733991 0.0288620472515163 0.507282353005952 0.333672936137503 0.72766678422753 0.525447043847404
0.671176397593738 0.184713654203214 0.426481969109839 0.690310178923483 0.923760696912559 0.0432220895101865 0.484993075179616 0.433677746636732 0.375680359498877 0.646387207345277
0.458572435420809 0.340504014604783 0.215638665534223 0.539565843292598 0.995244304903052 0.0309289787322686 0.494218684735803 0.26790028211116 0.793604529669662 0.515254243913424
0.298404000701766 0.318338652673114 0.102428148983758 0.907408740232603 0.993883454626653 0.062501551291798 0.545803506368302 0.335463004363848 0.919800401429498 0.566666718434938
0.656691199112298 0.489368875589958 0.629749043014154 0.972038840230929 0.999223453707664 0.477441472978904 0.49287622721135 0.390996204438533 0.908188029139681 0.633188680410998
0.306603328646615 0.325543284009858 0.245321712378866 0.450336540298352 0.947402696059089 0.0610386248822738 0.32323774841299 0.306132046236388 0.177793535681587 0.529951866935262
0.732817039933019 0.94091089254597 0.0311371324992447 0.79855184349386 0.991352618741843 0.133136665511875 0.497702457970707 0.397680510816374 0.217022160078255 0.486010864328428
0.533580401338871 0.713508255966112 0.20050024231973 0.519325737884783 0.96420794028311 0.0465110664847098 0.350427777882086 0.317870824976112 0.223674766667517 0.528077370812638
0.215166973807901 0.206875779354811 0.0538217569754219 0.903727377997889 0.908115190373013 0.0216827551301982 0.531842333315359 0.306439149989887 0.55394923154602 0.531303893251629
0.580004848853879 0.187456349847531 0.368596301305946 0.839719854827758 0.998911763479622 0.103427030769133 0.667087784610576 0.334243716705659 0.977715635754745 0.566038032997834
0.860412557233603 0.105136152363713 0.216541317232384 0.838190494486263 0.992404051210778 0.118018600769976 0.57283387488751 0.425767068381244 0.952210693452786 0.686684283561702
0.748100556596703 0.206775646942311 0.15963156056699 0.974069310262276 0.999219198862066 0.209199896663068 0.492341932910194 0.416599010460784 0.887949223101866 0.643714639563002
0.554920697743722 0.667993349884357 0.21238049164175 0.837748808220948 0.995628574837129 0.0877409334084404 0.563502560917279 0.325146864960191 0.532017530551455 0.600666112348051
0.233145852207638 0.0260207168610722 0.176296847433862 0.44778762738065 0.897768927055641 0.00836094094727074 0.23557740746079 0.234820523327943 0.0303863913644621 0.483688531373231
0.92823894426854 0.771047429842733 0.140126169917153 0.778870482901859 0.956455419742819 0.0196152887352097 0.326993063931717 0.39761476986329 0.0663089107339011 0.485120257320651
0.733491762637709 0.368687581618911 0.261329051619053 0.78245393701291 0.986304182899167 0.110777238777523 0.430788648747396 0.289257143222649 0.217585428578017 0.66283502500701
0.855966164418636 0.437511996140039 0.106265709462674 0.974084695741112 0.994816593927013 0.0675569568520441 0.532403739245146 0.401374070036052 0.881792410867482 0.533501273509594
0.303582340524378 0.942424066759208 0.172843336305171 0.602801070414011 0.996634860445274 0.112981771541171 0.462025055811686 0.32580599877425 0.546949995902614 0.481649278339354
0.264325352762249 0.890111651837065 0.219193662931327 0.858700840949158 0.997636507859445 0.063330886417948 0.332181525792922 0.26659288687195 0.148256873952343 0.570043270254032
0.946677364534437 0.718522272101156 0.274800908298184 0.911553631620228 0.99780463022728 0.247827461754135 0.723096044623089 0.603238295423346 0.997983875630593 0.752532700956551
0.472286550074841 0.320883154729031 0.0642770091762395 0.867667400524477 0.990355602529678 0.103594162703722 0.625446863120473 0.360312698612301 0.876885532742505 0.715322829070374
0.824163124323822 0.92111232257349 0.210856792164819 0.973923634202586 0.997563290865559 0.212506811283719 0.590626042878901 0.509335788593832 0.9892380652782 0.615953965774186
0.106890947046466 0.506920663083692 0.0573109283351966 0.273381191275181 0.703794594282914 0.00710948959292216 0.211237763628357 0.231869865820507 0.0242148548714389 0.543304779370109
0.837210364701215 0.733081293493646 0.309032754133218 0.983354145489548 0.999058401077089 0.655735461130976 0.826925111353234 0.461387756332571 0.994261885213922 0.706402045083874
0.16370413065485 0.398494910565903 0.0637526180958716 0.545951076123007 0.898203984457316 0.0317496175821602 0.274865957911181 0.199483218444667 0.123386860743782 0.437513530815756
0.809022619923904 0.890160802340518 0.0496383289360381 0.718515448947138 0.996223773497851 0.098922442124874 0.480055713557417 0.420732386058102 0.170374159196285 0.507640806912487
0.459525857036231 0.525322694145725 0.401164134785317 0.96430533659624 0.995101994638247 0.203875535409368 0.590603922222536 0.46105980561313 0.883621847472133 0.690488525199813
0.237558689519717 0.139458607351422 0.388673966400362 0.622045501152328 0.996204125502312 0.422897978587823 0.486920827745423 0.41357172110188 0.838357733112731 0.561828204935584
0.300260722459291 0.0462252180185885 0.14815960454731 0.42921422054008 0.977275096338974 0.031899494211712 0.25631246371999 0.329086335470949 0.0988785201102241 0.477755424420787
0.442287084423298 0.0452587557966937 0.553618837001703 0.970279405217045 0.99862600785446 0.351498837017308 0.654263532951745 0.518019562244139 0.446631779938454 0.586385179917528
0.116844087406261 0.00842414291403854 0.123344638372621 0.321741728120585 0.927046227808526 0.00176211048418781 0.181937656543219 0.293411905764865 0.0154435054092538 0.435489920116948
0.381995325808095 0.835317351063845 0.146962347889237 0.848054509855094 0.995746360103616 0.0956058649466102 0.565773382012054 0.410839900211796 0.719691849361758 0.644754449085196
0.237259110580017 0.215850021730896 0.162227651675004 0.828210679903785 0.835123637181818 0.00287509371752602 0.253804427610528 0.257424841366624 0.00889944471206984 0.402169395984902
0.44805015644646 0.239606146840811 0.439683511799012 0.556501805782373 0.966641291969023 0.0758978201060826 0.401097649243434 0.267436095121274 0.539758083531737 0.568799477494899
0.403312227715472 0.118127629586161 0.251952254440477 0.607014568775531 0.972503038384484 0.02502876369761 0.474075363004704 0.346472894451051 0.00491952840149421 0.516105497382502
0.105406728191922 0.0625995795060708 0.266546799251683 0.17434769548544 0.682256557462364 0.042012488014883 0.179782104219992 0.254275701059443 0.180918291443916 0.514950006842684
0.731489124960448 0.904309649422928 0.490565327932334 0.804296757848929 0.98980148722834 0.393467348856763 0.641913833438467 0.481619101493871 0.998926516699798 0.544158659050697
0.826823560957549 0.848011518855425 0.407845100416314 0.964935495977207 0.992129299488998 0.096926780607421 0.66631296391565 0.469756429590742 0.612884727640785 0.666288255360057
0.708713520502231 0.688373273816948 0.1810643326711 0.960541965708194 0.952805356566371 0.0397326899884394 0.483499136647519 0.328006041304403 0.287422643826236 0.541254228360191
0.234359161116005 0.0764147299891074 0.0675972836128715 0.729097763160435 0.914135988854644 0.0424437962627263 0.355788187579011 0.247291031347543 0.158633632167428 0.47662718813693
0.81432441252711 0.583043990094086 0.260621639038409 0.934123652489807 0.999596365915172 0.339079044567446 0.712979103797383 0.391326604816332 0.998966185638273 0.647194729150024
0.940203090975659 0.248947225845945 0.170941359259144 0.932660649121087 0.995983222016301 0.100230988550634 0.527321376228524 0.348801915454905 0.923572607535713 0.662065800014506
0.562698066978633 0.395920863218951 0.089131351081685 0.309131908718355 0.974886256867719 0.0204899542352837 0.212064870628915 0.376295802157671 0.0598396782167263 0.427075589805285
0.755435729640325 0.968722893757327 0.198414584021456 0.620931891443969 0.984882766178882 0.0609907585961518 0.589710585226988 0.379303252129125 0.305690836672365 0.545645028581323
0.951941666855401 0.949960587826452 0.14744850126395 0.924975599287403 0.994917189081527 0.123693942878868 0.502801502046853 0.410967540439748 0.961731198691977 0.495431496274299
0.88475044429142 0.6912454472403 0.140789612867285 0.831738948254026 0.996416387410755 0.0583510166558635 0.582516799001166 0.434163614944113 0.417679467144202 0.518612189110992
0.154452423075487 0.832847080792593 0.0958670913756225 0.679882472796568 0.911913905947222 0.0767852309882801 0.349190914170507 0.445669404552969 0.238610951249661 0.569639218074103
0.607579517986687 0.823655001230288 0.334202971889493 0.835919525729095 0.998917141345415 0.552660334170975 0.636388517096375 0.356176082208922 0.983338614891487 0.724366044048665
0.821581448731542 0.178358467020927 0.293010545665588 0.920884907813564 0.991698727770034 0.340607234164852 0.690734233318168 0.500262283013418 0.981375254330038 0.65599816996699
0.393739585439831 0.516730254738167 0.125874333538349 0.71248349876883 0.995644154597457 0.225663798490849 0.597198999807204 0.428721180904134 0.97877940066331 0.656989383009085
0.432864220592131 0.0655899435912808 0.212287989302267 0.855824655642918 0.993596453972881 0.0743093438096327 0.665905850102487 0.383385567480109 0.838705573798644 0.595907634233541
0.81579992859678 0.654113083867223 0.446266818679132 0.903118249901489 0.996046970546244 0.103275247195412 0.511747464315696 0.425998712682644 0.907670950477004 0.592328613394212
0.683385136722559 0.306378841983163 0.338402375764166 0.915312373046345 0.989633543171254 0.177843922970582 0.497608637369309 0.497865181698105 0.860289368069633 0.635475537173215
0.693145637406652 0.516872046274491 0.330413925404752 0.422311009014973 0.827050755970963 0.0139214286185423 0.22499215736985 0.268275132922998 0.159977078501991 0.434017209337315
0.440835744300833 0.659226121211769 0.223996365786371 0.735680745780148 0.998121640115793 0.679806425432399 0.694643302359086 0.465377376689225 0.973888881269691 0.745265071692768
0.656912509511735 0.797611405806401 0.434833752539567 0.947636200560203 0.997487405769382 0.43514360509003 0.769786582604914 0.36723211685045 0.868722042920441 0.609507943297308
0.911633635685964 0.934512604174006 0.3427869103373 0.92994921572187 0.988943459461263 0.0508032642441924 0.426200918111158 0.301982867553545 0.43071631636197 0.590774232132759
0.266015942604014 0.911974971800479 0.382010585658659 0.954071593497374 0.994855033559613 0.0464627743797148 0.497349625631659 0.44294155958159 0.901145045280902 0.584302548389449
0.419704886301667 0.753510512733179 0.154082411238203 0.880381886567881 0.975714411397456 0.0949287329716066 0.518796252372854 0.422614088039003 0.888495495125676 0.611335915622023
0.462417952708406 0.896090091007045 0.152035612498458 0.964129780598421 0.99566595652732 0.331370916707298 0.573169598105806 0.433146193660448 0.968000905063534 0.5875294060865
0.180938700009222 0.613873536234977 0.0868139895892446 0.818733280526881 0.976149929771451 0.171639652044859 0.435386698764981 0.30158350903168 0.763988921845952 0.533752785788029
0.361158722285437 0.609487667802263 0.234143966055219 0.558572558701389 0.978802158353432 0.0297848816250441 0.403982162587477 0.293976444312261 0.44138221066142 0.508821853084149
0.734164694924663 0.403416773081917 0.235871528430305 0.183551638151404 0.910605140631385 0.0204935987465363 0.23113983050538 0.299540920128324 0.0254561737919793 0.503871772272132
0.671559347321737 0.147305239615422 0.270955904298954 0.543193331157648 0.95119348755551 0.0743682248603683 0.425069578598989 0.291581121926041 0.119396674991471 0.472657483005185
0.305014479940057 0.0159983650834279 0.120320007483122 0.519818059478171 0.957495194827181 0.00414598067413896 0.318080907199266 0.238452273224164 0.0924914226627463 0.420433367204133
0.287074277030362 0.724947453572962 0.105387493864331 0.435415554733444 0.989244876948232 0.11740429102856 0.656259412508181 0.401701682736241 0.496186422698336 0.620851817368635
0.0970247890956106 0.216147990936667 0.0477271235921048 0.669547043400566 0.916143001746767 0.0183511081851366 0.260458083357104 0.232268245862924 0.0174468763773493 0.395054979917484
0.202165761655797 0.18237698954711 0.140302740725015 0.834362282165262 0.999475903078333 0.404985356846667 0.50451501705951 0.331934466384289 0.906490261694333 0.464911212656338
0.895661474414695 0.195890259429647 0.295205835665702 0.864066614374395 0.999231263495185 0.192913917205044 0.53829960288903 0.425099384446171 0.94315612976701 0.599046232707705
0.532234984943107 0.615311322528573 0.098217290626359 0.461884050458142 0.995626160399849 0.224608764610791 0.561420895505646 0.337849391526738 0.970912332954708 0.531308873315109
0.44676490078166 0.737920676837443 0.113249944276418 0.809442626488152 0.992088262024833 0.235081866647274 0.579136891895282 0.35790500661239 0.648858327097114 0.626994809958442
0.0938155529915439 0.226057684803501 0.179409710788575 0.533652199384304 0.961566464091955 0.00775963016501874 0.225477886905836 0.274627876961614 0.011218012502421 0.425372215884557
0.270386597098361 0.0886765981917137 0.277372664887362 0.921868336732006 0.938534601607394 0.0107957328841317 0.282801353779685 0.334828559262668 0.0412276717646593 0.504513254148316
0.143737510301024 0.0751319997945472 0.0525779548210847 0.593749489284552 0.86724069363363 0.0240557875892094 0.259040441907811 0.218497903429866 0.292017925523657 0.402276416505953
0.0964465220343602 0.119754873710004 0.0217542364337678 0.266632455257102 0.960823567516993 0.00752646108655852 0.287306837586861 0.300953797821589 0.110829926019386 0.45883659787497
0.124690847702729 0.544758976427097 0.0591973131228035 0.757702848960892 0.947658990660757 0.0120046916872821 0.273737356655801 0.24852679835493 0.0963779381024383 0.57767296312667
0.888995867918352 0.851839393062821 0.173382047023759 0.991164727040016 0.995005757668033 0.247804851932858 0.708491124912074 0.494386002060191 0.981642258695274 0.629081895700439
0.329171630381812 0.876507807050834 0.0560997788172673 0.35607746446012 0.941331568715879 0.0457406352535046 0.315787957370669 0.346950322651829 0.206516633182997 0.520837650417664
0.687624933580336 0.0905778438589816 0.319185349157685 0.930211741628307 0.990842076251535 0.295226169308946 0.575378607428108 0.411025231870045 0.961609161764419 0.544522546920457
0.693129004896349 0.564323862658838 0.249642532174278 0.895371211409395 0.972664897414687 0.118058845093663 0.510160683960853 0.263555803610698 0.514064706788057 0.44834884619563
0.0930101361018775 0.870514745984222 0.0599352646229069 0.886978468584067 0.969431660353198 0.232431973358638 0.600184325351903 0.352409697218479 0.568149332553412 0.5980526808091
0.390355959291798 0.713362205512521 0.0664564813010606 0.764656271563137 0.958225186462112 0.0192075310473752 0.177967977860658 0.24966318170011 0.0317222750718377 0.400006190997776
0.206840472521273 0.113838212790697 0.0191672061380789 0.515772835171154 0.78112714906889 0.012026405286469 0.232695223343213 0.234258025276177 0.0992654561888189 0.468412693635341
0.265709113630457 0.47673197770492 0.0209120297997078 0.852209795746865 0.951414011373431 0.0273959381239961 0.303024938502182 0.331155024360766 0.115033446913058 0.527325696858644
0.894514850796065 0.881248084720839 0.356803368235077 0.976296198532473 0.999011190099863 0.467770561871302 0.823698464909642 0.427376297561735 0.995366191262574 0.707308717879915
0.370705025865173 0.214785148868404 0.272260989952371 0.956973418031762 0.988546465431627 0.152733689146361 0.493101392212626 0.31460547859129 0.815703661390683 0.640747761744765
0.111400957125246 0.363197776862048 0.0826817889700538 0.867929389113235 0.976797372924906 0.0636664619996008 0.379212630914388 0.309648969497971 0.338239592443181 0.462830436602177
0.483877663906372 0.0763620374520495 0.036399407804662 0.813823386537758 0.937538163198951 0.019682254073499 0.305162197130935 0.259295190439824 0.0868443159634179 0.526811603536942
0.802705608519546 0.555356712360245 0.319823523628217 0.913797034286402 0.994879243214848 0.381713187660455 0.627259215158993 0.476157491225407 0.981113170992263 0.745642526446502
0.965693076850716 0.872276435007226 0.109649562507682 0.982118035022907 0.997470999534027 0.573604740430134 0.717763351576421 0.396816222983313 0.992244630518436 0.608368557887033
0.628004202483343 0.304231742042422 0.39751714176372 0.678750849151216 0.990970576746941 0.140699407216051 0.439809259164131 0.430961135246746 0.612700741287476 0.640128044789351
0.861919581071408 0.789695762734761 0.176428569413137 0.985387008628184 0.995169769699436 0.248616602475707 0.713676111647463 0.404196333521036 0.982095482082582 0.663267769842601
0.79484415750221 0.217167141793787 0.0438635577160565 0.736397443396806 0.993908421195091 0.0529464874218794 0.318977424948014 0.430465134277561 0.638033748488288 0.536154884002229
0.582838065047448 0.644688543264351 0.232101441619256 0.672447668263948 0.926827099755159 0.00892607794974947 0.328370127382174 0.35152290689164 0.209644615421243 0.439419630642185
0.760839332651739 0.546740653221544 0.115689518626251 0.662291883462627 0.99937254809255 0.35918861005655 0.473412176664217 0.515904432149252 0.950693077993341 0.665985869868256
0.869936369243118 0.910803483086175 0.494369556033786 0.77861735265002 0.9963142526713 0.331011107348222 0.629007733802417 0.52028922469265 0.922588710063199 0.66654596720789
