0.68386980504506 0.0748674472501466 0.142023248879392 0.492571161942725 0.938324983253352 0.0168462679160201 0.343245199795105 0.271910053032544 0.495101933054274 0.555899970045644
0.548074196776503 0.714564758610135 0.197515449404594 0.506257323582082 0.963281455430029 0.106064569391437 0.478982643419732 0.448229145717893 0.332491507713793 0.593080482433993
0.109914443920891 0.15089033791748 0.0814853094672793 0.282025583212869 0.942048968602414 0.0101558571960375 0.182968756414573 0.232004788488791 0.00228189646932609 0.388387518356301
0.566972257741892 0.551253725452501 0.162003595189677 0.616060909806108 0.977366917314805 0.0968861390238979 0.428780507720874 0.280018636716664 0.832675223080145 0.513673634733767
0.347846408499121 0.244557132018174 0.323490772953276 0.578517906669354 0.995591081561526 0.0494392310231922 0.330022104363584 0.273539495466079 0.172109106148302 0.545264977082414
0.627432084396122 0.321214474568766 0.0921815464722353 0.698562101456647 0.982183665613878 0.0770034100713784 0.526942439798345 0.401650245017268 0.699528501237707 0.443860805896868
0.407259383604586 0.915888955503095 0.150984707318495 0.588377261404406 0.920150984034949 0.0596317047685936 0.411679301668106 0.338129308648702 0.217898553280052 0.441834773665322
0.120272476969702 0.595436302074635 0.152318068054956 0.935065242185891 0.979305412467485 0.0825736907634731 0.50134751343795 0.401629331353674 0.819216222852991 0.536874387819004
0.98140781038717 0.809210397103835 0.271439607228355 0.968896376103697 0.998413277073997 0.182815087411466 0.657436916850275 0.442647260364913 0.980016549711402 0.725866384457988
0.462931065602585 0.359885799089966 0.0379260170782604 0.681528629353514 0.978523518230139 0.0396483506791853 0.295973373613984 0.287717849470738 0.552141045733272 0.441506521890332
0.257815433359557 0.697380722529315 0.164190832635477 0.959702224914909 0.995435010026321 0.0792527489092199 0.440341856059066 0.321423077807012 0.326487327821372 0.555150069440768
0.741641455813894 0.253681839108887 0.0328101002521649 0.555470425172969 0.983053830719258 0.116807628082428 0.350805938594653 0.238183475368768 0.609348588670714 0.573492321827812
0.241253208909966 0.611350778945643 0.31500400972404 0.727932960841187 0.963682178144063 0.0495084473922638 0.470437952623501 0.249459366857316 0.848978568563284 0.555656568857658
0.567659885272808 0.846967411128865 0.165574864875651 0.600164519236273 0.993131694504121 0.109021501699263 0.50305938640369 0.419513924251128 0.944610955046048 0.629350310803779
0.522637616937541 0.708483918912453 0.247468152935064 0.906537105955564 0.992971370143538 0.251330836840012 0.572847796356813 0.571768903538909 0.986547180254967 0.696531878789555
0.85667695753295 0.960512532931122 0.344590925893745 0.96938611393637 0.998883542777065 0.36241752938594 0.65340370451467 0.489582312547219 0.98088635995965 0.656615277837033
0.561065296523255 0.867248550241138 0.19007351901913 0.615319146244831 0.933271487251322 0.225842071829241 0.468510834083021 0.391454846961318 0.88372741024724 0.558637254820539
0.64664827063813 0.524198537559625 0.0991550213162063 0.357880361348553 0.872212143115641 0.00900375779707302 0.341213022401572 0.244473015193554 0.0546297007096166 0.503276207176852
0.230476621804123 0.776350330272178 0.223472992844955 0.779800704880355 0.919050516428284 0.0248127911473218 0.364740245912446 0.355575535635955 0.109595856121467 0.502745344581612
0.687127051388442 0.996255146994459 0.31763941356732 0.801262638905269 0.991781365088701 0.0898096017330036 0.646554945505413 0.377939505745444 0.575084982012658 0.678679898996849
0.8359285802275 0.977509086428757 0.166258123597045 0.823897780558394 0.995838959792514 0.155786847277328 0.39905994650816 0.408981278098635 0.837330489824834 0.621706475387319
0.776694473279617 0.72552449138759 0.113729124938528 0.645886897664871 0.970764172104374 0.276800997206118 0.582489826765424 0.34497158776855 0.862508342338293 0.563456579224391
0.502373051618356 0.288184128520535 0.078145249724162 0.919535538555334 0.971494523284231 0.0922270751643159 0.471068453483783 0.402626527763072 0.828714469065404 0.552363059301938
0.921023841910891 0.444613341939311 0.114975149915451 0.935997030432057 0.997896452239822 0.625357076320832 0.585223080858272 0.531191641917587 0.954619960525904 0.686354211220573
0.521628750925586 0.794220265799847 0.398357823320936 0.711898673759261 0.980233526147952 0.0360362566007001 0.400745423417685 0.425024205235503 0.883127155611614 0.570187024856434
0.980507297895837 0.91736172142094 0.246086614810912 0.898096334788697 0.999047133445239 0.30454026872859 0.688433664195257 0.527176590913111 0.860362448042438 0.626105942412011
0.309533408474706 0.80278893672033 0.0368799669262861 0.101047526398709 0.841882362443508 0.00537235165392604 0.268326884558207 0.247057794944029 0.00295899674366404 0.397948649891177
0.97750247194835 0.958318555994478 0.269630217065604 0.878337400692177 0.99927456156776 0.277468172274535 0.629716300521702 0.49314162950283 0.998058251149853 0.703363171440404
0.416001130308877 0.515193643715966 0.113977001328753 0.5331591569973 0.861143601262914 0.0635410357187953 0.286148722243111 0.271186184291323 0.0105097473553946 0.358886270919417
0.539054898525229 0.816670690019246 0.201841165889236 0.721137476513008 0.997646568827787 0.133709043802962 0.50237603549861 0.388998794057537 0.35958970050441 0.663868998543837
0.205074943994751 0.755746714245006 0.309081385665902 0.978429515133104 0.989113204261801 0.13099500118831 0.576956333629628 0.31666298706878 0.846546032542528 0.554226669887348
0.62382899860349 0.972303596387398 0.191654128416335 0.761377274180418 0.998085339478088 0.210718719492988 0.553632960995221 0.454568334190261 0.875975906843324 0.577661073362622
0.209614395392711 0.47269716179175 0.230583719120008 0.652776529290922 0.950845299452073 0.0407159681374027 0.244132518812524 0.256015368114227 0.0130207374178624 0.448472520212934
0.941353086867688 0.596241375482658 0.11848553568231 0.875417665446958 0.996557321654094 0.398156248312119 0.593410295319623 0.510330205248954 0.954346839196307 0.525299299540287
0.412544485772401 0.537524369495517 0.0699891877920552 0.765247741072602 0.854430804036375 0.0174849350865686 0.259106955575592 0.199610208697991 0.0156486768008085 0.489663804173712
0.856535140602883 0.123145784375577 0.185445339162206 0.895104310025926 0.99746785406698 0.112243484972642 0.606587132743649 0.430039352676566 0.861497489764456 0.514452061913765
0.412241499284389 0.0485720359530102 0.0843516336879931 0.283495717061898 0.779227775325304 0.00615248506074215 0.221066523849113 0.292340623506506 0.155805365582939 0.52115364381323
0.511981825069007 0.211829367793759 0.219725354039364 0.797001022174804 0.985101323824229 0.0172016896322452 0.469413765966581 0.328001710953443 0.468662014254608 0.620027188621886
0.395122938945887 0.275720132975456 0.162136501853066 0.674861190651561 0.924862289295796 0.0276875039732895 0.404014318210397 0.346224532751228 0.507615139319642 0.421533143909922
0.172681560607406 0.11830095381092 0.0923473997999699 0.495911747270635 0.927745115792304 0.0313402564896444 0.221186962458696 0.250404698302606 0.0897824728349004 0.430002423470078
0.939456018961623 0.477412177822171 0.396020640734419 0.855935612227447 0.999267248926317 0.476955513725724 0.704078246871241 0.498654038885469 0.996061849968833 0.768739812688677
0.782693103480413 0.404517919742581 0.539310992374716 0.887044697824657 0.995631280478704 0.150873410936988 0.506227802690531 0.430605469950158 0.864639892442418 0.66567332603698
0.628982064022355 0.738852398562677 0.133539677901324 0.730307979963687 0.966560575710179 0.104885518941843 0.449605833648319 0.304755662119427 0.480483534932545 0.604389176346695
0.233998826861561 0.811998157320579 0.136346152800691 0.67448582574558 0.943553798086025 0.0409098169593227 0.273845311213588 0.331135158221597 0.0634112922617672 0.380800310051004
0.879764807211939 0.9611528471591 0.39804463414559 0.983716580190213 0.998573136083906 0.289551935844225 0.749574333652767 0.476313363996124 0.94952050869788 0.749263702077554
0.921788706612298 0.821883104733657 0.137853492893121 0.870495043276211 0.982080926334484 0.149288366181441 0.598549243085712 0.397993829940368 0.960713451810856 0.586130008594424
0.0481647606548011 0.209930506584551 0.0564172993997235 0.271576311053488 0.764811325459635 0.0353212989332127 0.304932119327851 0.27484696227482 0.0739925610295591 0.439024001542212
0.779569236280105 0.798697653363408 0.429051963006821 0.912851306838549 0.993255690035172 0.12667477195375 0.552580141370405 0.322059373998676 0.780194322587476 0.545126980730401
0.784958380427375 0.831613682306556 0.052111686596008 0.751141744355193 0.997055133104562 0.26150117712331 0.590812095172039 0.468000440612029 0.966881939377895 0.536474860165472
0.520326735173074 0.150178261470922 0.241390687503814 0.915979906471244 0.98164374434721 0.213215302758241 0.584836559222809 0.438278643487668 0.405783978674138 0.659071966094672
0.239375145574193 0.604969882947206 0.397945704263351 0.645632030331542 0.983983807961522 0.0653022900920054 0.548940249034823 0.380785516164077 0.590683240554874 0.489136306194851
0.765546266089341 0.601411306272695 0.251139250108843 0.669065398873921 0.998921758405239 0.20253496468195 0.619660959747321 0.508983559347671 0.995206196351532 0.644435908834332
0.702693921783386 0.540351288040967 0.322612090394183 0.807073831886059 0.996797645162298 0.374914967993303 0.632320219117263 0.465016741183041 0.804788689788861 0.729226235180372
0.580516436046311 0.331162379833816 0.242189585333501 0.762686619939228 0.99858476005512 0.344095389659432 0.608315663678122 0.443502176246001 0.988474627602069 0.627502973080188
0.841888743349453 0.642356083651585 0.273995020089228 0.945367005513776 0.970598843214586 0.102641252327474 0.59567222138893 0.352415260246598 0.974218234649882 0.648612783817742
0.752528272556885 0.501898369674627 0.0899552586866707 0.82681564437378 0.989547255602005 0.119911523615205 0.481880392473968 0.356398316837216 0.868365013117039 0.638119545248783
0.576966202016844 0.221049387597729 0.170248607673051 0.851183773589313 0.984532825128067 0.141906894274022 0.50172897527378 0.522265467527615 0.358944978326717 0.69859157583887
0.198304268816494 0.815623213453483 0.115117470104071 0.228596581223942 0.882774380180149 0.014683903331797 0.275323052100169 0.266906180562985 0.0182580877420019 0.53368195803685
0.91181238007341 0.987089880696621 0.247928128213664 0.96775436293611 0.997860757449403 0.342255457275086 0.532319949692103 0.456909228619583 0.965912354899452 0.712885331228962
0.964944845739172 0.825181672778342 0.232184136993449 0.947595006370958 0.998744535542833 0.527248016592826 0.686988275775055 0.535166118583915 0.977990890035983 0.686167688582147
0.356093225001576 0.749413419742534 0.0946839472168552 0.766203226656686 0.988741527904822 0.0265385899779249 0.445966892728952 0.252129049789512 0.180279666634471 0.60344056085715
0.971622113562278 0.892461392118109 0.241867788053735 0.468130341571485 0.995479516965429 0.129916395514574 0.507998091605846 0.447749043244943 0.857148278502029 0.646028863258387
0.687572117221611 0.962310452918616 0.64098107796709 0.873072875182691 0.988819215331645 0.194544886848979 0.495402056561674 0.345361645229957 0.932262280455285 0.687842192225342
0.807296719136727 0.330778488697345 0.468011483088749 0.926729925030615 0.998144042043711 0.257667810688421 0.620317089477473 0.382505087045513 0.953893051528678 0.689543400566546
0.836572690808009 0.687475123631007 0.0638684929060067 0.730427807178678 0.995171004881145 0.0239694324790369 0.428645358424063 0.300354657765675 0.546578075295923 0.574719618275513
0.535210151160406 0.00445375693462645 0.0848352046625211 0.764513108999982 0.990542279813116 0.0824172257879893 0.509877914041417 0.421135030230732 0.508617745319049 0.519591231629291
0.378103562769659 0.216439152524696 0.0678631849430055 0.555392839675466 0.836002412687097 0.039361542014412 0.22830551413168 0.230454978635963 0.21010481809595 0.461340317545327
0.192842617360592 0.185347425786172 0.0710901137374756 0.502697704206165 0.985971923922709 0.0406862370121986 0.351054533434703 0.350225633351698 0.421951152283381 0.497678192417358
0.179754584329413 0.148497340048042 0.117744735376473 0.153576068456474 0.890648785190089 0.0138556328260441 0.149583254394602 0.2563347997479 0.0436705189936672 0.501994370927878
0.559647364063291 0.703902379560173 0.350721673330652 0.575265590900323 0.991780785510478 0.166274617989786 0.592582132989563 0.318501562464391 0.604291384810657 0.639000534366112
0.269202053497137 0.814777429037938 0.0701492424745982 0.554982491933458 0.951671465617533 0.0111393558441304 0.227080181346935 0.249565660661425 0.028081400800159 0.381370617546774
0.966264923755137 0.843471473895286 0.148614001724089 0.842355456494025 0.998960748052888 0.0488979886697451 0.671239885012829 0.402784283407431 0.938283387333736 0.616614826356981
0.675758444255339 0.36102936753807 0.197969661665402 0.901608317279727 0.998260552295806 0.216109690126104 0.607332968166442 0.497228646246184 0.941419421601902 0.623830258296818
0.785331953454491 0.154296514828346 0.112350302991144 0.325390081262986 0.981507740668215 0.0915731467606691 0.398286802775422 0.37943807609837 0.643491931804227 0.672323846702361
0.311801682141193 0.933780097431218 0.123224030084849 0.92577236810679 0.997010658285293 0.139588501552101 0.452676209957057 0.442902381479408 0.735519331166211 0.684071006793858
0.33823321855609 0.0911413716882557 0.055890190633542 0.445267790007057 0.761565455946726 0.00552495700993098 0.256176189270863 0.223775088567283 0.0230109383289823 0.479992270493611
0.126857923147807 0.853579180662731 0.170809481055613 0.195101025096857 0.882127404953638 0.00994650123855824 0.211113163700537 0.277698681426198 0.0193103030336747 0.364550821318078
0.36243731439839 0.0862325924606393 0.218120093854791 0.35422235368521 0.956139091587164 0.0396845974679379 0.252726669349066 0.363273110606707 0.0634698799050546 0.46513334276133
0.343748335994829 0.740170721529609 0.0881919063156951 0.272589445470109 0.903622682029823 0.0128892025164414 0.291437403279678 0.242614952789048 0.0217868195384482 0.528519860683097
0.465659060709522 0.821062999658284 0.164481716700203 0.738380690565769 0.856978401043965 0.0263398081242164 0.225133452729006 0.281653402973633 0.323978926611458 0.466096507960983
0.984176173949768 0.296048651453941 0.14876702744965 0.968990113915153 0.998428094416927 0.291358270882527 0.711710335952213 0.469550097653045 0.875293917988292 0.71425619142802
0.132679169334055 0.155526034072566 0.0812015409262993 0.920628618303437 0.942912902366438 0.0276293038786759 0.279404817402662 0.23377977517504 0.298269936791799 0.493149245061967
0.70341333025805 0.913365318250152 0.283094987636415 0.88180696160227 0.998769790978618 0.208174902745801 0.507431268047287 0.384235135433745 0.66349462207669 0.759240821897072
0.623425777840276 0.787637696803116 0.219522324749465 0.187823306582191 0.985066757991761 0.0542590905585168 0.468331157018604 0.388377363835368 0.819525779376124 0.587137047280989
0.470504565266692 0.121111154585791 0.154118814288808 0.949122775076413 0.99620294292738 0.0952083773483269 0.499834008824419 0.393102762611054 0.727051056659556 0.494421492381738
0.364983720191396 0.0529404499292597 0.123435552073448 0.896840949776252 0.907363241961113 0.02832882022196 0.27047022375798 0.266134366976779 0.222582772191153 0.398548283088157
0.140041407715852 0.147434204309607 0.157197068138179 0.154652051119366 0.95092968117221 0.00840247237523007 0.284918969413006 0.154103946501555 0.0151470473419217 0.365669877784498
0.657809420121075 0.279682722434602 0.0477049452749625 0.614083708188136 0.959059784947629 0.0506352867358212 0.271923930246518 0.280718586132886 0.247572534240885 0.585370484427963
0.808867606697151 0.603530846626826 0.777632633535172 0.981404361215418 0.999644570736638 0.491906827907577 0.671655683274644 0.482696048292518 0.999550737105088 0.645145996344353
0.722121423074369 0.523939114461775 0.0864367485824768 0.815438263993334 0.997409148501649 0.0573751051217276 0.442546499976254 0.485079989650704 0.641840858085175 0.533651802126673
0.0986639821542331 0.807522145269784 0.0245785379353585 0.891421223990745 0.969722531713917 0.0332849471236852 0.301977498100759 0.293055828305074 0.33304437190281 0.504322349051225
0.333071039806622 0.66808756597552 0.147417955192836 0.682638588119806 0.962242285202277 0.00876779786490956 0.345561679013341 0.312863967948269 0.0653544559975425 0.535138758510823
0.86024795037626 0.905578724669437 0.266004492562972 0.868473574190713 0.998313044958094 0.356394398296713 0.656654510674606 0.412287713603809 0.989843741731853 0.703088838694447
0.871267067519958 0.941309161144557 0.12763316311271 0.975353293088638 0.987615890459384 0.522809997682123 0.694114394150106 0.502824893891077 0.989819579205996 0.68114334084712
0.631845531094771 0.9832360015077 0.106410662548714 0.902126139660837 0.992504626931562 0.065653927462392 0.51002912904243 0.371002662034596 0.558744894624418 0.618423714481036
0.937381749271517 0.832998495915495 0.222198234784029 0.983506159930895 0.999435758815851 0.569201409404256 0.741823571903755 0.423493375306965 0.961224920849689 0.632646133679051
0.864443502431317 0.639465666049083 0.074183440971962 0.641347421393662 0.953046363705664 0.0790702101379075 0.410844141127502 0.342582211843459 0.860852141268208 0.495342077516334
0.460953821449065 0.319378296181895 0.300856259413977 0.561320574178272 0.965476905282725 0.062780450237861 0.539157011046639 0.230260191720268 0.52595529675281 0.457334314616375
0.823714542791612 0.943868601096004 0.244127448564145 0.966862490144349 0.998288837224358 0.230376039372047 0.585457599740237 0.522370513364179 0.943038179605271 0.585363236318262
0.113252573607457 0.779414204227961 0.578951295664761 0.92103638471744 0.998474618520513 0.379999708744023 0.555263109476399 0.452023712004734 0.975171722401527 0.616652054878531
