0.0890745341845946 0.132089538490942 0.148627341191323 0.888368850256142 0.982459979543756 0.057226050780186 0.465869891484601 0.391269356749655 0.680357257464634 0.490206476118058
0.896919392376994 0.55398582729192 0.296209863455481 0.901026666233584 0.997141574618609 0.324656197106031 0.660670409085375 0.600898022493785 0.960600695935045 0.73698326974356
0.166139865723831 0.145347729157048 0.0870403790396326 0.564581847309794 0.983762024865743 0.0482268850138665 0.362474125610658 0.263627382270985 0.213423337967869 0.501184654916347
0.936534887560525 0.640727285750853 0.132066531366359 0.871153826395225 0.998113321163715 0.197849625045308 0.444245037655748 0.423612665666179 0.607220692673562 0.537563694427194
0.383517350188081 0.0822101085234095 0.124736730528632 0.370467308472798 0.783682772775329 0.0462868023661003 0.236462820501391 0.330459313922878 0.0282071478963082 0.316651178809513
0.309356258811465 0.521788341933499 0.121099929466473 0.720519263779415 0.980961504864605 0.101214821146887 0.45749252618798 0.370524459496441 0.0923410970361349 0.557268047575651
0.0628347546269544 0.667144211787114 0.282820516734997 0.825880070858881 0.931312041212331 0.0876366843506283 0.407835738381252 0.272096126345256 0.282643218806204 0.47258633397617
0.333513449977817 0.448714953732172 0.141769014619939 0.81987626722116 0.974553520033316 0.0274209802972279 0.354284561477672 0.280690563552432 0.078176236729451 0.398134951155169
0.137820651459416 0.383880058903474 0.310619197667759 0.783928234129503 0.98838878157451 0.11704581684459 0.59149331057636 0.409835976431892 0.967677241679106 0.49214646212872
0.812181531982938 0.468792801186527 0.168699992629479 0.988527971046977 0.986284868464266 0.212579090213232 0.518258751193454 0.305340935712579 0.833591029743286 0.618193980999633
0.667921311341769 0.807147352858173 0.0863827488335314 0.167205032979446 0.979546177378978 0.0141832672011637 0.436364580519643 0.336511020846212 0.0992281492671372 0.57958462800356
0.944291343453051 0.830571155651333 0.252150067420991 0.964541693249478 0.998395976368089 0.464329286197396 0.686067504231231 0.488995576715527 0.957493153744638 0.728002528521033
0.0761794858586162 0.525610649254793 0.080405326060533 0.887130390529007 0.878060406726507 0.0217671082839938 0.258658897789936 0.242971403284445 0.152963049800148 0.57306940295469
0.987869390998646 0.939921390431956 0.40220415150627 0.993209102837055 0.999261120297408 0.6111617640954 0.796360381042594 0.518635451764869 0.995299424050154 0.756210689984647
0.747145810801701 0.416296649386191 0.164596145453281 0.692441209154958 0.995465208598435 0.0475470266123335 0.405686386404781 0.363948585507456 0.697357260401477 0.574099298587998
0.415419318360749 0.357512433949883 0.0677400838501249 0.948053452972796 0.990033404325871 0.0743179927880568 0.343771301221274 0.37551366922098 0.427904129208518 0.526627889149177
0.251333061583749 0.695333252095731 0.0711185108090803 0.598226989229183 0.987011335599314 0.106866495912719 0.407723337010413 0.334480794966194 0.606746528377901 0.651342508574588
0.567741449572522 0.633352838298401 0.407480829716043 0.928388159845337 0.998516718696285 0.259103148351381 0.662762353561139 0.385249238962849 0.961687405088042 0.711317850112925
0.977246850040099 0.503013605614291 0.255316887630953 0.834532751037328 0.992967714171094 0.356935946395177 0.658333345341454 0.345944808103941 0.852317409913418 0.535684084483407
0.0965669930012639 0.380662865299606 0.0709359345948135 0.259114294398151 0.915089294822255 0.0498540447433562 0.319741933833975 0.238114975889262 0.0205634425774291 0.393753156842818
0.732465670477521 0.893278283076462 0.155586600139603 0.994361963073799 0.998964440608605 0.335345205273566 0.689193391791325 0.431475628904581 0.997072667673372 0.711018372288561
0.677695392841055 0.161843923830148 0.0476337200601328 0.95421619579625 0.989777335613882 0.0949100995496549 0.411077780021767 0.43013399738991 0.250576382800767 0.522548761130257
0.410352021258116 0.837543629338015 0.142336334143116 0.642321406543788 0.986844454201072 0.0461801402588972 0.417068147477104 0.316948970599379 0.772192386356772 0.562160686554411
0.946860386390013 0.851428063888198 0.469865789430408 0.977417018967276 0.997179734817449 0.227513478347025 0.63719232906397 0.360660392441728 0.995933614212765 0.668852742612469
0.835262101349886 0.804894121230019 0.132702155406348 0.52723772565472 0.992811576053689 0.0471422872408124 0.503828655148899 0.307340236028347 0.976852924073177 0.708553091788894
0.904068750591703 0.757845801601138 0.31551758097684 0.874179215758213 0.994754777225317 0.209204182704021 0.588002537811246 0.385260463116214 0.850826987762429 0.674973657745996
0.492609742696833 0.824215562015953 0.394008890790205 0.811351003666914 0.995712798483863 0.0806458345554965 0.362795771804306 0.376844418326878 0.464653317942869 0.523058285784638
0.657350285018308 0.374068476936961 0.0995702930406655 0.830670270526361 0.998880401010318 0.105924303079935 0.544767142808369 0.315345984357731 0.767777343017337 0.636109458423139
0.0707845089921103 0.00540032771350065 0.0419497913370794 0.614853785570785 0.858878763318841 0.0162851607251751 0.310732658594555 0.294827817165633 0.0734350261215983 0.476853304367291
0.995810220072721 0.876739645112383 0.328412876484432 0.989231940973935 0.99934516022956 0.657206038098602 0.732604695788041 0.509810449442106 0.997791223124887 0.713736385568846
0.639937286659291 0.861575363630348 0.182598610038233 0.98482834798752 0.990545715039317 0.27407206675964 0.418749434414673 0.437909412903559 0.926348216846269 0.597803536517413
0.296043896649455 0.0332731462185148 0.13681919496127 0.612317140285996 0.89448432931288 0.0136771466562783 0.36470457528485 0.280375351815889 0.658106405801121 0.572257801574005
0.762020592496983 0.97006668936212 0.371385845453354 0.845250825977494 0.996852998974265 0.375411359602426 0.505938309727824 0.437924028362157 0.339948405287899 0.662205182526722
0.732813035137265 0.953916578810016 0.277536358730176 0.948098809609916 0.999425061026559 0.286387341250438 0.711250558731121 0.383218334018561 0.947559381904875 0.594977890849964
0.74933917416953 0.604099839287731 0.137133724316255 0.826976009020883 0.980712203039938 0.19562134191587 0.660729873882527 0.415740937459281 0.933287895637721 0.643344627795705
0.619820551848102 0.225164165360458 0.278800320404086 0.9616271924716 0.955930588655464 0.112068872438634 0.485081476563827 0.353801893938734 0.574613398074714 0.654456558897788
0.611131195137754 0.168914840809092 0.0609401274762023 0.0832995000693171 0.979672292733847 0.115379495816925 0.351399149228139 0.381480383315127 0.4431232501375 0.413433082353322
0.339891335182038 0.113742100420775 0.291034584353543 0.179652909912932 0.690483167560736 0.00851674676434378 0.197494359102663 0.185035178218268 0.00560655411922844 0.370256299499452
0.562326619576506 0.771477744248975 0.369842946942093 0.922547560417381 0.994466531878351 0.104428631719779 0.584498937105601 0.416811292907573 0.94812160834786 0.696328471922628
0.279014345415875 0.596782228529222 0.329415423963983 0.35955610835305 0.96370382288894 0.0426637973695356 0.454312937936432 0.324369679639429 0.851878946608613 0.555448778633379
0.956391047896578 0.774140630899495 0.301245430975597 0.978395578698817 0.995938490085387 0.585738609151816 0.7189772610995 0.510882019228784 0.997135106524198 0.642234352657805
0.0887838794357518 0.979557824476612 0.211888039607359 0.701581829790424 0.944981947508247 0.0269887919235751 0.440649183113323 0.345738012226725 0.0691580813297598 0.472787594249046
0.774078468725532 0.633520537273278 0.500224648473591 0.635611168360361 0.989871203810001 0.116635751652254 0.468764746095471 0.384546218703995 0.72758733085691 0.615447056927606
0.259616253841148 0.891383111395698 0.0329711193895893 0.336721923683028 0.987122820154309 0.0342711193733029 0.512673449566163 0.279245589352016 0.753475210918048 0.482416575783607
0.100093874237177 0.073491590999895 0.121199853378643 0.349793515505301 0.92223212661682 0.0131956680157059 0.31752930142715 0.241533763666637 0.0108073902782078 0.465145684362281
0.730874329385995 0.237913583828304 0.575183344390733 0.925129532818181 0.996774058625553 0.206566985511403 0.740830599716519 0.471051319469518 0.980109994077406 0.58021914347103
0.469527718896931 0.383167971297714 0.178780668447718 0.926338047301513 0.996563796316545 0.11405205778057 0.559016549555421 0.367006633860213 0.782181327007117 0.485980137987254
0.418035498535874 0.692088078315701 0.565961841609745 0.95780000215856 0.967848159914642 0.235495969395681 0.505797983216652 0.350195806146119 0.437739130578188 0.460375564739458
0.164289505364043 0.689537945120065 0.0764731936773336 0.774140073480362 0.973048250542216 0.0168726137032753 0.29566481503201 0.377008687957595 0.152565701037596 0.424223628633632
0.409851812328067 0.766408512244703 0.226689761604753 0.583736928446649 0.971785159496706 0.112917169961348 0.447505307655907 0.337119166229334 0.749699776766436 0.528269163549194
0.01612749283858 0.313557809249575 0.193548805717627 0.829832319398166 0.990454339484549 0.0374479532375815 0.421153691544904 0.314868887531537 0.418154926698733 0.550309809722411
0.782384414383159 0.501637000251287 0.418159935577182 0.271863383824836 0.993731549487633 0.212106449719907 0.532715397953951 0.304414050840668 0.441962990639727 0.733332596352928
0.824893870618803 0.320926923450667 0.211271779139756 0.915138327585567 0.996249318395796 0.118621482756592 0.598617501963929 0.367714878441667 0.609127996715661 0.636984053197359
0.197009501399562 0.424852327741821 0.0747078110118124 0.804367397429381 0.998398451236169 0.0638038613286068 0.414238053748679 0.379601492470183 0.862144669423116 0.570716287506876
0.512321017524536 0.76537130052297 0.180681544590955 0.922105966117118 0.998813906144415 0.241489575508174 0.636559418858271 0.35266170076764 0.965497427327978 0.716578501888405
0.846535882509386 0.921980782693598 0.380875562263455 0.951098048026467 0.99806127637442 0.0980630679029157 0.622619860008136 0.521649626927672 0.958857826264607 0.677532738007737
0.893382947579829 0.507733089058151 0.30277840793151 0.820291258781368 0.997004910953973 0.0575944826662372 0.628709945501741 0.338462456281817 0.980781748027864 0.701385201972753
0.446138320721591 0.540756085247285 0.0687636728776027 0.843766191994578 0.998464095062075 0.392280399161487 0.663617784841427 0.457469272950334 0.962258728910811 0.627603597282905
0.894470214958984 0.687601341882404 0.0797609466081185 0.893491767606196 0.996884737762599 0.126023331026291 0.63084046049378 0.396269127364503 0.958135682240828 0.685412744174581
0.292283596193354 0.224255285947557 0.189120001182746 0.405770101790119 0.87983954713506 0.0925256271832056 0.373909188065455 0.271347124346055 0.0725397666606383 0.499736033025042
0.560704171810285 0.8620153535463 0.0322662398198061 0.0657942713017107 0.793801306717942 0.0120307495595277 0.245901250070292 0.294253520916259 0.0850108917848371 0.474883321813062
0.201469298623882 0.537483154084421 0.123818719661131 0.498067769482541 0.966795375350818 0.0442231252728755 0.334175024647286 0.248172853343873 0.398143121148333 0.520385071362813
0.123260624083519 0.452135209020499 0.259287328290832 0.713103286602734 0.996146138004381 0.169663803306502 0.565876072997897 0.328955035935987 0.618479857694231 0.508866740546438
0.0158124960229657 0.260438968440897 0.262030577548897 0.297569152276702 0.389323126583341 0.00362665541757011 0.148044858031781 0.208356067515368 0.00645835316719618 0.471672856773148
0.598338759636752 0.24880432562914 0.414471291116318 0.914033008706518 0.997795203068787 0.28352338557145 0.756120653743544 0.411127592182368 0.760996944970792 0.688965789934627
0.702195329256886 0.140375444640108 0.348225891424885 0.867481214702836 0.989168426319507 0.381484545999598 0.537437185294802 0.373384830020028 0.869647388537497 0.624096530608675
0.0521213660544514 0.192964804665091 0.0928168301224417 0.531805691058513 0.716477463985877 0.00528853695204129 0.126566132989408 0.171454622920617 0.0215018147543335 0.379878389717841
0.564240949841179 0.833327734740158 0.216234911567428 0.966486834532824 0.954797866717847 0.0455368039869127 0.518208746447979 0.314309371642375 0.400448258615638 0.525571757487069
0.743854513148936 0.459466647743328 0.100596649011232 0.915524074342287 0.998059484235429 0.0634921203780055 0.383123830329327 0.285713035812878 0.963913970794294 0.560186420530625
0.835420235516415 0.945071894378388 0.165263415325325 0.591846203520658 0.992247173439782 0.216152032103218 0.593719833045333 0.324009925243658 0.739963173242443 0.528298115147283
0.266486674929504 0.110495172962498 0.0316427212784583 0.397526251526868 0.952144460422727 0.00513069332875699 0.291559725148471 0.254810762479655 0.103894986826389 0.452461839284185
0.642010906258988 0.455952308955526 0.105211149825742 0.46405202437633 0.958495017487129 0.0159308525457151 0.280382588926404 0.266702648794615 0.128216417268 0.485469042313915
0.436928240714052 0.179975918438021 0.143284484101134 0.607648357134157 0.975789013063793 0.0833766895475668 0.331047591356896 0.493745910613041 0.655189882570364 0.598906106476753
0.120834548303762 0.269298187601355 0.0260737520869739 0.303106092042936 0.849519583381752 0.00542805552684711 0.222630340163577 0.274585268231134 0.136756911588956 0.403131898647418
0.62990520724545 0.871633724451652 0.41216700324986 0.875953706429922 0.997302095163384 0.225613131476122 0.569350402363752 0.33731265696242 0.79362161460971 0.683608982283004
0.877152990522458 0.855843271515704 0.192819057573406 0.958742519332375 0.997805645880292 0.328682933575671 0.536300989087772 0.375906142291082 0.942499673461606 0.59969930393515
0.207560981225347 0.225567869142493 0.271288406664434 0.800057854924558 0.997449507675677 0.159724544689035 0.537130908362064 0.362207500268637 0.922820231686055 0.559503047515028
0.857366336870134 0.840920608110074 0.328977824752089 0.789421462090145 0.998841875771135 0.149483816490005 0.437543551893949 0.512068993060951 0.994130147853294 0.585649679043478
0.590660385853298 0.449898091702928 0.295602880488386 0.747711445532492 0.975184544584395 0.0343032850633736 0.47479513815732 0.325101739347909 0.15959893447454 0.569968574646504
0.803682377036423 0.0224974198470565 0.209587085537031 0.634046910524093 0.963874883641489 0.0388708746978778 0.398164449854583 0.399896394577998 0.459465934882903 0.603792608780152
0.570056113781887 0.694660260627999 0.277227431049686 0.140851866522719 0.989516302344934 0.076740830314919 0.327240653817266 0.397328884415521 0.263622667414908 0.509840625621737
0.295548644142624 0.288219786978135 0.128428928295856 0.380814094783793 0.974102134964469 0.0594642456925416 0.220041811822763 0.226318615110487 0.0952299008368322 0.54500002924802
0.971847237034626 0.223772299353182 0.451970018424558 0.95663740221439 0.99539226836036 0.241156450670896 0.621250915022693 0.507747544480053 0.952429711400212 0.657172717307619
0.833462892130172 0.715035239616539 0.311707590259825 0.926533802280921 0.994299041041392 0.437374422151986 0.51859573037549 0.429649679958199 0.958163849973324 0.794773121639254
0.927014765789083 0.649474321324679 0.0742850545287029 0.831797578018323 0.995924414041638 0.17975963524811 0.608337543762088 0.387687230659268 0.781345734917519 0.606841621882533
0.206922741272995 0.433079957160323 0.167471217078103 0.72549802998553 0.951389396975131 0.0426068754642507 0.329025494133049 0.303507559901751 0.578743017710077 0.511278774012079
0.889211493290028 0.446013940687884 0.195344050892163 0.883185837187106 0.993886623409832 0.325965572731191 0.595053759992224 0.373429341696701 0.928720297698934 0.666231166632612
0.715823545954319 0.902567197753533 0.0554751847591775 0.828913202338348 0.993211022568662 0.164119970089305 0.455182109364192 0.340946653457197 0.5374935804897 0.58585015435163
0.830299752233475 0.187629755980986 0.0416683226183434 0.942288468952695 0.989807416599268 0.15154925575225 0.51847699996705 0.388497612043564 0.84028953264456 0.592667694591866
0.52143429198942 0.86924826204514 0.166351190728418 0.8268048638803 0.993433421269829 0.181644112481213 0.468487434723961 0.436780496043256 0.626104470192863 0.577977460457274
0.723575831509702 0.085073340966651 0.117019883885168 0.557525834637777 0.993249256077667 0.078313763664926 0.368200928635811 0.304445162050548 0.14616605369985 0.605552865009026
0.335429426654227 0.413405049438441 0.13565904275544 0.672337891329582 0.957096197076765 0.0213145878198518 0.349224280674906 0.257301333407049 0.22560217976449 0.537594319342008
0.354008259868245 0.555702715845027 0.163271742161962 0.746236380669105 0.88832012603292 0.0108673261958297 0.294046517877541 0.280230406244063 0.392437200720333 0.492736566937786
0.0481301230533356 0.0626446908932968 0.0623208595288869 0.365933411450303 0.863004866075584 0.00607092393692679 0.145110393035711 0.241456864939566 0.0498346794852333 0.352570643763109
0.437202938532463 0.897779677134493 0.588550176856466 0.903862013463136 0.982462807818836 0.149511623773894 0.511596767712421 0.490306536102714 0.945704365946872 0.582320203763848
0.124196779828514 0.896553843157151 0.197791464372443 0.954437762695003 0.970567832110663 0.120132415028404 0.517724017684645 0.383620456607984 0.482615843375849 0.575972488276953
0.158779457932304 0.917108499463074 0.200446101586139 0.321021315655902 0.571139928089251 0.00528095503601133 0.188186877012453 0.131576117639755 0.00656688403246211 0.245887927293249
0.481649236042559 0.883307571395726 0.123814098967355 0.281886553003099 0.720599143288145 0.00906530925877612 0.192134193253573 0.221229650792 0.105552505429855 0.403311437435071
0.481918882988157 0.911562810152578 0.195434559988434 0.570774603923827 0.876551509074526 0.0707988146954931 0.475656383124154 0.259265832466963 0.439458420300726 0.525485486481159
0.0404609365723179 0.360412288158437 0.160410556806524 0.548588566950825 0.979202080456882 0.011879980874474 0.328137521068847 0.318001827209955 0.084828823464695 0.461628657104126
0.26267509189511 0.547295344809611 0.120230052833408 0.597815755131886 0.952360318376345 0.0395255280829853 0.310744994140772 0.440550291220306 0.202276701581043 0.457759882734771
0.675638292993709 0.21024826327716 0.236803519346215 0.987131347241284 0.988810393922673 0.203500437571132 0.492959183485848 0.423823920871181 0.923663512192539 0.558910442022375
0.890066106824869 0.781647438601002 0.397451908753743 0.853915082800603 0.996659178390192 0.232486602609082 0.614682952240775 0.501481413694246 0.997153507754683 0.614969884523738
0.634154095234509 0.390428869703708 0.150800080700071 0.854308932773522 0.992496293751786 0.235343036585664 0.531489992419778 0.336552002270116 0.854790289044532 0.559372713031956
0.43998406099594 0.316908225416349 0.170216567998601 0.34706244797325 0.940921782073956 0.110246888888522 0.394063791409498 0.367549414441204 0.424323331785956 0.627538817275452
0.893988969012105 0.895298916890097 0.119614572327525 0.898888725011757 0.999194733160398 0.185454936904149 0.586869882235129 0.47011772202148 0.973604591856757 0.627719036454711
0.188442974432821 0.0922237613314696 0.367980954872573 0.550215570678622 0.780117237215927 0.0295652021631966 0.213822786923645 0.216735729610238 0.10478197231724 0.554898945188998
0.569468815087903 0.881928693508685 0.0386308069496264 0.367248046119562 0.972765963965376 0.0814936233634755 0.390733309391683 0.374291859954935 0.3276695644851 0.553901497225642
0.742651131648518 0.0580787045157477 0.363156287191257 0.732374167575988 0.997106137363949 0.12274560861385 0.514525167085077 0.346474999831842 0.954026678052047 0.631723010541577
0.331277969430162 0.733724891865804 0.530330133363747 0.844156490718433 0.967558357193809 0.0487974073941876 0.227213149673405 0.361228764092329 0.0681384309324537 0.581944595539225
0.332863865018039 0.0138688499423842 0.112658321947566 0.17397368986296 0.877010055708631 0.0153160061047473 0.258803276247387 0.240924520572071 0.00554556001005685 0.527370086591168
0.196475997268933 0.546538107439482 0.0441301532573767 0.810640788960028 0.993722250697042 0.105280253213064 0.418266674773893 0.412636547935592 0.698112816786736 0.543465099942164
0.719676601581106 0.128574000538616 0.239736326087437 0.896331519682465 0.982840453890291 0.0231552720577573 0.406590193903853 0.422237164205083 0.124393589063317 0.536644733026851
0.879733024048475 0.446854349178223 0.256597108153215 0.882062044471169 0.994023002323874 0.105277722271135 0.704743907864774 0.409968500013399 0.807659885173386 0.672309978738691
0.647787624295947 0.764996628080525 0.145337471494491 0.555789055544346 0.982773689841052 0.0640244173115891 0.426345153898109 0.338059064845645 0.726091574077889 0.570733800142543
0.808301051698534 0.472857126880174 0.282367560728637 0.915346630740393 0.997633912001637 0.114053040321106 0.644848893398814 0.425331873447757 0.735004998782722 0.446683235891626
0.791522249892989 0.146210553010421 0.477739470068017 0.824499889750529 0.997200406508296 0.205599346441445 0.440728549254926 0.387921658983256 0.948899470394448 0.528635619477246
0.80918577940199 0.689714552274131 0.319931343842473 0.576071683797895 0.992783002055909 0.106918903925179 0.508540885465667 0.399944567503597 0.840062721287664 0.606532649023195
0.466015500575214 0.877145926569741 0.37474573473212 0.913454362850221 0.946120392023909 0.0694780735966888 0.437544590999905 0.367866463854887 0.53293338448734 0.660797349891074
0.895787027576013 0.764582811577016 0.107940551631326 0.666641119170126 0.990415023237733 0.0142837335152618 0.431481802201774 0.305189543391014 0.579887798096484 0.541426939070177
0.605724234124354 0.676932600883999 0.0661686186543216 0.93971431499133 0.966055593188909 0.0366560167325642 0.328439044436252 0.251061968657149 0.048019345713693 0.500891331625889
0.521559154775829 0.798460892350368 0.0697792426198173 0.407806661017295 0.967015364524374 0.0300206079371924 0.346024205670116 0.30398478533099 0.173086656826467 0.542336487015957
0.355103628199205 0.428774505506084 0.0412557839017295 0.65034323557713 0.962357634786088 0.033046038296409 0.285229839909593 0.226468882488882 0.19064776494249 0.557151426074656
0.9127157816427 0.98056372378607 0.285673948730869 0.871814009852235 0.999261592361172 0.216663208151719 0.576319702173961 0.376164026048291 0.699680718764982 0.696421703034703
0.0552540851051768 0.200519008566637 0.0639697989170519 0.446564128652189 0.881804604843616 0.0173514990435408 0.237550649667731 0.177220286000598 0.0112389040067661 0.497672769220164
0.444303901677232 0.667062288820781 0.173573957548693 0.588536018625616 0.961098156514878 0.0520102230017348 0.339093783285768 0.291400734687428 0.483112361063653 0.582669179513919
0.211063671640894 0.0567132570019602 0.103375421546156 0.830176165207563 0.974568712728618 0.0341686304508851 0.328435509476122 0.349866561092549 0.447011313719021 0.523297327236248
0.806276493114344 0.337031139131211 0.348841174024089 0.512415278054582 0.985392191047087 0.110371074158412 0.519136062012118 0.413721075526707 0.814871398489987 0.690298864189161
0.86440606154377 0.943263840286419 0.147391261016074 0.58212611774594 0.999481813002017 0.191872167471535 0.689520002097831 0.48985767033495 0.950021742590552 0.700001756988113
0.917979383653005 0.8858752644808 0.31573929742333 0.908943135782784 0.999107797740658 0.440125192093598 0.776127842889738 0.43376956277942 0.988537898342695 0.691280321512978
0.114115290537128 0.373053852500116 0.0845575822316063 0.562113703354722 0.953892320892594 0.0250912930420616 0.264196142739461 0.29513245013697 0.0429579155862274 0.412346706737301
0.557142402719476 0.79384845324154 0.256405856734472 0.894737371643021 0.997096681307259 0.224757895298415 0.714402842314734 0.370342129570508 0.831042158395732 0.624750095674626
0.266320252928556 0.782348555050831 0.107773859333235 0.816574258410478 0.993776175925686 0.179349908670114 0.627666429007333 0.239934429969796 0.749396010806239 0.583748083891833
0.907045322297988 0.330734134047704 0.154275370997355 0.852647264109668 0.993947763576204 0.242618135014007 0.619930818197566 0.412875083056014 0.944187514956052 0.638871198863117
0.432468716976013 0.489247155096767 0.0557331902791455 0.6042582997995 0.988377241902159 0.0795662704132826 0.293820722413574 0.376215091523431 0.0865679267113523 0.598954392365351
0.940599483763926 0.849960625570324 0.250728704201744 0.828265938013975 0.987349438094945 0.327700423938251 0.508134675772597 0.421288224431978 0.959206450790918 0.680520000001509
0.288615700817544 0.402535484152562 0.187496663727997 0.918035948774442 0.951867734366644 0.0822252035916594 0.420548759390227 0.329329781357658 0.325943949594155 0.512772051080166
0.917127873656102 0.421371043236883 0.484336496149339 0.898748327910161 0.998914031402446 0.34753972740345 0.519023540524985 0.456804127109291 0.990601987407075 0.701643235409647
0.967836930039387 0.888014248474632 0.491415603382335 0.982599445465678 0.998965536419182 0.458148322657473 0.71146879443713 0.464155979009969 0.997021248117299 0.793168188109033
0.109335265172241 0.383498885568974 0.108900440984051 0.0924221382563795 0.953680445466905 0.0164942108618773 0.286550744593809 0.249450086397793 0.0266381877679271 0.578451870588075
0.243592270331588 0.732350357404857 0.224648420279997 0.984473840956601 0.986194595281554 0.483510105214871 0.623549771818926 0.586910348327108 0.854963382092988 0.540340354817449
0.133638715457584 0.57542764279449 0.0414733173505117 0.255777939774248 0.970150025355008 0.030809367909277 0.337537758926057 0.280721229657251 0.0804247136086536 0.510437569110891
0.730441719796568 0.655528015803629 0.28999626563575 0.701710104641486 0.889732045945642 0.0320911931905296 0.407432826991905 0.305174783574328 0.157090232966371 0.469585335536405
0.962133508043559 0.841898939360224 0.331288275788209 0.781396563999806 0.996910819559586 0.618335411171787 0.675730796581464 0.538779076951885 0.986137213185283 0.689127627768244
0.821703537832556 0.457562118294028 0.0657008275763438 0.36723286568246 0.950487974903486 0.04637134317285 0.324333971725281 0.345785962300484 0.019175035711142 0.578187715423776
0.274462772895868 0.513455456679471 0.100047324667255 0.874422593419582 0.993394109699054 0.00941350281126784 0.410387617877378 0.274388963338649 0.260634459518696 0.494511039835104
0.1885982062414 0.268581449019179 0.248922196709822 0.883544735945985 0.981198053572016 0.0453109051127979 0.270394525784916 0.415109485657799 0.502667387720589 0.523250918804144
0.883561974799082 0.221634491125308 0.293124218849042 0.697555548824456 0.995932518673957 0.130097758255742 0.68193175957371 0.550622897858443 0.913984852604064 0.659631322747432
0.569074732643328 0.493850217183038 0.317335516161827 0.501162117973609 0.994158437838166 0.075936825354669 0.480947902872015 0.36521067460365 0.851251690819665 0.542126709261523
0.191006171351136 0.361752791030568 0.0692421395349716 0.274605871182774 0.914780425514349 0.0674621364348554 0.290918180887975 0.269040820445988 0.525239913764736 0.552520931216576
0.689666644573948 0.47055677923227 0.302025014673029 0.879191748751486 0.995656770906672 0.0645772902199815 0.584444621785997 0.373434337471817 0.824037966709804 0.622371474130912
0.717678488319621 0.393102273732874 0.199054630799652 0.387281818167868 0.952902039574127 0.0230173944599981 0.275876787213445 0.247360672885957 0.359215088146134 0.486652429271343
0.607919005390804 0.441987312185071 0.248236668438513 0.839443241971094 0.993838117831614 0.266061488643391 0.616414686104814 0.359803770723443 0.974503363568043 0.609673816118013
0.0853035216898941 0.066079138133105 0.246893109399701 0.873151687047126 0.824123918936338 0.0139711606418606 0.325294601135138 0.232381157706899 0.0201242917222865 0.465043014305951
0.811645479095349 0.762311675970845 0.294783474237732 0.990527707887148 0.998032792908015 0.395892454370814 0.639469425423409 0.394577451587784 0.990442465218701 0.659993715483837
0.0385450556849869 0.521753206702481 0.123558354885018 0.128036124497504 0.567834959461684 0.0134065848662416 0.132831001064813 0.252816606620282 0.00142966600278323 0.388944841919372
0.272403224071574 0.445146279177161 0.50597616735263 0.945110110533582 0.965661343081613 0.20478758838902 0.458980365008401 0.448930175713182 0.835743869215752 0.461902970315428
0.807738947618505 0.844368997674415 0.358741309298371 0.939012572898424 0.972566376599729 0.0394459758655196 0.514943906395231 0.39207456973184 0.816537086381359 0.622650132764982
0.937541124406586 0.917111319580453 0.299659527175502 0.950107200034843 0.996018017267436 0.221380890306768 0.756458599156297 0.402018279676947 0.993417705347334 0.67468960380247
0.074584143071518 0.121771873711502 0.05177593810917 0.30714177547914 0.83707491282156 0.00257225633536966 0.136895877177063 0.194569635715069 0.00613867795042528 0.428381808906015
0.772533476030543 0.948340578960501 0.322449692544966 0.981702620712176 0.999150470660644 0.542974854337717 0.753116747467883 0.450084539565154 0.982421868443181 0.750323882224551
0.147960888044757 0.458899111469419 0.071943332037527 0.197570205129374 0.976661288765834 0.0272375981531751 0.403530716858926 0.335301187990743 0.0137616111278775 0.422620066259711
0.674334846914986 0.373278642579087 0.183086496081337 0.963457556680537 0.995190110492881 0.178525238504397 0.508556647054206 0.433548565967385 0.967388003613357 0.575783000761085
0.768360642017795 0.839118251746811 0.599145834613334 0.971681376441699 0.999302026905852 0.193903309437237 0.690622563127641 0.383052235675417 0.985982322360848 0.633743078528719
0.743820232624555 0.940977855627928 0.152891206598571 0.514046169690434 0.996455291053281 0.208963003949916 0.525649311091904 0.305044354133144 0.940869014274462 0.699887343961095
0.795685287583978 0.796505191054936 0.0336907696327383 0.872814732495632 0.999251140688881 0.325767982860736 0.519883139071041 0.367484882535776 0.923385964385112 0.526240135138897
0.752232050328704 0.865548029299267 0.110311870606963 0.925118914911524 0.952941391716616 0.0216648430048159 0.416995320154582 0.243963847554066 0.441727312125984 0.496633376000327
0.834263101347583 0.898179733761953 0.254154044569889 0.885926155454537 0.994345108428808 0.13366954096701 0.44291406996813 0.375996217902863 0.789343256158722 0.539374082259376
0.33375371204988 0.817800315700612 0.124371714684653 0.827018611352692 0.989300475741564 0.0422085748050615 0.405429377919418 0.272077776648063 0.18405920638237 0.531200124695619
0.963388702351306 0.702244177333355 0.176792526058009 0.86037147236237 0.997993626161312 0.396038127687394 0.549439769445777 0.497548615411744 0.988858076775666 0.730755901142063
0.352337152559615 0.284277906001548 0.0357638689538267 0.112329630473481 0.856087076468363 0.0122664514395339 0.234827628646643 0.351697674480098 0.104765106046373 0.345724036285169
0.728467589377456 0.279237447724379 0.0655200525907043 0.839680988884273 0.998041073943078 0.276438015083429 0.600955876941629 0.45778340295896 0.802216324816541 0.707978727963352
0.918984924038526 0.971931300365649 0.525072569753395 0.997109515211713 0.999606766273436 0.70247944039771 0.809621163677431 0.467947834120645 0.999405565400714 0.799056387340731
0.416764864485406 0.99716701017529 0.249463200743096 0.858503878550399 0.994166870452526 0.13264468441819 0.579010037963851 0.424661444623854 0.963845855043278 0.660098891100877
0.842272170977527 0.701376306392031 0.230393190553013 0.963599249220445 0.99219704672891 0.121308635769879 0.395917447022883 0.370392333695009 0.494343032259934 0.525255680131984
0.0821705996777924 0.726477536431829 0.161515445041523 0.464760550830695 0.932122246347278 0.00412340563281374 0.150371742254481 0.241813760311152 0.0102011709511792 0.451075027255382
0.653047426611618 0.823964268395294 0.0458824583530845 0.655733874771984 0.94910418141004 0.129033407334554 0.441229401306962 0.324577126229414 0.232621197071522 0.515862998769257
0.274364337280437 0.0356952299968532 0.0418901149051898 0.294348198663752 0.839085411424196 0.0227295488837679 0.232748847242574 0.338148899071544 0.0148680677525045 0.573968478041712
0.673279700245043 0.893599885912003 0.0530621392746505 0.915491795296052 0.986065494803752 0.175567042304934 0.566166509536175 0.380659661636515 0.927908858672597 0.634047406004744
0.477775856594593 0.11200354696262 0.131379965601832 0.658559344119924 0.986781014318952 0.0168746982131781 0.469165215702694 0.299349399093913 0.908258815975059 0.545251680473278
0.522556665295092 0.793451463624058 0.362445262975611 0.774913036184324 0.988783233137351 0.0708677801233806 0.443687692547472 0.396470174220285 0.886728197776879 0.689237304438157
0.905388527367074 0.888780110648604 0.411235320865978 0.9406523689604 0.999312185615727 0.279053443500701 0.667283254470798 0.347454658158554 0.987902763817208 0.647117466299026
0.728322744363049 0.972286414095186 0.320620679691529 0.961557219204569 0.999480373409362 0.230619670999557 0.661667245991177 0.485309398013167 0.944174556564737 0.676606973236909
0.248990773047424 0.145638397691757 0.0436588304324787 0.605323041101429 0.945452844652397 0.0289520336737365 0.390127607706218 0.296731143317398 0.359223910823814 0.519158210839459
0.381564601825149 0.378719753146158 0.185893578129623 0.918716759994754 0.727191032730986 0.0632879522958465 0.240300857577738 0.321971235935638 0.128061680997437 0.591964494240138
0.719803315675283 0.706812080387176 0.150505541381892 0.864828420979239 0.98948173830424 0.0482445774279503 0.312706123055506 0.251883559382245 0.490486211593541 0.623625703731575
0.295220437520147 0.884885126451527 0.0796690230753712 0.720350944075739 0.9089349377107 0.0157116101067909 0.26043563197519 0.280672279958912 0.0384716135603064 0.414399881279461
0.58427688671239 0.524904875773978 0.295234017477071 0.877240486610767 0.971111569235207 0.0646941448323223 0.549665505662555 0.385416270483453 0.806086182491942 0.479243906496761
0.989993996709028 0.88943812010884 0.159782700502689 0.976578835701182 0.999376069872398 0.67794401615908 0.726684147907011 0.598494461458618 0.999234933551009 0.676199929159243
0.429341088472548 0.388111679549234 0.416917269941837 0.854616091647621 0.815856249550494 0.0331152341839784 0.427763543815645 0.391957262054099 0.394324625239948 0.50360415515818
0.321116483044057 0.757585676918481 0.114863869158867 0.785233049299932 0.955861964414005 0.0746797984919549 0.448559209301174 0.272153833528738 0.597967744389152 0.411851344275764
0.930097878820722 0.357808829710973 0.114950238178851 0.704598479062731 0.975419987998177 0.280223382826757 0.571692228829693 0.355053100579466 0.974881254030105 0.592418443378035
0.862383378541734 0.90643021222007 0.25348333312477 0.878033832743914 0.992488366821116 0.104584561457992 0.536560026060315 0.465116515286682 0.641051058002078 0.719021182616454
0.963780182470068 0.78398219056556 0.173886117251402 0.948478799225172 0.999865703721017 0.837202193207697 0.74746410984937 0.563220138733761 0.98461637403353 0.793545824660675
0.667258792555944 0.926856141593265 0.052861163498027 0.566172690758493 0.991997373540865 0.0518328950048214 0.555842805207433 0.285287588754762 0.619514574457223 0.54887198172091
0.0770192816526175 0.260767697220356 0.356175633021799 0.368964082159714 0.977435909202429 0.023941466792219 0.313011496769399 0.252782372773438 0.0962613171430912 0.491913382671206
0.977849836030264 0.0646201221690883 0.213607476095801 0.887784648472146 0.997427985935631 0.2508589778667 0.467350669220161 0.426965925724756 0.827419510572843 0.631660331003251
0.883653642808694 0.409651142357331 0.130890206262352 0.914971094997019 0.997897941905088 0.296535696387879 0.614450997959505 0.394762103476301 0.905267902849839 0.711754372547814
0.711928713412393 0.527851334971376 0.079849484233569 0.954443923379445 0.987455332494563 0.175521335067303 0.469080258949274 0.346505528868587 0.69558365905835 0.623755289019235
0.174516025385161 0.0592284909931479 0.0488470121537566 0.266529689126228 0.901815811182994 0.00375886668805221 0.249463981501588 0.201283274140624 0.013525031590151 0.335256286155237
0.45675255373908 0.647740910610574 0.323881746369124 0.726709647021441 0.983534154505969 0.0763699480315234 0.477511110847412 0.35097351349854 0.678321515379851 0.612111459204733
0.543722100623218 0.336096412891866 0.294978215416725 0.882131591114501 0.992201815069175 0.188982389228767 0.562905041806651 0.362981165367142 0.573243592236795 0.618196224620444
0.610535905499718 0.226845397643488 0.153124243067807 0.348742944623097 0.943899877913382 0.0141019289541598 0.246157476427122 0.261591746614046 0.179666721014137 0.394172070452617
0.675140735370182 0.822817517540063 0.207068595201616 0.922957588236617 0.997834452442309 0.30140213090302 0.611447183087727 0.386718334441086 0.982780704919474 0.689009293881664
0.416618196238 0.607614296857029 0.0393959772116352 0.912316664938712 0.962995748857891 0.0423018985457911 0.377078522810711 0.257890987660802 0.813404223773488 0.593020911305367
0.746035919162091 0.727097618285195 0.232513969849213 0.912310765899355 0.967535042607666 0.0685942319724794 0.505468667905339 0.27616421772478 0.619213694006678 0.61056037910821
0.71852630656334 0.884397006637269 0.0462670645034645 0.832327919258976 0.995259786706392 0.0715257143642347 0.430038486759317 0.393272685688991 0.46361235636483 0.479869904792513
0.94543079839572 0.231769194630821 0.0376747074128162 0.920464110801887 0.95030962728558 0.0675768848594237 0.365096458422098 0.441447260970177 0.831835119075468 0.623574018828021
0.523000006049006 0.153782901155885 0.28426188897541 0.940927139980987 0.996296768840922 0.101761674757957 0.46551979964209 0.367512726628606 0.671805143020174 0.547407300215281
0.626884039092203 0.488207724918836 0.465101230542003 0.881358060459829 0.998041014041833 0.243739397697896 0.627586837710687 0.469004015413184 0.948597577449686 0.699117093377586
0.789162107529317 0.114318048011123 0.266884385333806 0.831903362658562 0.996045013538962 0.355140205596202 0.607535624197236 0.500870184331018 0.660106847327344 0.630003640534746
0.886646518875976 0.854189491536084 0.108687175486668 0.627145366970493 0.997901713556014 0.32068206627104 0.551051341820072 0.388551487459005 0.950549978255766 0.551443545357043
0.12224415731785 0.720387324271909 0.156109896866811 0.675170926686765 0.996815255628823 0.0487961189110211 0.542081824230704 0.438086123893764 0.849618136827037 0.675105736527023
0.835677469858638 0.461712899599855 0.161269985837576 0.81971281499155 0.988271143103516 0.18110301514679 0.611747105768891 0.439789921191358 0.809897108434578 0.565602545803456
0.79835535450785 0.66246280674792 0.0846766397700732 0.804865984095885 0.994394420502821 0.114712320196944 0.616139479558535 0.392946115192832 0.970771788094882 0.653105396128746
0.628231324475766 0.803927594385617 0.365282608847591 0.896015231882791 0.995357239560798 0.0499603380386499 0.566103063591084 0.318858388764941 0.876906048224871 0.688472306962407
0.215929549939314 0.615604693523715 0.253320434185032 0.948071590037307 0.983393938470415 0.0391908045325506 0.544735017897722 0.292877895525207 0.408585809265063 0.556575228503507
0.99606151382379 0.983380855756061 0.350498067287403 0.965307950830613 0.999364790696107 0.378867369317387 0.751928383690713 0.571665012614673 0.998324304379861 0.642878705342372
0.886209869093153 0.505579446785361 0.152093828300804 0.780579520370736 0.987667845539904 0.0168629534139381 0.352120351538836 0.407606708895817 0.533426219326513 0.692687518010383
0.551553445773342 0.895653510221362 0.200311942850941 0.458473707747721 0.996474575125638 0.059926218478235 0.391571337013356 0.324832286160982 0.522153694934243 0.632359449447884
0.454305654887798 0.398527817417412 0.13692150549829 0.6755090180416 0.990804164147532 0.0308662690456894 0.39959084158111 0.398867414938412 0.289507967108707 0.506251997558751
0.108866845588791 0.872020325930309 0.104876296042643 0.679340097329539 0.971925007099617 0.0399921806282664 0.375331484144941 0.334099339336924 0.489772749774154 0.629038061091236
0.186111535948284 0.460445296524039 0.109503294775085 0.852558567254015 0.9560041497896 0.0483192392267939 0.504882728429196 0.365318515881443 0.221662771098741 0.548074328602093
0.836072815369447 0.0653525066109287 0.0878164447408158 0.788603204221741 0.920899910287674 0.00449771032651904 0.256600584320458 0.238865592242168 0.0894673700901849 0.495825737173828
0.969493694201159 0.785998286751813 0.205829775029108 0.948769316121601 0.998984321410125 0.347305342983194 0.738163599025438 0.527140798443432 0.990437405973026 0.732792352707108
0.303700141743052 0.568415143100513 0.0946332465613773 0.588450148775841 0.975967651682263 0.0340289156184123 0.292368129911739 0.249961054554057 0.203482008587451 0.55723345926782
0.105654971142475 0.327580690251472 0.269012933580865 0.488153642788191 0.910786884626151 0.00712764210348284 0.287457464599977 0.260293552506822 0.0856649763992178 0.563059592319831
0.642370938676435 0.0788944878629792 0.116854189958882 0.647737575847805 0.984814731774 0.0519933548961355 0.354862320125095 0.266707565224554 0.0292289496267911 0.485997493965153
0.192397907176627 0.179125674428547 0.0864705017520375 0.388758565945538 0.989809419877668 0.0658229856600158 0.605545922303414 0.440089334811355 0.722066554193378 0.645472941538553
0.65945697548046 0.964762573174851 0.130590621766375 0.694615236676138 0.996903235752005 0.241165285015229 0.561336479447638 0.409445972725718 0.937806209706908 0.614685541998136
0.917703966486733 0.87988471869288 0.587182505033003 0.966259895987765 0.999217316247063 0.388708171247445 0.741506495018495 0.621565550949556 0.971988708614179 0.620086827347594
0.254032110741803 0.108466440158762 0.127693260724967 0.442402711542408 0.870911997206072 0.00849670387721735 0.298336712465856 0.263696987263768 0.0756327711668168 0.711817138912115
0.973138603115682 0.937340690156888 0.208397614666477 0.964393251809637 0.999249874618784 0.653788247406455 0.803970981774414 0.534085459369052 0.991610836905863 0.708145977833898
0.905861782043777 0.65340526518603 0.154736539831015 0.766745739639118 0.998255108987365 0.16230620240797 0.588587936515007 0.448968382806154 0.932523472261024 0.603464023610957
0.139881703685423 0.308508052510057 0.0703332959139623 0.842551356915386 0.972107315259849 0.0128451335997696 0.35584848404325 0.273917221983013 0.0727821388995216 0.535508893045428
0.384673486690626 0.657724387990187 0.0869723018431999 0.875667793094351 0.991662379031665 0.104290746019193 0.456184844854127 0.351389667549386 0.452294525733155 0.563647489010528
0.719487070152396 0.916765680778641 0.290903138592388 0.989795534046196 0.997973535174243 0.689666574234304 0.752455127387598 0.621619405558569 0.997883638379594 0.689827568951769
0.615421130241179 0.198046168471972 0.224332458902255 0.802877996217794 0.997605883045851 0.130849297769998 0.391470636048376 0.469956044813606 0.75921777737332 0.533496198829436
0.91261043923535 0.939343397402862 0.262172396192313 0.955960732819209 0.992832877379676 0.388584313469538 0.587858694371191 0.391521178894628 0.970773261685768 0.588112221091346
0.407461885680626 0.0874093243819764 0.0701765610628682 0.591158924887457 0.860007929602779 0.03182583752527 0.238192476471695 0.390258989871137 0.0709022869658501 0.452588017201001
0.662816408877305 0.199777779988572 0.142865370083368 0.964531812715484 0.994357154401218 0.435485776032329 0.525038171319912 0.493386887252043 0.783863017739327 0.634936100232462
0.405174254541442 0.590645850330892 0.102108568198396 0.439377548482024 0.977534960340115 0.0406471799549032 0.236242109331671 0.193683068317514 0.064083984642229 0.486384472429881
0.596145429564327 0.920735427922303 0.312195782586138 0.92193516056658 0.99797642917642 0.490342797203218 0.591339948618541 0.479677587290414 0.968289182265921 0.646975583607392
0.188295910669598 0.775315569789297 0.159006907901996 0.644712620932794 0.955619560649291 0.040119808521389 0.348885999631424 0.36697141606639 0.0523093352914614 0.435389391558159
0.195271166577434 0.147724575327049 0.0246687383131772 0.370525693531649 0.931083081192618 0.00496506457178192 0.178716150975755 0.219204883651776 0.0072996352208796 0.388570285366402
0.568484574541805 0.375459113866506 0.150254818129497 0.648510774707277 0.964253619965001 0.0157380863372205 0.262841943122229 0.271108523018908 0.182909726142106 0.515215330707284
0.818112954647297 0.913535717424267 0.171064387568073 0.73197798939737 0.997593184995738 0.393430261229324 0.639894217961846 0.440511162458545 0.972923216696018 0.693573306265231
0.406438359991513 0.381773015154828 0.115559497059043 0.194092626907347 0.972738265644845 0.0192664731371753 0.322653116276535 0.291180735810368 0.678472128898219 0.48640625792155
0.32099670525603 0.650097390808748 0.266325731753288 0.786928231407648 0.997582739785646 0.187883299338109 0.598949769521193 0.292968097702626 0.944033289234005 0.573633737973104
0.0372569158753074 0.383588523768289 0.139571961422268 0.314809909580716 0.827104001963299 0.0276071306811202 0.267025708532694 0.313143026047662 0.239768201200692 0.470674903160504
0.95670437301566 0.720197734463731 0.372299792036881 0.92825864634803 0.999046715566161 0.201513866357509 0.643879194964345 0.342701153275777 0.97194629853055 0.586690334419028
0.575131485390292 0.136897469051265 0.0377186314513357 0.685635837693996 0.942441006860091 0.0117369680763626 0.207357067674638 0.246886461840095 0.00969818720289083 0.555316493874884
0.165470871105271 0.2712276651574 0.084190553940751 0.326368838482113 0.899903173980939 0.0115453080251336 0.140712394004336 0.23809173059103 0.11681747532277 0.497706257135968
0.422018767376189 0.62188266059129 0.187015952363565 0.878893458412753 0.992252155145018 0.072780769594785 0.612431239481043 0.325233751604686 0.903479414126394 0.628849627261886
0.219338116423774 0.829851939846199 0.142141425788277 0.922580842044395 0.965950702304566 0.0525651274725905 0.525061394202766 0.327192474860506 0.794292893298253 0.701882568020878
0.400159477127269 0.0615238473340113 0.161637719641533 0.577471335767865 0.926137166490494 0.0778576577539912 0.291172254512976 0.217464339053201 0.216401370008651 0.510055938172788
0.537016803508513 0.519049730889755 0.120508522523198 0.653571650013412 0.928579588083244 0.10934562423052 0.465529659858288 0.416654414225521 0.476184409610438 0.470933606061448
0.799106929308663 0.878951933268654 0.24900258263588 0.823840355477273 0.99561273528076 0.0478468774573002 0.375328241347531 0.374691978201343 0.548258375637841 0.569172490259296
0.865787247523924 0.690848674031973 0.123349960469688 0.94085186051387 0.986580611460543 0.0855031646592336 0.512456429343755 0.398473348472262 0.417231570101045 0.657636875407388
0.980717680749605 0.0283203444923363 0.245801355000313 0.992590041120381 0.997628699128592 0.240340318706584 0.626634485399719 0.495795988276828 0.829725622244087 0.685464234902915
0.2780586410134 0.510783303505679 0.152557805918709 0.54383456566746 0.641774442788375 0.0231114923598392 0.184374375234194 0.23367498921993 0.00250814531352717 0.438010531565753
0.643152190724047 0.802119222763619 0.240789857803737 0.803976471952074 0.996848881602255 0.0333141358214153 0.494486774512224 0.358107013093543 0.284359482076716 0.603049732004244
0.96497487679296 0.941292104531736 0.0703739532043405 0.729193505856519 0.997713818485968 0.16000915250427 0.547121680037072 0.359172470760695 0.984289898328383 0.64271752258971
0.797484118109755 0.920821432638069 0.144592237115914 0.967204590276108 0.991501196491071 0.0860667465494646 0.594061370256086 0.338464390787784 0.758746485421459 0.651934559612335
0.414696719488272 0.814255999364115 0.374788281787667 0.717064877158838 0.991536270227584 0.0410541676468048 0.541795095420839 0.390611990933655 0.771194288987114 0.618666371590502
0.394739066952226 0.256616467823907 0.109262292732107 0.874361419758552 0.992295190555924 0.024211364814204 0.390368324505435 0.295823940671098 0.218660866558746 0.537070201591148
0.507282520715252 0.151100883621112 0.50373237387018 0.759922152343019 0.99063879138313 0.15632028818656 0.600759150257545 0.366975760716814 0.456986484995624 0.734624028201385
0.643841085732854 0.836128086797752 0.165986133853239 0.790533998120436 0.899175268424481 0.0810006248750139 0.396686610744136 0.245416596444739 0.777609552472355 0.559594095021624
0.456247610028228 0.313017935263225 0.289414309167819 0.607097218850227 0.954070049900548 0.0312747309675999 0.259525113334774 0.339522999366861 0.153575768901606 0.508646649259361
0.349601962479866 0.153446542347093 0.661106849381899 0.860883041207633 0.989143918293509 0.138918009769844 0.507267793036297 0.403546566220165 0.808379546313605 0.565779408212056
0.555035403252598 0.335102679423465 0.0700561692188035 0.509838501379922 0.833551408500606 0.0169509930172058 0.210331949349266 0.297902826382662 0.034070528407042 0.491469584854283
0.303240227678204 0.220367836778249 0.189509965644151 0.648942925230721 0.972674237980386 0.0359100161960637 0.431801954999817 0.291365225093276 0.155576492650629 0.425390077599606
0.271213844944815 0.450379337706687 0.183593223884016 0.718457273262081 0.99528221719582 0.0433915104280493 0.420901147497896 0.327300125582823 0.573120288205746 0.607841537326097
0.532418775384113 0.75525821089659 0.0538989186394803 0.501022296156746 0.993939055364938 0.109329091442116 0.432644246410466 0.389976271021949 0.8863759915136 0.597539256985868
0.168251992864265 0.628181857110696 0.143032999590751 0.517735262779272 0.87566424599278 0.0403015010747211 0.294557066224379 0.257682561190866 0.159077887997665 0.399089765283498
0.0903040303009011 0.707282229225595 0.148006607584875 0.783748605840385 0.731303196698055 0.0201915759699302 0.156142859810182 0.338101908142488 0.168237718188605 0.365979135871016
0.504062717361877 0.162503118800641 0.143539874143829 0.926146206075926 0.999092853146386 0.361647776129431 0.501409214658297 0.492848381782451 0.772335723938967 0.459163608313197
0.294165086363147 0.391160816763864 0.144006250158099 0.803596719606416 0.963887733048656 0.0952987589500185 0.348694621354641 0.310602580018366 0.415148574625842 0.549918020908591
0.40563362737447 0.797762504415646 0.19877164931397 0.918165097185117 0.987223905109921 0.189203750472014 0.584920737469387 0.432896947515013 0.873182532921635 0.566157359729966
0.292249525094816 0.556566358274452 0.159823309548694 0.841297612952895 0.995385307688957 0.168751298257794 0.348403188669046 0.395306065602128 0.642112255783425 0.655102956552184
0.259384263639176 0.210199413217113 0.130752401553125 0.862936941205941 0.95954688047892 0.144912163002297 0.387139865864707 0.401173813305955 0.678209072363131 0.596474501059017
0.704317302788174 0.348898176926695 0.184872158683755 0.786681026974488 0.981881599268671 0.0339743010592998 0.393878254631076 0.265513112012339 0.778581780465964 0.511503719441499
0.357762547899479 0.316679677200095 0.232506062812833 0.91204389846696 0.939919097443638 0.0602573916928809 0.339490983708983 0.386289219626878 0.394940545553566 0.546601503969303
0.264963520088974 0.484893934037522 0.229173116849228 0.470300775643461 0.881682384809504 0.0251744138210525 0.226366465640577 0.280468598917181 0.0357780217067703 0.553301344559666
0.923472892722751 0.936880351562757 0.38031126071005 0.795856872880457 0.996847862239787 0.166569387195921 0.68407705801031 0.430824643263663 0.80904889491972 0.633605448929965
0.96958754685231 0.626900282202591 0.278556441469919 0.709279233778796 0.995870094245446 0.0946286367343439 0.43330580165982 0.277998833883614 0.820381413604571 0.462801920073681
0.68190767024947 0.0474887416990904 0.0935553722126052 0.879836710301002 0.990637480195519 0.109406784789695 0.437653424432235 0.435178129142986 0.928190468846849 0.544662217658637
0.552874601493898 0.167545584916182 0.346599070471159 0.645308918583352 0.950267321483102 0.0201581871354485 0.302190174276204 0.358853452638198 0.014076273943753 0.3586551505805
0.599468505597628 0.295461362127116 0.0822213097262748 0.608666472535582 0.958360039519542 0.0217560896308471 0.205422537334868 0.251479089230164 0.0480801042005519 0.433564212445116
0.969744559996609 0.908693336757098 0.405426915941673 0.970810671888563 0.999691119215174 0.745868186559289 0.845496705884116 0.559787899864209 0.999719868947895 0.704485862653863
0.882409816086368 0.633672163386276 0.141240950145394 0.959525742330996 0.994800458272253 0.0846562743639951 0.55886417128894 0.412419355895047 0.417324548307709 0.663949817378668
0.479795750727371 0.153536891635331 0.0908522021584363 0.833702054045028 0.95064349511918 0.0722307087626031 0.284262065319211 0.338274656020924 0.731833502723245 0.553341976201748
0.838037158178168 0.0462812287803192 0.0973797001463782 0.968906498057779 0.99859350691727 0.292299671955161 0.522780661072514 0.430305411310635 0.975001110974768 0.682646150009487
0.669532136050381 0.954635601557153 0.213053336489445 0.969557646676727 0.999302953153769 0.512436251057469 0.793003279240719 0.57429789943726 0.989628839977453 0.688716312815296
0.621493845319528 0.867748635084792 0.246427000269944 0.874112991808666 0.938692776872277 0.0299919806238265 0.37558738505463 0.420156724180272 0.105467432307125 0.535617732493539
0.88023189280183 0.538270372931849 0.0524898731591045 0.870590311742926 0.997613340825344 0.235832396020379 0.38379406155503 0.311519029775154 0.905609346355841 0.589858681542445
0.667988677712817 0.156451872336496 0.290785164103469 0.841830648606164 0.991785806010284 0.0770186680509794 0.469683936489534 0.340659768804747 0.853295077989561 0.67620219346498
0.515721778437501 0.140366465802041 0.316948979944359 0.47781354574498 0.980557439172547 0.0449908514204429 0.370148895975555 0.271055305613278 0.304989231472012 0.558241470625622
0.433058005635203 0.11517988358017 0.08216138520235 0.966165743522054 0.988217510525527 0.150673208909693 0.430700031842208 0.389871230591662 0.638047954989587 0.504448633949636
0.341387272665784 0.548583799797822 0.0890330359787038 0.864788666520104 0.994562925687272 0.0347786469679351 0.507384904698511 0.378113404798255 0.752445721131715 0.574570757269595
0.101291985675189 0.445037984638203 0.0370393991610382 0.350899041481123 0.832505446337283 0.0165926787424681 0.222022783998439 0.263552395848696 0.00652307636988756 0.508768220104944
0.612524767336378 0.931614293395329 0.261902383394006 0.861611127509449 0.99533600208303 0.285355427195195 0.66940408605346 0.452918900532274 0.86289089377522 0.718019704983512
0.799759801535018 0.485241353796232 0.215746409840347 0.741919505177774 0.967796514108843 0.198954381016867 0.542121638048541 0.356750209214984 0.189952688328705 0.543735066027333
0.526009630859129 0.61900225713488 0.137741771527021 0.693657934413323 0.917563293022992 0.0179394941236641 0.298001809834004 0.365005848924216 0.206490728939337 0.579035159187051
0.899966986842985 0.344810176389435 0.419928011446115 0.976854678031587 0.997882824155266 0.416906433190479 0.593155866492943 0.487893087131507 0.986416691332428 0.680527059119565
0.210533243007311 0.406096941228868 0.076938843197765 0.518579649464682 0.975223764058557 0.0422231629949353 0.394839631330448 0.343233240580372 0.351789251726063 0.519051770167872
0.849231208273203 0.162667799162976 0.26880473870557 0.926167099874053 0.985401783043833 0.043895972774966 0.40795707571459 0.40395041699928 0.835957797229658 0.709346498429019
0.536847766508985 0.563178406188711 0.146185221965231 0.878830233241913 0.921093062341794 0.0794360872317848 0.397634942744722 0.241855964605494 0.045728226455088 0.457871852772901
0.897003673775769 0.568227290252488 0.452268361210786 0.79326613402579 0.995601072173142 0.21746703199986 0.511454297960109 0.46080118096416 0.458602180876727 0.707118769806674
0.731175606666007 0.239483211185087 0.351635754509541 0.86674870680491 0.944311999630441 0.0933014099915174 0.427094657193436 0.340307221354202 0.406362701874788 0.606314475653719
0.939364114440852 0.543020373168892 0.246949665669436 0.856917826732881 0.949061948628243 0.0258606724261126 0.298683624276768 0.33418331145458 0.371981823623733 0.509082787530805
0.848265546169587 0.687362280226819 0.365096441935231 0.666166358009101 0.97734999065097 0.102894554052846 0.620210837448941 0.494921879246555 0.874956011686666 0.604506932024851
0.71097904457968 0.917512457319373 0.50934320215556 0.90048053177235 0.997189176833043 0.197707766523828 0.495616536987945 0.409454987762843 0.948799791099314 0.663150559828715
0.586737824360411 0.24763947394757 0.16557475559698 0.762975543035723 0.992959593125962 0.227981822588795 0.556036256574548 0.373102826659193 0.592624972818034 0.609577420595555
0.0112355027352751 0.0121010861226923 0.209408469516304 0.0353347260748814 0.644238479148627 0.00391703932846868 0.147317180759551 0.212830909047775 0.00871896296466258 0.397979993708143
0.0735755108685502 0.698912700394402 0.0849814764298324 0.540080981209004 0.848442414212175 0.0163588261273136 0.219984873626635 0.28222713341619 0.0316135768257567 0.339620167475076
0.971649422862974 0.842476430629291 0.589084414583845 0.974073225365248 0.999601326498352 0.668414347864399 0.736978142418191 0.601285574466918 0.998113617417953 0.76230725980011
0.873605104303346 0.813008415685358 0.53346725007869 0.765459483182188 0.996264570840871 0.249049936339107 0.489963534539944 0.384496332099179 0.90569472766818 0.620169791418817
0.240752831440958 0.676900285443822 0.133968720723237 0.194493549086412 0.980692712138364 0.150508526671296 0.502844911405235 0.344956277255539 0.748878869678762 0.555626979101372
0.465810784456484 0.591377072949201 0.181691965407262 0.825539584583677 0.954979239778898 0.0416904088994395 0.381598768182838 0.276506134891274 0.12304374922414 0.403388754953785
0.085014600818424 0.706494906777663 0.0565294184159435 0.689305115487587 0.877196538178487 0.0230776522354002 0.250447200605169 0.283118089897063 0.167162482604789 0.480218098191283
0.454143117151235 0.883050822480241 0.208135661591568 0.976416788738908 0.994220321563699 0.0773347693007586 0.552010530070139 0.355228136702251 0.646539250237633 0.601012151966009
0.77856457995336 0.376188155636641 0.143856258476968 0.692607927264995 0.995209291749942 0.0257120245915833 0.594873843007295 0.476315944483846 0.482611456508553 0.70229173285676
0.284093471194505 0.482470123212548 0.104762176611643 0.504451197453134 0.99321670931653 0.143054605836717 0.548630935153569 0.345752974257217 0.97176202754673 0.646940124680619
0.13653836389639 0.599763288183962 0.0119682015330604 0.292179315128601 0.822326130730898 0.00780165804337885 0.217875923928321 0.211347714401885 0.00735770269675236 0.443322586383046
0.944588754909039 0.566172149976499 0.399825444088899 0.769756764388084 0.998855473129151 0.176849711396571 0.423658421333842 0.363389598771485 0.912806737872331 0.701656427748977
0.129461351494013 0.788743992216465 0.265850388052663 0.486425063208032 0.95274514617787 0.0262253940309733 0.307455334375183 0.230713805413821 0.138776684499161 0.517000118325701
0.173593043882675 0.39852083024362 0.154713512279795 0.850431152157679 0.995867668105986 0.185837514461501 0.366439706471384 0.342316736860773 0.0735577152656948 0.594652354733125
0.792942921136731 0.720081194574633 0.227924581381302 0.610084035573444 0.90730109060167 0.101097356716991 0.43284143804372 0.362795871935753 0.300301138064225 0.54788076843459
0.384376832918438 0.0801193762653308 0.276365979150627 0.468378385220429 0.994376715490641 0.0990495630016311 0.408766764686845 0.375698830072667 0.533447561509151 0.593249617835333
0.479856834201308 0.221645395481779 0.223437728895049 0.906401694537804 0.963798382690353 0.0171661351653393 0.366185344557469 0.273165967429188 0.17285819995133 0.589786953722795
0.0528807691155543 0.221588898343614 0.0348010921839256 0.302354766766231 0.757487510604386 0.0110131369109911 0.10042442762142 0.335487833252394 0.100925680633835 0.422671814164224
0.448038796540354 0.0822125842204677 0.233507845937277 0.254241876984298 0.981450495437322 0.0784542955942968 0.355583316113447 0.304829420317059 0.0368610675373599 0.535729968370689
0.408229880128175 0.594855061881021 0.12398246049085 0.377842252564156 0.975998187836158 0.0496748725138511 0.269625008276654 0.362161756369838 0.468070394029229 0.573194530713525
0.925633574021104 0.434498521594412 0.15249699227683 0.861575088145074 0.957792900213308 0.0469739754860571 0.404673348426374 0.384707890589011 0.244841457584677 0.564487144899373
0.102478333559375 0.546875894346898 0.434731074902543 0.343368216297608 0.747801987899907 0.0146866334778643 0.173839586482632 0.2732761019029 0.0288727944039259 0.385811212951315
0.332081550875108 0.952535755063723 0.568633836108869 0.914925983160443 0.997322037500981 0.197189226169727 0.518757743236854 0.433027164405872 0.933572690332164 0.548987294522077
0.68042011985479 0.449410152715642 0.0478789297988057 0.944200441561679 0.908367441421497 0.0458258138287199 0.396216418575873 0.312125982692382 0.563372143077955 0.582120048909324
0.749742252996773 0.908421773652229 0.338471958205227 0.596849378905107 0.998163024647472 0.13714017279632 0.44628792420798 0.408010111651733 0.621855052193436 0.574831611100029
0.756464929484763 0.782172656020221 0.228485744537295 0.793452445595352 0.992995720211065 0.191593458172391 0.521193752735918 0.333469188158642 0.982015184458055 0.517716859532427
0.734877209864755 0.393460229969864 0.130821577013731 0.870652045479235 0.991101860056278 0.0926129472905162 0.389876438311705 0.458707428832809 0.950839480732078 0.50235792579071
0.525704092910289 0.94002763047717 0.173803537054899 0.95992681680605 0.998787424958337 0.29366381959961 0.53801495648765 0.43934694512007 0.928256786264375 0.65222279839563
0.465123271584487 0.808439994885491 0.190463188539065 0.862063331046558 0.995120838510159 0.377836346558163 0.526524611391163 0.5269861384926 0.979993867856358 0.633043866343534
0.619579582744272 0.0748797130842443 0.118046759732715 0.889281840110896 0.975151974010024 0.117001418781817 0.475692412893531 0.394232883518124 0.312977230490498 0.545248373389689
0.442974807602906 0.546168378091528 0.132623120188685 0.928155891919377 0.989422578068203 0.0488226382962615 0.464865201843831 0.417005856450592 0.493444771614315 0.488631228531648
0.74437581208813 0.565916565896389 0.311228498390666 0.933269863391735 0.995384087793786 0.210890092860558 0.496113152457906 0.381047971711265 0.920971561395777 0.61723582414136
0.61656232083938 0.0602184533645657 0.362843413391976 0.761622605879023 0.901786986397009 0.0138755506291845 0.349562263424425 0.219008175413652 0.0797351439216006 0.506176203475772
0.621243908192534 0.271198866482729 0.135881634707207 0.473712049098642 0.990241725927664 0.150413206337369 0.39131507662289 0.448504644003433 0.219847475456218 0.505559939658668
0.908160299080313 0.636575926399485 0.667199850030552 0.987690949602879 0.997955487596947 0.385273176667347 0.632348664412191 0.457788208608261 0.958266601602404 0.605397295048527
0.365008508799712 0.0538156657113164 0.03794560821719 0.698581085004905 0.870600358642745 0.0233145842688157 0.291871956852153 0.26064089520802 0.0186980465843093 0.467642912509372
0.708970994559569 0.889638704214583 0.24692802523909 0.361876747425082 0.994760545805348 0.109276259522247 0.397918180568282 0.434253310808803 0.746541270364149 0.680886370950296
0.567204161721094 0.944937848908685 0.443425119691809 0.796364330621397 0.995092874434497 0.226696996801257 0.618556688081039 0.378483971642638 0.846969232655108 0.516148435411879
0.89579977140092 0.850745665826467 0.504888301278497 0.777596405916942 0.978346162825766 0.242629567079461 0.451938580317229 0.357772989499983 0.96889260989166 0.624025390868016
0.446551162556779 0.93999729320347 0.400934305342261 0.968762768712493 0.996331228484642 0.107227464530378 0.690581817321281 0.393385851246482 0.87895920200696 0.652011488628847
0.366218471050287 0.601784618391696 0.0893627635642581 0.645719382883071 0.965053088050195 0.0647736529083506 0.321865513396042 0.29172314476866 0.760486764278059 0.612566318198805
0.326838270780918 0.645562996701225 0.0882539945541794 0.735597073977461 0.972809877100518 0.101539123397204 0.39233853272262 0.348973269174294 0.722578000590457 0.636596619452091
0.951140064082474 0.768635812142178 0.610422204788927 0.89404008399769 0.99741125068819 0.295888332208578 0.682236964793335 0.452350249566568 0.990650281574538 0.721703879521237
0.861858780609962 0.0770527124116968 0.065420813071109 0.494157273079495 0.989539774129174 0.0545963875157778 0.392051382927421 0.27725926879978 0.113177397969087 0.538546190020208
0.550488792660383 0.858058254742003 0.0414177123576663 0.422674822813544 0.973459928993247 0.0322477334790802 0.293033111764238 0.286083068429463 0.599863598830844 0.426423315299042
0.789699841551381 0.496072983188579 0.538870785993904 0.967382856456918 0.993942423726787 0.221232931505506 0.597312418963747 0.417104409680997 0.7872284249745 0.557167804834675
0.343524691106106 0.393721688927258 0.182351065985133 0.927957938880019 0.927354756619703 0.0144039509448093 0.38862200338126 0.273115840080806 0.116917718371446 0.488637022908219
0.971304014433226 0.652201890854252 0.15417123426238 0.959276417231408 0.998758109438335 0.246448377773664 0.684402368393451 0.473795958167387 0.98162574124458 0.572767343247773
0.142208928559027 0.433250235563691 0.0840906079864394 0.378095001533762 0.93682560741751 0.00835544469347561 0.189637838232507 0.284129487653599 0.0726703735276068 0.464214304207814
0.834963777710344 0.986810273792511 0.259896018483589 0.326526286740555 0.999574790929027 0.369996538286329 0.647839372906861 0.434049094889801 0.971423428357246 0.609179812238143
0.504091248685647 0.619023541378822 0.213434012618078 0.754966781272165 0.99782894547348 0.155151883287738 0.381083901681636 0.337105226682266 0.527060745035566 0.54918795205542
0.617217881841522 0.322239053327977 0.0822601393374858 0.659281275192728 0.99718884459699 0.278518123940214 0.471232491661292 0.325785873954994 0.60905731016498 0.481694679168294
0.500817720962377 0.925937925253479 0.341366566980762 0.932260809751931 0.993680814910246 0.13198567055862 0.358065896621245 0.464984199287146 0.948643832854143 0.686380839248644
0.791377644382029 0.435772055622333 0.268709382344545 0.853909995083527 0.997065552439361 0.489833257793491 0.581381395075439 0.436754919674613 0.985716666108297 0.689290536895764
0.614548959564219 0.91883080016007 0.497403089906361 0.798317701907379 0.996340908375433 0.354156064707374 0.660289092814263 0.460787364236428 0.832100384673385 0.601805195506229
0.618638480010742 0.599725902557172 0.292927452773883 0.867146041616613 0.984460478484657 0.195724214736364 0.610853517993694 0.369057204636754 0.971203379302916 0.616133444342441
0.787388262335071 0.350258232479263 0.144562425668494 0.853041259691809 0.983904929903145 0.109106534937077 0.464114588556524 0.301022972836933 0.561420469274199 0.479688284202636
0.908083806305157 0.921942057820798 0.439559877978873 0.804900292407291 0.998611937462456 0.32867343261629 0.716258144938185 0.559388001555711 0.941014790312665 0.660090890897609
0.311974558943826 0.646921492697296 0.330625881486916 0.293102940141394 0.984942829347328 0.0287134468216342 0.379394459226479 0.276994151362277 0.485055122386344 0.53225683149063
0.0331840475416156 0.2007763221343 0.090172310420943 0.243162357661209 0.895275894519085 0.0238012672215252 0.273449798241743 0.222913384037764 0.0271992581925935 0.500014680274442
0.465797792598107 0.00327962561744316 0.0498228406292106 0.664985552863915 0.864645836936327 0.00995383342884735 0.139543450268798 0.171027473619708 0.00114203354246491 0.323149504109476
0.815627542015935 0.930351326605418 0.180388843392253 0.582686490406804 0.97777995267705 0.170941423760212 0.411803329130748 0.327690932807778 0.670982824573464 0.540990464430246
0.181287010505494 0.578722551477282 0.284217930344821 0.634123629060297 0.866469830726247 0.00432797232377704 0.216992165931961 0.253191386171647 0.0264611022548687 0.474283796052227
0.55261021886797 0.510768891916923 0.0539933301495504 0.425622985905502 0.970671596451448 0.0535533655918294 0.456365698445383 0.333096566442702 0.144980732167491 0.561577849007427
0.630872220258315 0.14872802340517 0.127985176622425 0.729525372584956 0.972491834003732 0.0605711521230882 0.503067398859575 0.264868568545409 0.85067150854912 0.545209912073816
0.736315512676545 0.968262579919943 0.241881388069736 0.896511811029203 0.997914854175608 0.377225299953917 0.611053325971914 0.402058828466262 0.968218930771254 0.672568932738956
0.699743818695669 0.683376950081979 0.247003167919999 0.867278775939028 0.994375499286141 0.23838160109609 0.640060400224513 0.450169979241047 0.570320341980837 0.612150871287348
0.96393767253674 0.750042709261967 0.11594939371582 0.535158552230308 0.988258815695348 0.194798487346586 0.477113124250386 0.273858401402924 0.678931651905937 0.656810866368313
0.243565446804802 0.309780306526325 0.0608123360829724 0.650164464486226 0.957841209179183 0.0303149941973152 0.241507995947496 0.309233395474684 0.28744375294913 0.450495683789048
0.91490922650989 0.871765301274257 0.408690627555418 0.976656067999925 0.999651990134285 0.730420753578203 0.767274119309314 0.572624638307833 0.982514694377694 0.708597343339081
0.232072789533671 0.459100580940514 0.0734590304437801 0.69835492911287 0.988070437779492 0.0300416190843878 0.4227978397112 0.40652663912369 0.469072994958296 0.549576581877724
0.519768966948773 0.481358494256826 0.177991508572347 0.936451032470677 0.989673878174136 0.193960210175201 0.423649915023636 0.376596220789673 0.117344268161276 0.504319749930696
0.257967892356584 0.526780580027833 0.202018234594245 0.540656937397673 0.721819858633151 0.00993674718211049 0.380195157288333 0.274158868798173 0.0502837585134787 0.470783961791064
0.352550988831344 0.533937134385369 0.0229691708231725 0.764228963130338 0.89189047453589 0.0201134749684827 0.393264491424704 0.325201978872078 0.0831369554380203 0.48270270686988
0.0565471194583677 0.294420523491121 0.112278098491683 0.149289019997995 0.806987835009707 0.00377088606568089 0.138980160072564 0.269671416385244 0.00322229495062918 0.400269579729329
0.153236693621862 0.0469432257676627 0.124056674092354 0.716526459140866 0.90111516278426 0.0169649152569036 0.278889495059452 0.291304545155969 0.0274405505912124 0.456735825551948
0.289398712853301 0.0655500350088558 0.101505907791815 0.100346736689906 0.861938765284912 0.0145108250722368 0.177161985631732 0.198139789138621 0.0469763239884619 0.436914782761631
0.521298210343721 0.788658764261256 0.558001200273838 0.668108187487328 0.993275178654958 0.0389078989094851 0.417636385121912 0.400116308953408 0.878230119675781 0.565878860630069
0.27865305895572 0.118279568472389 0.0819351768099652 0.511388943764192 0.990655924258861 0.086876787684531 0.369793669372905 0.35670485464594 0.955883984758539 0.543777668025627
0.507449679434373 0.816567923402681 0.192419132456364 0.942787100919207 0.923682208065997 0.0514972049139957 0.218165310243185 0.282028795780889 0.0712349761873683 0.551236951234753
0.531625112146231 0.684983268997254 0.436953347824311 0.815303693315141 0.981265855479437 0.0726163492815377 0.426885856140971 0.363864800630318 0.241154811510317 0.537505225179287
0.809764439937796 0.817648936371812 0.480833879036435 0.885497084549099 0.997576302212158 0.403721243002103 0.463604371012729 0.415708451829824 0.895738134452998 0.606692529022898
0.984062994059092 0.898196383815161 0.175343242960889 0.994070560656992 0.999430915828796 0.496811076183671 0.692405062373486 0.396366407229642 0.999452714323184 0.723744429745973
0.537392972381271 0.935459915985894 0.136190895289537 0.790849324087108 0.993765196849445 0.387533185810746 0.597945538942869 0.372880858533182 0.914706742671226 0.600478996504752
0.512534883890828 0.0457855409189154 0.249139947053925 0.620699650251179 0.976159048299349 0.0180297257826874 0.24580295920797 0.27070723761566 0.16358923863084 0.532544619635198
0.329361267295223 0.43407279931424 0.194768215253102 0.89394208763103 0.993588242870652 0.148576596274093 0.482016094427106 0.419063282681514 0.899782704948337 0.618853825828546
0.958526879130823 0.21890431184676 0.0604261404264232 0.94556495246865 0.997906799692341 0.349482467961279 0.610613804278141 0.48924418292597 0.882058733380944 0.559360532002157
0.384836207315055 0.172920774400488 0.111298374900494 0.739488522533168 0.99730595494112 0.0969361500167605 0.36524098475663 0.333904547014703 0.658672025667269 0.521415129368482
0.705838658363431 0.417129117451335 0.0976774567963666 0.877582423172207 0.994209153348509 0.20116774224078 0.545412574277498 0.373433640180171 0.704219704286489 0.709349676407345
0.816728150107067 0.0857800150037881 0.0540968435505473 0.568788524335859 0.985181727418202 0.0429015421115788 0.59799971981486 0.266348100460896 0.594646715124581 0.538942946674612
0.555619828425432 0.370342150406249 0.0752400374648333 0.818917815501357 0.946951402726557 0.0569324161603309 0.326261863222415 0.34779300677219 0.0773500756166192 0.553513050368228
0.474008703997106 0.0913570006504662 0.405892465642738 0.787630622543833 0.919293163846972 0.030294373234768 0.36696325610423 0.244816599098975 0.073172649878615 0.483825466199601
0.234350888430643 0.590684111052563 0.332622425026941 0.556630476506571 0.979972514285661 0.11764918354942 0.465601227944165 0.321322814164326 0.579429916051962 0.513433809055232
0.890191763942741 0.573775028332095 0.474094711876655 0.989014943692643 0.997325863697127 0.418920768893776 0.588153365007677 0.345547818286027 0.912305881871218 0.657192175451027
0.350175350871278 0.579026327097604 0.0716950252927837 0.496327320163617 0.997413715968125 0.0768697526764247 0.484608478279749 0.442782271050386 0.887955671465539 0.718170470619568
0.913821910633376 0.728735988428233 0.155718335551691 0.908976036669359 0.99651404431423 0.472579204488732 0.644398195055504 0.460605912331865 0.96768758439687 0.620392417242388
0.414383516398828 0.291291344604205 0.293541439393825 0.79978980238198 0.960964805624269 0.0348896705858958 0.289374379876398 0.293410320437325 0.310562094324782 0.509896294226141
0.959621831651639 0.70511298149038 0.115944386926464 0.931942587822183 0.99770486449111 0.395981894808216 0.625422332335025 0.433935219431039 0.973731884009972 0.615391665894396
0.841631926523454 0.376544463481044 0.060962570586796 0.246200708232834 0.978380340320198 0.0312893858154996 0.416011903998563 0.3068355981541 0.29795947617662 0.485173916605591
0.55114635138094 0.640634989712936 0.135370991027784 0.943141652429114 0.999045476924865 0.29945639482181 0.548264537021197 0.504246945878612 0.949048179253414 0.609887767101387
0.507826351358435 0.546992775622568 0.209754284335658 0.743533315103277 0.964578228728067 0.0307235029324332 0.443629708512634 0.339684753030657 0.49470514401245 0.595121175003196
0.488295326056918 0.728909149347957 0.266868117947452 0.950124877774212 0.99924525037487 0.386104279469309 0.684118311201 0.469453462559784 0.986848670859248 0.701735381733047
0.896389290677212 0.866155898511599 0.267418547602595 0.962497620685408 0.999214015320519 0.34994057958677 0.587508883763851 0.454278126367895 0.996936711287247 0.698686346664669
0.666034521579743 0.535589755494954 0.108523799228379 0.541477518810745 0.994144910420595 0.252385415999289 0.491753281601227 0.417836319950727 0.776654859857782 0.540253941406258
0.478461244369634 0.48169179362252 0.236687494076029 0.635762181717567 0.986085080875892 0.159116971872325 0.574839032206651 0.340995670765617 0.854004568765644 0.741804277964078
0.734094649316758 0.482746711396193 0.150815605654331 0.370835786924508 0.995872594355548 0.139759299820854 0.486038144340793 0.445729962536408 0.981425238909552 0.607498522357838
0.222213130676656 0.227576993642645 0.248237321939465 0.936347436639375 0.942776294943185 0.00606521237708533 0.230515521708095 0.310150337622788 0.214285020496831 0.510035491939476
0.40367940067898 0.0404733388918888 0.0679863462656985 0.624893050229234 0.824425288762393 0.00759023005056757 0.151803166172111 0.255073293224696 0.0402928226618201 0.411713227182381
0.528924464494626 0.779404436398127 0.0794562617263993 0.558254161332742 0.987764457953845 0.0713416561839356 0.289174522281618 0.274105598927991 0.0946127765097163 0.577037612331147
0.500890537025477 0.676200138686847 0.462932278959379 0.900450670658205 0.988087668654319 0.0703523274670783 0.429955301937909 0.391125495518236 0.927727162965216 0.628447762463034
0.113954854940288 0.232247830482788 0.1009709135513 0.359864429624865 0.764312076419585 0.00849606762614758 0.235655761515349 0.233134622964782 0.00920533705194203 0.399469888814939
0.652917310035753 0.657158208768935 0.0733326460729249 0.373375667461246 0.996471064562487 0.168019756115039 0.42372782146113 0.498604123392104 0.753611927771295 0.645512683192633
0.805984568795222 0.774889873776629 0.125333892427804 0.838739731605997 0.99641630746733 0.0823707831939015 0.436327526135012 0.304622640130307 0.248901560986439 0.570787123349521
0.586103221630384 0.568114009619644 0.060041690232291 0.857740683537655 0.988558305608551 0.0707724975087341 0.463194117755168 0.269438644133286 0.64569241282219 0.45200738625083
0.841986771489398 0.228989630387771 0.228424740480078 0.969925042854906 0.99768782919534 0.223250090747809 0.677740150899238 0.483182841059346 0.954485067016225 0.720091184614534
0.969709760326124 0.557319556450799 0.18937662826545 0.896670019916791 0.999668061247266 0.219798145230436 0.629175192778443 0.471128394670742 0.996443494418811 0.618067595267134
0.647824453923749 0.746057603222924 0.533401095767715 0.94072256159344 0.999006017703273 0.113128893673891 0.446625231941083 0.329614643875628 0.914957840912677 0.576348425499666
0.439918857840814 0.709771000063746 0.0662833175055078 0.693505842528179 0.972868374752895 0.0801015254725034 0.409413364454567 0.410811731219446 0.346461543016838 0.51722108052802
0.472620564215438 0.0998662205749507 0.0210866208992233 0.665313993100045 0.961058272957104 0.0689890731163294 0.387518878497871 0.438452672861384 0.84341014589675 0.571549163863914
0.732142445608836 0.936736244265311 0.319822793167714 0.861877438883084 0.967107560556224 0.0640807342649564 0.490145447981427 0.419405879962283 0.445722453379009 0.531075897745465
0.77096047168843 0.945247562734825 0.458414582405458 0.911766809524279 0.975925850449902 0.0523908693808166 0.477786750393892 0.254681929105822 0.558519648041483 0.454023038256887
0.527460269877994 0.647473909765166 0.0619196428341632 0.44690118094159 0.995787080741779 0.156039503966737 0.43679476959259 0.35809180677897 0.545970262043201 0.541624546888691
0.823748688313671 0.784840218645233 0.203530038558379 0.507136932170972 0.995832607400196 0.106655858428455 0.498217578351701 0.414266209947681 0.724298607247577 0.652583808430708
0.349033980772333 0.665870322085302 0.180822259087773 0.74935790166622 0.956234261024238 0.0605412813041134 0.433282490978376 0.318512144116959 0.309008776789117 0.551808914729001
0.575026032761328 0.853509026497122 0.345230809507478 0.857822951979275 0.986518302073268 0.050943214528575 0.525932945226824 0.348746997037958 0.63762292076431 0.562972238320817
0.335917072889503 0.659711111930508 0.0814527052884412 0.321346706066703 0.914510834531601 0.0270160592188752 0.289288721672626 0.155472514443331 0.0371008588416807 0.395189700540961
0.696599302106771 0.749396995255949 0.482669078983787 0.0988989275814457 0.996892612211958 0.0757605215000002 0.572662337690033 0.413534929026594 0.875032610929586 0.59980300674889
0.827355521517064 0.467625151807321 0.606498485241794 0.987667123372529 0.992127182729373 0.515220005360501 0.746144818878 0.450524465979938 0.984341102449441 0.725637200256463
0.767464120650321 0.891562340377899 0.306464453582421 0.545021545809918 0.990923793147379 0.0964626676121331 0.595092509177424 0.351240867280255 0.944340492728412 0.54249467268136
0.934031780774445 0.209867139034607 0.415528908472907 0.967440771046053 0.999424611004443 0.611777030039493 0.607227323084855 0.575432567182237 0.994306815679195 0.738091327226856
0.355049153405117 0.938013784209575 0.0513127927362273 0.812508097065282 0.989481522400083 0.0106867135684357 0.264700415791864 0.294533455178537 0.157733713812862 0.440720144013071
0.339443363113478 0.78452061873133 0.144152845061397 0.750967954511265 0.978777203286766 0.00925426548739221 0.472372060826343 0.432582022541077 0.0613156420552488 0.421256163098196
0.549642968863521 0.509105728447966 0.116463864102591 0.545565940222145 0.929651662987179 0.0425670065680622 0.385692816308877 0.268538957260449 0.240684106621539 0.518702887475587
0.818164910315979 0.929408614526192 0.438538498202583 0.934607137017554 0.999411223715415 0.830647297208824 0.82339201937478 0.544448731689061 0.997826484357332 0.739359595211821
0.862684987368794 0.906802135292689 0.386716060019007 0.902236727572096 0.994303219562396 0.199431524564811 0.678475407246863 0.432067266961792 0.95053439242092 0.52118730711539
0.0181677972678121 0.0670223017310956 0.151226170008498 0.187211371689453 0.919607285700636 0.00535328179936112 0.183336183952532 0.274486321190751 0.021302587976324 0.47966110740589
0.630225549342334 0.570192731476029 0.454457251612958 0.934754447152325 0.998426551061993 0.349717641380819 0.628507241294158 0.503426130871456 0.987553618857305 0.669386501364568
0.75820616847471 0.464837192623419 0.432749770194892 0.982916647206268 0.999674104618702 0.480105053341385 0.626702019285875 0.442081371321334 0.99857162898829 0.598274772981978
0.204118590729336 0.236514195632206 0.0827235466340577 0.299632047296678 0.989217969414741 0.0712369543048828 0.368657362240076 0.42355905929288 0.193378482379893 0.495873668481717
0.812179379506294 0.72713205514686 0.493381018115191 0.752733570594627 0.995690310011609 0.0785335579478934 0.467403356113662 0.324697102278711 0.222333190909142 0.457396189741504
0.237546423108862 0.846206585190397 0.383739362372965 0.876952821048538 0.981335190102422 0.225952759191989 0.410085217799845 0.350049385642029 0.487697401708937 0.54838840407148
0.828488016765793 0.340453230832814 0.182233366367976 0.955267142183614 0.994647079875089 0.352294814328892 0.478757956641911 0.55660410804943 0.942019940975186 0.502049083118838
0.175889605484003 0.486048083111758 0.253724091140037 0.111527236477127 0.925159055809653 0.00670890750791974 0.167673496104539 0.17458384776881 0.00395899820966817 0.432501770284302
0.967879252499889 0.12733513731417 0.343533792114185 0.943461748099824 0.995364014533664 0.159964207184155 0.489913937661825 0.417927442681721 0.886730562061089 0.546184077114345
0.91184397813577 0.8479089193735 0.511282611412296 0.863357394180307 0.99673280876812 0.548827548732535 0.714761639525029 0.451688969499373 0.902036948694909 0.692578331409199
0.390136376794835 0.519001838908985 0.164449105168469 0.91359074681492 0.994056440313683 0.102533945973446 0.253466101830778 0.268300221619082 0.18490924377153 0.557378095892039
0.703672289911595 0.584336558744088 0.183370404224392 0.528001161077316 0.973234842788262 0.0613072943320609 0.509859964747765 0.347943519422823 0.767733168557427 0.54427088638232
0.477568045084379 0.446614144985274 0.23230296405923 0.891276443350285 0.987863677039445 0.0795840419164013 0.510568886426994 0.292129321348241 0.378652876137344 0.52008514728202
0.144765424589789 0.387172876171356 0.0904842123031064 0.507097587318974 0.89245490400219 0.0438154171320337 0.282965956424115 0.216336088068588 0.0181554849809295 0.365176482046431
0.0180972208148806 0.078049437438949 0.139162104354152 0.683528262202835 0.967720028426581 0.0862003284538861 0.407393661264194 0.326400497128749 0.312748081810042 0.447893576064069
0.352111136969421 0.0954813900049898 0.0640261704764039 0.436310391510757 0.971367409872073 0.0173339005559446 0.312399276475561 0.26259771201098 0.198555896759908 0.560438623634875
0.27866150520833 0.219132683016883 0.132673602251015 0.862953758789355 0.99606001844317 0.110906418371362 0.516895921777475 0.447250637023542 0.93950928200078 0.528342560728276
0.615255907295747 0.860390351595082 0.406083735199782 0.721335139805836 0.975982566734486 0.137244728936662 0.366191738278787 0.387155027771644 0.773435453122516 0.631545492531303
0.139506251917497 0.503457473393755 0.205948667434024 0.387850556301737 0.960811568881125 0.0448513015888082 0.342549616924904 0.270344244323303 0.156981766897063 0.520943708529759
0.878116928834339 0.739456370710099 0.294577103184671 0.984010294219142 0.998522436894945 0.304631688657413 0.696369602670337 0.556491568885287 0.947861407586226 0.675213341499968
0.254313803456601 0.748722345131392 0.169918296768167 0.715914057397694 0.978781101545816 0.0155720300546471 0.495874545040979 0.254599446846129 0.105323459013924 0.597649769392854
0.933422668713447 0.84097842480414 0.278569264596722 0.735224337738071 0.995753359968275 0.101977290347024 0.521048095667655 0.445665553469375 0.879428397217608 0.642392491059788
0.518821619939534 0.748330531421352 0.267724334023686 0.852901399440441 0.986416397198696 0.0502099255360476 0.357599092200034 0.385109614460508 0.529070951493162 0.617556007177877
0.960319924143957 0.191313985391184 0.0441372398629825 0.310469007659445 0.98667859781608 0.262820615422212 0.376491411525579 0.330188249871184 0.300571910776821 0.487290034934182
0.754276626239833 0.606379958936367 0.113750235817868 0.810170648128426 0.989470383632506 0.142685288290937 0.36992929524886 0.335135269203707 0.782725350174654 0.575141744434057
0.863486707064537 0.641016946039091 0.375384616713206 0.762314815881631 0.998867478315681 0.276643460588341 0.711823871752034 0.440586439897754 0.994959305909709 0.660189562845657
0.951740477296817 0.632046472575318 0.301963113475988 0.786422978904492 0.999464730891987 0.313751422153706 0.698498362177556 0.521695770991564 0.977915497309006 0.690451441174613
0.439546457669138 0.809857800239151 0.289150225890298 0.751481624152442 0.988165095578163 0.0462931922074068 0.341529876732563 0.368716353202949 0.891751170018812 0.581315868921876
0.837998296864849 0.51539641149877 0.0862865753508361 0.42606387194653 0.969639168694834 0.0171811484851451 0.270033358664444 0.335056222823297 0.591875798100283 0.590004325079082
0.83495152899281 0.337646356865507 0.310689688741029 0.958495973331286 0.991857571319017 0.275100334319548 0.485741277245972 0.396779238561452 0.930052142883749 0.496193985065107
0.947461738230634 0.0725742571349152 0.390761079364477 0.922747335325647 0.998177296009402 0.378961008516346 0.618466578274536 0.455214322054317 0.942782363996842 0.667867792625087
0.107992977848746 0.397751908011524 0.0945450812723755 0.802231432689157 0.977417933847172 0.0578285145376025 0.330326697059215 0.231747813510345 0.179633810115284 0.584811156995258
0.34407998661524 0.0613570202634143 0.15551243451294 0.124456923101495 0.925729713105889 0.0177799079227176 0.331168387599123 0.312673823673771 0.0426553362915977 0.459598049737831
0.734534341917436 0.351074419906505 0.139050986025943 0.240487734457642 0.995015673890871 0.106574623616043 0.620381828110728 0.387635509667395 0.775331552005921 0.551766230604653
0.238108639048971 0.0884307916437907 0.112117251289753 0.491526817002296 0.956308194718481 0.0117889089351485 0.323749360493362 0.248711201200684 0.0689619934775243 0.481569486766491
0.548978109636498 0.197292609537509 0.246912855104462 0.581432599805551 0.970103007869398 0.034195192633198 0.292719282107292 0.303385771634889 0.525948153773395 0.484237652799037
0.548308538189339 0.405809895899656 0.143294843974655 0.433100833450235 0.98005359161204 0.0429938651605474 0.393596134440937 0.390006678424968 0.228961081822265 0.531500265388005
0.0690207175364898 0.239728494833828 0.0949963841003927 0.198566223343726 0.960752078198145 0.0144361873068072 0.214553116612074 0.226001268478947 0.0753103963261101 0.482269736408239
0.235705287629917 0.282826994684099 0.120493759938029 0.57907734830823 0.993626225277515 0.116397818287045 0.271316282379148 0.334340734354465 0.215988094894807 0.44474187626118
0.0987134169143233 0.489449943592037 0.0570165294889894 0.0951905032910087 0.814914396087604 0.0344943264612663 0.270591286655673 0.216686467729772 0.00348354245840929 0.446361512572466
0.273956054539793 0.80633683500903 0.133523082994335 0.744111704715138 0.949743716108764 0.02774846677565 0.19922572689182 0.313521825642092 0.141348900693021 0.498045918369075
0.881534190069823 0.256322461488831 0.268671638965458 0.574381221831031 0.983797534032688 0.135081086968021 0.503523582712772 0.364484808918708 0.916826928823319 0.643053110279051
0.291721433493859 0.707022688313644 0.123404837303691 0.809811089523719 0.993517298819448 0.0446287019099575 0.41424837098579 0.356015088121725 0.80724057838979 0.600273676549463
0.64123409562491 0.0777728567783566 0.134096631455072 0.516029642017967 0.962533685463341 0.0562889846396088 0.254376349721941 0.358180788787028 0.157881593909507 0.46877940862116
0.613963291420527 0.373102669348336 0.0722762581610867 0.645780469731177 0.920137936769524 0.0404856959042652 0.266076082193891 0.279284502094358 0.224475269471747 0.500749457485759
0.696413289450463 0.809613895896002 0.0987837514721463 0.975869375128606 0.995496663212777 0.190587922833504 0.524768342672776 0.440630265811683 0.894552878647507 0.611575844664388
0.609954309049868 0.33979892155401 0.323793529476485 0.781695451927707 0.980392536776176 0.0290217230627694 0.505793370820604 0.301761084474032 0.59303578368708 0.542947924954685
0.30834336739346 0.301912769771883 0.0504832713727392 0.632156906171969 0.961451408759433 0.0298550241531739 0.362931924427606 0.320346542164536 0.137310403359872 0.44267674640895
0.235990877717568 0.909039953888085 0.0759058336111146 0.837594699836705 0.959738411446024 0.0801874877028794 0.441030854361138 0.385688247396002 0.85101108582087 0.526939290786331
0.310931029715683 0.446615825654335 0.191437698468328 0.793725858896752 0.938362346140732 0.0443054618207895 0.37698400613086 0.316783077654522 0.0944575214949644 0.588766984627387
0.585164841866917 0.743700162321744 0.187754438723335 0.89829021181282 0.988098454014148 0.387770504809093 0.692383621223773 0.479086431384531 0.965591724069017 0.74650089496132
