0.31685749601508 0.571923472048617 0.177374970155872 0.924758287533996 0.993992519490031 0.174809481233365 0.473716635170245 0.331344217222341 0.86921374147324 0.680709171933344
0.737036279871021 0.921792329719201 0.351828931268682 0.854579600835781 0.997845607806478 0.224378439627402 0.651533348152228 0.431701360078136 0.933482079269608 0.527932220394687
0.628813700417159 0.322704119572417 0.0391868321765239 0.953178747511497 0.94787803041225 0.014585803836589 0.306768554430911 0.280697803936536 0.270666470701452 0.567863351682721
0.718777918637334 0.364982693870361 0.28550174382398 0.655895482037852 0.994098348834447 0.157504659773724 0.477903598860182 0.340166140893535 0.515248314881625 0.611160308605391
0.250344088562902 0.286289876154522 0.348603591007564 0.708149201733716 0.906555103712307 0.00778622445191546 0.165397890318723 0.292869306075137 0.0708761909935759 0.367704729207024
0.28611021313023 0.226548211262173 0.19218364857497 0.851391606389506 0.964047056141991 0.0599200389391482 0.390062748017393 0.344620281769222 0.652435175915969 0.532697793369044
0.603442265972158 0.400862103715137 0.100660257212184 0.880370224759426 0.958121125870577 0.0865662083722399 0.449209998869016 0.312672627452962 0.210741395296666 0.479240978113585
0.339306228423815 0.0144790395721127 0.112443446477282 0.395465838019564 0.952610863686641 0.0108552185020679 0.323650468961374 0.304741268598942 0.0105992057309737 0.486772692107036
0.886238781068582 0.400101688198432 0.135727604685934 0.898800612218223 0.988238886302218 0.258329525720461 0.556749546203319 0.391140413050947 0.843677501388972 0.634879832239362
0.287147496695984 0.351082172862669 0.18707821292702 0.958282881882168 0.973660771272972 0.220882723016885 0.561633786165561 0.378885743097871 0.774654838101746 0.645457903738494
0.463681727496432 0.477346394525071 0.164207338507437 0.740276284562096 0.992117024888948 0.0343345269998857 0.360265240098898 0.285913269089286 0.359590253746163 0.573699064657413
0.973427355869347 0.472832360779953 0.452524299083445 0.971541998025267 0.997637550731751 0.677779780105104 0.661361152584082 0.551716852518506 0.997904420173805 0.797169583164136
0.701447812114109 0.314459438003925 0.166192378635752 0.704960884734085 0.951621228886439 0.0259531637884971 0.345141275825571 0.292451966795003 0.398778310924183 0.591062968836934
0.74160910352867 0.154928519587458 0.440598360372573 0.956260321536488 0.998975063871557 0.661992179148964 0.577022288515042 0.495793110198566 0.998156296388753 0.700342430539367
0.116051878612215 0.697064236582021 0.137731305450451 0.859310962139422 0.973122423949038 0.0641768536364216 0.445859944235473 0.389715540561881 0.691137730416024 0.585110564650402
0.863494318537363 0.634862602209146 0.240600343089622 0.525332140802908 0.988726030566344 0.120840037168924 0.518360052859675 0.371800030142534 0.292191337872248 0.482452479700209
0.623965294814615 0.117273380969528 0.462874266006183 0.689554927586554 0.984960691108475 0.0891536010158187 0.4690967679154 0.367124360104948 0.246996924012044 0.61788347568654
0.83035245786605 0.915835000736399 0.114649940201098 0.709596605384889 0.998886127570011 0.295265763006627 0.627520503973735 0.539014622697369 0.994760703236766 0.553413860526621
0.868034666907998 0.707669319263175 0.30977097462757 0.864699596883971 0.997940472561865 0.172792130879863 0.578992868966419 0.367397560670925 0.877108377975646 0.611509505234587
0.0923092636309596 0.472954450296235 0.153699005696218 0.259356866172828 0.952741740362666 0.0102605764980146 0.288255444551972 0.254187064599315 0.18294237601225 0.515374605362042
0.595020780590711 0.920100585827962 0.194211402895626 0.68247825147297 0.998469282122566 0.487204645768493 0.512907764098196 0.415714164925499 0.995005113927939 0.559009704299941
0.550463137129044 0.422776492074897 0.341365180090305 0.63831201896033 0.952989883876713 0.0596583967260772 0.45188001260763 0.443851571084818 0.4519185657628 0.646290175404022
0.131370632918857 0.384701085203326 0.0901715022607901 0.845604343974539 0.951292429399493 0.100630017952094 0.369470144922268 0.296473353701192 0.293541888680231 0.532333672469513
0.792947514255811 0.90493272247435 0.381759473801738 0.932543981887042 0.999045821987743 0.341143208302564 0.682927420590835 0.475838558080511 0.977884882912102 0.679467865839281
0.661299142425947 0.808716644658938 0.135874287164356 0.846600955235312 0.991096226623141 0.199159737972043 0.669210397303826 0.395827712946244 0.469706710318916 0.571855303636489
0.907833176575246 0.838926093890214 0.159865941649223 0.873891755756291 0.995327722210043 0.157026478810314 0.586580115567469 0.438852931523362 0.961704412908673 0.683049301186772
0.131543707948502 0.895306160196476 0.0795525119001577 0.910053387126903 0.983186343928689 0.0618800851634997 0.399004259258293 0.390861807089443 0.602721744224747 0.487985019787504
0.509931425663932 0.600903424690838 0.245156198898574 0.900691172685735 0.986823933504905 0.135430259726645 0.491394598321304 0.446588209926514 0.940758539714906 0.622526454945131
0.0496462540296001 0.225561733849889 0.103409068504316 0.769542684258798 0.853451417733624 0.0157003525709561 0.284381915515416 0.324795793597752 0.147313633709112 0.537903159287167
0.862054155357177 0.939413263761656 0.341598251991975 0.932543991117307 0.999805144745624 0.539359535237931 0.673686203123339 0.389651789420881 0.987120831038557 0.809515262129212
0.530480705452998 0.528270421794104 0.0901368299554348 0.904517457942817 0.989891485138443 0.180129577180208 0.37622740004318 0.357507669241612 0.779164281811934 0.53681197112075
0.272038442366945 0.501315106196128 0.126933180239027 0.312521782390469 0.976774067376411 0.0477746065270123 0.504988820733819 0.264013994682369 0.167734930251066 0.410753448845788
0.617762365417062 0.793627839786356 0.0937561226542153 0.657319422369119 0.996079284590874 0.0945282524398548 0.498569930068655 0.387318944783237 0.862299594644607 0.642263350544457
0.920361151833707 0.713450251914541 0.162018681644396 0.855619110612311 0.998364136065094 0.670335563506171 0.614739030844855 0.505858430820654 0.853186653861336 0.640467344167879
0.884726996261514 0.831731047964547 0.499714439242384 0.740474173261737 0.990728484431253 0.257676316895468 0.579475727832832 0.468966823806884 0.935797268274602 0.65274821067912
0.503667135241504 0.855631979965796 0.268781945049198 0.884556781474822 0.994067170304681 0.102209770995607 0.549402228742303 0.451783134846669 0.783182658339928 0.636908375094777
0.378695245578124 0.0240558123687699 0.0799148482921588 0.645359640607005 0.997395630900415 0.0606073591031344 0.426410281164055 0.331349025905866 0.338324770548416 0.624456998700361
0.14340608444709 0.543232753197308 0.104991754253368 0.215868653183888 0.823644636193828 0.0188963828467094 0.184699250757236 0.217639273879721 0.00301490099814416 0.384079054941894
0.563380471230838 0.576746257816781 0.368100685214747 0.994461649559422 0.998534707185655 0.291134836188951 0.678961502710185 0.492788842775619 0.932974990702136 0.708401679348859
0.347350717514982 0.712494993009081 0.161032830762418 0.980968796640056 0.990261952879273 0.0465376282680969 0.487144792742111 0.255571177411438 0.54013814849915 0.463127429018074
0.973715566561286 0.648282810990886 0.210350630732292 0.973090565603906 0.999699583932155 0.433360991749642 0.786057914140851 0.627788454991892 0.997552259477035 0.717301006718855
0.527980526954961 0.36742211624525 0.121053518331391 0.768275515184112 0.923603867885329 0.0135096012772761 0.327868212565727 0.309612862536069 0.16271184380518 0.464479670363635
0.81613463279679 0.933494220906756 0.388932103740585 0.807494891888641 0.98393037300913 0.210210376313616 0.563734839575446 0.535776806002855 0.960503749258578 0.582936936411314
0.27022522039013 0.135381831433032 0.260961440573361 0.444945999669247 0.938651734812831 0.0243034447586391 0.259609876754512 0.310701061517708 0.208380366605436 0.514911721289325
0.553678818528701 0.158784263448129 0.0929410304220799 0.472155391222414 0.806252321668576 0.016527804228097 0.170588742090331 0.262064525193259 0.00201482988173601 0.4411310351827
0.96185649876408 0.846706446469109 0.088938704107274 0.861431202986939 0.997186477636442 0.487815811419631 0.636415136982675 0.522610637771441 0.984976002755328 0.659757066484678
0.779377907307902 0.306655023890541 0.390856928237344 0.333851957875209 0.992577467387709 0.0829593814789013 0.57480395186137 0.535011680273005 0.932872194104469 0.671424773604364
0.529799284144912 0.0819489670077917 0.110250022298412 0.917590680596756 0.978610184670391 0.084441292083697 0.436219667921031 0.28368109041346 0.717291220157955 0.561636515205148
0.554770813227202 0.923221105639105 0.0950582505788511 0.683833793624351 0.953504677228605 0.0143552697939539 0.370367289141063 0.371224338282342 0.0430680984827655 0.508286895467196
0.793906703312528 0.877811432382034 0.313750922693032 0.830780005868727 0.993521701627637 0.0721467498645866 0.51433169682192 0.394959936336191 0.459861098667128 0.518270244814309
0.0992171000341748 0.429217681780184 0.282578354874594 0.890565025296453 0.995826588037414 0.0250323927850678 0.456419302679749 0.326495017221084 0.21905427253484 0.582073656644742
0.827442221030817 0.477983137404132 0.377832456258141 0.935075217740163 0.988919044381604 0.288134609679581 0.520084776311807 0.481138623735554 0.610044242793555 0.648691760074769
0.930078425191031 0.262973935254128 0.282546687449265 0.888548103983418 0.996762487354206 0.298534062919247 0.517086602996228 0.509707642265061 0.764343474028346 0.632286185670737
0.747902401164882 0.830037795281622 0.132455884497566 0.744528366026189 0.98613543607363 0.0607907867723784 0.512183042681306 0.356495301712032 0.326393302656252 0.608376653811935
0.761931119715403 0.155104018073672 0.271468050856452 0.867959851027412 0.999104549700438 0.203924260552805 0.668534059149667 0.479160323173421 0.984780964779181 0.647983555991616
0.701667287999295 0.0745178435132755 0.618041835309097 0.78418090207932 0.996341433083777 0.342976596796587 0.523925905746702 0.52333081843468 0.984175746725286 0.764481245745866
0.843012279199246 0.117982478784366 0.240092205016257 0.86652358976414 0.99112950230185 0.330076259975657 0.639002185352895 0.475042209254419 0.840447263898018 0.640552647804228
0.845631748286507 0.634908741049317 0.242372906759365 0.879111208250184 0.994075614456802 0.313567542631579 0.438151748462602 0.397725000977571 0.910627817691854 0.613353308529331
0.351766624502899 0.454707718926965 0.431394216914637 0.816965860818859 0.997967712811899 0.446030970566545 0.603660577286357 0.476648980198772 0.988234363933603 0.562038789912801
0.357015157093564 0.24396235298047 0.0817442453546442 0.600707969040702 0.96091594930532 0.0734950005512022 0.332939564135924 0.261109098424934 0.0699367741374316 0.561756262978705
0.127419466267704 0.77396374456822 0.0626432467462994 0.350702603313302 0.940827014354914 0.0300208683472118 0.175195180311897 0.221731366367868 0.00689247930190479 0.513692952699741
0.391726631365551 0.068833314035206 0.0840806255884024 0.784370974857326 0.97836034127258 0.0252593773768792 0.338756839279621 0.243664357526053 0.152361473265235 0.649530109324402
0.681502510435762 0.945040681464122 0.264464481772084 0.976350150308477 0.976870511916513 0.0769381735280175 0.300184921325996 0.374269799481897 0.411123757522879 0.623781610586658
0.0786017820322661 0.339941665757142 0.0438257415928891 0.248586213710445 0.70094477357056 0.00424146237946471 0.167925102131725 0.185255084264038 0.00439393552277187 0.448279588393354
0.331503007424931 0.640480648222771 0.245883768234429 0.812854050714545 0.993498482944821 0.143910107364614 0.580797054791785 0.478329445147372 0.974247743630206 0.677296009987049
0.635693537931708 0.846351948951966 0.194453928332061 0.827775138779766 0.998076381674171 0.050338786800956 0.610375484405861 0.342288165213849 0.882169839516803 0.607869660827443
0.129428846194139 0.329122603710309 0.133355341119774 0.141014151515632 0.759614645345194 0.00233313664874874 0.132046401072337 0.21596085362176 0.00496466414332748 0.481068356306349
0.151904707546314 0.796287271444114 0.126639176225362 0.744871869924379 0.975835164970023 0.0332604471298719 0.388747093564451 0.325223368636566 0.26304501221487 0.488386570435947
0.803924145244825 0.197054667424455 0.182884605322095 0.848783273432974 0.940228829582095 0.100381214611884 0.545453094794038 0.301534765503957 0.437830421168744 0.561033311305101
0.697405549497365 0.577094256929641 0.0419655282012069 0.819284212492759 0.991296888249981 0.128229444148318 0.553024969104063 0.396347014910342 0.916463408841591 0.653456721033844
0.213723155158279 0.508620571204122 0.104705126667243 0.678447113669173 0.809059898536082 0.00831825934799784 0.151841629315424 0.180889795980936 0.0902388749388981 0.462660363609524
0.367412057137362 0.026258995362017 0.219345399926155 0.292696363526049 0.814501193866933 0.0274268529703924 0.339137041075632 0.302402169862378 0.756857297983624 0.496483575030431
0.289293990662567 0.858675891984591 0.0661422215709219 0.947820833420296 0.989241093107994 0.0938615544823536 0.515508489667 0.295446843822675 0.159058957149418 0.543930885902028
0.116547093121005 0.375148204218437 0.0306067134421552 0.0594512179741432 0.781940960314437 0.0155172449491759 0.249629730335746 0.347237992467137 0.0909622621870874 0.522312033360273
0.358660125727383 0.226216886360397 0.0979341545529925 0.733552395694125 0.985746624207342 0.144248289019258 0.50414101251675 0.362203105134873 0.644817614902835 0.617171650495539
0.753377939956345 0.514957173900335 0.384351959047503 0.935798988453727 0.995720523977289 0.319486392296444 0.618223176537734 0.40977514063359 0.972301194258585 0.541209867501648
0.831117193157821 0.687649261257438 0.16223020293052 0.881687735941041 0.996699828175292 0.211580525617243 0.630856439024175 0.436339002346021 0.900974292860023 0.623923503268881
0.621667167582365 0.438355350869226 0.0720602283584072 0.877394354822441 0.985472827663797 0.262528216062256 0.610422688727657 0.513353535441444 0.958047060580203 0.582203468059941
0.56699187386414 0.206969366457125 0.0843634852981226 0.87046517227794 0.935322104326268 0.0830667662796616 0.408174961831071 0.438851854427201 0.201475678221193 0.531769747134904
0.814142797634841 0.447138518281736 0.337736445392178 0.512832242859527 0.986804405278575 0.125764507016461 0.396449262910932 0.379573588218976 0.508760177499986 0.651916086706157
0.162235809719276 0.249639980826979 0.0810105301620997 0.958249948834501 0.921153710722232 0.150650381465773 0.500259045012795 0.464569648665058 0.498380043886855 0.524067929072425
0.156001468356754 0.202482747988619 0.032806625584682 0.379067369186765 0.962284577693019 0.0157958362425214 0.216720122979891 0.23186629459727 0.037002797209445 0.552867876964937
0.767598667642265 0.798692771353679 0.115604173265798 0.738172766705466 0.998261299779422 0.351077664165052 0.622224184889949 0.52848455527562 0.954472261615472 0.689090277263729
0.945839750698958 0.375155898658812 0.242278099860812 0.974797821140078 0.997999464296994 0.524180614117583 0.662293093156235 0.410945949093095 0.986004364897053 0.617089829672005
0.898578682660758 0.611384711202019 0.0977848970336027 0.939062190328709 0.998124058154747 0.374041292800338 0.746579503794643 0.384391275429272 0.893755818469766 0.572961856178086
0.447247619823144 0.884458812270856 0.0807609943693842 0.908558045790871 0.948028944485428 0.0307500252998482 0.461023232115818 0.272336042980106 0.278354732343871 0.508293407122812
0.645442135974616 0.187215304092197 0.323591004172284 0.657664619479302 0.999044119957798 0.147595964302881 0.546272596971175 0.466096385193153 0.924839759744526 0.565350025993949
0.887595835096526 0.377276228809131 0.034333098044333 0.890139324407821 0.984512197856507 0.0536176497999036 0.458717769931714 0.372480369657407 0.832205312664883 0.527263010440518
0.89512312689474 0.437298704993171 0.2207547425655 0.963923113741819 0.974244581885614 0.190518070241314 0.47639896530002 0.281662457011529 0.303218771174999 0.513783600592601
0.650919066328733 0.748237721414168 0.0317235043739954 0.595157475641178 0.996632011140861 0.174779760988066 0.56050389864548 0.422590174821211 0.633709304955699 0.677304267635292
0.840176381947444 0.750657839702083 0.313073365954195 0.82888807000043 0.98995341643189 0.0482948022760506 0.327876594974876 0.431145927039917 0.894078038157445 0.619486912724498
0.313255926849856 0.019598129954446 0.0429347469040133 0.20010540983453 0.98175948333783 0.00818020403808745 0.35392722730138 0.302697342412932 0.0380145274489667 0.570156537143496
0.422670089263016 0.33992275075628 0.0628004323277317 0.543940842657073 0.905691042348674 0.0378815006454233 0.319679176088868 0.259369955471402 0.0284866226381459 0.580486089244648
0.36004150286355 0.237342076618943 0.0457446801377959 0.169318053786949 0.641015970386994 0.0131053945979573 0.209523952175046 0.215406097561198 0.0210547544329567 0.530547582217284
0.964914038814672 0.83873553081956 0.206826595311452 0.899730864129726 0.998563892078318 0.497140380736438 0.564238629461745 0.435653656517815 0.98282556597295 0.606131564128299
0.482271407160907 0.823614058444348 0.265009250464302 0.823429024143509 0.883618172041032 0.153512630573581 0.325037322119161 0.290890183210542 0.954330296359283 0.652295121983011
0.264955023774763 0.295181175339639 0.0524657046154695 0.172342381630597 0.676823611171285 0.00190095343058693 0.107042412710232 0.18138389720988 0.00116245286133764 0.438787258401265
0.0116574421835157 0.0109121373408852 0.0452031659743486 0.426072293942062 0.885986664961834 0.00403880902696932 0.228148694467911 0.238419388349914 0.0445102733560574 0.443290992276377
0.757579699970732 0.749871527813983 0.260354450065582 0.83637028840978 0.978877215300196 0.0811077075696405 0.527961350079281 0.465089942129197 0.256648111567833 0.586571623425948
0.265108627528678 0.178609709323478 0.145152451776904 0.412364798703062 0.976022113275482 0.012513368971781 0.428570896971867 0.332218067748228 0.108276146741468 0.480007006177216
0.136427029005949 0.567892788188598 0.115546226357874 0.721806738871715 0.959041749966041 0.0284688468657515 0.296850401889765 0.26102385292634 0.097695816373505 0.462524978795737
0.878646905883881 0.835140984054398 0.240860307915076 0.784529956980656 0.995079664933802 0.0554971765420966 0.591514417935661 0.496197478430939 0.917006589872553 0.549110253549228
0.474281783386224 0.474757287895896 0.298738906716511 0.703515255868637 0.991800028495182 0.133763517447399 0.54562713701251 0.395924155149307 0.86352919403276 0.659658540574554
0.43490636509775 0.725015811683923 0.250183484513049 0.975239345032122 0.990737765082123 0.070934996660532 0.555485962269501 0.345888116955417 0.915079338757598 0.644141847150771
0.642285716855117 0.753579489234355 0.361073268102451 0.429468934368828 0.995045310516428 0.113588978072812 0.440042708496226 0.278811081078993 0.298038466454873 0.45595208469303
0.516991535295633 0.900363125272956 0.151696279268153 0.683886247594797 0.995661385442318 0.366912773990655 0.547782871450901 0.399752810545797 0.976592608171395 0.526138491401614
0.141981380499412 0.0439264013863281 0.14169170859237 0.792727277425697 0.793405992437755 0.0286330318062619 0.298869893940993 0.244868591641835 0.0916106406980928 0.413449951808526
0.854609599649144 0.345509415693836 0.269715314980784 0.575116894032014 0.989633485339597 0.0987747620793053 0.353384612323604 0.311297325686562 0.566289967985974 0.575357231431912
0.656343954902898 0.310032696314386 0.465920539436273 0.986718647089265 0.996836096941364 0.115970354014533 0.475952133964366 0.373784648950649 0.744325018644639 0.596879159227453
0.609442760693552 0.0709858854853536 0.105086159075976 0.535444605801054 0.966254967072233 0.0601324690054477 0.444222985646003 0.387530322565715 0.442133044166567 0.476455630854802
0.119390999127277 0.400174091785863 0.134770685019669 0.527490875693007 0.885686469941377 0.0129999621403397 0.289370190957968 0.273766224818231 0.0407173540600554 0.441434320692455
0.6159151871415 0.47405286639656 0.108402895357272 0.637218542185465 0.99253270753535 0.0318413986391818 0.445190683204946 0.245979795667852 0.59932465432004 0.539948980107361
0.411287282190831 0.72742435540227 0.253754332291843 0.515910488740067 0.984146229663648 0.0304317266329412 0.339359759491741 0.439517987128014 0.712678630882518 0.604269155084079
0.749547568701303 0.324646045732789 0.287977799388445 0.770715126732702 0.996029884558314 0.146552618471352 0.523976037816853 0.492737806804649 0.951508987063933 0.644669376152235
0.83977725038918 0.303116363412245 0.0548603847838435 0.57519369919316 0.982699638299183 0.0860824630550136 0.447750902554805 0.304653355897301 0.339917031235519 0.553590671811522
0.505132420474971 0.92777297840672 0.155298452947888 0.883615665067061 0.994494894275903 0.132350696252549 0.593322325707612 0.419855459371839 0.569453277847226 0.59680058768494
0.575294272638912 0.669570381230224 0.409683294585114 0.7564946970575 0.995884579521017 0.106898940205627 0.59039211690099 0.361753904364421 0.980715824113554 0.508975215260417
0.969814158471901 0.789792800401794 0.470279375004942 0.74553686311575 0.994682145244822 0.294799460660776 0.467114581887929 0.414208658352074 0.858262497372997 0.600841238920375
0.680122941436964 0.479648554665497 0.167609663259066 0.955234744863574 0.988024879993315 0.0982198232033122 0.306068446506841 0.307732025670173 0.86122086036697 0.431172050105343
0.48832031699207 0.53780206435096 0.15735155987476 0.897232562792273 0.981601553466533 0.0755453563346199 0.431058192015401 0.400963221672231 0.692058417109231 0.607099374629698
0.195889937199759 0.0803833067865042 0.0390807087053095 0.867016751687529 0.968143445921296 0.0265326371090661 0.269556179297661 0.299161371928358 0.239242373066645 0.550689348661938
0.304960176374031 0.622262175206504 0.143082100303379 0.911243407891738 0.931342025096543 0.0198611362705753 0.450738998855725 0.323507979405277 0.0356761857276887 0.51802896911239
0.376772698123518 0.280138987285653 0.22474866594808 0.679069553965306 0.924706522261164 0.0186980422881914 0.25739891835461 0.251463080746417 0.113555480979345 0.55088094070658
0.463631040393276 0.765865218095194 0.111319843590766 0.949906089024518 0.996843514990607 0.485545793024109 0.545054208142766 0.392946686425466 0.94053322450564 0.534248935977778
0.227551777341959 0.0454746076055581 0.198647219131645 0.838267973890389 0.894216387677001 0.00719258738621686 0.301424572348151 0.183605163887938 0.0631645988331033 0.522703974980211
0.0725757278485784 0.342983239960021 0.227150036475186 0.747713058012129 0.966145616434871 0.033230794317238 0.437414751972976 0.420258666175033 0.11716810932594 0.571576222429882
0.790956423440613 0.110583649310069 0.244255739172988 0.447152507918996 0.975565145994202 0.0266245880310344 0.383919103681755 0.240104904402353 0.0758843995777928 0.479539838614763
0.408900169401554 0.358787992011089 0.17744687544813 0.843036170091599 0.997174030256806 0.169768907623945 0.504257921918865 0.335756330916388 0.936455628841823 0.553291707295731
0.68501679817871 0.636868985737707 0.182477821447589 0.946034869829573 0.997494489608898 0.511124125511954 0.672628021922737 0.449786352406998 0.979506146125533 0.700918137875209
0.893727685522036 0.890667448619945 0.222021242788845 0.906020019293484 0.999689024251868 0.453510124173512 0.714359302703859 0.460511505839838 0.936286143401518 0.741234259876119
0.218009013173452 0.482212667971919 0.0839546129748723 0.689158692761863 0.941404616654225 0.0233593260681633 0.247199577004331 0.272801279661509 0.118140024784618 0.39088516389511
0.788663174339737 0.660458386825011 0.358928327024645 0.906555279878701 0.98923835219119 0.303138990658939 0.573951807490658 0.433492732637639 0.92284920177484 0.584032351950458
0.819828636578853 0.902247474315293 0.131758466117988 0.917134899059819 0.994656735493303 0.081670293798843 0.451062837257174 0.424267827656065 0.683554800848511 0.540583348236024
0.487523519323511 0.846152632888225 0.210964924512162 0.867592264361574 0.989694905242716 0.382736712168756 0.449474472092623 0.491402752274477 0.894203180897558 0.663999088942091
0.63462327986101 0.462311388630807 0.239921859505477 0.883909458677811 0.983770659408649 0.0301765593236443 0.387396763888144 0.264658045853142 0.427808388964667 0.592122436627508
0.797406709536401 0.49989439754138 0.263048260358833 0.654377400325017 0.994651968885904 0.104623024803024 0.675710301625633 0.340252336412852 0.916879344424474 0.617287431792294
0.525983745851264 0.86959263996988 0.132709776469452 0.511797244442883 0.899139146699641 0.02866766502248 0.446708849810095 0.382973223564571 0.403402419886923 0.560213046884982
0.597994205907863 0.821467321490633 0.214286826301664 0.888457571287837 0.99419761586386 0.235740991447404 0.507064444951414 0.350493818244175 0.924013078243942 0.676527521921677
0.992447629105864 0.916500219406164 0.618247409467706 0.945585020159774 0.999111679820817 0.30928245994949 0.722364702575714 0.536631619143697 0.992423603198618 0.664595793823891
0.130746689832952 0.142790395625408 0.13220380470863 0.216473235077231 0.992334262276364 0.0191507435881213 0.299635649002223 0.285047736323739 0.335952327365909 0.421687582106311
0.958326084887462 0.239524186561829 0.135142268442664 0.916171204725324 0.995756640172872 0.386685661180841 0.545188370421337 0.382462849743694 0.947677067327474 0.676613944648269
0.083131236012544 0.558870073014228 0.0131637664024007 0.566920182505066 0.919604899543711 0.0109237698433476 0.218496271970128 0.275165333495035 0.101116515992411 0.507711308546635
0.251217877907578 0.0964629220872144 0.104055508307928 0.844515567471418 0.959157003697583 0.0908506944366935 0.280424555830173 0.247995272637231 0.51500762741695 0.545432041463206
0.954358621206574 0.90158328098414 0.382951569874651 0.895826646228506 0.998702978677178 0.471094404135143 0.696757755911102 0.456985148891126 0.968797949188162 0.57621697025096
0.448028360531584 0.334812642542622 0.367162152221854 0.53626663703551 0.984909587620383 0.0257439267493497 0.325268608922904 0.283395289382689 0.123244043728234 0.548894254334218
0.810235970625597 0.0895567847381321 0.249922984010734 0.73434149939373 0.952453653941786 0.0694281681040511 0.345725030921969 0.319682272843446 0.0791713497592101 0.493435170923184
0.305402836331187 0.11015285514797 0.362002883459548 0.81518113850888 0.979862921551326 0.182749202409416 0.559935174923422 0.301451790101167 0.771720684958529 0.463708079946957
0.724066348982282 0.330413712313142 0.599933286487199 0.951847900731741 0.999079955905518 0.228558026490368 0.509354647666687 0.380232220083009 0.924394808104923 0.647802808831917
0.581470458811451 0.445165204932019 0.17671010177925 0.709395612936602 0.992949854444385 0.168185666836698 0.44092375433658 0.306528380461136 0.884635465504891 0.482813364337776
0.466076459271129 0.129057863218097 0.169299697236235 0.215687152666525 0.943134673542303 0.0313744529761855 0.311937149166724 0.26519233384979 0.398813876328116 0.552006139111525
0.758777754074993 0.489319441302699 0.383687373454307 0.86021758052421 0.991514258881349 0.161176547341338 0.537996283117566 0.451850518778778 0.88835497534877 0.62154805461371
0.465817198522685 0.457672474882295 0.324060135733048 0.89335496734797 0.940019364474689 0.056341687889629 0.396464691784161 0.336637963515899 0.190571952683132 0.481857372424757
0.800917590156637 0.505711065487993 0.533541785517776 0.855194891706362 0.998099204545885 0.411232339381926 0.737596570591829 0.498834706220893 0.943790663547591 0.701343425941802
0.0662002973975315 0.763691000179734 0.0448733814401212 0.0656191634256194 0.810242932312754 0.00637849446210379 0.213135071052496 0.299595016911638 0.00508846353892781 0.275830531308748
0.86772376726491 0.87299428358977 0.31224781730729 0.748768717205156 0.997843727599495 0.660675261592986 0.64808839253179 0.505276872844349 0.993847594605373 0.726440285153118
0.0503776399170325 0.975578603969767 0.0534948272591475 0.363763234150952 0.532763602595689 0.00224717215838546 0.168521676718019 0.201597000141072 0.0068659849770375 0.402122016878851
0.521045586615274 0.374122315355975 0.251681878232369 0.826104552259476 0.999008669487256 0.164753224602689 0.410075422066331 0.336732131836328 0.826141788998089 0.521323948212864
0.775393048999714 0.90311699669207 0.159182218516562 0.581367661990017 0.948504490231729 0.262317149257971 0.491575815369454 0.422466083439861 0.672410306809487 0.568616098733297
0.978195824343257 0.221837491465348 0.449853190770663 0.929592103418412 0.997783771795989 0.496314196587183 0.721259919706225 0.467642316810763 0.994276702970565 0.691119875920106
0.148133415654025 0.546297273009083 0.0235237410250022 0.701452016165972 0.726558205840613 0.00725140179441638 0.181790258561671 0.28190121107449 0.0111090092624705 0.395306779463191
0.931747472477942 0.601364341329873 0.143357081115145 0.816141572293157 0.999489636348836 0.369691634655489 0.694073348688044 0.444106723951004 0.988144364864466 0.662306964239741
0.319089971987742 0.292354249349659 0.11132109469219 0.632888928897905 0.967179809979117 0.0145286903075869 0.269886927021932 0.22249131972267 0.465148336373428 0.463207554915579
0.720656292416876 0.936573154132722 0.254794389984623 0.960571076590007 0.997622778582502 0.492006793763391 0.578896623955521 0.456111957837617 0.998376293652712 0.668505090213304
0.684738124365456 0.541434684402001 0.0736106920916358 0.7425438755768 0.994305807352723 0.0765104932871226 0.558330923064169 0.489061361107166 0.952178411981454 0.697154427041758
0.756236866889653 0.517891022555411 0.0417473848868689 0.920614410226914 0.991853894337946 0.0848372670805226 0.547028688794726 0.359437405627307 0.585299246027493 0.629583812019983
0.852085172106981 0.869110139760577 0.0634581942649876 0.90090703903795 0.998687590012032 0.0887279191960803 0.559079598003501 0.478662325742736 0.937774158730827 0.610900148762168
0.0732088376325768 0.190015927600782 0.36106398382739 0.843052666085202 0.981699161721993 0.0130789803006789 0.340560916368329 0.229245857213596 0.465773761451472 0.589873782359088
0.803959559868307 0.871864035792891 0.227955811826574 0.87293736101089 0.990421092970721 0.0772226125481873 0.44610199348105 0.400631993703977 0.94207205802499 0.577035894573101
0.394732256960577 0.870940210236171 0.252701462632223 0.566843267173826 0.972961888862689 0.0896505947533533 0.37338042951053 0.293929142483068 0.723912332845659 0.504852446448011
0.794595355926198 0.847576451854632 0.378866190930788 0.708058353648832 0.99813924931576 0.566824801366153 0.57375290170063 0.435881858627958 0.987839817375638 0.559356786020865
0.0652400921737468 0.0511885333251815 0.135669981193244 0.263415279550676 0.824296663004465 0.00991186155769734 0.322810397819667 0.213752843193562 0.0501107933869012 0.46287620293696
0.756293835381464 0.91051307892524 0.263746216637131 0.834279125530153 0.996152097459086 0.625653078816015 0.611638946990885 0.489272645318407 0.99839007951331 0.664691341151339
0.971717730534725 0.951803741214901 0.470962779033049 0.971658718003067 0.999770324815478 0.75438996287279 0.832293854928974 0.607229056065148 0.991469903991528 0.782414895030025
0.912992905200801 0.411269742951774 0.111116420782156 0.938418410470176 0.994827101704659 0.202558011272233 0.661373818480633 0.453242158459709 0.9263005314195 0.623385820853255
0.121365905102295 0.194625242272013 0.0970478379063571 0.734644294322771 0.944807724722638 0.0529816622707181 0.410400929322156 0.263476581626298 0.631496208088768 0.658721467588954
0.259282192573909 0.532877622803879 0.0253427007526151 0.489626857589707 0.459158076090402 0.0112972076617152 0.194508211419609 0.180489454344872 0.0215320342584021 0.417997613343611
0.49652856111971 0.872610772404099 0.189705502587801 0.966676541253032 0.990413673949029 0.0297100678288713 0.37681505663413 0.263551516217597 0.370010084598219 0.695568793469677
0.456146974751187 0.0357380669222128 0.026867698980194 0.170291130825837 0.691679858757534 0.0393160485757431 0.343726421035467 0.302860458963071 0.264388361068655 0.411381198881315
0.466210344054402 0.641256726158007 0.239789009587605 0.82217046451383 0.99377388767786 0.0481035822565575 0.551096606654788 0.307906689058029 0.597894858463813 0.695525429534894
0.866940829460839 0.779445910017104 0.10965982445373 0.809920737041391 0.976477143336348 0.076629355462589 0.46190558648664 0.34596397881507 0.467080677682857 0.50164066950533
0.878946093883628 0.819904324660545 0.278981431716961 0.546831113100622 0.964772317002146 0.0642643922385733 0.496170662553556 0.502462119455707 0.562105081190499 0.484980644704144
0.971031310934644 0.648378378274419 0.528512483547562 0.950132542737589 0.998758999245665 0.510157551796397 0.75839184008709 0.55834991291361 0.976647859789482 0.626077951675079
0.871070018587336 0.886832851467918 0.411084537918627 0.778023406960324 0.999349192395675 0.244524242007251 0.570539082472988 0.508605026679066 0.973357901560488 0.635345791038248
0.159612878180196 0.46106015089077 0.0649171117500197 0.498018073270328 0.91103986954281 0.045345572548122 0.352966805656795 0.391676614510533 0.08373136151128 0.561658378881031
0.0375560818054138 0.759364853647968 0.0884169102719408 0.321236791472164 0.929792112480859 0.0144396533290774 0.308933942495302 0.234781919244942 0.20637961473092 0.466889527896526
0.558272667610564 0.120154858819857 0.194796834770031 0.492389669313708 0.974182656648743 0.0439792283709192 0.457742734329751 0.279790311138406 0.348489754492437 0.622237532192817
0.404353832487969 0.123894747440918 0.149056101862468 0.373084189082736 0.950665102002366 0.0275093588791855 0.28988599617595 0.272775064718141 0.0771767436876071 0.46537342176113
0.860995608790162 0.785105540798023 0.213738188044297 0.930173703683127 0.991171290482425 0.222484470482415 0.555810417852527 0.372155999707883 0.616261862608095 0.639413219809214
0.915436934499445 0.663552609003526 0.388070517740837 0.989333029313471 0.999517224840316 0.633114859252401 0.714375932576582 0.56182741765923 0.99508576304568 0.741240126249826
0.476882830621373 0.408352690025809 0.0649396229393625 0.69474495823498 0.976250398428512 0.0530949064687869 0.315900542613899 0.275333612960787 0.321371570518559 0.485943697215556
0.15596907287323 0.340787689295822 0.101407022651175 0.78752487854174 0.99193056846666 0.0745345779660205 0.453600299920677 0.350593578752671 0.500848753056452 0.546092228733256
0.898081798844565 0.990681737463322 0.149253681407399 0.944550076679153 0.996850075970505 0.0970941253366142 0.554482248607926 0.496802514760073 0.866083411296015 0.580035810501514
0.900550561644779 0.739757333444595 0.331540032106647 0.783103925155966 0.995009612308428 0.0894152349780326 0.57266735570662 0.457596422123707 0.905943846035519 0.650819768668198
0.994746568232178 0.929497079232188 0.471942354752669 0.976992738579401 0.999618863443046 0.844565167355896 0.83891779788046 0.623862570448983 0.939335568848736 0.780369882252145
0.43398877390242 0.569482651868823 0.0824745177811982 0.830693082952585 0.970052109570994 0.330790001725755 0.480861639368004 0.339453150549215 0.788615938150688 0.51341602163799
0.396747887827881 0.555678322534131 0.122382929996098 0.39970592877493 0.949056674186473 0.00756745889770747 0.329396612136347 0.37540330360079 0.165539543014972 0.635189132326028
0.849838727450171 0.587069362618183 0.520801337020135 0.929712305033458 0.998048364398205 0.217644676737564 0.584254442314612 0.390613110664918 0.812441524723085 0.63162909764591
0.672902320486113 0.853111176874807 0.15375880225991 0.742379248548311 0.993082101542025 0.190680385753437 0.469966882762934 0.44848470903664 0.756408551996123 0.584716113909446
0.380692629048433 0.115976359408119 0.53321710835224 0.611859467158253 0.974583236773337 0.0761677913621861 0.558110565902521 0.359853416313759 0.688199454458078 0.578931613289737
0.00789433813119701 0.714946908823097 0.0370319988957966 0.477152940260642 0.895163860597727 0.0042394172553301 0.138958497930081 0.166347467574905 0.0237642056637439 0.35515266186355
0.884267393167497 0.569315572513529 0.140177785462541 0.743616800922794 0.994643106008021 0.0658029873019752 0.451254484676665 0.340079337901971 0.808635601618183 0.64510877934658
0.423347889479809 0.49812362776908 0.436778176459119 0.190591336230366 0.992265061300144 0.0825099664530764 0.519125570863402 0.389135575060301 0.344712174180875 0.679389336372
0.401170566682872 0.681739678974681 0.127143742217176 0.392451853919259 0.971869961474667 0.055096552216639 0.316608368256405 0.274885307698317 0.106232879916954 0.508966256414137
0.811713296089221 0.575107785373862 0.571632563214075 0.947207941696089 0.996625614618158 0.214745406121724 0.664384557022169 0.44014293386195 0.970267441191133 0.555888594406664
0.618796266788201 0.865267154295536 0.172279394443671 0.80878432141198 0.948351402612292 0.0319203781300446 0.512359009227131 0.32666713550738 0.343137937091657 0.557806961041556
0.624327218835858 0.527918756848724 0.279871758290724 0.893726223618415 0.980742742452579 0.0934460687005695 0.525961575903872 0.423982710734421 0.17083011292267 0.6739014531457
0.650820842692692 0.610234147327034 0.129893290973443 0.931296464632524 0.987521676474822 0.219416522236639 0.492660068246796 0.322722407877036 0.633027597342188 0.642630963613271
0.558482582096342 0.916039352672766 0.398238233628963 0.680503458443856 0.989627663073061 0.0717851874303699 0.537137624175178 0.40530051817937 0.785012107344864 0.627524349358703
0.511605611124264 0.0735065149383502 0.0987506713704214 0.840426337985991 0.987402936583841 0.095386409825557 0.554488646497552 0.445531768009893 0.914019343777688 0.54004814541412
0.811613322385935 0.946338900252513 0.139283172942606 0.876633859035137 0.997076269828705 0.502375789806203 0.570099196514379 0.403241453766445 0.993130720792513 0.623068942657653
0.486581531709938 0.085647319618613 0.445520916390532 0.874778202298052 0.996255149160594 0.227903639988876 0.565959232404662 0.489865413444574 0.926576531950496 0.602809977502961
0.946624209459426 0.770905593293163 0.517644988931949 0.884376987946656 0.996888208085299 0.252137328536731 0.568399879907884 0.436688388895815 0.995851119862676 0.655099339268954
0.695213608818393 0.336456325027417 0.379249829877151 0.602174016925225 0.99514305638905 0.224486027368913 0.491554566623265 0.298665723485622 0.632430603997094 0.634516607820648
0.870484220491599 0.856610266595561 0.0547824631141963 0.851226728428152 0.991384385644229 0.040428017718813 0.518307426035782 0.376441464599902 0.909311376493889 0.574550506908003
0.695475891601344 0.87777282552056 0.162473935517139 0.860978476606065 0.993800691063893 0.327061133730248 0.585671941711519 0.448931142619391 0.763352545304621 0.583155394236848
0.661221526072779 0.171885245274024 0.181270477687703 0.817149963068965 0.995437787651007 0.0503959814135443 0.546457153414429 0.421931424222092 0.669371275133384 0.498950980292567
0.438837109237907 0.125615177637944 0.0472684606040789 0.237076526710514 0.984368033482907 0.051586456866275 0.350872318889306 0.321607043764259 0.291994009190233 0.610033560740161
0.934326314666878 0.961908228328684 0.18068761606482 0.986860517389877 0.999835473648746 0.776819928137025 0.741834057947961 0.509406886195081 0.999298188367087 0.633255175599377
0.945783226544685 0.171149905601889 0.0744140234858268 0.619078624308948 0.988640385470996 0.0506585968532124 0.372759763118046 0.389634803283817 0.585802852140968 0.569893971752492
0.457506127230002 0.851991904862124 0.0847643787655915 0.934857215624184 0.991992903967784 0.0776479140262033 0.602156011029814 0.392502676785192 0.841595304936148 0.4791795666639
0.500523963813748 0.876235264456953 0.102024553226807 0.886572345581956 0.987750456574065 0.0377749901341248 0.382686679422828 0.328207063343339 0.131539423661638 0.549001781875866
0.94166400827315 0.156621311460995 0.153755257136623 0.809104699463757 0.961476149171422 0.120696263036381 0.412791198605502 0.29460094890066 0.295912680187298 0.655390221622677
0.578536567884323 0.540551393635536 0.0466310327531764 0.731627626923576 0.963598347617466 0.0864713964817182 0.324449440266015 0.32374261875312 0.516900819798664 0.506205713022447
0.267076182913956 0.890935627456317 0.0994896387371688 0.204126903089614 0.956722371566765 0.0214914976745221 0.294956029163739 0.29584088567324 0.0315512313063441 0.470980369425485
0.979797827553336 0.993005782797918 0.35847357059863 0.924792214571861 0.997161673902436 0.551965786595624 0.728070576614555 0.560898814344646 0.997609970594849 0.698098205324843
0.420417061485111 0.317209012115761 0.13177010507667 0.631233931671514 0.960362037822344 0.0720133993474426 0.44329401620458 0.308772540618259 0.117785692284127 0.642685083606192
0.0662365336221458 0.772629669510652 0.0615945552961118 0.302331865877147 0.814206220470945 0.0100879246399226 0.241222397715986 0.312286945504289 0.0546742683608752 0.404517068824546
0.419605563674562 0.097617523982493 0.118035939679665 0.727845722841491 0.963971267035019 0.0243635102336556 0.356541214290086 0.331984720533222 0.258155238137819 0.509755842911772
0.501611820639492 0.410293566821474 0.051833304842197 0.807222363371697 0.996847775031607 0.0497055359650337 0.437917980801147 0.414035641002497 0.61074494233212 0.655641229861559
0.597725660057823 0.776590951221171 0.0929651668439901 0.956359900891385 0.994167325248296 0.0531368517933194 0.561730932230931 0.386401067401815 0.85953722616584 0.576062710321693
0.941622285095678 0.782027058413832 0.556147273002918 0.97574876146018 0.997850382668178 0.153792862985207 0.705737538761894 0.580315004342072 0.974101823686266 0.714514365711056
0.638640390855731 0.208444101920469 0.147219068257731 0.691327911303606 0.970940487474028 0.0140344027295646 0.239935464232664 0.228714144250492 0.0964742055190101 0.524072967472282
0.897922937559537 0.694575206764636 0.506488004186674 0.961610642446108 0.99962252162314 0.359218732099517 0.69991951173857 0.588508091840847 0.995240409852402 0.663362651208314
0.470540517000382 0.906801500274495 0.195905146840489 0.721750716569786 0.996405416509257 0.508590158548377 0.579666345434383 0.458359826413091 0.925414478215321 0.536281863792724
0.497726688135523 0.276947719609125 0.0802058346801678 0.632482542058145 0.91338979182876 0.0559310336824044 0.291418595852347 0.298937512934282 0.189611521370867 0.43932400151188
0.116984421947055 0.968768394679911 0.133225650579873 0.442617682509282 0.986144955414384 0.056129051051833 0.366553343981685 0.394363126486904 0.351235879878801 0.61602083779491
0.902474015176303 0.937819986480372 0.26019697078537 0.914139446264247 0.999109070387267 0.792446330411431 0.722826055924806 0.642625072774193 0.998097411954598 0.703111575868915
0.247832327077655 0.106074647113623 0.127413697229613 0.807689321755954 0.989690920677811 0.112809368163486 0.53648011904568 0.417254496175541 0.225378896330094 0.561435938462064
0.958603628112003 0.927036449947513 0.591219944479661 0.892786823484491 0.995371860440977 0.192875575814158 0.658473591730861 0.304428897841416 0.826354529514841 0.731218468692388
0.293561624923429 0.413560917894067 0.0947710814175785 0.262809876443171 0.986137847414844 0.00846432826251257 0.232033533851564 0.275956596470581 0.067244435871307 0.377814345369386
0.525917619048262 0.611514162925141 0.194245266651094 0.857712819461342 0.995353002553764 0.157503287128489 0.482628152034155 0.402633518763751 0.922474970619345 0.556924505205372
0.274938578227083 0.306664259344042 0.0521282453529166 0.912228714330723 0.97617779664928 0.021697333442013 0.316584864235489 0.27011717714241 0.289574508577254 0.431978879413188
0.737826433731741 0.532599029124267 0.19656357871284 0.866456835342364 0.999670315150912 0.338134051728693 0.586010482677639 0.529915932433312 0.919407050975643 0.736128670773317
0.269272043057652 0.0970762909467305 0.105485839772964 0.63893278762095 0.906893349488069 0.0240050803049747 0.351503270651192 0.24560629860827 0.231612030559704 0.567553721618972
0.0386095097285319 0.32776626541015 0.0604038811023287 0.351362477865167 0.804440359884435 0.00455791674880026 0.154206249775532 0.228602667125694 0.00272933358822321 0.410842457265605
0.434950815558076 0.271585781476317 0.0573750279518367 0.814914006933542 0.943095138180545 0.0134695549271284 0.378251437508001 0.253529763368373 0.360590357848212 0.440876639509285
0.903122075668979 0.808504482361817 0.114524386664182 0.687805634271368 0.99510733832521 0.306089831045294 0.641053872873188 0.450302478307096 0.897662952040651 0.676924865173078
0.257181075992083 0.334748123655684 0.116304413097977 0.400906298039273 0.963640359880893 0.0361367056542457 0.413266717577437 0.289531093314755 0.0774673245570909 0.447009607296469
0.913112105534286 0.324485840956992 0.260172699978682 0.879703867650153 0.99717815233752 0.174984030761041 0.503376936743604 0.390846226902337 0.905933167978724 0.592375220301994
0.344882913524994 0.112475727962959 0.109672781082741 0.647740342395154 0.889163179387282 0.0215538515323314 0.217371097424915 0.254167954311757 0.0125920208795752 0.476312700858592
0.764948689738232 0.988314282517678 0.188304069593761 0.736875331110129 0.99835948653935 0.255795620200166 0.632849526077103 0.389460946535124 0.949741150674125 0.593148781220154
0.143664192923947 0.218532784569401 0.0811943410571572 0.453795577189289 0.967711873287694 0.012299694060567 0.280723137114679 0.251543748693647 0.0809405116058077 0.535360818377136
0.112181902157911 0.0239700302846802 0.0350199281908587 0.652939557940342 0.94896932931667 0.00600757555859819 0.144298478667215 0.254997813623087 0.00569093085740426 0.391451911249315
0.794522212782588 0.541054487555096 0.184151177194101 0.738350817076746 0.982554022414265 0.0485167618697156 0.534694586826757 0.358544553043697 0.84337615484933 0.61387063153587
0.476026972274738 0.531122890676555 0.179447145066567 0.840445116516192 0.991095224739846 0.111203978702195 0.34025889155793 0.443046762848507 0.552934149871844 0.60722592260911
0.243777224209448 0.40089256639351 0.0839922842275112 0.459479952821027 0.942806188748391 0.00859394743429902 0.353941664813142 0.346439721134558 0.261425896451222 0.527731655058208
0.519599751042658 0.41200683912616 0.330859996256867 0.8534486485647 0.985999161381304 0.024476439583094 0.41695879601312 0.348041639721359 0.926416058300979 0.547837541408147
0.382367266340275 0.556765776122614 0.154963248856672 0.873912323643992 0.982302221076675 0.157996509936824 0.440444797258044 0.338141827022779 0.892003420940689 0.50568923209409
0.882711386937187 0.322144440666892 0.104965511844947 0.906244580035784 0.993188280805495 0.109326331402099 0.613941439952827 0.366382546830069 0.816476150390248 0.580826903190569
0.695016772429752 0.396815100150439 0.587793648884945 0.809676540816722 0.997335023140632 0.20060206818735 0.639031618935736 0.524758535071883 0.749393463499398 0.728501818154591
0.636505599584619 0.474875153965452 0.0600769077856025 0.369929334066966 0.873095729787719 0.015091949037852 0.244950967939198 0.274897853037991 0.0513182457289321 0.408123686267083
0.413250588787107 0.198756700419043 0.06973733795896 0.864188947666182 0.987660846552571 0.100724528249004 0.515687897208889 0.424966229878148 0.720052712324019 0.610499737326838
0.650590061843319 0.592675975310209 0.354847608565519 0.922459435743573 0.995765711418246 0.173846475765159 0.650441210988404 0.436312106097104 0.966512509715944 0.577291028612906
0.697141863894557 0.903158880233259 0.50433755946544 0.757856047319997 0.996775704853262 0.202099395942122 0.515546907991917 0.426962030196399 0.916632574058305 0.664681566143738
0.328800467148032 0.130367543309989 0.0778374764672897 0.816542192092105 0.991218426517048 0.083322770088968 0.53424637786903 0.367225769335853 0.591942208910952 0.585586208955335
0.562665272250478 0.774968939567313 0.115981192438292 0.64318160202466 0.969744661194595 0.0167306155282037 0.316514762000899 0.238475838668846 0.911823943342867 0.619933553528344
0.617599838821864 0.910117520457324 0.390679928648827 0.849616671156144 0.996707154785966 0.22373362626999 0.498273203488918 0.430962116519906 0.904391783275232 0.649937612161648
0.483551065889769 0.0668304204148237 0.0713612880383808 0.551318722641978 0.985984567049542 0.118867373278125 0.326467386824355 0.302225472041256 0.94606802254444 0.627403248221291
0.234619051183019 0.751761773499724 0.370036542751573 0.950790157809079 0.97940361838733 0.0212103152087146 0.342592038482873 0.332850742121287 0.197445851782182 0.581861164620548
0.810608238217031 0.167937571281693 0.0738393580456424 0.834236605341109 0.998187780199923 0.138826028933704 0.437702221352949 0.354694526937993 0.698210328927931 0.545476371500022
0.21923424709609 0.330657873500389 0.0602515393632251 0.751846960579127 0.891434180048367 0.00537134457515793 0.179487470967983 0.232599305476217 0.0371259408325775 0.397137168999919
0.0866228730366923 0.970225259428187 0.161253546621784 0.855601558809766 0.992604349441769 0.0374905210978358 0.425531313060705 0.263368146560456 0.113247367887717 0.436801550139752
0.663418223383205 0.64840595218463 0.197064392230886 0.761750637316214 0.984204080741943 0.180980551811471 0.432952856008828 0.374211873713785 0.929575813648192 0.59831022668741
0.472760520394267 0.696082927520544 0.195924590477057 0.455780694752889 0.982867640618592 0.136833304159683 0.417114664080496 0.320636884394993 0.678069810112838 0.530411106446727
0.375785134911559 0.0954292652024116 0.104752388756077 0.481892998225802 0.925792693190252 0.0245490228285587 0.304164169374484 0.205710060384196 0.295290613731317 0.49944027198197
0.134856016145384 0.504468190029154 0.0680089675483404 0.910923237634619 0.937126494469258 0.003407490605063 0.222349863629413 0.245655377417285 0.0702652892770109 0.458559688984295
0.628128795508473 0.799117731378619 0.266502890735286 0.739901344373767 0.993931176780449 0.139598464118723 0.490579915844832 0.443637367825551 0.837855808406487 0.698373806505808
0.522291117204212 0.670660151394558 0.06657592944685 0.456115547954027 0.980049219229529 0.0212160061465096 0.299280415930654 0.268242160636025 0.459046189446501 0.481412618278227
0.626798215298298 0.778615596838627 0.207796158638099 0.816288138065969 0.996665356422327 0.245914085834942 0.61146578915163 0.35352096182928 0.827007756731406 0.595200898839222
0.875563964676685 0.61334055996349 0.301851357848256 0.933010782326803 0.98440718901304 0.0721110856900089 0.416328846249707 0.309396846585528 0.285421991884577 0.73184025466327
0.698867715923308 0.261158707143358 0.143628767390791 0.578481851362548 0.986009886126918 0.145040273067365 0.582975292833942 0.301921310115749 0.70132009596262 0.656489992907522
0.863947630666787 0.325636140720086 0.232064560093672 0.609181891227733 0.964395743603239 0.0205415878168494 0.350234086691363 0.301614288120629 0.432456700238988 0.582655212631355
0.257239380699843 0.136386240663252 0.206300872158553 0.831347997260306 0.949079425507106 0.0740040342649415 0.362117485356884 0.336841680914349 0.294181432325569 0.525685086478453
0.388820321636742 0.886895577310353 0.0752905860501761 0.501774606304947 0.971385199153893 0.0572271390963793 0.3538917658171 0.35873572871898 0.251751642584373 0.492322687721165
0.587966254794622 0.692980331186868 0.439074462991034 0.973032152087973 0.992785348334631 0.34915632725673 0.627971911657347 0.506452916506795 0.989982276020254 0.583864920663281
0.0816047810050173 0.268913500809349 0.0857885511281753 0.906178626403191 0.996065846303549 0.103613744164738 0.478510066691831 0.462489704707523 0.536745236558799 0.653369591466917
0.8481970496059 0.288102779680071 0.213646758804922 0.847432619172094 0.998314120397086 0.242396244628538 0.694343636584839 0.308545727882851 0.944605687286343 0.65041101400051
0.0344276559294435 0.497961994076734 0.0615613221729081 0.312657515953479 0.923822137157868 0.0487741552837971 0.286627968115686 0.352175136842953 0.116958779100608 0.569039975248839
0.19838155885335 0.636428607070409 0.0994068381722742 0.520737511877241 0.955025985081885 0.103789982284909 0.248214729041372 0.258554690935223 0.010626169598715 0.539783586289942
0.976725791805109 0.958678301005656 0.326558766217934 0.9941153708451 0.999966333251305 0.787008667490257 0.823636359510074 0.633952286527512 0.999599843894433 0.77018139225481
0.65389737172747 0.760551792109264 0.326626883871146 0.675856972236566 0.989571504026462 0.184169691578482 0.502611567183186 0.408955976139707 0.674888876885386 0.532183078055433
0.430948225899838 0.386211910473911 0.388712978938934 0.756289493840509 0.938429913878833 0.0830541221050176 0.460163502535555 0.379826924958994 0.60268281113917 0.560086815487722
0.755304389068498 0.371469356238525 0.369199968575927 0.957311760484532 0.99594055859604 0.410850913105072 0.654338678209013 0.461957185505094 0.985230635684111 0.643393725698141
0.866372684365715 0.24283270927823 0.331601049026976 0.984667099484224 0.998682942250703 0.421296945179221 0.720558872754979 0.514010191418762 0.957508510201565 0.678058381621532
0.677541663589609 0.0337545764142085 0.158602049562824 0.952272990140512 0.980730146681677 0.0111976592973665 0.398394205803132 0.301422768517718 0.655549750500644 0.504070428482133
0.746000021078068 0.817892597297767 0.284251923157612 0.977994551632911 0.97937386266906 0.261033706786948 0.419178171590415 0.418816997698393 0.513118056301587 0.571574616286274
0.54376118550297 0.460087962921631 0.122740448080872 0.813626864571463 0.982670765600928 0.0963976380557742 0.560532328774973 0.394380310846859 0.809511869490563 0.589861345975345
0.389074064618186 0.313659694660069 0.263789961845328 0.783957184681082 0.972147719392137 0.0559090958011383 0.401642456763306 0.353978950849159 0.116220480380631 0.538731088033259
0.684264020857355 0.58316579437207 0.40604069386448 0.857106636121802 0.97873271170521 0.16082174975703 0.46653692647073 0.329745033788153 0.507328962435287 0.591799953439634
0.737523088455508 0.104823997767088 0.398217810149305 0.42393828279389 0.986395199254873 0.146396336292138 0.408037200438759 0.401216409203509 0.111370350680688 0.619315647185809
0.363308549254863 0.0362642658748571 0.0532934676885169 0.726482190138855 0.88319504956001 0.0117761361792886 0.187141146247137 0.225000130123651 0.0527425248210465 0.372427389283044
0.85392526729166 0.879900761445044 0.393232810641757 0.970805404690253 0.998832501709663 0.327291025447271 0.682597751861691 0.37816558565523 0.993971075910471 0.637818279207555
0.381133831145848 0.384107472570084 0.129674067145122 0.783820796034704 0.919819234133266 0.205148371236624 0.572205053683026 0.31138261415915 0.772605584608059 0.596552765021347
0.35250157977229 0.441435256500601 0.112403350363833 0.156143297861426 0.973597435300774 0.0332969366989838 0.235478585984901 0.347353052330412 0.0197918709553608 0.500052564048681
0.759571025530703 0.270989692430013 0.200487820916075 0.866699496744258 0.995877262969282 0.292248868891146 0.698973703406418 0.5496233163014 0.981839326370792 0.575295347387735
0.549503411626662 0.34936733534953 0.104999579299973 0.723758769670995 0.936328072562897 0.0600353474751419 0.291004324214226 0.337299626415824 0.6644131282522 0.422104644902363
0.948249799821912 0.538961279953825 0.15413596629158 0.946675482056769 0.985341270529766 0.229208540594121 0.490440967376422 0.339009317074306 0.660440195265746 0.587165668856624
0.387111176200495 0.0896426274748488 0.288731075971376 0.837898870527615 0.874307751080662 0.103519364976579 0.353615957129943 0.296980477255014 0.499589139250768 0.468229038091448
0.848207948055376 0.634428941056186 0.109432834393769 0.748699920031515 0.995405169768685 0.0994029237568227 0.531256699344796 0.508003310006064 0.827341105479474 0.487334789213166
0.654952326533382 0.455159664580773 0.165790251026912 0.576182501709018 0.992020613556299 0.0880929161992798 0.57876900024145 0.389387624712824 0.171581416880227 0.536108839820824
0.552315605895394 0.262468358777108 0.244064654964063 0.343449291753248 0.933480627157688 0.0272700225905406 0.450067897174778 0.294033944532946 0.0519441862548183 0.600102716149319
0.814710964886207 0.146072071832029 0.152084718498686 0.983958707678035 0.997741491708535 0.137441747401042 0.548044107894546 0.391798562108315 0.634998658548004 0.590435814726461
0.476355780543088 0.470075584293075 0.171956233396183 0.835329075326815 0.980106546477836 0.138171300485704 0.554998549963144 0.465594667719847 0.891372630560419 0.500359628268363
0.975011064400634 0.41750506540234 0.208545638567734 0.473096341420918 0.9963273537644 0.142273080009441 0.516968187622481 0.311397437125365 0.735013287378707 0.467403845411585
0.013106784180711 0.3621841737705 0.0276454911185361 0.473026733274145 0.481606581646178 0.00222647723419389 0.138793562991275 0.1573109362887 0.000536235590182074 0.404499422827096
0.62170992161735 0.00543417105701321 0.0832216780307738 0.200415008052881 0.943464992662004 0.0159138690557412 0.181965110421664 0.188616852017167 0.0765925125625706 0.346402386800392
0.990812753854531 0.703063509514485 0.681921503614575 0.947659170014418 0.999214609614541 0.757492710529208 0.75842695378815 0.530374750580971 0.998973073822983 0.818070888252956
0.625777678754463 0.833950585372228 0.237991061912475 0.794517175930389 0.99632181789786 0.0933397557494271 0.510726978049256 0.322448158165206 0.876906249947937 0.577826725566265
0.612552920774219 0.856403361257839 0.223659960045967 0.76929706688983 0.968829174117351 0.0377964532785973 0.386172967689224 0.327686455212892 0.22234174783208 0.612573517424349
0.133223428714397 0.201643239639692 0.0764060875024285 0.583489477865995 0.972016764082904 0.0249517929568137 0.375597021254643 0.293299130498074 0.110432401419765 0.407541121133234
0.581891466124522 0.106714007641014 0.0592793064221125 0.622245779827658 0.796945156552325 0.00677165123059801 0.252018221691013 0.388038761394746 0.0512531165076803 0.319140783314858
0.0624611046519802 0.0949566873326167 0.0830002427986023 0.631296822985717 0.983889263040723 0.127686299371442 0.49876849422366 0.425366732024093 0.769563277380472 0.704658359241993
0.75989522963389 0.925453054129455 0.156595705284744 0.895889767535961 0.97983320450833 0.21300261728065 0.440806795987928 0.418549605212845 0.782202435652771 0.602451971321408
0.27869663327574 0.697910166941989 0.315211342605003 0.843808643254729 0.99516449442653 0.121414470192005 0.469124713085311 0.32987518473821 0.207539572789523 0.569127145407524
0.596916085000471 0.259264068349195 0.292212503509413 0.23463911155588 0.905099072488136 0.0189079802383106 0.201850137041011 0.2177064745406 0.0108151299496657 0.338877581956851
0.932504969264964 0.804415318667663 0.448598396823638 0.892980879507722 0.997804191464608 0.322853308875304 0.570615443540289 0.406024757181048 0.660260103772794 0.537870951682206
0.301561522697124 0.0514769250854357 0.0495219692443858 0.665532250744732 0.847255338343746 0.0773153671442204 0.239059924380247 0.23519881809544 0.0167827239423629 0.517667637005279
0.538000257267603 0.971002920868497 0.0664400292402149 0.508836163916371 0.972043918149661 0.155862695305187 0.348763300522404 0.387099363951279 0.235646691985546 0.530621228592216
0.893991892281365 0.64010850100899 0.242945976026864 0.657722882909951 0.97293875093685 0.0833465229996275 0.328403579982967 0.300116191016449 0.84550017773174 0.607041898665066
0.538026080817366 0.527043174596846 0.517290093431958 0.824484963049134 0.990798116091297 0.0422843706481353 0.449771930775535 0.323660168509878 0.173540550561302 0.6043432987112
0.325331597572065 0.400936563025938 0.0650618898037591 0.293218057407055 0.902861070900622 0.015462981564581 0.416379727638746 0.274060996851086 0.516625178653688 0.491622932647277
0.377252525447532 0.374411749470111 0.0542325446046335 0.163927006617204 0.71037065037327 0.00400473006394774 0.244583172459161 0.208855647028056 0.112434819579616 0.458502954122834
0.641024867392806 0.484683163376046 0.133759696957425 0.851543948762265 0.95311609802921 0.0211758276638508 0.390411775224808 0.330896129079228 0.0942531669135383 0.579765739117827
0.0912709042591119 0.304482238717754 0.0906318200608106 0.828925894908731 0.98398719102577 0.0350865939811169 0.263668187400351 0.256131430344543 0.116274522124506 0.412211070151007
0.86342199500045 0.752329536734957 0.0723043429090913 0.847866628943624 0.98933444450041 0.0635745575936535 0.406954472827133 0.301789567316973 0.173344697851948 0.489901240427166
0.343285271484839 0.414688209077305 0.132172258751224 0.505031588716599 0.899296719315514 0.0284137391216924 0.233890705659563 0.264100385256126 0.0492963875808149 0.479088095820063
0.860034312439001 0.299480866973864 0.544163005520423 0.673955021999608 0.99349428546638 0.114882661994853 0.527108142715343 0.338508765491381 0.906050999082297 0.573765767029684
0.0661965008015161 0.428631130505046 0.0728685397159552 0.808549387923899 0.975799031208907 0.0651963288122333 0.353694876079107 0.337691253580065 0.218241460805753 0.570419095036828
0.226236586415855 0.750845168851463 0.143377767576261 0.779383436881199 0.988583411498715 0.0846488345270484 0.566961396529386 0.374033537447898 0.63625542588351 0.664372993069153
0.501294549687045 0.753704791346282 0.122745499994194 0.841111069332291 0.991631868337946 0.0817143911324175 0.495335600177627 0.390606116742974 0.826377623643897 0.63543080833147
0.488170244543502 0.190592107249768 0.123406419883644 0.764938542222913 0.991883886324603 0.0717723340972156 0.406678229783042 0.386783583723655 0.574969059587677 0.685749753448699
0.440793350597977 0.899306280471649 0.148884815709315 0.959412287030584 0.994024349886826 0.328888643731553 0.631496008909253 0.326861738164419 0.945906643201846 0.620686765205848
0.953763774459423 0.904846689822424 0.34613722141197 0.986893231392502 0.990787596883437 0.141559833057408 0.691231187250535 0.409351565288709 0.965050357598796 0.578982364817212
0.461639058700511 0.502687457085792 0.284196911773843 0.797267266670312 0.987689356825156 0.231238807657339 0.417491910628002 0.298326231198606 0.763012770011672 0.560070195391082
0.750930782382393 0.972839890293379 0.224795408603093 0.798705051198116 0.995274837617405 0.100820355494074 0.416871959094982 0.329476700780034 0.759546620887927 0.578532657213715
0.938829471903914 0.893440929469838 0.324147070699278 0.949785417150867 0.989541137333961 0.194303849654171 0.653536613887898 0.403755992817905 0.956934963857853 0.662852118227864
0.0139139811323703 0.676324807656793 0.550570291485927 0.590443877381783 0.94479150546347 0.00666960010676942 0.303514645562546 0.282158524781578 0.229723940575967 0.49559304260704
0.311946650755187 0.189434366449268 0.232271884930152 0.912786816131162 0.963967575074 0.0707246771140631 0.468912613151671 0.335931785328222 0.658341470626355 0.538012332197262
0.936017784065472 0.926259337761899 0.400792233750266 0.927066697525226 0.998978395216512 0.173238461691656 0.671185966444311 0.513342410204764 0.968080379153917 0.632809729722737
0.236629951383298 0.12368158101057 0.107710707856515 0.634166451911912 0.976705856326531 0.0230157858280735 0.260042354567353 0.328645366691064 0.0169263868098658 0.48831278725584
0.651061931901472 0.148838251153095 0.215900417413048 0.372882242039602 0.993670711769192 0.0718004860992668 0.407459284346293 0.404813021421644 0.472928837112718 0.604859491825427
0.63525314060779 0.363747541514944 0.208760575442682 0.853794336253122 0.998326622807266 0.154372956632849 0.517689637840406 0.337419350315462 0.856525025286258 0.536037686023194
0.683598991760975 0.377717348530607 0.13897374540115 0.705096169225459 0.997828496123342 0.113750592597227 0.498523574005428 0.368654303184137 0.821212932526801 0.670474467052444
0.814864218050793 0.267756343891565 0.0746644702763515 0.742327443570552 0.994270719037005 0.269062382700759 0.563994237785917 0.399336345647205 0.983695116333196 0.645543445233517
0.216042391220211 0.171042235812346 0.102864081776098 0.912577609304055 0.943845196086923 0.123145215760549 0.360287349644035 0.369252941255112 0.508323054927293 0.64649866918257
0.580137477935192 0.233409020342315 0.279699469485416 0.844769142130355 0.992016339697888 0.0426086121947765 0.427427183347901 0.342267242329737 0.394525412467194 0.487872342833032
0.989380466586153 0.743905495289997 0.224371412060382 0.839330683866181 0.999166503836391 0.279130384627609 0.582825362909654 0.437490219000381 0.995392141204905 0.750450102771385
0.966277323128976 0.571113296609474 0.387627779448368 0.50068743617804 0.972503084649744 0.04736984112388 0.298253311482332 0.228613599588647 0.170484614440365 0.63362135434332
0.298679618257401 0.379335855572985 0.157058667791092 0.424011615513939 0.974548666296879 0.03055551740393 0.357883649730221 0.273212115640829 0.0918577412013425 0.422820703986853
0.682187761983039 0.353807936005472 0.107865550188222 0.866753447849969 0.996874410832068 0.234619090696743 0.614480566469087 0.396550722639686 0.74367961797488 0.595288681925896
0.211538705947265 0.568197269686526 0.0872447169912829 0.596610374431792 0.973323931338396 0.0221155532768953 0.427846676017797 0.286311632675689 0.0808766745694426 0.514817890136344
0.302933600850688 0.352016475319939 0.290963332178215 0.881388365640489 0.998688381733177 0.231418421954014 0.610289680005825 0.490540369989708 0.971316936015074 0.613429986803247
0.195223674039171 0.200126119163959 0.0393781305462408 0.59387810153718 0.744914140920449 0.0147575701360786 0.199698868959451 0.236320776315164 0.0836986961678681 0.375945691335765
0.906430482703304 0.165285969618122 0.212213773876055 0.890637671224847 0.998296326047003 0.198465311588192 0.697488344412525 0.55004552296824 0.988453732182882 0.666666126661007
0.123483560758973 0.857644959906528 0.263731790335391 0.867242244521128 0.980242405669283 0.0520901514206091 0.44616164192722 0.3963901655357 0.739858700954671 0.564856563731802
0.744896244086606 0.5342342413994 0.281991300433462 0.974433399626758 0.994242939825517 0.123709034618263 0.473201522012168 0.427489112562392 0.898002608463767 0.551781092283641
0.591982502712917 0.173321746194949 0.134033650214753 0.55178118294355 0.984359504774681 0.0871458554842675 0.503168266693598 0.336314181433696 0.291748230792847 0.605163766266733
0.74320604559972 0.680718734483878 0.235321920500369 0.926878064397696 0.999040936822149 0.548626441961877 0.646788469937484 0.547955535685616 0.958208160723512 0.533606402224105
0.597940026755524 0.28376961677086 0.313595044995908 0.937569108796256 0.999228536487148 0.272118243991183 0.644085741576974 0.511513544560095 0.926642540048287 0.739722998099594
0.85781371131102 0.655617437028186 0.298750360219747 0.983947152053315 0.995757092549123 0.366319098983974 0.534159564737684 0.355103305692897 0.923942087929584 0.617255926197487
0.658456792402479 0.311679947305874 0.120152190130484 0.916262482865756 0.928131868170626 0.0440215183471471 0.453687118945544 0.412716836213834 0.790321061460092 0.553351162242239
0.967457880740083 0.444152627593641 0.1707668267575 0.979015087209717 0.996242687171578 0.485293136147282 0.714195503407421 0.528215469771817 0.98846142388642 0.676964298541091
0.158686059716271 0.616436594401535 0.330567650010135 0.387255761473206 0.951145406681343 0.0565151400335082 0.396608813322692 0.329053909132201 0.341420400053358 0.392444471709372
0.273258937750322 0.210307098951227 0.0913583367115984 0.0954979183303093 0.754404353701572 0.0153902309263723 0.222836368229637 0.336505399248199 0.169114142872516 0.425650030591115
0.00383599377730987 0.0191396450724377 0.031360700064363 0.442272237242543 0.782175314458583 0.00218258258844737 0.127863260379046 0.225166823349287 0.00354442437104892 0.44059072665618
0.15001458028027 0.935602062123023 0.195882739052886 0.907492223858214 0.9891099198565 0.0686134825665689 0.378959901754594 0.230136004359896 0.918759844472831 0.558255230065698
0.0799215172123805 0.439465472796595 0.0860275575094013 0.508663818050419 0.846566930531936 0.0238881049740614 0.316120370825149 0.262896320362332 0.0550411730210703 0.45501855044312
0.528928772060559 0.223128370011212 0.251982319371553 0.950049140378747 0.980367173861832 0.0617290693461438 0.455001700363544 0.350080995970931 0.380916064868997 0.499247811766786
0.840993936921048 0.772248917675947 0.542079179783241 0.863948368870483 0.992716433021356 0.0398234750864525 0.44768097511283 0.388276126483769 0.86333089974537 0.565183434645416
0.465016875442074 0.224967118609359 0.347801933985697 0.981660566250743 0.993001028176304 0.325359488541325 0.706711928811899 0.359046305297951 0.982625899769548 0.659721111060636
0.842887025902257 0.762167743099077 0.129576801294091 0.921115020551453 0.99462622577622 0.111685356536559 0.470645674272337 0.34967714395389 0.681366800821993 0.570171937118586
0.569052774019597 0.82587303335857 0.195896022094755 0.526688640028745 0.958710065162212 0.0811810131100481 0.478598514909675 0.442944115803364 0.939878564713341 0.445391642785234
0.599469953121561 0.406949451460047 0.0567012049249491 0.223972829707129 0.971518668433855 0.0282178698978456 0.23150899052904 0.241098483559811 0.0298069096179945 0.463664086086222
0.833003267140173 0.937077644324703 0.221519437133864 0.97764102748339 0.998984646173693 0.744063464905204 0.812318207720288 0.447549105685063 0.999448896638592 0.678655107963938
0.863839391881381 0.141402919316594 0.104133242277514 0.392215930315278 0.972233538021716 0.0978768326470321 0.301104223603871 0.403853989466754 0.332550397719517 0.58371897898325
0.522901902169503 0.844612800564796 0.134143648170447 0.566725230862695 0.995201706980755 0.0891987931242632 0.417244198172227 0.322776915519399 0.614663156644523 0.703001688565999
0.132740858785355 0.196508151586395 0.223861666273827 0.400602394367553 0.959507741656112 0.0555954881892236 0.345158618285845 0.273779153641209 0.0103611985182789 0.467530010898986
0.114119682584441 0.105658424830116 0.0523108678213875 0.822745782162161 0.954807948141431 0.010073896299762 0.317273678585028 0.287262986349068 0.0090535251050924 0.479846692949034
0.463536745823267 0.0390560346673615 0.0281010311602463 0.12407846170032 0.867158829048031 0.0168866192198783 0.178130697769694 0.205379866549439 0.00354629857735757 0.444130606205192
0.162169786868354 0.417161359648159 0.174692897029211 0.0869747037679588 0.766447905993213 0.0252928332962547 0.345833328491965 0.257644471111932 0.0265947932223753 0.425099598327783
0.245651223817163 0.299439980958723 0.0624858352595671 0.951040276087316 0.895990515951675 0.00936311646215465 0.213231661526522 0.304705365749705 0.0126154128506782 0.442828670625453
0.890024410234111 0.445717045445013 0.289844257203586 0.72062317323863 0.973714302281477 0.117781558053092 0.481835529700571 0.31892641290921 0.184494594393045 0.520341327965164
0.636331233255542 0.133725176244357 0.247574147680405 0.92460558823289 0.988449648075564 0.0241388363156295 0.434775138297633 0.363849879237359 0.338351915199202 0.513398736143482
0.323959127538661 0.763229437476442 0.151113922874226 0.464071752637024 0.966835978477924 0.0402015758796148 0.307417149043774 0.251422997571431 0.175209328560923 0.518244021133741
0.625443499162891 0.95762366421632 0.0855528811001216 0.350417732465089 0.946365570770694 0.0734220856474747 0.365321527310733 0.305709599902914 0.123157731393112 0.54261333378291
0.522040521181142 0.719537392743473 0.353490239803379 0.808562702726239 0.997218717752305 0.142847167284773 0.46729047523441 0.505287826868143 0.818005828855096 0.618801180075616
0.972774454126041 0.701826399738616 0.241795898596953 0.993671803139649 0.999118731504983 0.718355266319585 0.669318022423192 0.412091618792256 0.998033483040916 0.748452946353129
0.653735397602553 0.691789055344689 0.231785911117801 0.915221180120246 0.993885882990523 0.297862885475849 0.573994495798408 0.360703247693076 0.898489991052621 0.62679664695951
0.430492121865295 0.393722034600071 0.093731938628033 0.345917735109781 0.975233619640706 0.0146971734225551 0.39786069445773 0.257415236858112 0.0641766940823769 0.37265666051068
0.796655780843341 0.836026033167658 0.231900494521974 0.928595828892893 0.992562758638747 0.115906376148824 0.465614768465502 0.415711454410708 0.942128131726291 0.579116900130239
0.891080029428857 0.898343689020399 0.463732478820363 0.860633494315809 0.997328892820569 0.337104718530745 0.615205122596264 0.423562502086045 0.996500411650701 0.803947452937946
0.201675848526251 0.984350643447387 0.175544450714652 0.762931116799754 0.872719148197854 0.110418901506413 0.528682388354603 0.337668908864082 0.403508734978286 0.472735685250715
0.814715544025786 0.87633251556827 0.134088780594096 0.809716900000609 0.996625887216997 0.119087314195308 0.484394079150148 0.393665761135077 0.607421649891539 0.478611594709517
0.464128898654148 0.315072548200505 0.136812920844242 0.662351377616221 0.972487881023173 0.0915922937031381 0.483074779130608 0.422782222034717 0.752830913976094 0.486878640496234
0.827686823732992 0.740988185638535 0.142217608057699 0.468950761287003 0.979383015869341 0.0492472155360354 0.309088347635014 0.313179352415102 0.231199172485987 0.630139239551288
0.596498757767801 0.552221052157715 0.079018293960798 0.7453879660039 0.945446578658103 0.0285252503704427 0.254296512526764 0.25584906177334 0.0960001925761772 0.483367628444557
0.453794557547597 0.547952117752195 0.285059992561101 0.852056883234112 0.944893890019992 0.135009884552496 0.450309332721088 0.405874100270345 0.224493792778708 0.497037427709386
0.709068604329962 0.873010501327553 0.192529127859192 0.849599922636934 0.99797152518494 0.275895026399467 0.683490155589681 0.411615666407474 0.914993845788216 0.713194883386965
0.767030504297392 0.162569252141529 0.303193954619013 0.888075926290155 0.974668770137331 0.070204822472054 0.5538503515492 0.379144687538963 0.691096748291522 0.643510344097234
0.779142035709715 0.773034940627409 0.204090447700392 0.968453685789502 0.999113591271856 0.21117236445778 0.605287029942273 0.521204073943313 0.981635772005775 0.58422214075154
0.271733206714607 0.354208686340965 0.191113890453613 0.71943609258743 0.938457542800399 0.0108522760696141 0.432661201582153 0.269915065046408 0.193861015127481 0.59394516773831
0.610805859466019 0.777545265036679 0.270183017612861 0.936304672991263 0.994419404144322 0.0933061276437619 0.471299434149617 0.389114062862937 0.451657523791571 0.580541829364076
0.645185735228648 0.288336042539442 0.10262559039673 0.289148618035773 0.982768495118283 0.0847887789739683 0.471142091531213 0.354881067178355 0.580867540557089 0.552918185792939
0.950367542052996 0.449421106916366 0.239093303389152 0.771485864661118 0.997916575822312 0.306059335100035 0.505570913040833 0.499262507530108 0.797973947619083 0.642989228378687
0.458292667767591 0.205439787556915 0.253315289608386 0.884379934353239 0.972466968045149 0.0454501288337945 0.569517784032118 0.259098926027765 0.419308731636796 0.50097063218072
0.859023654203893 0.81971934582649 0.192235912413224 0.88753291948634 0.998926639959042 0.462466627256924 0.719842917627428 0.393201743324692 0.912667358557505 0.733362791791529
0.561344643029196 0.53955129086764 0.711862970216512 0.861131139184787 0.997382234943345 0.282156653694434 0.53767420214963 0.382818898972206 0.955360701223815 0.666049360418173
0.490803771386407 0.884161289364671 0.0752478454538426 0.452465964420964 0.992967064717779 0.190352110765941 0.414420112847055 0.40214813106203 0.599299221180422 0.494933844763204
0.771749313333022 0.526765188039618 0.175571842273918 0.850550113423179 0.997881660990661 0.19978492932901 0.656158474011252 0.438210642353087 0.703509970541215 0.639170261747512
0.32859248924417 0.0710576510859916 0.173934094920171 0.949561034294345 0.988084635811633 0.174428955906857 0.525104709840994 0.382748223809391 0.76104066991225 0.586460472169552
0.584481272318365 0.618635302950436 0.0628843785461961 0.781912550786657 0.940837266848631 0.0204302147606216 0.294618399297509 0.285916209885931 0.0977642780105908 0.592019377016042
0.22235892693696 0.0333410033258029 0.375846625626544 0.222357764590328 0.645875371935336 0.0108753078746435 0.27823878668051 0.184024429708056 0.0127477454604541 0.519917144997054
0.385950520759434 0.74807943670259 0.100784232271644 0.806745325989776 0.961613830088754 0.019635837686842 0.429194817412803 0.305170313239309 0.263268431883098 0.425474151667726
0.32255932203134 0.883961722372411 0.46646020337814 0.80131238005969 0.942137443326594 0.139144151365505 0.442317515032256 0.453343039038545 0.705627763041259 0.555939143080459
0.06642641534179 0.177790479423585 0.235869790857976 0.140266915705628 0.926303749673301 0.00385599858736302 0.218609443458456 0.194762135197963 0.00357893505815737 0.412562072980407
0.396175221391903 0.944800584773496 0.179451945142346 0.781426879283639 0.986499768003656 0.0541712782112909 0.351688724572146 0.309887220290133 0.759610004887072 0.474870253869902
0.656609258205082 0.872145390103566 0.0638670701016838 0.915171180620789 0.961154402111032 0.133836452230452 0.449896145730819 0.354736538518688 0.0851285810582684 0.537306424686353
0.34977266743456 0.682613406074319 0.187330346861303 0.706862816412898 0.958008331911528 0.0665072088791868 0.308459749319261 0.311226884360878 0.1745455653322 0.591626097203444
0.905694315255995 0.369611601019965 0.652878988009344 0.862625097026498 0.998154888804227 0.481665335991949 0.596527688476549 0.466083873284018 0.734985371913062 0.72445245771806
0.959361217277805 0.538867090755254 0.147629615453309 0.919847918604833 0.999428194642848 0.371563002513332 0.60704153974851 0.502042601992127 0.989942761840131 0.655097282207346
0.358649968464544 0.590821150944113 0.294940119101483 0.950523954240525 0.991679301264766 0.103889870863594 0.481897939188892 0.418626779494463 0.801223295665773 0.513293577485015
0.269166479965867 0.824958013560391 0.0809906879695515 0.826767434919249 0.967024638659131 0.0488295799055954 0.481446438137929 0.351977883949523 0.909069997489785 0.583240110448591
0.603686454879584 0.493662961946112 0.429002393766229 0.728689066406394 0.938105036651346 0.0434341123455824 0.337883502224665 0.326844270117818 0.728483491834906 0.541392539324098
0.692975075261057 0.0406163632761021 0.234826219438823 0.891582420791007 0.987843419189249 0.143797625495583 0.414624186791219 0.466914741402568 0.628264469211566 0.596556117541574
0.286297346520906 0.1850218783008 0.0513481681616344 0.795919229798058 0.995629801298799 0.0902687785016418 0.427228217739252 0.371027486704899 0.112112934027219 0.526228469536894
0.775027982458229 0.846066271140769 0.130308925578983 0.713580390675981 0.961341854823448 0.0771512990366101 0.47115828642375 0.405324131130274 0.793695039857831 0.534375151939186
0.877710536612819 0.917483112075364 0.0782158096495721 0.840334629285434 0.977807308608288 0.142854224846166 0.603709470532728 0.369258957117179 0.896701388382935 0.68037993199859
0.361285950775051 0.220734271547334 0.289523737264036 0.299345766365275 0.968081560012348 0.020258280333992 0.271728487813575 0.299180402509928 0.282777707931054 0.530639802140607
0.445640998038229 0.569089839425558 0.0832549084705688 0.674618891091272 0.990977942121417 0.165340005141071 0.432228597320722 0.351400232592132 0.92173035462227 0.529254848899143
0.124739611734682 0.533906444095261 0.110174306472734 0.777250970024133 0.963850247141016 0.0227963246868657 0.212755469056361 0.277504630058021 0.0166818505062409 0.390212842392724
0.75328194761712 0.182909616907325 0.320474260187721 0.863601328328239 0.99426758141584 0.170861356743182 0.488205677478407 0.381930493038549 0.833577435892201 0.660457635197401
0.905572996094735 0.945911994966093 0.0569918754810778 0.924808900083386 0.998913037758667 0.238255153826508 0.620984089567056 0.441612722700336 0.93940430765622 0.682007693677133
0.737507972862319 0.597247107582803 0.316167238636321 0.598270214290629 0.992342741555085 0.0978987002089589 0.58231057050293 0.422300635530703 0.468334742499995 0.629798245044266
0.848687806887345 0.918823822242003 0.530330687132601 0.94785575005753 0.997815830257292 0.482929095695715 0.619519537777515 0.597534558913743 0.986167969168046 0.66050828476349
0.227135401347061 0.157752325091173 0.0952874471517865 0.533304902946626 0.929814261643671 0.0210902156102672 0.313731518905518 0.268286344469962 0.133958927103151 0.334656653030997
0.391530014953554 0.7282825212269 0.174755901460721 0.769303985350933 0.968002799136335 0.0242129223877417 0.380777428488069 0.292503577328866 0.296768441869004 0.628871242993271
0.307944958477623 0.56098029514787 0.0740692745424401 0.5487784993488 0.962002805113707 0.036521859068283 0.281271809025769 0.372154037291687 0.125125806237909 0.576475498846605
0.97540533032252 0.495290999117501 0.528078201452818 0.991506193878136 0.999511889349907 0.560294146664223 0.736782481329926 0.606146667537447 0.999640190607644 0.717055583001112
0.588419596424626 0.457142154586238 0.35126628134324 0.851280472572009 0.996557731191384 0.172014095760306 0.569819514428571 0.368196098154151 0.960136011524133 0.539822870023054
0.0319806842422291 0.113675472247014 0.157899946318485 0.508087659049365 0.771389508770209 0.0117772922103857 0.165307492156109 0.286420705527815 0.00705345592187397 0.374283603021027
0.824196339050578 0.81189821129694 0.34650427448957 0.8963480824461 0.997596055350442 0.157100973276272 0.590266070494548 0.41424761806183 0.967068460769517 0.607862144127364
0.893399088846813 0.697541566281547 0.19445548829588 0.939299092945892 0.998466632079299 0.424896919812728 0.725090366039196 0.472728203071057 0.897733699545797 0.688993720550347
0.218181139713633 0.643863974346145 0.378593130049497 0.723436919455543 0.96894442295022 0.125091109085718 0.360112018336123 0.33076743088173 0.0796492873213281 0.666486918126731
0.764950341253258 0.20991416446079 0.114104637225201 0.708340074075848 0.991817682955844 0.116289824280716 0.473706767673832 0.4373315148175 0.639727687993411 0.651688879720532
0.544392498012942 0.372863368940457 0.0792459413115511 0.984213327755095 0.993658082063405 0.0953302843278067 0.511477851315676 0.347214601656221 0.686016117602313 0.563696857908312
0.848013911861909 0.855603814046737 0.0712738412844599 0.977431910321126 0.990925998759318 0.273374333390442 0.542901801053148 0.338327819505521 0.979216956372777 0.522937620652575
0.084312590040422 0.207456465265698 0.240031875912735 0.568492951004588 0.323347179532751 0.011527242812486 0.133087171234521 0.225512848364366 0.00149116988364913 0.321565749374794
0.355000258318636 0.789054213288583 0.369512780106793 0.850295710874226 0.996852910012606 0.318334981154842 0.503226650869193 0.369240536314196 0.672381597843509 0.594749773650568
0.899689360354126 0.910134273799763 0.463139413345274 0.979289081066421 0.996522910383567 0.753874047268037 0.796709367292879 0.445888163369432 0.950655298131525 0.619952399504088
0.32622811313936 0.828101917050497 0.27125608274385 0.702726739095668 0.982633275284161 0.0308545249737463 0.504947452138224 0.224502247749045 0.646968984816018 0.429003430668117
0.713937008055082 0.958450511336145 0.212975070290938 0.618764371839079 0.994322478691151 0.0263732014574996 0.403549836543262 0.365586299896396 0.331396497980195 0.504694851676568
0.5802807935937 0.490140248478525 0.452479178731875 0.948292349493902 0.997336050488663 0.0747867148871385 0.527228048699033 0.451298990173907 0.869504328679142 0.591851947739464
0.118903635910665 0.371021895869841 0.188078941495014 0.0920351995622372 0.972784343147532 0.0137686311369809 0.223041767902864 0.276619351749148 0.0234597030371424 0.422436112372493
0.394217301447954 0.749148087925083 0.206799356764939 0.947173430245196 0.887117069710155 0.00831925039640034 0.37276738735589 0.269157628303635 0.155109318665104 0.543849288251002
0.613116572310118 0.630369819303645 0.152445604548431 0.810219357200349 0.978774269865932 0.0425345291403813 0.262147379111388 0.376500787982549 0.546975471431557 0.515865890448447
0.748195662185106 0.716554734026609 0.178631713854792 0.766433665983993 0.998978893455573 0.114716629400824 0.540546716796369 0.393349006658674 0.913588333249673 0.614473967960111
0.559941271839502 0.784625596186238 0.199232095762318 0.924398505995488 0.962072708899707 0.203326478279662 0.444756678631036 0.410452193593266 0.707866912366493 0.50737583983099
0.531703607225043 0.059121702329317 0.0312177089753313 0.562075750391405 0.762174029277223 0.0156404152515714 0.331856379082032 0.196611482838928 0.0660191089245435 0.454357601848932
0.822550944662462 0.830074371168659 0.352329212891701 0.837204520515686 0.999675227420995 0.314069906820888 0.602277186276165 0.526141088143583 0.971002637641019 0.651069400447351
0.392380247892375 0.447783646555741 0.459778869887118 0.637238158973946 0.979064756565873 0.0579220990955207 0.281535916068691 0.261938393576899 0.337646244748575 0.499974197321945
0.84199882677011 0.298324914023527 0.143067929004624 0.948825187058811 0.997947680420137 0.103454906351354 0.642386675426842 0.30592362671898 0.932640931042804 0.595479408641998
0.574015177109637 0.872189513688598 0.173514613040335 0.606506133403932 0.986067216815633 0.0642226305428336 0.437498452953902 0.401200559597614 0.709737220678893 0.422251589507779
0.424856595739166 0.746415796217104 0.130974574233109 0.893835305079297 0.988203958202781 0.0527088226674705 0.403046089981727 0.298769524995522 0.48775920785735 0.551979639066472
0.0905626706688539 0.632161746665022 0.19153359600808 0.826726068417474 0.995247201041706 0.225690645649198 0.59597844709989 0.353502424969085 0.714577485135517 0.571616003487315
0.945917245973405 0.478407458258078 0.141635779499153 0.976986414643578 0.998850902649298 0.461764020853364 0.756111482234783 0.444047308236406 0.991431735170669 0.713357080689809
0.934634043983758 0.929550665878316 0.539024039946566 0.951947031881332 0.99875547290584 0.495072016810226 0.743791940921324 0.5010148635313 0.994804520027253 0.793857795969575
0.475188576327744 0.0851602450399802 0.0813262669130304 0.64699016020294 0.976889706236958 0.193716644705381 0.662862495747165 0.387787464730246 0.64987261228043 0.569305806038907
0.246753545185079 0.801130797385078 0.147312742419002 0.541028353416139 0.969383533371258 0.052167988429427 0.276157933175838 0.307383210507618 0.16204515515766 0.501100294849764
0.851259392719391 0.420434322920749 0.387983089736084 0.588881820546699 0.994536420720363 0.162891261085023 0.533467136853328 0.41363539514392 0.956187276705751 0.643835139922868
0.739683204443603 0.710530271373432 0.110335517067463 0.949664576311063 0.996189603185802 0.298757178075411 0.566074336902625 0.503102137491138 0.990114216191064 0.630096272181305
0.359757805223736 0.255466624815544 0.18015556839494 0.375399416866183 0.944784888349779 0.0889055129662343 0.362350030079852 0.27445877662505 0.247264075062709 0.531774817853107
0.789687639351399 0.779142913064997 0.11688849482399 0.496289981525562 0.962553041765462 0.0512969327705054 0.274344259968273 0.353374571252042 0.316384282807272 0.561873254650222
0.868464085062639 0.910861031413907 0.202284579754113 0.564758587624277 0.993811871378379 0.0903045612167852 0.478551147488521 0.423829027060422 0.901320422896391 0.522814413411384
0.382653755299854 0.227959000592967 0.0904739633454198 0.772775103722967 0.900971935328875 0.0113950329700459 0.237496631205258 0.286243297724608 0.0933042633421957 0.477479847561704
0.172610659383522 0.0298838490580538 0.0903517391135834 0.768434943303439 0.878178661869879 0.0237487542404502 0.346229390902966 0.349541339840286 0.21109188739144 0.466100575388935
0.83582528485118 0.247572408160433 0.31234741201563 0.665693008442391 0.882889456590497 0.0198557909129624 0.373073824537185 0.269282044657354 0.282675507657359 0.625598136132979
0.19773508173277 0.269526984423537 0.0758781060732337 0.608383786430992 0.949842270266834 0.0122312922700647 0.328795733160833 0.281794487586925 0.0480281133665799 0.383503651712804
0.112520305876089 0.190666918423003 0.0465913914200849 0.9242416923567 0.949300685589561 0.0163781286945834 0.360170747771257 0.275610822462453 0.15068564143441 0.520427302245421
0.344818904429734 0.242792377684853 0.144129009865743 0.121475162906307 0.952090025008479 0.0117399299597647 0.193798909066609 0.181060489534128 0.163445523651097 0.483275312131073
0.178068562718482 0.246372048384194 0.144471416272824 0.492452121173935 0.810760758681675 0.0189687961515071 0.22477251482161 0.244688327717735 0.135715209892775 0.523369476701231
0.726478718550433 0.867062960221117 0.184102122170987 0.938632967773629 0.994830673688691 0.318293314122294 0.550198275150029 0.358614211492412 0.633019548613046 0.586141233100479
0.769776895124369 0.191413581047183 0.267618177592108 0.928975665315019 0.996964796160404 0.0995342685191709 0.50259289323606 0.311655232537376 0.763866095260731 0.606744782785832
0.845239661495744 0.560327181481742 0.139000455047967 0.550600871361685 0.961115920157964 0.0362138801571565 0.242567991995659 0.218601693590064 0.399678242117987 0.471023548848221
0.515189185652177 0.970258221245653 0.178299104246601 0.326570585718224 0.942547285829656 0.0267239391066408 0.399176279318438 0.322243752401307 0.432144367655223 0.595274931423832
0.772701005380503 0.866318212891826 0.440956911715273 0.953641725474871 0.994159548750725 0.0944871417514585 0.453709669485372 0.4133041403818 0.946588629084689 0.577849172389257
0.867869771009863 0.540192084388015 0.272663494574044 0.755657831585412 0.971152687693602 0.127108776653575 0.470394448368719 0.306515816185313 0.436962326813816 0.581771683211829
0.33000814567942 0.871399342668196 0.151266980910115 0.79235745637528 0.947015404921253 0.025913892494954 0.402604792414183 0.22104379748784 0.65225307609816 0.565834057125175
0.326044563528473 0.40207043538382 0.202790548419966 0.558087339352541 0.993774201369637 0.0909281729775776 0.450111172744521 0.367854584779494 0.900884956006859 0.552650686609289
0.206117969195436 0.49155702865837 0.149099709877862 0.887641268956486 0.972691036311979 0.0365767510147782 0.290447433202559 0.280215486126441 0.160479748266397 0.488298948729196
0.65255234472154 0.199681260666355 0.311038711444806 0.947050647643601 0.998801027251913 0.113728572065397 0.653509819845206 0.542303989578246 0.978706624417315 0.665523611863008
