0.859456151044214 0.663288469849541 0.294224941310473 0.748863576885782 0.973684257846066 0.0553915831931894 0.407288757324454 0.470664307129459 0.861788539428294 0.625855290603309
0.597667433626026 0.272632152017482 0.474238525378095 0.949546422994568 0.999128420262899 0.295195257398037 0.625702223891823 0.551565333130633 0.991787851431488 0.673289121226861
0.353340706799665 0.975475988831383 0.0419053515763995 0.583279531778003 0.986383097668007 0.0220986613967277 0.253652652560828 0.346889394335566 0.102489296580162 0.475828638850698
0.8747133477943 0.702553914144502 0.316572889148133 0.624369985454149 0.987112249284762 0.0681710404226304 0.408639411364827 0.418685088646188 0.373367845521364 0.631000613555255
0.0406830221613107 0.116920584399154 0.23276557087508 0.744007291231094 0.875329290458254 0.0050826122491476 0.274155229293781 0.286050123747218 0.414547650843338 0.488455578854401
0.720349278106519 0.574353480067739 0.19183222914847 0.840059002223549 0.986287420690032 0.0830964036781106 0.374587747354002 0.370962062349832 0.458817403167053 0.612046920871328
0.124273873958297 0.196957825771819 0.299873660082991 0.874806507857786 0.969838875395433 0.100935651132241 0.326074250380582 0.287380860280435 0.185187309416152 0.52207913509427
0.0190980785063469 0.163659804656425 0.120403110164225 0.280062316569752 0.964932621798225 0.040187147937166 0.251582629087763 0.261910854725611 0.157749287021754 0.485736638444606
0.664386275373622 0.114949029306157 0.182189635093306 0.920822969127977 0.997909438091307 0.250255568451249 0.530426935175299 0.323878783467322 0.747948243062452 0.631529547873136
0.843400209253852 0.484522329991736 0.348321543618477 0.972596425430344 0.997352711103717 0.0429792795567632 0.556813753693804 0.440759818885663 0.753042145130742 0.530765885454014
0.681766538804056 0.483421338921077 0.042498876973614 0.189862543053939 0.9641418815446 0.110325196239301 0.444325724195836 0.39200172953994 0.746081305238523 0.551841610821798
0.985841347787666 0.916307515560862 0.450877417313297 0.909661806731328 0.99906319143963 0.553792070079215 0.735833857152205 0.499792000608883 0.996658140564076 0.764217458962618
0.466400096698286 0.22028481390347 0.134721803655878 0.66498607676664 0.972631660957146 0.0183237185408203 0.335742908826828 0.249902905347653 0.0346224840524523 0.512541012726383
0.946576779229887 0.231464371989011 0.0972946938304773 0.896550122278558 0.999009301370828 0.223967581624573 0.817679545683651 0.48370009425349 0.993074121565512 0.591963892919038
0.915648005055307 0.0985191038584893 0.265701710139178 0.895517853637544 0.982277405315093 0.0412313390397811 0.491476397861827 0.277488695924397 0.734587259119235 0.533966344199229
0.635952035215174 0.344380071115097 0.142612115594762 0.684234975495127 0.929043128587992 0.0947433795607993 0.442514964228634 0.260363532597967 0.696333476755207 0.620461515733354
0.145497150249113 0.671051879186633 0.179785258946559 0.899521633218347 0.991711200688226 0.0844971617326664 0.445785816291355 0.319894887411869 0.584107373135617 0.605419992699318
0.901666136935084 0.93734239834451 0.149581859333346 0.972343735586608 0.986095451552832 0.267459644785088 0.740209112812989 0.487290257201789 0.964287638792298 0.744362992954002
0.535265570233791 0.299499395421864 0.289113315223836 0.870714909421621 0.995826380246812 0.12283101374166 0.530537013667285 0.450998507399939 0.906962275524906 0.690298029866955
0.558225499502362 0.173584778521859 0.184903483368498 0.584350830293453 0.975467627252939 0.0198005639460009 0.254160812970559 0.432480859585775 0.0404349365797603 0.516132448613013
0.773918969435006 0.275928378996425 0.313338669278331 0.860854901203117 0.997575567223493 0.621113003689835 0.719446303726467 0.501946475049065 0.97406138318135 0.577511650393781
0.557811995852233 0.206756478286578 0.117410327002003 0.768931200436191 0.991210957504166 0.0873219175170632 0.419433637595342 0.325886237480762 0.201989750076796 0.497435446941942
0.672355543778143 0.251796806639579 0.336146045506731 0.919240335576517 0.988527185982525 0.0462278668539947 0.444453493813843 0.282267267964346 0.416317268337708 0.489545821796194
0.94588477727272 0.961706213733085 0.469035517561715 0.901496746625878 0.997437422080855 0.298138587271558 0.61281865163223 0.434482197954476 0.924828133570126 0.733514355945093
0.774828577056746 0.710526016627777 0.128371836252881 0.791984976929513 0.996607881354785 0.108672964991785 0.489997327578043 0.410258825683342 0.89341292725191 0.670262188827257
0.739736839619537 0.353879991561935 0.480881149001469 0.694983391369414 0.986217950594999 0.119097988453204 0.505821263581761 0.447273988001452 0.960982963362337 0.458565719572519
0.680102107407252 0.814345972234524 0.209411285177281 0.429695804966107 0.990380342306486 0.149242812011849 0.346660312751951 0.387439074020108 0.878688938942774 0.6358306863506
0.511712532338342 0.829321596723197 0.110057061951959 0.689430907043893 0.991160623998885 0.0245436124147372 0.582838901562482 0.345487296660808 0.887315899289432 0.623121825136261
0.0477389026603622 0.0221764394206753 0.140365766012554 0.515740028100081 0.890293733719553 0.00741534232324306 0.272878483454176 0.271505366947603 0.114048754371479 0.440427046215901
0.893354790797746 0.960798648772154 0.417727674201449 0.961602848507465 0.998117686146158 0.723900652377866 0.847738729121798 0.507373035361459 0.999707876076718 0.682082998771596
0.317487013555877 0.967546432507103 0.413681886177193 0.901074348531407 0.998360935867588 0.249797382744223 0.599453233062481 0.319092073968769 0.670197209577342 0.547921488318077
0.356662863053278 0.749440823682433 0.332433466482111 0.622803487410233 0.938809628767645 0.0477326355128592 0.276361448039284 0.301509862074481 0.234139062089104 0.439040086581938
0.845466378884096 0.590443907563234 0.139451190960321 0.634730401608625 0.991720809387371 0.149234919867675 0.533298636139788 0.485761088544832 0.775659818590039 0.537583106335919
0.77438985467747 0.903261460954793 0.251580917167579 0.913483348161869 0.998905216595148 0.302750971499174 0.639978257397961 0.465397845425696 0.980405464881095 0.66943288166371
0.975701871809005 0.135778105305681 0.19018852849162 0.952772173789136 0.995701680312864 0.112905897348681 0.764923936284706 0.406950501830776 0.96500665769505 0.585194448347923
0.504701786317608 0.687960642899098 0.172980653515782 0.858146912392042 0.998103156037989 0.0966466833613455 0.35361158852037 0.420309597419296 0.550533246612549 0.594936598134637
0.552496262907013 0.498792052682233 0.214475043011181 0.443172133355074 0.982365772210185 0.025705941455449 0.366184851340924 0.258324423856196 0.438568565213524 0.574220312687098
0.671292038170402 0.0194251601391094 0.0562332151318095 0.691682610728697 0.883698924508369 0.00539691818566526 0.151234126219098 0.246490134695595 0.0381157467717324 0.409655683398093
0.762501145875426 0.617047453098975 0.209854568152751 0.908797585084881 0.997904114190702 0.306666916206472 0.660471537684319 0.518150873255815 0.949194625150078 0.623014608847679
0.537755724592207 0.839399515481442 0.196033516567751 0.951021403531684 0.987380240719035 0.108928871495468 0.288361330413227 0.299536065922574 0.532599273607953 0.641633323963281
0.988422505296125 0.848269510872428 0.664985067030326 0.954730945733453 0.997726130138858 0.492190499407474 0.800902798312979 0.593316781153432 0.992563201323722 0.678650366274751
0.191672814268926 0.371882932528909 0.131025462328969 0.822908805277942 0.954089121878609 0.0407336613854871 0.292643479528478 0.309244449551967 0.0632617093875621 0.529080477474874
0.84243401682489 0.496734659312867 0.0467839697359744 0.584836093060947 0.998161154964626 0.17305384804825 0.485781525031572 0.42281889480577 0.941443271376081 0.627738568623086
0.295457667225142 0.35243471540515 0.0278812748168839 0.401747392367704 0.947236330198878 0.021527722000289 0.451760032089111 0.385460185435176 0.323162403349135 0.480153397518163
0.115506290673334 0.708982008892751 0.0717932338732756 0.351477337986414 0.840326988685181 0.00991370758336601 0.207395438595686 0.246599872805447 0.0218601376838115 0.40753636556713
0.849153051728922 0.894838774666663 0.249299357872645 0.783822632376148 0.997402687331258 0.307783392243679 0.64771010238509 0.465051568759215 0.963119949432267 0.654219386076833
0.525287270426984 0.627752283884516 0.171044706246013 0.937374193514356 0.996199639110299 0.226894400254264 0.649268154401148 0.380046973726515 0.696460806773919 0.576667953051965
0.323441901692019 0.853639447475336 0.428268366499716 0.884602090599871 0.972268429653848 0.0783269822701534 0.396167710507201 0.417219065665006 0.754571695671721 0.662004548722634
0.628178118057359 0.186655476294345 0.15682836885024 0.587234353681415 0.905211185566128 0.0388716835680193 0.405954252091743 0.307389816116122 0.0284206277864391 0.468200731292275
0.378313649913728 0.435734367904896 0.0930539760269913 0.749767330397259 0.974487389099915 0.0656545539772215 0.451410957484625 0.284890208965257 0.455944255002656 0.474972366553277
0.840265038417689 0.535739671606388 0.0768447185648263 0.826466288317484 0.907814302111341 0.0798700068538751 0.380514116227786 0.350756106656076 0.317714177934626 0.539286001211252
0.280629413080737 0.110961339652963 0.139481842935847 0.795199525947198 0.994211140462607 0.0905290234777578 0.482743927734231 0.351359633184458 0.675471021478424 0.664593059264182
0.831550979492596 0.315592300002794 0.128534181099939 0.904856533334054 0.990690986081166 0.249987372893024 0.61295695446186 0.393103043612923 0.934541545765015 0.66000973199592
0.18797746415534 0.905382572082283 0.0365265841048253 0.723957776313803 0.994042509187027 0.0421142668939349 0.555591758606093 0.368634686798085 0.695353780314581 0.614415798427227
0.692150341806274 0.307194298454015 0.111855598574056 0.949151509539349 0.996351671190769 0.342311736016194 0.686870509677427 0.561871277296153 0.836931134244861 0.653865303332156
0.743016833659372 0.817510647415917 0.305770357925728 0.98910510782941 0.99945431957114 0.44267588272086 0.599030012016008 0.431414014680888 0.977793006599902 0.588899724032007
0.583592952567269 0.515616027581708 0.115413746239814 0.764243486684026 0.988203254624427 0.161046879080202 0.624565327177693 0.414190022824516 0.938957984072727 0.615522367310683
0.775620857866908 0.734247398928819 0.257486624589219 0.924497524520059 0.99783237121193 0.261034585725121 0.532278828185032 0.399424698113261 0.982497864485843 0.69247729975513
0.682360712876804 0.866074292530981 0.172759858080712 0.833395997598588 0.99834997468161 0.244758329159158 0.669560123261672 0.377944261109965 0.944185642549951 0.739648037722677
0.534336790772672 0.178116344245723 0.207048484258805 0.820349881611761 0.99425854375065 0.0204958111767831 0.322731332582622 0.318020412700705 0.0780807743763605 0.56274412394662
0.237746755421351 0.354926967571158 0.080009712690188 0.834345045443144 0.926529679142605 0.0326836698802763 0.347655958367659 0.252970738310486 0.0370311265124853 0.521352469264389
0.143108988162028 0.467862186880533 0.197517070827986 0.824846906367584 0.979479545966965 0.0119669292667195 0.360812373776581 0.351831788983036 0.0539933045139308 0.564452888373061
0.600748550698181 0.75840008670304 0.469396858045235 0.956560401187752 0.991904645804712 0.114271543333075 0.348300583122206 0.389057394796917 0.658574520842849 0.560558310756784
0.0653368785808819 0.555739040051367 0.170787991809552 0.279591658191096 0.727311061335586 0.0112258922542749 0.167575914352359 0.279600461243208 0.0128653167581733 0.271529247759326
0.600733163654871 0.752142527337467 0.0665220050552324 0.962046217861702 0.992867614178441 0.115989741213644 0.566529532537167 0.35201753524843 0.939843155561023 0.667443376701611
0.711761164456881 0.531232349687251 0.237584935888419 0.901174775426578 0.994840108111642 0.178905689826452 0.496034085413956 0.357736511417992 0.870062293273116 0.588035524218299
0.0594403586010562 0.454850985809835 0.0298127662383294 0.0386847114325098 0.611400921254745 0.0151596527774382 0.241087698437446 0.320248995394097 0.06757747855883 0.467705553620532
0.218733741539086 0.05845084629945 0.111430144183889 0.754298648831032 0.982285090760058 0.0562547507220654 0.377327018522007 0.292539028840059 0.565867505922893 0.541196204577126
0.549421990523312 0.288664470119041 0.179798020519838 0.873269381432021 0.982408814780725 0.141678929757677 0.578463614452807 0.336544049255607 0.697951020728029 0.626318217347864
0.587470978997658 0.898506116087919 0.185378136741458 0.836503633988748 0.993049030219347 0.0543744207211773 0.465401095333992 0.402833842435494 0.975336032389588 0.67224634927459
0.353024453329695 0.548389369317695 0.107825647537306 0.797654284826029 0.887286474678386 0.0098158952936574 0.314760873629287 0.24249970191224 0.00460310829871916 0.430195763513122
0.515376699647462 0.491735047339476 0.0355624502718504 0.225625040636288 0.91010413334195 0.0617460633986814 0.318102135584043 0.257836146128449 0.154720267239189 0.450562030045886
0.252862809820007 0.266487100256115 0.404018417443064 0.707899303263316 0.992161532687055 0.0511111760281411 0.425342881428502 0.337081780188239 0.314489371578471 0.553588410246033
0.184054083918156 0.27165111300726 0.0268614367882394 0.41396023814142 0.948837496231213 0.0231489712750515 0.201134816258538 0.282198643538961 0.113116368140437 0.374940768550851
0.502380351397131 0.482304070873633 0.135816085499095 0.827448918782086 0.995363120144998 0.0547875687222163 0.458372772542377 0.279583129672898 0.635771265763177 0.509381429255493
0.744527585385366 0.165739925415216 0.62116942209799 0.955235313944583 0.990303149908319 0.355839335906804 0.486276928934647 0.389177232771073 0.882582515181244 0.574927430505148
0.939165233678043 0.783631663742245 0.267372978065215 0.943030260789068 0.99826789537608 0.178974483761548 0.626366529218386 0.406488970651597 0.709895363521514 0.650648454111365
0.792847472871748 0.881660662895514 0.387443982203043 0.992332574913794 0.995798264777229 0.217674341864126 0.636946484472184 0.358774691899679 0.726219283689254 0.622111734672489
0.330745714357058 0.420723039610909 0.239618287321355 0.482669857211059 0.980325028683712 0.0488216141476341 0.451409100740026 0.330261811923296 0.327470623788074 0.426204773845253
0.829184752841584 0.781347398270708 0.36787972837925 0.765012851799706 0.990163639196275 0.127116339585536 0.404278416677566 0.413565543733777 0.145244369281966 0.569719843859492
0.574094239999609 0.899400899475975 0.0438172798696092 0.571508290823232 0.99165758899 0.100982848178989 0.407921281963925 0.316390287272219 0.547590856884341 0.569647144495321
0.191195300613714 0.433751379764325 0.583803850308525 0.489776627553389 0.974237126049424 0.00851199437356022 0.32395289326989 0.300951208265406 0.22408105402075 0.486336655229661
0.953700458261485 0.396294225739066 0.27308891770754 0.967415549804008 0.998425141243007 0.310642541950934 0.622165843363447 0.432804930979401 0.978510164065598 0.548366576476827
0.832933307822163 0.547280371977178 0.549310760201252 0.978383671970141 0.997375067617938 0.526566189521944 0.663763299955366 0.340004722925664 0.990416390332131 0.75932466292065
0.627432401648795 0.676093602118098 0.106440280266195 0.808355474620587 0.998595016578964 0.310792837632524 0.543366043503894 0.361965676940429 0.964929191546993 0.638612911854469
0.325389585816545 0.510397939150745 0.104694484278169 0.740853487933765 0.987336160298842 0.0411416977390524 0.347077279292362 0.251996478009167 0.59354962941878 0.541828071765243
0.886682885830409 0.254381195486178 0.135052993439045 0.896084805757739 0.995891404049951 0.135907204570547 0.65810709690179 0.510806984758616 0.959252476489976 0.542825194366277
0.758480681150252 0.953136796778792 0.214941495377982 0.850536909622645 0.98747567229891 0.126548989214654 0.517758326482579 0.338672945969312 0.676628217486922 0.634253010033721
0.630674500695044 0.382644044673643 0.135506362104342 0.840707448167727 0.998768899472445 0.164456290853642 0.428460791928335 0.434121951397056 0.798164882959619 0.625986010943915
0.797570352605711 0.968939429222148 0.332526640871666 0.746680872792701 0.997266008725974 0.104191127167551 0.493728110306976 0.385384648472694 0.938942803974081 0.566667750197545
0.443005318793813 0.175190965938964 0.0468580169153898 0.750996912349256 0.994778806380395 0.124564620026274 0.469084109725971 0.447271286903728 0.905942593032413 0.552563395439353
0.0457013696152563 0.417205866032211 0.179252136381588 0.129748744676654 0.906462944179108 0.0117218764325066 0.336048706952843 0.302339570457412 0.215598446887327 0.454073463275712
0.318332577491256 0.0913352322887727 0.0652282250899679 0.146753654984922 0.942391012398774 0.0130076264349212 0.278767594635608 0.323521256758836 0.0875968627926733 0.399967321850361
0.470095712861867 0.190501986591352 0.135336393246098 0.526850897834292 0.942816772122717 0.00990014208475324 0.177959761984651 0.264099347084081 0.020756205499865 0.408482370951986
0.831171317494427 0.256329936929407 0.512630245705978 0.914758471499047 0.998024400031435 0.255543054795707 0.610722442847114 0.445983213792619 0.965504932428974 0.631358109367333
0.94306498565369 0.403744552499976 0.159189252517685 0.816282126592402 0.997423905983519 0.117175906826662 0.433052270000034 0.379277224720333 0.88913309197665 0.622004737420773
0.00989233265640018 0.0432871487700252 0.075003756316969 0.258970540382578 0.773717494534168 0.00850243944766632 0.179261359001823 0.180449081439604 0.00697864320774856 0.318611767113167
0.100522519946033 0.113496260703692 0.0511297925581302 0.53474998315527 0.826647975315213 0.024260679508749 0.291078091608701 0.299671627278157 0.00525972069776433 0.504730618873408
0.665361265796106 0.940407754397042 0.188979832012619 0.694485824010937 0.893532868709642 0.134224515986997 0.395648578208884 0.292944232209316 0.481364566354708 0.595278902906993
0.573957408641588 0.0696564934087174 0.0734008769231021 0.207058992589911 0.981800413995001 0.00732614342874888 0.351733620820022 0.293793377815686 0.140877581705683 0.513474920574524
0.0525230366142049 0.189708311657479 0.187276551571693 0.563628747118376 0.933208585694138 0.0266466268925579 0.320566500046988 0.251564704957702 0.532967335064343 0.435604026429619
0.321784948892586 0.65631282855842 0.115606388112827 0.641117836349781 0.994716743777108 0.158012734028015 0.719861666980411 0.487736541473411 0.731424539736305 0.63171169086638
0.64246047225361 0.627680890333467 0.14976872105395 0.878184235570423 0.989758431700406 0.118907255053113 0.630336268583485 0.391121127077479 0.40782354371959 0.652809237451043
0.632799348279063 0.802020189148949 0.185931381681273 0.866065568014494 0.992931544574765 0.0621027300333096 0.484211194474973 0.47062850108758 0.491094138027397 0.640950205956571
0.87292573061365 0.841127523029134 0.0502878902807384 0.455531762187958 0.979351881240666 0.179248116055513 0.45493066609155 0.31156465616744 0.138623300574381 0.624674160646291
0.788964093844049 0.386507623517728 0.240852171385898 0.900630233640561 0.995870560709466 0.334074810664638 0.532694150344671 0.366704546132644 0.906619780508271 0.59944725762773
0.109605303554402 0.115716583215441 0.147938609371854 0.609787803943625 0.854693164283078 0.0117135913409679 0.313775654390567 0.227143709710147 0.038109250681919 0.410101578795986
0.802176928982589 0.843181051918623 0.395274762382431 0.870723776740465 0.986767636631198 0.191115380375996 0.324260774677957 0.394089539526179 0.35972221228516 0.645490689006411
0.852606176807611 0.415025806670747 0.256399255098687 0.748016408009217 0.994201626683988 0.202575376740451 0.54312034353272 0.438662525744959 0.929178874319548 0.632528937116248
0.7640896472213 0.296277306976213 0.151410060083733 0.487519086060207 0.991057445557284 0.0109390891693961 0.297415738868142 0.301559253660652 0.715155456786123 0.628029219215514
0.289579366110201 0.00549863330128863 0.200657928473413 0.482087347979717 0.923190052593789 0.0481007102010534 0.272728786575838 0.261458881413508 0.0212757792272572 0.496632490622906
0.290049750300575 0.152930597924185 0.138825128255845 0.486770055622454 0.990210791958411 0.0858655197224413 0.330843345741664 0.411882191252149 0.587089256303734 0.61523535482208
0.526359075761862 0.116503794588442 0.39203210289869 0.908972762157103 0.985398251007634 0.0294359595264974 0.369529649029061 0.305571666269814 0.149874981157671 0.469758662403747
0.929866496496614 0.952282245698458 0.217172514466732 0.969533358437862 0.997657657523053 0.136761078769521 0.639238308812345 0.51454668649074 0.866616096816984 0.600650240037339
0.531178988413723 0.23296358891082 0.144956397010821 0.535586933099085 0.978810142666789 0.0549981765335216 0.399746343461811 0.292695664019568 0.4020640235197 0.458935829454517
0.83695783641551 0.159875980446027 0.137064111032268 0.890750353429268 0.985658200080263 0.11620804889189 0.566315160654287 0.362515644297136 0.613647304446197 0.618067639146088
0.792302593680931 0.613836457816929 0.41247836073827 0.914030615849192 0.973334589716021 0.169141893302513 0.545639718695648 0.447528067805195 0.920222345177416 0.629392859919647
0.354996466955067 0.734311657475847 0.332029103570065 0.810444994406891 0.961439479448766 0.328429441757126 0.524485939122576 0.459225023693155 0.780338350781628 0.565763652391258
0.765902365205399 0.247536380218007 0.159962417513992 0.920740164795085 0.98373743742805 0.0598880405335479 0.348870338237632 0.258897278411855 0.497608328796074 0.484452607985814
0.37024510258909 0.474639007154063 0.187239154121638 0.797522417699827 0.980699128574105 0.0785918120823272 0.389785033080275 0.254568927189283 0.431748101204135 0.541067432800558
0.206751332363121 0.0159006703710113 0.046634460317155 0.491561180271951 0.829357564446893 0.0211859951544509 0.317887625222804 0.293188300793171 0.245325004552845 0.508905634931208
0.259929716564877 0.241267758855676 0.289843283035983 0.591527448889254 0.957235004576555 0.0294763034849235 0.351800030921543 0.305539997439349 0.0839875561101614 0.499453753300589
0.364899228107254 0.420558710104459 0.0482123610464732 0.468497118727032 0.928744100995173 0.0121401741174555 0.274314814172675 0.27005935514813 0.139728307600543 0.389110611015183
0.86722165539029 0.0921613964562741 0.159145121000818 0.902708014679372 0.997575789122296 0.308208841694222 0.493462467885037 0.450652655094772 0.923762222731247 0.564430921142391
0.636137976685989 0.330672094300145 0.132434238824428 0.444187800786054 0.891588572800752 0.00440132777810118 0.328987950621217 0.242075906748736 0.118271416364763 0.500094706449494
0.261755055005885 0.0631144147322182 0.0296425603536711 0.847450813377071 0.874205675461445 0.0534300899535545 0.312852211554446 0.351547701414837 0.404396987995623 0.608634134955973
0.578573368923477 0.602860127374205 0.0522202529226697 0.414529437217403 0.995451987151353 0.0685024118366482 0.445976838375859 0.370868117661331 0.349643623972767 0.53613339182661
0.534631965031166 0.362241221966639 0.255115472949658 0.670016251893628 0.997080799053668 0.0566391676372619 0.303951153326656 0.372364420227612 0.669143742895945 0.539260135048123
0.922422312835206 0.548833543513039 0.390669507291244 0.941135447728732 0.998630375790262 0.366677015376008 0.730140001040909 0.482288344602657 0.950578558229305 0.615083333963346
0.864269472318229 0.890010108884746 0.640159971894625 0.874995248167612 0.999381130016791 0.170275849291625 0.581663620663077 0.524490505431756 0.996714358214796 0.64757505120474
0.351072390777448 0.453317897161892 0.0918287879904328 0.305638093378389 0.952150815627602 0.00889499518560345 0.397069358751436 0.264107950944893 0.1064886258044 0.476330532528366
0.639131965290775 0.421025259889081 0.504391704384695 0.926932363688582 0.99797150462914 0.45441496270829 0.624507212754095 0.364980222543248 0.989752995960975 0.6523749625064
0.812435019062868 0.0802022126981481 0.270927773789954 0.916652214112158 0.987341571561416 0.0813003012632503 0.441151092379503 0.432110505731444 0.666012980962392 0.552523266623966
0.73204227225042 0.90016706512222 0.335323265541843 0.96458512011902 0.995226789846924 0.318868397103984 0.588830656980955 0.317682767486438 0.920501812684166 0.497444420178887
0.535510780131576 0.202725946401497 0.186787133631475 0.540000864144855 0.965206510194574 0.0858946578688662 0.408310643359564 0.41317410911241 0.65437576224766 0.581441937776427
0.788301523641936 0.688308260706867 0.089491528507724 0.855924504783039 0.997118222917326 0.0660908700395985 0.56170415434196 0.374322551552234 0.801402753676311 0.589787801436374
0.464516768558937 0.0599171806293369 0.0843644685325986 0.720407521320705 0.937352182533581 0.0708855170229675 0.514401933900787 0.320934968057642 0.118935556489628 0.648764044062724
0.864736565154833 0.732575961707621 0.351980163620317 0.883315719974093 0.997952657552152 0.327314905637987 0.543247252707868 0.473340197521473 0.881841783411918 0.600208015610657
0.98581018167835 0.384056070399104 0.417022813636351 0.759560720732194 0.99843970440482 0.705183985311549 0.773025803902124 0.455111141633557 0.983710933632558 0.743512663966201
0.510805139806551 0.020371204916371 0.219708906158325 0.542632208577196 0.88062509865305 0.0247585204104048 0.211201816145899 0.231699796030081 0.0125328651165522 0.383273085332901
0.817445489462916 0.978601178151321 0.298494560504825 0.929592502231811 0.991607809291413 0.174270535692813 0.720309713962457 0.433254995307737 0.640281742250297 0.679592465457971
0.4877121846254 0.545833299236205 0.150956861665879 0.531129835318125 0.975867780531419 0.0104716294610525 0.239087298808573 0.198427132547192 0.219042708896832 0.386441398833319
0.370076284684768 0.634575803883664 0.0617019263879856 0.532486324145688 0.971389548654977 0.0446329598799016 0.300026979734379 0.342179893550637 0.121989378751804 0.430310622128831
0.78063210499535 0.994533495390217 0.1749436260099 0.962298337815665 0.998686784274878 0.668498799736634 0.752952772226999 0.43040162712786 0.994751949338889 0.654546977990931
0.0669615834486758 0.78738670462358 0.370531665765537 0.706905263411975 0.877386260050456 0.100141879477736 0.292181159578447 0.32187810530897 0.207581671942194 0.407097371241009
0.390181043472186 0.513766500442288 0.18325725380132 0.906584214538033 0.945389675413054 0.0801648058034339 0.417863793884033 0.251579202239929 0.257736825043431 0.609850054042317
0.231549406502871 0.183109678400452 0.204703338025932 0.851631185735389 0.988623094004847 0.0495965612171042 0.554569405716242 0.37769379779466 0.313960867900943 0.537139689190607
0.765656173079061 0.885998830179401 0.247094087765183 0.858359219715092 0.998455468601203 0.097116526896737 0.514121424162299 0.520630154069243 0.87695207571668 0.662961898970557
0.692446575510708 0.944762017602904 0.322362752576228 0.373738135588521 0.980362816949012 0.127235562359178 0.402899868625395 0.371404472031076 0.54586401342307 0.504119031820122
0.0411139297991906 0.0872411312879635 0.172978653284273 0.774853812168191 0.988320527522311 0.0309138060391562 0.378410737859262 0.257714713600821 0.0781157026579802 0.360580906028773
0.564814938377885 0.975514262866316 0.17443667403922 0.869639703565288 0.998112110199717 0.15321163655019 0.511190497414364 0.422421667585003 0.960815042612333 0.692978580671893
0.0532963377059466 0.132128127161867 0.310713532041221 0.677802756571498 0.97018473252567 0.0435634643807363 0.477376458747921 0.388402929204278 0.657820695835931 0.544362074659673
0.887592029046657 0.491293267570698 0.358669879582096 0.880276434429279 0.995943358008871 0.112018000695223 0.686451896630021 0.437263034510189 0.943238792202013 0.658328810422193
0.365639875542614 0.337876361563827 0.0576866592451728 0.677953454959576 0.777619896801593 0.00765245466866724 0.187061792613218 0.238736602315276 0.00587958297585209 0.478399415003465
0.868759006337666 0.809034261708689 0.32108335944401 0.950199684178545 0.997376991768219 0.640519157688937 0.608781595866047 0.488208065063134 0.956761020064054 0.619293659063025
0.0841919362503311 0.0270692547433708 0.0235892407276306 0.383879933206385 0.717480529171116 0.004254376077195 0.18262010782086 0.178639829829821 0.0246201097478859 0.43705177131135
0.337663126643396 0.491651385487262 0.165396307180724 0.867823156824109 0.997943874183582 0.0937100988100378 0.549320618771258 0.368314437982144 0.867778878892356 0.562541466685547
0.725020786377848 0.755013856622721 0.235077483536874 0.669530404804219 0.989814574869651 0.0485477864460562 0.459925535385467 0.395387590238517 0.752907769532264 0.43195818683261
0.752129420423829 0.450280680758936 0.456155604565501 0.962188849412558 0.998828939642454 0.26815110573112 0.558367561806956 0.424072522399639 0.981175728030408 0.70275551976127
0.101635724803442 0.0810757728780176 0.104137942109788 0.216100145391915 0.815632399056617 0.00575630588229627 0.169312673569808 0.243422519091245 0.00325230758426553 0.425625073184159
0.77969221796675 0.318053548934408 0.0569643526041612 0.887566891697075 0.9992432138725 0.232845510858786 0.77460809273714 0.621540696298042 0.975380391363467 0.70821522342181
0.370544400885772 0.348089693907683 0.179961620775972 0.512522656302467 0.98998481246267 0.0528343648991609 0.358670146920289 0.212776071711545 0.201884265382397 0.553380741367474
0.484111588057421 0.605011806668961 0.194696583143626 0.928193283539412 0.996560674485956 0.29028970437218 0.602531883501508 0.373952497710022 0.917730324448718 0.649321783961226
0.910992681969631 0.213816767077224 0.184163494090588 0.897551708384071 0.99195972418916 0.212869657630812 0.693970978668048 0.440680933482122 0.879834106468421 0.650705862204597
0.855275803295199 0.832755906645667 0.491398005388176 0.889973311379974 0.990721042958166 0.0611919296829674 0.417357471447191 0.29577309044562 0.873985278436685 0.533120805950207
0.602547733807507 0.854025250904314 0.259578584437255 0.484620080954648 0.991504251941991 0.278913719240467 0.597345531307531 0.412498008017405 0.791898371052953 0.632573624310513
0.170983741464049 0.575945265614145 0.205968398032469 0.307489579646055 0.982615639882835 0.0158149349235134 0.301782611128613 0.234384954378218 0.274316303562258 0.538548218887504
0.872627685614938 0.739477152663014 0.327578345798757 0.919135340493893 0.98248826896862 0.110657702428106 0.456926924561437 0.410625144687915 0.679226052279982 0.628063454194426
0.853255047230503 0.136539813347406 0.240442882301548 0.935768289976314 0.952678959356421 0.0237094124629538 0.338970052692451 0.321973174252067 0.76394511959643 0.442662817261031
0.917219530143814 0.164619961829201 0.170312388574437 0.978713684818427 0.998812421101783 0.387525611625666 0.67817580745486 0.513493312100198 0.978698379240435 0.697099996686512
0.0478354010607552 0.153273623600362 0.274599340814934 0.563885750930721 0.814348211443117 0.00386721337941873 0.212065071619319 0.224682039242571 0.0402460682091458 0.421768269558554
0.876843779336078 0.492898935054495 0.188677550185037 0.837036030845966 0.998819291331504 0.252864337188196 0.646360093729918 0.427692173537437 0.69411043064362 0.659562085872339
0.987823969352436 0.986228843834462 0.300971358337555 0.980007564935565 0.99923795449061 0.652004578130333 0.797271132977838 0.51020997263918 0.998230214861425 0.792163144710228
0.850268038505578 0.719063728356193 0.299167038720085 0.939559595633443 0.993119618640315 0.271840965620042 0.661761348092148 0.359226270471379 0.864948683102115 0.764771264499991
0.188625132327923 0.35865559796478 0.26052447109783 0.946643703054147 0.987481309940445 0.0671581693768622 0.426523080680493 0.364458490284842 0.824829960278547 0.603587089413532
0.317342428498844 0.0887335575386324 0.0268561845697288 0.0893331927422086 0.763037202759286 0.00608150132761051 0.216913384253473 0.22326736928132 0.0335827788373684 0.410469230208399
0.708032357226343 0.518195421785812 0.0763465372305238 0.929892740828077 0.996786043829865 0.0601327838707877 0.396210386544021 0.42834829348122 0.199642623121229 0.507825253115519
0.0939331258859145 0.959526881194594 0.0842129367406078 0.413954422354768 0.976734533809559 0.038773285885618 0.230866911879988 0.287017765396791 0.149945491170831 0.517115469546394
0.495032868047196 0.639149386664004 0.0980027218538855 0.869917756324328 0.983363006410372 0.069155926913545 0.478035337827177 0.369721051131846 0.882816650253699 0.42000030306962
0.498115592213043 0.492819408467657 0.423906082110863 0.890170047647017 0.968727060031902 0.165206661138139 0.487728873129419 0.307219937078541 0.511004697415437 0.486551601082681
0.62319260372742 0.679226809793833 0.140814086549307 0.848473212307826 0.982183876415243 0.117756099868832 0.544873237630034 0.314045971461147 0.444571869825236 0.602844353488644
0.894570640758245 0.88542654001133 0.367001040843169 0.962115554325479 0.999283168387418 0.434308686248477 0.780101760608603 0.503625437021585 0.992459181946696 0.730727857333061
0.933716447407605 0.253258185517505 0.422387459672454 0.910577582198416 0.99936154025875 0.520488433859908 0.666292456011319 0.413782398926496 0.995693423261265 0.65817948585211
0.181668778022615 0.782030125985325 0.111444783380442 0.263094747760987 0.958028602038732 0.0202088250605648 0.427577773830066 0.290495239310037 0.172593267730081 0.606151471981479
0.410043490007705 0.112580953039197 0.124571168009059 0.515482812680541 0.948004277734022 0.0315423216293822 0.222499941340413 0.304667600829498 0.0735839166829181 0.408999907933432
0.12739780295873 0.493106792902952 0.191261012000334 0.792075620672331 0.979491327080237 0.0540926637202395 0.391821541871769 0.291179966411938 0.0999254158821734 0.526179463041482
0.0551173854400852 0.156549555971534 0.130408758308434 0.599426521489801 0.942414668787764 0.0136381183883773 0.318583237874726 0.323135196801277 0.0840174733208105 0.43695614717975
0.45927636009252 0.946480366988718 0.256779493515318 0.917968295631972 0.996849429175472 0.0954350301553592 0.511605160786416 0.348481757896269 0.429154555912603 0.518088754443095
0.868262446236804 0.854107797008968 0.335803479625054 0.97319443518369 0.998263889029007 0.474843822611418 0.775232995304121 0.520981841800725 0.999600385233891 0.638805062085638
0.0844936216393231 0.857164917893022 0.19887610303668 0.347683962255176 0.979138137377822 0.0194184210603375 0.460123786234223 0.316466727035502 0.194147359310786 0.53998564102882
0.566063992872032 0.42631382395246 0.0899559414931133 0.563535091610546 0.983576323208601 0.0331419967760627 0.399713952790905 0.52718579368222 0.612096706838701 0.576658895942968
0.568410064205004 0.807215694059716 0.180026553961731 0.829810331114921 0.998197705870045 0.201835032292224 0.473116382842136 0.370873370710552 0.929364242127084 0.521056545448659
0.414069648872374 0.293369273032703 0.50164699019608 0.562446528116198 0.996316537674498 0.152783162164592 0.450326452876938 0.408285652803397 0.951088960793942 0.630857224431569
0.81594657528092 0.737214439985347 0.636188293080256 0.981903887557583 0.999713468158175 0.655193722349461 0.714294211654838 0.557434996331879 0.999496808215165 0.744863135276148
0.673105839265275 0.891155192858187 0.186515702112141 0.662817109950031 0.983238646480325 0.0708359694938124 0.43630296055246 0.35436380464863 0.824724638120928 0.560570705733607
0.406729180141263 0.814691708616197 0.0729217947004797 0.878743905207989 0.974039557143462 0.0706660043341519 0.415060239401179 0.35393737578876 0.0367534702475451 0.506120188387998
0.403413240003469 0.894505178643532 0.110516767501296 0.782850031023119 0.997774823113581 0.0847926633930558 0.55253030520806 0.413038094540712 0.908956465271443 0.638467791797893
0.905303949977035 0.887853827716194 0.274975203418954 0.90571868905932 0.997363874919451 0.106009279059485 0.599876918953011 0.416130289522958 0.740399868867466 0.57285838805743
0.829364588684872 0.0469641789445047 0.10983885371106 0.576368917763413 0.996181012226151 0.114589526154776 0.398988187865092 0.402655030836309 0.863625716473644 0.63136542991874
0.128555448956166 0.0609176030761714 0.0264229089633605 0.500705380478639 0.177240009931425 0.010487146737947 0.135168825760457 0.230520169539147 0.0019506921909384 0.37462812032142
0.727534350195714 0.744736601993421 0.542718570018322 0.860751506655867 0.998776062509862 0.116644332752329 0.420571831879508 0.358443310985757 0.798702247408355 0.628035846050617
0.720830746376548 0.325661691323661 0.0714311804573927 0.809791138023884 0.990336901262721 0.220367200908462 0.467603192088458 0.324341222489165 0.641478310784257 0.516151989559162
0.243245795324251 0.13354158935319 0.128393237902905 0.470794198138399 0.956781291441855 0.0560185199659679 0.431671115988526 0.226574603311685 0.117276508871718 0.550259725016443
0.214919558030767 0.67210733208989 0.111291943727032 0.861418116673548 0.996697663025047 0.226618437517867 0.72165763684922 0.492260031107589 0.937087940983046 0.615860324629823
0.473077744832983 0.165762873725753 0.136353356646134 0.605973507822628 0.995174414790053 0.0298331169472153 0.437435405769261 0.373034055793942 0.632717072402134 0.487415872671676
0.29028130008052 0.853262300743559 0.0571041248064047 0.777406394891509 0.992703238907843 0.169606657492993 0.327854886588292 0.374970876819601 0.470825708187256 0.56895972602084
0.242873770103207 0.0244206812802313 0.193539190013971 0.866278716298652 0.952517138335794 0.0619485365195806 0.325265710985831 0.410379413281012 0.776291030165728 0.490590826032028
0.283911919180089 0.597801936862545 0.183859751021397 0.784319424551199 0.993010602762392 0.0458935504889074 0.579677116153963 0.404158363688593 0.799843877333733 0.59988525438728
0.580648733555968 0.412408098305175 0.129140952230505 0.794873540729971 0.989216308086251 0.0884609656392826 0.360835583667829 0.504101912405849 0.838265706414801 0.582143941644072
0.943569938228241 0.686328341149802 0.277911126304112 0.726903054205387 0.998924545456561 0.690027423845223 0.661230328267652 0.371045965648459 0.925576755079511 0.528194700805716
0.705205024114272 0.571210670232195 0.261934048271058 0.944696270743162 0.9954603959379 0.408269498103354 0.660811040660294 0.481323241166854 0.975064446178545 0.558588939572194
0.927053176675275 0.696034488620488 0.479160393734032 0.555566191772507 0.991790447708024 0.147714316618538 0.677604386525385 0.484875542236935 0.982978173803879 0.50987433401286
0.428381335290401 0.0771326175767093 0.274478649184396 0.870348548060185 0.962670172947584 0.118616158155116 0.402083681182233 0.413044844921337 0.765872368155065 0.531159334467022
0.744683402108844 0.934269551833224 0.132392761432697 0.414970418536093 0.99740023424704 0.39214599435065 0.58619052765348 0.320140750962401 0.336588476011612 0.689067906148752
0.871568203474123 0.876928222566287 0.163042619107401 0.963161410130895 0.997866815657343 0.0826929294447612 0.538842068874241 0.566870255337937 0.970434290860274 0.640268970542325
0.50306574274663 0.660719429702324 0.35079352010475 0.820323076994106 0.988836426582455 0.205809390915143 0.454705677193957 0.474750112549449 0.966936568648886 0.501424195078037
0.129877723306142 0.0660417034711289 0.222240761256874 0.963079346718009 0.989350410996277 0.0426093734385632 0.349943748648377 0.39859197928764 0.891147148284188 0.584126292465138
0.828075111505406 0.623402290387565 0.33790795175775 0.984354914513429 0.999790024216836 0.712726484801997 0.808389578294931 0.670371959489149 0.997894466488319 0.832805051794296
0.438979140698129 0.215296954279484 0.14278519570253 0.483780410307062 0.967139972063894 0.0445984264326193 0.432034999784167 0.422178690333558 0.0967878890171375 0.504959390297069
0.798631355467842 0.768946986129788 0.0603541429948031 0.461798678779306 0.985552690937836 0.153468964797139 0.48346682279383 0.321068572818703 0.281288531376414 0.559974351580238
0.305425798657643 0.638043179262764 0.203336852889527 0.515417809961266 0.912916173591144 0.125092745473762 0.431539296825043 0.368999038216285 0.167113562593625 0.556753514864677
0.306683186636114 0.049006366687373 0.212182871494633 0.813242177288009 0.964050805232418 0.0549498857124253 0.4755397623683 0.350984988118756 0.402453133745037 0.604168213000905
0.382894224080748 0.543837261981085 0.166038595757507 0.418535800514 0.975057642383331 0.140912733208876 0.36802836625191 0.412699345242916 0.336244035767998 0.461479270904578
0.201403229122974 0.696636851205662 0.209058524797823 0.278798913868139 0.960629759901942 0.0229882745411836 0.285886816639122 0.342681099763926 0.0751569545760289 0.568786973933991
0.899615054223134 0.568609150212772 0.53321723322 0.992795503952606 0.999835916394776 0.319441799071458 0.822315562627967 0.507939080957822 0.994253907580527 0.679827628345103
0.472226819115564 0.100494819897263 0.152485519032831 0.609920206036891 0.995208102793311 0.0280949940257233 0.485641450804995 0.405021480755538 0.295174506139438 0.546303651066897
0.0303722046259082 0.522303127531261 0.0808377464579192 0.781737024894899 0.882360427956997 0.0111011423104411 0.229724623721305 0.191320260795812 0.132249133594403 0.449632626977763
0.706058904536416 0.513608312141953 0.186542401004146 0.604189041181131 0.970264721275896 0.0815878309654569 0.353234532802919 0.368811685090216 0.208313569587343 0.441217571209154
0.189857551192083 0.191519667545519 0.283621564866485 0.80644765161503 0.993558944008936 0.109644363494667 0.407370468037007 0.313029541828994 0.263351446569306 0.578275203734485
0.639876479446933 0.924672344045652 0.775379649074155 0.869730213056887 0.985221629825409 0.278417181292133 0.680389349798255 0.405863737201456 0.773762681773318 0.67170497543404
0.952347021217242 0.447432319537803 0.228628025217648 0.931105282300393 0.999131067638384 0.353391756736014 0.653270502030682 0.46858938916464 0.993305945047064 0.751565746345596
0.402439177716333 0.61026726110163 0.0847387697695714 0.484748249864369 0.910629813930069 0.0322640843859297 0.359881132630729 0.321771917080857 0.190370819549042 0.493893500979499
0.928978658248549 0.488609976282602 0.338602541872702 0.98501565545999 0.999541778890052 0.618768056603648 0.688575232106734 0.55886534842808 0.994980738089104 0.661601407956099
0.146604330232084 0.975116910958186 0.1454502689794 0.933715666384978 0.991531469625161 0.131740214025258 0.48866463962636 0.37732355108378 0.649796147140079 0.603515485376231
0.43185922282102 0.0616031260843264 0.0287582297497809 0.247877697710484 0.951588429578311 0.0254828155897482 0.316225170800839 0.307099109373462 0.324424824125054 0.548234397676334
0.442945471671757 0.515269163472887 0.306190715386533 0.976062026887006 0.991171063944094 0.0549442680475285 0.366721147787521 0.284445526113893 0.75134382043715 0.510453701302967
0.968615596273771 0.743443573053891 0.147593036026088 0.994653893847428 0.997778424161236 0.489268971359551 0.69557009862215 0.518440051016647 0.993855804282565 0.726459783017422
0.51002002485926 0.238256352207055 0.156176796901719 0.664880797343596 0.978504601083812 0.103133155029605 0.536006895275591 0.353182005603673 0.718769600769436 0.449397592227258
0.535561484691935 0.794502933028842 0.396792535852091 0.900008783299396 0.992187386257786 0.235467418956269 0.638762648061922 0.331188642690609 0.761151504480942 0.656082617060768
0.172506839753834 0.29717589114077 0.0575727941430488 0.801945089446138 0.983670614945926 0.0238079118474402 0.280627804912239 0.234242571918607 0.325921087230591 0.500077113086464
0.603898020567249 0.696635024063325 0.43039143394333 0.641031095130285 0.998405169446817 0.190366104286212 0.528892757698442 0.380164642557359 0.871701428196174 0.56904414093418
0.31258128692514 0.101416629096924 0.108367521055309 0.660492548544979 0.673982301071655 0.0393303772580139 0.358029616738888 0.260313251478054 0.317246606510061 0.46225992761882
0.623060340391567 0.770221769124336 0.451158893694373 0.872240266640927 0.983270932176182 0.353512229460568 0.563044033623972 0.489908315330887 0.988314227161487 0.670889269054685
0.824208434049169 0.178575121100128 0.164991862512687 0.663337940257174 0.981811067482455 0.0341096388609443 0.323985835825344 0.303009528223395 0.583182105753366 0.471531619655383
0.255029261862562 0.254547705056681 0.0653541166815665 0.673030333972947 0.883878150059589 0.00979832301410606 0.217635619960496 0.281755509319601 0.0502650564673606 0.38127307952761
0.615472410048864 0.299501672367774 0.196609969806323 0.828551875833252 0.960222485545004 0.0171563294455168 0.241708713653456 0.232703390724238 0.236552035222536 0.489026909644228
0.627142412535102 0.226311500289106 0.282230815865548 0.760440573278419 0.998041813061766 0.215885430009167 0.601511222535131 0.533482522583166 0.986634403032075 0.564972701905529
0.619384547065734 0.477495162544078 0.0885610982569957 0.739757697348558 0.978798899952242 0.0227206284645987 0.40689821124517 0.277878682218077 0.231125688710255 0.558250588205154
0.533871885174029 0.0558686088856393 0.359008618525805 0.800849734194639 0.990896862768487 0.188822648563174 0.499965161571186 0.489767508786439 0.899621670240325 0.606055469394147
0.213387151565666 0.0515301991973633 0.0525170795919095 0.239047233976732 0.878266674394506 0.0105251875392365 0.289435133444484 0.235860719726242 0.0202633580155129 0.453839568388841
0.81012143291576 0.344499152928359 0.420680385559715 0.871584810518674 0.998601355212082 0.246246013836321 0.596130413321351 0.356569191734023 0.977725628344715 0.555936820926498
0.091670945526348 0.123629967633093 0.294812431915938 0.76767201598426 0.931384844775375 0.00640659724947603 0.315719947067623 0.270287527769488 0.104771243838018 0.485011925633051
0.142300471205741 0.0886923278351601 0.0689790471987963 0.345992137911164 0.945961279564235 0.00515609684890956 0.268195884423724 0.286620761097461 0.0087375764572494 0.398957292473201
0.612349626761566 0.829652834095625 0.192581099640621 0.793398638524771 0.994628872176896 0.201718105118378 0.586881020796665 0.396667320115919 0.948449374090754 0.747398583758194
0.475936608590212 0.578485021555925 0.0635162236260607 0.60034003309295 0.993621083283628 0.0612171792988147 0.45157438224043 0.34065312242604 0.695751720420343 0.584541585219154
0.3642499232182 0.742373553988218 0.280120324995047 0.403286463579847 0.964115500489351 0.0184537169679251 0.214726375678765 0.389879657766282 0.127667108089702 0.500825127351291
0.79847948726992 0.143332005524254 0.129807977780881 0.513150406912703 0.950061889140529 0.0239041346647826 0.431558539028696 0.2506067815593 0.274832605469087 0.645556812676285
0.822757157838678 0.866597896975006 0.224457141723431 0.672939596752962 0.99530971572607 0.0525871733278228 0.488046594023704 0.385111448075472 0.823122259820408 0.552007837723066
0.657943100275001 0.124058169315251 0.116436246990899 0.348484996514426 0.995144603090121 0.0976302957834824 0.497231546425326 0.341412274922989 0.616756100219966 0.517972149229648
0.721066516263628 0.699094092454896 0.184974514881126 0.964158060599985 0.999381035318612 0.322202685716295 0.682576231367102 0.330568825355826 0.985842445010923 0.734249147806689
0.0913516101996009 0.155985094202155 0.102508010169852 0.255019083211701 0.826379382431568 0.0036392817863582 0.196421704670705 0.221000319147291 0.063396775300311 0.49103660489868
0.777395391141192 0.253975181948899 0.205603404782112 0.502379175739558 0.987513279222818 0.211497458104569 0.543074625021677 0.375316461777808 0.860406685668521 0.494287201936056
0.868791113308131 0.540898453916259 0.34469157211603 0.924327915064398 0.997079536931284 0.470531738780228 0.532786197502993 0.401703144269637 0.950155557344722 0.703597211738538
0.877306797177434 0.783385376822066 0.210524465935639 0.516780019509504 0.998182345895235 0.336627891360138 0.598471203926815 0.43389794279296 0.833551777698998 0.70179573825376
0.516840702234941 0.163991942940875 0.14136811505226 0.86710891079078 0.994660165069876 0.10932354295805 0.485968281017429 0.353846393630069 0.940911154941575 0.736669467131233
0.0636919317204234 0.258652389664134 0.0483322597981838 0.650376992734348 0.955750317344014 0.108301921519624 0.421289018453099 0.296568903521443 0.221453685896991 0.553650990881731
0.870198834458556 0.39998923248819 0.214995038765404 0.935542081185563 0.993949825684271 0.498205486191644 0.596176730532822 0.365036142647936 0.708839667146905 0.640645193584184
0.393149090705456 0.15864664849946 0.156378636034586 0.677786249165532 0.986784463131241 0.137615340334518 0.307757019847137 0.279077410995345 0.544321696062067 0.613799010923572
0.815052391106338 0.110992901915338 0.115207361001942 0.715596205224766 0.975887637886834 0.0211252677339645 0.293675901893623 0.251798386740906 0.0881034640966064 0.466608132238138
0.757060068520259 0.755849634386383 0.0743576687387554 0.609581896639086 0.991680881442691 0.0866034932706731 0.613729725571914 0.362187517621608 0.588309679251129 0.587521734540858
0.133538012889177 0.132826299303273 0.258433619781994 0.168373402844966 0.913503226557965 0.00315092095250456 0.230114019202365 0.243410790290933 0.0243826371026401 0.472988910642223
0.27750515169614 0.229869369400704 0.180312901014414 0.696928323889196 0.983340487568064 0.177885603746304 0.425877214020054 0.415638040780634 0.380101090277126 0.569696144330732
0.302975984517399 0.262966967076846 0.326095083142502 0.88448586447197 0.97740988843027 0.0552406218423381 0.419004629070801 0.457351835756376 0.294512163909742 0.614146202771897
0.932948515673857 0.599586364823888 0.219431360561915 0.911281253503936 0.986556437069854 0.0584473768675553 0.400335434943089 0.402414305115713 0.86895342969982 0.532402077907954
0.122746802066702 0.166664453396223 0.19558201353505 0.794463230520658 0.971873643744718 0.0607330038750257 0.266583183947831 0.326260629347163 0.0330846940572456 0.499410896242041
0.167152387442781 0.419808695423012 0.0848211953046483 0.260558833835653 0.858437067997471 0.0136656408037143 0.273161457383168 0.279627644837837 0.0184449275142824 0.473323446047116
0.855300142284974 0.514187574221215 0.352205240895057 0.944547210618988 0.997147669882216 0.2162230107175 0.577383574009367 0.385446532567882 0.899757251908266 0.545797793987944
0.575001318977797 0.755413026253105 0.19210789609975 0.737283078128462 0.944240180514017 0.0926929310786545 0.39136539558945 0.245068145293871 0.394569660081864 0.516905663044777
0.53722546671698 0.528092849808892 0.0918516023457914 0.861673472477606 0.996637972750762 0.114058070145886 0.613881566251748 0.382079971060831 0.977066282086049 0.504436021370496
0.876512617760095 0.909505482549421 0.252853238578085 0.838492958087739 0.992633709347067 0.0513286182311392 0.51589709298502 0.470303049458365 0.717628992377569 0.621128258441734
0.498536479395024 0.0489923898317323 0.106931489326022 0.763505982694538 0.989368796838616 0.135565711370939 0.486935914021356 0.271328713457498 0.446086335172047 0.657420834403827
0.581672412157433 0.577574308629838 0.0866069807541475 0.482432521223047 0.93323587635363 0.0774306538776688 0.429305575335837 0.307814653414264 0.532062715169805 0.550500833676347
0.139051297483812 0.91290149482482 0.126731589138872 0.89457221815206 0.93824833270408 0.0322171565594237 0.380147418857055 0.284488952984984 0.458037619526519 0.50494866816216
0.0984384467987382 0.113801267988911 0.064528388371006 0.65009144191402 0.851239662699589 0.0329761723173487 0.329050146817456 0.262397117432712 0.174052150409306 0.439510525915411
0.896542814891332 0.240305949252633 0.300139101121076 0.932375949139513 0.995483153772062 0.137479230356159 0.644536105960587 0.455579550455797 0.955979241049066 0.61714691536285
0.661792604904351 0.904491180206489 0.232086460876989 0.935517605807997 0.996588268131521 0.117841365735191 0.525742816796502 0.382347419887282 0.805959486229612 0.604579278459085
0.611049516615926 0.719990603828629 0.189016665585848 0.853097118643307 0.987919022595614 0.29980005799897 0.587553213067658 0.36808157420246 0.666596509144024 0.486969433000405
0.0955732708400217 0.0806992744923647 0.251401815887815 0.425596928037495 0.76808062754955 0.0460521294804011 0.387511927799387 0.220534446583174 0.158169856565664 0.321638867358014
0.114196328083093 0.547279230127174 0.0702262565682834 0.344872436231584 0.938121510371652 0.0319117022367121 0.452737939899351 0.200537239168745 0.176723222959001 0.3641359242765
0.96607686011159 0.977409940805563 0.140467317493133 0.991883348430528 0.999866215153806 0.849184490871298 0.859862001991972 0.603645956132186 0.997988294096873 0.796719574598416
0.407882446422664 0.696652027931497 0.325641109313074 0.818717608286587 0.972187746688347 0.0832348723049528 0.422164190491762 0.426586052432886 0.635757673990843 0.584351491665037
0.668554284632083 0.948206943690742 0.393496174050191 0.740409177752409 0.968641136857548 0.0816687037421447 0.421091232635157 0.263892145469235 0.604425570273201 0.47396564977803
0.855199416709709 0.847565864689626 0.264158757535594 0.908276917072249 0.997752817867945 0.105735699788413 0.58894176821717 0.45037644981718 0.923811112973758 0.537670137243663
0.754762933710527 0.159041886906325 0.35161018658154 0.940825929325555 0.999260808423573 0.410394886381683 0.760823012138762 0.553556777575467 0.997622796969725 0.744122778414893
0.27338692482313 0.483304901132826 0.176518858445348 0.700014435749024 0.963956456319656 0.0297598123168332 0.392473254608523 0.342803987356523 0.540898014663044 0.483339208070421
0.853661622164067 0.299546113172566 0.124139530291413 0.94417746415498 0.983335446172694 0.089427808583488 0.399150599183147 0.338821186605761 0.494436703275137 0.545655768432037
0.765113535637684 0.894257500687932 0.126171410483534 0.9523101501328 0.989383922163422 0.029419578430509 0.455409113935195 0.362505173207745 0.695377725556067 0.544064015136857
0.543949462753867 0.779844990079085 0.149057293627018 0.746427949886732 0.979454449786536 0.054550472654832 0.354595055227896 0.281585793610418 0.0510593015813657 0.545129854735337
0.493373580494686 0.260051432295787 0.291386158493894 0.950927981381368 0.987805400665165 0.190983452782808 0.450940252930297 0.357686937594005 0.735924715675173 0.571429174987473
0.569457844738887 0.321188012416417 0.125623139980039 0.833765540786695 0.974660868306431 0.0492524826545929 0.523361706208638 0.399188338246586 0.638744004714041 0.66088918542977
0.179989905702627 0.624627007939797 0.0980885977006603 0.184680389685664 0.927929260168459 0.006744105544116 0.277077109444976 0.214524624709974 0.115661909345546 0.496113752400259
0.727349694315897 0.178173767771887 0.241726911862433 0.816073463430092 0.99885445082686 0.15610039723034 0.681483262670604 0.457351349020729 0.973173705684562 0.678355091179684
0.549689497107985 0.0187026470661165 0.261822914225884 0.831306982938046 0.991079294846108 0.0512818498661662 0.455456517046047 0.417279318769185 0.654240298246795 0.541191793965746
0.384351673095902 0.991565496911357 0.124955206080332 0.532215803037434 0.963094283832151 0.0591875792182358 0.294437917788306 0.289542388580003 0.0215322511453834 0.353581547596751
0.855020350829465 0.903908928973641 0.548026075092773 0.970986153532247 0.999709562811792 0.459304406930883 0.587939287747774 0.483090548806756 0.957749132119058 0.729700041946022
0.355985112521523 0.576147576846329 0.0978887578971416 0.536706186113014 0.935577581036849 0.0361536075192943 0.355991412013375 0.272159086080504 0.287464592712621 0.450924834097853
0.374367095594336 0.469658873672925 0.220626594412454 0.723579719305056 0.993286117170573 0.145909305727585 0.456778275073898 0.358103638817763 0.583134840612016 0.550221910484512
0.470389649055427 0.686142513202461 0.0915935693476741 0.462422666076653 0.959947882989192 0.0317137672009954 0.316933648204351 0.2291618305779 0.0994731490543713 0.507207883015706
0.526053794348445 0.18223859448601 0.240238644377287 0.667797559418079 0.984969925068143 0.296354921020633 0.553234741291256 0.424622621050962 0.811721049126681 0.570217687089672
0.928954717528982 0.146236824055693 0.0866251314379624 0.782228582582755 0.97309236010824 0.183633077316771 0.581231697049464 0.34887118113125 0.712913816448564 0.574199385407673
0.472830429775731 0.347976426118598 0.0647519131548626 0.796741134178441 0.948965468333742 0.0530947859332994 0.323189823195537 0.290879392854717 0.518056048081492 0.544410902572776
0.432719091299026 0.760542092857024 0.264943501271712 0.88459832605998 0.994419078494168 0.279988288309734 0.484764760861205 0.51397695878608 0.86773854571159 0.524076086304697
0.808988164032863 0.0953143945776827 0.388837133836972 0.743427218473688 0.984271402569743 0.181558705418546 0.638541364729253 0.456331347937044 0.622127086970216 0.585212162330768
0.484085076268686 0.111574818933392 0.175517490507091 0.927855839924727 0.996965121779647 0.178495699583224 0.511094973440998 0.409708123445541 0.954238083789939 0.522868010546296
0.0229415390296516 0.0114434039140895 0.0349322342851871 0.0613405728380788 0.492031440883739 0.000948942966104426 0.121582422481091 0.197794439306635 0.00326272906105641 0.491016075213279
0.186318613079046 0.0325693091864621 0.0446684501046193 0.147656740233351 0.944690969198738 0.0177803817746279 0.262315101797663 0.3056628297305 0.011006586616075 0.347837106570555
0.958788338753985 0.589716564637305 0.287321980857623 0.925930088873876 0.999717647133233 0.678815035715329 0.772201229297075 0.611893602420821 0.995963246858291 0.743282012104994
0.622220904243937 0.822997052444668 0.208978367004673 0.826935300447962 0.992025038697215 0.104033857419421 0.540490247394811 0.405613733564523 0.811674912290789 0.522539091253205
0.655733208150525 0.445899312329905 0.0542534458452505 0.302154703811317 0.984743819684391 0.021799332945168 0.460986850626464 0.317937346610096 0.168628209896613 0.603917205410685
0.703551297021344 0.172368535309925 0.251489226395043 0.767796151079369 0.966661819306473 0.0237663296530553 0.368195692417546 0.308598053481319 0.270842297701741 0.579161277833375
0.220552179319421 0.326431276732566 0.071787060156035 0.829703943351073 0.866855118618777 0.0312829085683931 0.240752198535097 0.262033481515162 0.0532335459446804 0.36667462137327
0.687181510949398 0.777506890772617 0.180456140541419 0.679676559518935 0.989014391255301 0.115342386792915 0.464067365829607 0.296766211602223 0.475072540126735 0.635977620522042
0.914088501169235 0.137875549163465 0.0527200088061986 0.8364124658204 0.989138230587275 0.107099511483175 0.557433674684519 0.358150071810458 0.608925802432992 0.634192897915602
0.724184838335149 0.185940034689387 0.262982231294768 0.786516224958788 0.993459475085119 0.10057298248132 0.454026421598113 0.391550314375285 0.510650865541425 0.510717637772895
0.412916133597748 0.47247487590409 0.113908011266604 0.393369465422106 0.791513037440266 0.00994537834564058 0.183458816564883 0.21395681892855 0.0100424116505867 0.467641237065197
0.330553360045171 0.121579475856 0.396327316699735 0.875303114648305 0.993986241314682 0.084789713008641 0.525282529380073 0.431271535989307 0.977344406775224 0.502727669950904
0.0545280878119163 0.471338068485796 0.291242753740864 0.8298509894653 0.91405597141946 0.0296327432881769 0.201039240670504 0.28277297569409 0.167315394077135 0.548027378848896
0.63001005210251 0.0496039958256103 0.196770283558474 0.870778784844244 0.977101409506191 0.0765936776800498 0.407537508000468 0.321034653812983 0.486991393114567 0.54328204908319
0.563691586346219 0.739877162335969 0.27043881029959 0.606545994797348 0.987653141517481 0.144832967408448 0.342341372721727 0.368562183021092 0.621194428111803 0.533175831110911
0.46264801330822 0.286094669108514 0.102496370968769 0.814095989704401 0.916714069179483 0.0271617410753354 0.420948233042519 0.33346630642005 0.746872022128047 0.592961496025416
0.156263938488962 0.700155406673504 0.231230950127309 0.683307611435433 0.94799028898172 0.027368487879609 0.440167723737265 0.226021091059264 0.368430284311677 0.537017657810256
0.0736779493363609 0.154151792013777 0.150524357071263 0.505396147105659 0.877299804311178 0.00582192724487879 0.271120637104062 0.254633532208987 0.0165513954819668 0.484719934980329
0.497021920819753 0.652742095790507 0.316244681906494 0.592499994781335 0.967095726298836 0.0157104734785677 0.274706532608638 0.29939470535618 0.0579933393288522 0.531599054999375
0.288247590741334 0.485050509592731 0.109006166145867 0.796467258782249 0.953724049651637 0.0359040838474346 0.384155378976754 0.392442419688575 0.452891741368586 0.508648982230034
0.777580808996435 0.464028844864812 0.119668742406699 0.559210909992806 0.986168300904285 0.0516830498729861 0.500381254456121 0.37377045343848 0.608815413970759 0.44726013933031
0.107342579780589 0.33032781828549 0.0638446133367562 0.31355756616637 0.929120862145216 0.0141585720135329 0.305092329329206 0.305972413677961 0.153537510404674 0.437493899201423
0.676527100919408 0.857631431483567 0.354258592447349 0.526452215005945 0.984700050190786 0.393801579745638 0.607228908539869 0.395079016392352 0.957656179082909 0.718604361037452
0.157660738872486 0.791190885224326 0.132583502241049 0.77915604368527 0.991175659065224 0.127234319557701 0.40614982968323 0.283407657307675 0.563270959382844 0.483886522467146
0.589596037515203 0.538983786081329 0.420357954151587 0.706203820359999 0.992717749223804 0.397146285847035 0.542372535563531 0.4175140729553 0.5524004287073 0.655388178765909
0.959508811951983 0.22874018010847 0.101877162574645 0.897663867881559 0.998109563391765 0.0655113171367759 0.549950954044729 0.401982467368901 0.848674859294775 0.599196219769937
0.697232578076882 0.655441654959187 0.258175121222797 0.606151627165721 0.994471622271585 0.0701686954796144 0.420627880418934 0.296278889284862 0.513127835677349 0.525501449411582
0.759198158260505 0.60565014906911 0.230956533326865 0.89639243202866 0.997218044581991 0.317813424367748 0.574713978170688 0.493615640152184 0.778442812080889 0.648014344283711
0.287304382378129 0.927146230776556 0.285573077637756 0.741144438328667 0.993151947850413 0.139148662923396 0.457162961777895 0.384150945904984 0.959791420945027 0.629983315638881
0.600748263578569 0.724902879455519 0.159463191100447 0.772720626995292 0.987617965124638 0.0458773690272793 0.441337464708851 0.323420625615483 0.719100088073457 0.564130166311429
0.585037377031096 0.571723727624323 0.101752728897077 0.522195030713857 0.978147859810114 0.0356113069774344 0.359505214781272 0.246264218441681 0.830955552171718 0.473647781462554
0.537287711375536 0.149044757301383 0.114891667285807 0.853711751906374 0.993539164023562 0.135437713572557 0.599178769765204 0.437347230487664 0.837268732094572 0.642386877313817
0.304406804826312 0.03276366227697 0.0467529005249284 0.829433382981816 0.980462739768218 0.00837959449557911 0.484581296763166 0.291098880827381 0.0205098054122914 0.461977621695993
0.259724302092076 0.776928647465919 0.207490808076158 0.864232215419098 0.98914268822929 0.00917833353228851 0.486087999262745 0.363423047190298 0.715681400996687 0.581879623712041
0.96656243882549 0.3225510508946 0.318767136304153 0.934210065364843 0.998114763866306 0.340210660907162 0.647903626001353 0.480215489131211 0.459996712235257 0.563570438683917
0.13537056261039 0.17030442003095 0.0848586097710389 0.416921913192746 0.963867077540841 0.00755458566177873 0.285400900243537 0.247060605569449 0.0343412091091527 0.60350506598293
0.767064182155773 0.652850790904579 0.486912326437895 0.826818759461447 0.955673264661688 0.108722799990015 0.390000928545347 0.29626175612088 0.655069525624928 0.595744561508012
0.748921290577642 0.094331330177465 0.308166789401329 0.912538295850081 0.993835155959481 0.199880132857924 0.531532826428544 0.337432757407644 0.96611195220937 0.685161283964383
0.803247185784094 0.962312283145191 0.180639789494362 0.369798560573384 0.96964219135935 0.157424245502418 0.503810242843897 0.455148417068866 0.42402126819884 0.639222922490492
0.96572449572958 0.1447288116855 0.171153052858137 0.871766741949541 0.985599691758021 0.107061073127636 0.568411140038727 0.507987241575561 0.982043404996903 0.591287832663171
0.412575168346272 0.337301966083482 0.345771237538349 0.658842586192635 0.978330593528392 0.0418913958135358 0.302723281334151 0.291746077377543 0.213864467091613 0.52759476889435
0.829278492598079 0.854321740535026 0.0798727225830954 0.856852734592629 0.964544386839394 0.143696449837974 0.447849723329404 0.254538564050026 0.333303640068273 0.561825421570239
0.993603581176268 0.815464920252779 0.445339230351025 0.989148918432393 0.999615592330192 0.367486185139964 0.61371849027154 0.410831408512571 0.992225001602317 0.630436424665459
0.262581100525194 0.0424670451309339 0.31769611373622 0.787562558850723 0.929266565946454 0.0541219694805751 0.35066621954306 0.3422772381624 0.250377629929588 0.437957209464276
0.543481455768466 0.143131722204526 0.109865875687029 0.850363451887884 0.986912736059186 0.0247778697993239 0.311452692519195 0.246030305793954 0.108386247168875 0.501444617796047
0.652803522991757 0.101585097462741 0.198566412299795 0.873205477794969 0.996499785481142 0.118596335851435 0.543271191605358 0.453317161822697 0.635977419824918 0.674651728954749
0.323514205122482 0.744160569408985 0.126378033677329 0.868945722332496 0.951247169979501 0.0370875292876484 0.343025266322904 0.330257269793794 0.638379119816005 0.547359464187234
0.90106570090717 0.693211598783169 0.47451356875944 0.941090897501538 0.998262838465453 0.265757261244703 0.647448949527507 0.427090536347527 0.892661412242093 0.602102470408052
0.070760340557615 0.711291390996374 0.140313300950508 0.886574918085395 0.962145349107604 0.0101080148893948 0.217419039188445 0.241573326038005 0.00827552561183646 0.418972279712688
0.926254761967215 0.611203255936345 0.471943620165882 0.947502945190248 0.997744857991045 0.119859969070113 0.667135224337478 0.511909795281123 0.976638291634709 0.700696101355927
0.726402515390999 0.240918186071643 0.145636142637669 0.799652009686094 0.979828562292642 0.199611365974051 0.455291674330706 0.351688967110959 0.763397924185746 0.684064118177522
0.931419948155677 0.836808624720296 0.0996658256240443 0.603357386964716 0.989542999908455 0.246964994529304 0.667354458550861 0.361338034462601 0.71528494589539 0.658277897922625
0.861471478905796 0.794473324579607 0.253733254224095 0.907051456194585 0.997679749038001 0.111452802617607 0.474904857028783 0.400296765814383 0.615753512582409 0.635308334245076
0.867643348918116 0.484250701793623 0.131055229193474 0.975439170674754 0.99766399234318 0.1269996983075 0.616948916129113 0.401903958122011 0.977334259501341 0.633442992163075
0.88884891602504 0.832959468355316 0.104201163851735 0.957093944777786 0.984852703323454 0.146640577321689 0.579827163911678 0.471881577415084 0.926704736001272 0.601660306223976
0.605966138270938 0.601729074752398 0.28279153609228 0.984199830009858 0.994911974109363 0.0684150977757804 0.60520454069258 0.360569440149222 0.451318252632823 0.508376189102386
0.397542450808833 0.150898543457582 0.150348389644954 0.5413718139428 0.948366090270385 0.0529940526059806 0.387924553247181 0.376833074907959 0.70822794344824 0.611627985426905
0.977970950518904 0.869416560925302 0.760842857910632 0.891257700410638 0.998592217273894 0.40410770182324 0.643175836534072 0.535199757431998 0.97603354026497 0.687055030174094
0.27126629214324 0.457891719993285 0.176009755627929 0.75150195739129 0.986876393124781 0.0345018556872229 0.494483581468951 0.333641820927404 0.767416504512098 0.554876092049017
0.499541963817808 0.0835201963785802 0.115805822271309 0.348976767359725 0.954958080939139 0.0128385106605283 0.271852407246284 0.240056524273066 0.0365853973561668 0.370388875092448
0.104659380873765 0.395597311032448 0.0128337031684438 0.188556520714242 0.393445911119109 0.00270137552925019 0.132384742507705 0.190513892938341 0.00891864233149937 0.452744600302682
0.809775111365922 0.48711614041712 0.230732520924054 0.912847397394691 0.994840985591961 0.0937422444843251 0.520352288574184 0.386502530782158 0.732894240069753 0.54521175971332
0.458816235052672 0.046981082861438 0.0852603614375055 0.309603797717837 0.83526908641634 0.0184196513238837 0.208690387046915 0.273255682467182 0.0993434113628917 0.493116137000792
0.177124463710375 0.282296758179888 0.148998452928423 0.786397679234001 0.964395862298649 0.0336696267050454 0.411047165139807 0.377120572904538 0.465422298548727 0.57088067107079
0.71786139129645 0.558232416688034 0.173451530802634 0.36082640001341 0.970069875320097 0.0487639907988797 0.5132047729053 0.426174383280695 0.741293864339472 0.578657657025065
0.769318365727564 0.555711984020802 0.204479316520008 0.930946634295703 0.988453889250575 0.289024823297372 0.505479495723174 0.342372846228595 0.910127619847299 0.585624975340435
0.71496700191684 0.359742114263679 0.128949070487372 0.681935424213275 0.984828565977879 0.0882850336862892 0.377270457935926 0.495780536195706 0.708225992806297 0.679047965398404
0.632713077760179 0.793430320401278 0.444255193482694 0.954165866072817 0.995037498000586 0.16731579984147 0.495563096217693 0.439121679031792 0.837498046119015 0.569146209135439
0.191682028566043 0.440919276403956 0.126923088357257 0.436269780404171 0.940737602501138 0.0927448588404334 0.324748871905352 0.340975198623745 0.139884844589925 0.495626943696238
0.921905250665557 0.970392597461988 0.275043095105093 0.852917661789248 0.999762783106896 0.661264604932634 0.727721456928977 0.49062633178231 0.996477409951111 0.670980469037892
0.457705753729154 0.899605575559445 0.249044728179335 0.510023241547418 0.979740002555296 0.0614300662077798 0.371689841670038 0.29356620139432 0.257819277232849 0.595699363597694
0.703883304190319 0.634192854000171 0.118671668071534 0.562269611458453 0.979107988343924 0.0979622825390605 0.377327773895418 0.422812961130919 0.775597034844068 0.548557932599892
0.035673527798942 0.691504414253663 0.10374859573727 0.24855407075882 0.882983227640553 0.0230086093068065 0.239060888875524 0.250246897060868 0.0144103241309454 0.397719886435329
0.061683668656399 0.0195773775092553 0.0573068068016219 0.588023273978167 0.891662699986235 0.00812953298281633 0.229607909336536 0.305462743773079 0.370502554862245 0.437932522296224
0.278703296212072 0.140827060666593 0.0210133185123954 0.0469038607279822 0.859556117143742 0.00413567532820118 0.205072075829445 0.233089859373362 0.00109857917696294 0.364342893767806
0.103917598837393 0.303156041901759 0.0227406927361864 0.317673515309546 0.864576353061034 0.00703895430196288 0.258182890638098 0.144153059990376 0.049423594731422 0.50494928811149
0.0698289081105317 0.313876313122785 0.069532293887843 0.880772659184459 0.828148532519224 0.0208077875886983 0.252922941751681 0.281104504784108 0.00773530019513881 0.33893301038072
0.852814304175074 0.175486865160621 0.160663977482772 0.601738313392105 0.949995095570126 0.0424331960771322 0.433631331552712 0.34580022059473 0.775015719623131 0.560078376650505
0.324360544648277 0.281639731224253 0.238399092794794 0.301636263266397 0.967930356505692 0.0408305934213866 0.449457641925704 0.379011978225699 0.489319503665249 0.581572342479044
0.286085270562144 0.0282640216082905 0.112868801694206 0.596397770576713 0.846540056245194 0.0171435567237599 0.242178736088496 0.359169134794669 0.111056170904334 0.546605708239045
0.306135422799793 0.297573160744416 0.17501779795402 0.632688440951052 0.969850778930576 0.140444297378067 0.413269161523082 0.427861789114969 0.370283178039895 0.591630611846851
0.107342466922216 0.419806200266742 0.373163086345237 0.845447791553542 0.991540162611339 0.1387988599345 0.430783749734838 0.410042471669498 0.884559647464411 0.694984956880967
0.977594162573709 0.975252196390382 0.301934196486031 0.96521055774822 0.999438712094217 0.503204216572619 0.766333809600825 0.481142396762304 0.997190411460091 0.702832030101732
0.398299944047672 0.978734591810552 0.398307555104869 0.936051475867375 0.994645929630264 0.241129220222652 0.554225707681194 0.401151964625976 0.47312706062058 0.580980310977599
0.369438583892917 0.740081424631379 0.172624106991499 0.791757342413828 0.977514890663373 0.0290664965915706 0.243076196899006 0.295207393661016 0.479706557635734 0.424540861458736
0.772832215064457 0.82533703525881 0.0577392539568126 0.752036997498313 0.998353723983069 0.212015372337294 0.427586639844047 0.421146660210779 0.549084899780135 0.674263250570762
0.933730736747705 0.764894684701719 0.141493809131817 0.924968950145307 0.998131560057042 0.196389027675762 0.72624384036621 0.467312873044696 0.98804095616573 0.70796679623372
0.603110614726098 0.0442124619610391 0.257433445615688 0.892442824609589 0.99749469838762 0.111984295819264 0.323927153292186 0.287583199133116 0.834360152985688 0.595931311494813
0.831613200092678 0.27367265331937 0.474276357230808 0.927664714442684 0.992623229604687 0.0895829499480032 0.638646976254548 0.3572328217927 0.661162230567955 0.661830879422496
0.624045748538609 0.40078513499787 0.13837159183822 0.719002156035779 0.98593715144877 0.0603546589765505 0.342616658805243 0.512231440607744 0.885817225966552 0.659051375281959
0.282789955195049 0.682763111944239 0.237109457680239 0.6795487832 0.970253076426354 0.0166369549912893 0.37991223646668 0.329372555666275 0.178003674549607 0.562525267095661
0.630653350638233 0.351517162358052 0.119899042263874 0.686034902774434 0.934232270875255 0.0212100996118046 0.41447604255902 0.26417097952553 0.0911026579786092 0.489602050127182
0.180311564519541 0.657814591068431 0.12634434023603 0.845354118580074 0.978095478380102 0.115523364025738 0.312527752295092 0.220416335300428 0.618479081728891 0.56412688083353
0.464197752793561 0.960851060189981 0.247105002863174 0.87528625161147 0.992204566260275 0.29459496762714 0.616243391183513 0.324652271837276 0.805146634166829 0.578550896697884
0.862289182943634 0.52876806105407 0.149469409624643 0.882623001250581 0.986670325938359 0.202051613126331 0.444676793914467 0.451262951185779 0.91424088542854 0.597647883193261
0.892619870381194 0.924361198435626 0.176551175161582 0.964242970265362 0.998869833249597 0.251477737015077 0.711794073026964 0.522864826932945 0.895730610150006 0.65323270441688
0.260738675676966 0.183975909819207 0.294255789457221 0.567823225912993 0.968010827130788 0.0293207285488138 0.342504936148475 0.234437871081766 0.56778368611056 0.599916978055871
0.915375949434039 0.859985183744444 0.162369141600387 0.789083823491457 0.995141651157034 0.132172249893008 0.550083331924975 0.436938367689416 0.928382306098721 0.556614746562222
0.550527041869163 0.812860251371987 0.243413466110617 0.943299533838696 0.957490031260604 0.0540038633424427 0.472967626024241 0.37134010780652 0.469025150930381 0.60014139251501
0.69408151883669 0.724214600296695 0.0835504645150515 0.959803942058091 0.987103045508185 0.177389465796794 0.551381217654092 0.406049360351701 0.824259637595533 0.693271384179189
0.0772618900461723 0.723079973857707 0.111744084279128 0.936469488961856 0.988145432567729 0.0527414508735563 0.334542007852024 0.28043468644237 0.165628739889571 0.463089321425712
0.89979026176993 0.457119008978634 0.160107259932592 0.945669667159877 0.996409227241018 0.379156610438057 0.642879612622851 0.389195441811227 0.961234293504647 0.565648573519965
0.73503936579972 0.164591609077047 0.33634065868152 0.827242936342095 0.998359920086936 0.123390672917779 0.540366853985856 0.398971316037551 0.959971864052696 0.689916349340171
0.704424748222944 0.348086880404926 0.363761430901969 0.865056412768208 0.989730642548719 0.126980994169408 0.505122803329783 0.365349526375141 0.543839413494024 0.555625127396387
0.600520593263374 0.179035065001577 0.118135042356373 0.837919033020676 0.995119123882576 0.142897996297805 0.533493120563479 0.374731367630405 0.92201760682972 0.625850474139125
0.899518920113866 0.9395010641259 0.566961811314408 0.936646881404878 0.989753255521447 0.224621575437812 0.468919225175608 0.352439471464803 0.74252943259488 0.608042028915639
0.214516018440826 0.561107783595342 0.0964738483025917 0.888894580414496 0.958757900044455 0.0553071144455342 0.304824922459418 0.342267669743133 0.189779335977962 0.440852853780021
0.218298251509029 0.379106390732915 0.137248852451256 0.213980383129738 0.712818470648656 0.0163995747287675 0.221054364711731 0.247991546889996 0.102389392811738 0.336418529078997
0.520552849278296 0.159189755673565 0.122832237685355 0.828937454259106 0.964194979419539 0.0212132968955378 0.350870355715578 0.324828335012941 0.346939651627682 0.478176623492761
0.941794764132908 0.86792285589288 0.108261399215873 0.835822074795153 0.985848455854025 0.0865327620666412 0.542528083219917 0.426593591134442 0.304388430871535 0.586508323541053
0.136820793715979 0.134682541218808 0.154826691218963 0.392337214918642 0.627320695168851 0.011989229860924 0.260712521926464 0.233353978264224 0.0134863928923044 0.447025530613249
0.405165852390794 0.183061022107901 0.048338673534424 0.908579689462451 0.99855466007375 0.0988471855284669 0.370757768364377 0.325638931185919 0.909708586260568 0.48151999792205
0.670792559830644 0.813867557113701 0.308020690576271 0.469742898181251 0.972885030109737 0.0600555579071751 0.376065169843573 0.29168825407853 0.924123499510377 0.548038217086596
0.646734089544751 0.593443440641033 0.0844720257327222 0.858399890165987 0.993321382749347 0.0173691406919813 0.367670054936742 0.326859114825214 0.279829968481612 0.619224731929943
0.788489412736097 0.764286584647228 0.451864720613602 0.880793175840962 0.998880721513293 0.632420537294238 0.56744274515081 0.436918551836946 0.964428097085701 0.621172089627934
0.660789985910386 0.98800945629706 0.303530083758572 0.972493938731577 0.998838852332286 0.371596359869777 0.717900377181756 0.440073219758629 0.997880184360871 0.578944119182115
0.928993586206388 0.708947515447925 0.246208070218821 0.887911605312198 0.995135576946843 0.134574429400636 0.518855763761187 0.342817985014576 0.861511891289835 0.654815288398378
0.861458946740455 0.695103005544413 0.248418079763226 0.864101117839522 0.990538878156663 0.166074211193814 0.378009597679596 0.315401711626199 0.317547406437169 0.611002862612771
0.636821074198346 0.216724820876407 0.11736434112044 0.720231642064151 0.961662789541816 0.120097989731038 0.34764530337097 0.347406417418758 0.505233778010549 0.542771559205101
0.235087660035056 0.271099717610809 0.207278820213438 0.987215853610256 0.990792904299879 0.14467259374216 0.372791670817722 0.507211801197714 0.810886365707635 0.528794661802439
0.464960556693866 0.956362524974564 0.110937279959638 0.803051188798443 0.985796245611653 0.0288775681700654 0.493041663371538 0.361028034330989 0.364502100120903 0.565564637228099
0.726195397125663 0.42078097199393 0.156807442767731 0.864674574926486 0.976972495269848 0.117601100844653 0.481552784391398 0.31701185353762 0.963630241304293 0.650234305700841
0.9544373732404 0.893526624295334 0.237323079670471 0.988858167198893 0.990868814848479 0.244582008922063 0.663939001167428 0.403506831364851 0.815721333861574 0.572221218203138
0.810740531905291 0.8993986456124 0.194521396722237 0.609425290550189 0.988526608622022 0.105356344375086 0.41453022472515 0.425211304959635 0.409451477723396 0.445600913799734
0.516381531646319 0.897133001768485 0.130959836112146 0.465978240151653 0.981613678293875 0.0834795269716841 0.370415489799222 0.318923128721593 0.58934254826828 0.529357401848317
0.041152675891879 0.668123324614323 0.293599894658145 0.476395463993827 0.968937075663998 0.0105061064837848 0.350908570163837 0.352514825154741 0.0584602534860336 0.539930135333841
0.272903417435242 0.911169011996396 0.188613894000276 0.964672899470873 0.998236407027219 0.107205281699304 0.577888556380865 0.440544399803899 0.839458281008543 0.650732738220841
0.82830568998046 0.776535632147117 0.58090692597544 0.967415023951253 0.999336299117269 0.417608562223748 0.71410308041851 0.502088487814221 0.989180582156695 0.607562582567239
0.571908466148237 0.0747713452837035 0.369898862736243 0.955721370410061 0.994533900908251 0.0842767344923539 0.574488333736299 0.505906043668715 0.89253027016621 0.517201695492516
0.932328168297994 0.402965979175147 0.374885029356107 0.974502701617505 0.997986507110966 0.408435215139126 0.747646093781887 0.49318665347791 0.988957858316632 0.756664008150328
0.4150601790136 0.556080654969665 0.05109535841963 0.526187032527072 0.83755560296031 0.0311794371685126 0.286866383929358 0.332522604232188 0.122634444107677 0.392554681922583
0.206735839104657 0.75343797514599 0.101565845616664 0.778550929456849 0.892628513855933 0.0549156787054574 0.394953137482979 0.350858167872726 0.131321123812533 0.483899510618008
0.352530227923085 0.015963904877403 0.241644600790306 0.233276573038177 0.912998571373402 0.0508925124760073 0.288885107125948 0.315688817307092 0.127294091411732 0.482620378257468
0.992270547913393 0.745083808198465 0.431193423702086 0.942291771122581 0.999604830675173 0.783249846908189 0.813898090931212 0.450687085485234 0.994884359585252 0.763085486516684
0.518872693296832 0.746920049177867 0.131318146127255 0.763068670922683 0.974542484589664 0.157409127746397 0.569222901551166 0.428611602222836 0.887972170614987 0.547751767002247
0.0267185649965499 0.14835117718003 0.0332552609213777 0.53540216383161 0.895096580569373 0.00221726176714114 0.321922350990829 0.256254192392406 0.0119794346791627 0.380189474608848
0.967041433734642 0.684873827314317 0.507053799877571 0.957954537491223 0.996517104998302 0.233430619020121 0.555241404648401 0.477752166161985 0.953859642257419 0.70172873799252
0.873649834414634 0.793908625720429 0.482756334191672 0.542550817063736 0.999538982076005 0.31566781564824 0.700128169386603 0.444614232296602 0.945314786290166 0.678661314977881
0.286199033215953 0.836585969322304 0.0591152899545296 0.943704849415259 0.986714328046759 0.0226477934178509 0.492954604907154 0.405951543024972 0.277855568870235 0.505967253156065
0.746424528035779 0.905757244181752 0.0888667970666566 0.794915180939565 0.993563157285199 0.180966161819573 0.511883173010459 0.395790171152386 0.545045355686666 0.542406797542201
0.636234725685653 0.980540258461586 0.085711176876754 0.725523022047803 0.963462843341913 0.120780619500447 0.379603335935515 0.433359681462375 0.715522804269392 0.538438592582972
0.886975709347214 0.517527762555098 0.304471577692923 0.968342136107116 0.995501246635734 0.103621789365254 0.464895944116191 0.490552969350101 0.928829492676981 0.633113908678108
0.317691252555879 0.0861806168528292 0.123895934909098 0.266284414922357 0.866527069830837 0.00375749671210407 0.151150717604324 0.192678943084484 0.0272824617109742 0.400017785213581
0.274397550699122 0.236247730683518 0.114071572099459 0.897201278413206 0.988432316391846 0.241355975061375 0.628259852749126 0.391068257381476 0.942723230541572 0.683276006879457
0.924567149051118 0.912263464607149 0.190850732125405 0.882727253387946 0.998375210637815 0.502878920691941 0.729302137359332 0.475683870095941 0.997939055170458 0.727975467238361
0.593164376185264 0.321344310220069 0.0201860337865942 0.649110863399965 0.978202370436715 0.0462478843952356 0.268735511843939 0.241315152553322 0.0884425344926724 0.540335484084418
0.531233373196572 0.574823552134608 0.0600839527353794 0.629355670206299 0.976854683545295 0.189593972508565 0.404670772852864 0.310269494815748 0.345982785735786 0.582109154234464
0.960653731995948 0.0893031916020072 0.162211865949912 0.962850352613558 0.992498822225084 0.0574684472641142 0.430592998273614 0.419267336310124 0.803197606601797 0.63756796999202
0.118057346378863 0.31414581875754 0.068372520340968 0.657686039087412 0.822670752247705 0.0357709954834321 0.27042662726705 0.299848109370721 0.00547611074381716 0.498054445780229
0.518322839025813 0.718105318103814 0.191685955534952 0.907972528174031 0.928534231730718 0.0238404489167132 0.401973985351327 0.35172514044847 0.257811583669725 0.564670339404705
0.499684879235669 0.654037305943966 0.162939011307927 0.607225365751081 0.98532134900406 0.0828352249027911 0.4410047674358 0.348987706648255 0.574973610250606 0.598326145666128
0.672735520420496 0.240447598643341 0.128334464328083 0.856264497860203 0.985290606751018 0.134273307086477 0.523334077450525 0.486986398310708 0.718915089220224 0.703657763512109
0.898038139419184 0.885539730257362 0.205302979205555 0.842934629735817 0.996415034979722 0.110996838702174 0.484118599818125 0.356660435156188 0.4224364096933 0.605753611306341
0.751427383593213 0.0426085316907569 0.109707596781385 0.600125345987924 0.944738354113639 0.0197635804268427 0.405059290301867 0.299539987013015 0.188625568648006 0.485649758580129
0.946540822541004 0.613868690592091 0.32275050934862 0.97591723644024 0.992733247631936 0.142185549038966 0.646798888701964 0.478494119405455 0.869230017193971 0.713793876027705
0.530269391730803 0.0712587789718215 0.0997777148538088 0.308522466726419 0.961482383417071 0.0621007480091935 0.322530609203658 0.312196288737283 0.626777262042046 0.392902786678911
0.461324716175245 0.798760833435854 0.40401495058912 0.901827021431771 0.998576478059033 0.154071996771002 0.560550596362336 0.447084001999116 0.96922182899457 0.572107852183394
0.505311479406889 0.40252585590873 0.176142745095031 0.791236367131905 0.993517142906443 0.0311409799203342 0.376479594271362 0.364928973539999 0.112996640071034 0.587466489877006
0.918971924605788 0.879712530468511 0.116872671515141 0.816229472800434 0.996145712296856 0.018070206708425 0.502223846026578 0.34138797637108 0.340840322474204 0.504148996861157
0.665225122919369 0.484133397870782 0.156710677355266 0.617057185191237 0.992321953752998 0.142687586407296 0.521981681181675 0.362016300667128 0.691837884717345 0.557044660679132
0.921320490942174 0.787218062334393 0.239264175425667 0.949980187842053 0.998064057002884 0.361133469258175 0.703554623812534 0.473331372729631 0.791558486570296 0.59357263477195
0.972139198160302 0.596174282747994 0.0812491417284777 0.973086276046897 0.999656427584695 0.304521024898084 0.77210627178881 0.585543404850168 0.996931688768407 0.691904216007428
0.164739249207845 0.529318897289505 0.123884131217744 0.620832661644984 0.921169167069661 0.0301999902423198 0.41773726292245 0.410111835547615 0.178942683674272 0.710525197255148
0.182199074993972 0.673564945551203 0.262396151435469 0.818475798783748 0.962597961184923 0.028269559860418 0.48285084108444 0.250906124010123 0.183827485665573 0.505684652060034
0.549888566589562 0.801799535153747 0.20367525339475 0.750616493857609 0.99673950144117 0.111166592694562 0.590603163253837 0.426378023624208 0.966083735397391 0.538313818487687
0.73440191382779 0.724412531371723 0.120705534243386 0.896497053706834 0.990133823620194 0.486824732290088 0.677539405642341 0.534709575020052 0.745278552215596 0.702707918007986
0.174995124716928 0.35624438125344 0.281701988276806 0.809562102736054 0.953952162066867 0.122422559922227 0.340920464110524 0.282522548578663 0.837877045943219 0.502449616851163
0.534783719326026 0.15655538703111 0.0301603984422889 0.367049739664592 0.929676131844294 0.0544616453091483 0.482345317427429 0.378264085107606 0.432819530659274 0.481566928378881
0.84205413007792 0.12893878742233 0.215831474360409 0.855187199850344 0.945353800265169 0.139766091775222 0.484133481713097 0.374743787808705 0.729822630837856 0.571785726224766
0.214425233562508 0.342135319979793 0.100556981814735 0.321614172053832 0.862275611596961 0.0331365246117293 0.332158062333172 0.286110827931241 0.0858124145145258 0.441176674559808
0.51856906700713 0.468224717764591 0.136776364141536 0.883736993486245 0.987807683355497 0.0211858681319227 0.294119383105926 0.351911015763381 0.228905498133679 0.517724972922907
0.852559195998321 0.362973546799851 0.0926569543726912 0.914726813344153 0.90525430849941 0.0384931345354521 0.370949240536206 0.244481964009674 0.175580632104346 0.599250293716706
0.779694492698 0.402215099451537 0.0588100469209902 0.371257236404068 0.808851754462715 0.00838096901011541 0.219281767665274 0.181302473488748 0.0116746318083737 0.396015663364537
0.645460505393123 0.130948353004254 0.0555020542713726 0.596344829589549 0.902978805522211 0.0300449445683243 0.264409309671402 0.248923766998157 0.413872014054415 0.397408132250743
0.411028731165874 0.736816906343885 0.0262915422210351 0.46792918832054 0.857684147327389 0.00825260575565119 0.297061957861248 0.242595005828258 0.21732309822649 0.432402810037422
0.213883574680372 0.529327816586474 0.294821562092304 0.498621983469707 0.944790233617649 0.0142378372729476 0.279182025296684 0.321208737310716 0.00846059070597152 0.548294364348355
0.981061620932983 0.917145837906805 0.216550567939798 0.809193613658899 0.996230558191911 0.453832879928881 0.503618026550315 0.434493151759525 0.907404255293269 0.644561913190852
0.767100541392386 0.129578676422566 0.201904620674885 0.716459796658181 0.990140200779075 0.211603349252807 0.468921516726599 0.300428377896853 0.775637444734871 0.593555415264405
0.397310602973301 0.356038112132509 0.078262292898547 0.674329435090187 0.944541658065633 0.018265585648986 0.302632954945737 0.241196408413905 0.18925126519555 0.529441488365059
0.134601187550663 0.298394781731488 0.063875173406835 0.788154435895738 0.899734849203602 0.0410842698256456 0.266051968546895 0.267354179350971 0.0761734518631087 0.550408183377529
0.345948356832566 0.74638458282563 0.102114529515182 0.8596510726378 0.989596840619632 0.329806618810829 0.626967548602024 0.390609634875393 0.963643791079517 0.710975788938238
0.851660182146275 0.625296954074581 0.181310243212274 0.601729151721555 0.965079900112523 0.0336950799569124 0.402273048673936 0.315842646640145 0.76117567661546 0.470359349329641
0.7164413734722 0.248811311055418 0.073259536058468 0.724565633235387 0.985811868955128 0.0410641799705085 0.319291470328646 0.281655384335338 0.299484321793548 0.443771404070936
0.370384085282262 0.256025782496108 0.432546742103809 0.759432759249218 0.977546553721745 0.0960222030759515 0.50626937462793 0.376060679215559 0.61089179156649 0.561583026652982
0.270575700155863 0.0697408915195738 0.0948983460842446 0.835791803472001 0.839078861332746 0.0451507535903998 0.493555773467114 0.359910632854783 0.186966085241826 0.54478871301374
0.204956662678686 0.951750288449219 0.250552558616895 0.393691307217456 0.998168222954929 0.261175417099351 0.61711185025899 0.390602973519057 0.922811306797844 0.726721658442421
