0.669190388760797 0.829690162557455 0.184237649754886 0.699282694612606 0.994289108891943 0.0371190711091975 0.467222611172488 0.385934264823895 0.958063713390656 0.676287923146689
0.65872741897703 0.76933900050964 0.262926751899148 0.955302547413396 0.991320336864206 0.174577934372051 0.611501179799837 0.451921792493362 0.915567263309238 0.683701939977314
0.300392342650522 0.623998412250663 0.0950702363936833 0.60050320723382 0.969588409753108 0.0616251589071979 0.311177444577657 0.286507110710995 0.153269137975518 0.503198374485774
0.562459676818065 0.593524994338614 0.282013253464098 0.919968405751088 0.993574436642545 0.191251759806801 0.462209839950615 0.401068667772781 0.503269921632758 0.607181495185282
0.183373574595904 0.582792321668417 0.0265268562885013 0.343717759908759 0.963044350199882 0.0243699151796062 0.28672171172932 0.221229148411455 0.091250741059876 0.336536239447651
0.581311121193345 0.745879078305545 0.0719432591250937 0.632970388154993 0.973339285704935 0.0907508958571469 0.415459661643337 0.301166252745984 0.43925472643846 0.586504013668248
0.628292712118377 0.597741543735218 0.369669059151457 0.825224965535609 0.986375001607845 0.0194871011375985 0.384882543669048 0.383932389451652 0.831235417637127 0.62102311710041
0.188531595573415 0.344297702938584 0.299536398676341 0.517608031246828 0.742804210092135 0.0165273080836987 0.245052181641268 0.265475298007858 0.137296900575735 0.477218164980974
0.973111275446109 0.189269646531739 0.273576148211381 0.595957060790564 0.998350914569815 0.125953486941304 0.627007918070151 0.364158850015196 0.753042191192552 0.542771603103456
0.399544291978365 0.055083347561263 0.123458857173575 0.790617219469698 0.991510213221576 0.130059350808359 0.399819225046943 0.348067919524971 0.76544505019336 0.543158880744693
0.350373972647052 0.529416994104211 0.0508091190757662 0.654822584893843 0.975834355523489 0.0728690292534366 0.47425696060245 0.342383462854661 0.651333589324426 0.61546044760878
0.928223079211738 0.0800547248733122 0.322045530758991 0.973623759925149 0.999634531447298 0.589321662329075 0.784122496223606 0.484174030701219 0.992681901447521 0.721904604623326
0.2414399133791 0.364433357045339 0.0462817313222893 0.736205162115256 0.976800457466724 0.0225289735804427 0.335113646182298 0.348140768798899 0.0460888562271533 0.577463606216695
0.894740776364077 0.9493924973413 0.266658628054179 0.931283039198852 0.999445613195235 0.762442145095416 0.705472300337308 0.541698206021176 0.983394551994159 0.673217754449026
0.62861027635338 0.977888862128904 0.188596818009087 0.679591001499157 0.973545184105564 0.106291812396521 0.440945208136558 0.394299969791309 0.62532063382252 0.529961186153078
0.479669524010069 0.295802051063315 0.0472983769002435 0.925140042590783 0.987577705425479 0.0447506268982291 0.376769448694097 0.341417557054301 0.195728361948681 0.580552694902374
0.748953216832727 0.253080764516047 0.094225625048789 0.779825465089405 0.989832661606665 0.0844272998901866 0.444228593571633 0.296149512400787 0.788403896866537 0.621870085582845
0.964150065913748 0.662224564587405 0.176613494283606 0.894651584600859 0.993513442617374 0.464148209196996 0.636597289578511 0.513060675089142 0.985963214114387 0.651796318921797
0.875520080220676 0.418649969921383 0.0779844076979935 0.978312700815289 0.99633057617799 0.195691638791503 0.676614492324028 0.431898467666948 0.968250140393831 0.577736123376383
0.187075750719921 0.416492716211774 0.0892692643496606 0.676009932717464 0.927525686851722 0.0124254265314789 0.299975291230003 0.318617714101606 0.0618963055280467 0.402022854108132
0.713836078558973 0.973154922162857 0.246076851407166 0.80407641544303 0.996213216679461 0.205819233329353 0.656364921531143 0.482678426499878 0.784833028578627 0.615497002382379
0.45638649193347 0.640844746686622 0.184824680593949 0.586907663447927 0.964228291015978 0.0471434778456824 0.356478288870288 0.386618963083719 0.297742447801719 0.605609447805146
0.148066236714891 0.370531082427672 0.225941730762608 0.876162616749402 0.954678411621639 0.0297280708042815 0.527468167381836 0.291559235545566 0.516552274340161 0.512445423609642
0.481546769026495 0.947025741689142 0.162192672242449 0.944561286537549 0.996338525137679 0.123248424380845 0.743677797384313 0.459790279454716 0.969070541376893 0.483413162440761
0.846477875500668 0.952014683024441 0.0927749624963322 0.878708198057686 0.994525029889853 0.134313435368344 0.565992371846312 0.264295557165161 0.556210371428495 0.611088113811593
0.772723716746857 0.230090362989051 0.154815975193526 0.975270628876992 0.995956842457608 0.131799947436781 0.50403291488663 0.44360833348083 0.827455751747653 0.672617827432208
0.773148085800552 0.0460860581827841 0.106502827003315 0.817261771223922 0.964758797227876 0.122364235280492 0.39971856626693 0.401852224942621 0.269899102691473 0.552330224505773
0.64625440805576 0.224222677652145 0.163328185262217 0.766616002443281 0.985010238024334 0.103417107648464 0.581933615755049 0.42380011831361 0.886215006435799 0.593838319323528
0.355389498260899 0.197817999322525 0.043721214059701 0.397752496477964 0.967469823116286 0.0291588368754258 0.231239236154312 0.352634715204955 0.103935555959548 0.453677711944515
0.921312071768442 0.936493180966377 0.311105218871044 0.93494794971138 0.999862850700507 0.501431150777012 0.821422587291843 0.499775974416036 0.995045606080637 0.706733340694808
0.303352248994803 0.039492432503449 0.313567124663681 0.752411666921619 0.997506299819797 0.113487492599953 0.448024556866349 0.386730933797506 0.524889363375736 0.518419675327331
0.0773973306395492 0.171088761316447 0.0935745442223752 0.675163298670824 0.977176132955319 0.0416527626919418 0.319655371149626 0.374190945356885 0.19061746030492 0.420664374694712
0.626810255080264 0.589450140386855 0.287838741293944 0.946748270544553 0.998425602832883 0.151763895234892 0.524275434791123 0.389059054852316 0.905717095955164 0.581897707667999
0.611896252198877 0.958187779832015 0.3737974648779 0.908292040102357 0.997659549258864 0.253705059741503 0.544436902965003 0.421891299300661 0.987303859591852 0.593836131176422
0.77652872080795 0.821601251680172 0.28029066875533 0.902923827615541 0.992322919546769 0.130966400690856 0.489345707526088 0.501379789359168 0.799609516108893 0.716484783433173
0.285158169138232 0.249351032148929 0.202361754866978 0.926708125845988 0.985868710558587 0.143888746206157 0.385774033632029 0.382226621635596 0.771833830438283 0.479232968624708
0.0744716711551238 0.746859105855622 0.423235661955447 0.837062841587076 0.988249025188995 0.0625251731546201 0.385911535782288 0.322579012377118 0.1433690258256 0.546586553028775
0.575992129823965 0.0325064904973242 0.0899746671550569 0.451415174056062 0.96256963021982 0.0110649180134525 0.289369060117735 0.239942177444175 0.0292055445992096 0.450726984748452
0.849888960909628 0.48755352279228 0.19713280093319 0.94740820365672 0.998432150878613 0.533426890106897 0.560759033555494 0.435472779414826 0.984925966387648 0.655937304520852
0.299455958615916 0.700465156866274 0.189153726695867 0.772083062429735 0.995823407372592 0.114825899903853 0.421287060384841 0.33705603301217 0.505146741143071 0.554803692375832
0.817109467541378 0.876063500775145 0.249325797185921 0.980984051159948 0.999687648625933 0.616667591433576 0.747150786840645 0.511372903810375 0.987654549837355 0.77053113259964
0.093465209989698 0.232634905487837 0.0502222352519528 0.690413141739372 0.947989640477146 0.0176238766959139 0.368295988206585 0.27242401402615 0.439141190145554 0.406181278819008
0.579288580585593 0.235981689417133 0.109242885434064 0.70793540028502 0.986754545895992 0.269590175530199 0.445114762773794 0.453164650490402 0.853789105069532 0.680491617194315
0.273673872925437 0.663834157020905 0.19400312121947 0.542072877815076 0.972386034744887 0.0224902537058145 0.36152134195389 0.301540541533387 0.047619474050807 0.46112717255093
0.089638417874082 0.32104474248893 0.0790544094249243 0.254343932459379 0.969344183377372 0.0136127073814846 0.192624467917937 0.330499286091924 0.0764290502468253 0.431115541906921
0.91693088561075 0.840746818303724 0.297496162806204 0.950123017727323 0.998818589015983 0.155756433312312 0.569071876536951 0.417778329135941 0.854258420421258 0.624993987621117
0.278277459618465 0.595218350966615 0.470144454194001 0.513915370771336 0.995222606920026 0.0576585960151225 0.474191451612155 0.389644222319761 0.334597329495831 0.696558991212895
0.450143542221929 0.277235643419028 0.170252087279923 0.78028342219352 0.977657952086102 0.02871698386949 0.424845306986764 0.407790703712117 0.292477921530358 0.456945083980476
0.333033393584067 0.0812920947662602 0.059341879406868 0.888491614803043 0.984370020639101 0.0848209526597697 0.449645323672678 0.330481769673445 0.0380096196855229 0.544908324879661
0.409393962686037 0.170446698530144 0.119732058571005 0.907444815101283 0.991176648463611 0.151223034708057 0.471338016589614 0.345118298408099 0.758307285052533 0.56664822172528
0.762126800673492 0.573284197089855 0.244237219938813 0.392204739547964 0.985599160405082 0.0448171351989896 0.419074119607378 0.312049429200399 0.481162441134202 0.520986843152401
0.870554427788219 0.543388650092051 0.192923809388963 0.793519620547377 0.99895547071398 0.171231755278389 0.59748268816343 0.384432785560934 0.713066896181718 0.551892850004375
0.908067708156293 0.891041922443977 0.474181205665209 0.846120453596464 0.996762865937718 0.275895003314282 0.597369785867816 0.544789836260866 0.780862134618748 0.677519696049235
0.849879532351215 0.819519891216888 0.203978305811888 0.686486940421436 0.965865086670542 0.11487192325811 0.479503783146123 0.28912457797762 0.528014445395712 0.505838604301323
0.974275048687316 0.893840779577274 0.214786812434775 0.868455564387716 0.99786342959887 0.221868247274528 0.719541696759208 0.458589515984797 0.981527716006379 0.654226630080037
0.68239207686298 0.737218432594389 0.127744252564376 0.913482544236178 0.999464859742942 0.130052568708071 0.633706022648883 0.41299018479739 0.985668838253977 0.720033520102838
0.892713869551231 0.564538285074985 0.426376057937015 0.96331000399412 0.994058601765784 0.120255837858083 0.531442210480663 0.423295936545885 0.937414184805989 0.673088143932503
0.620578326312178 0.903259322518146 0.202694405305067 0.969360057803458 0.994075298258395 0.200426543675407 0.463647220876049 0.38075128174081 0.972084959446173 0.666296474032039
0.797344362803528 0.400194682800283 0.297622103720285 0.912298631153283 0.994959737852577 0.45715499977047 0.582243306713903 0.343535878716133 0.921299704402932 0.615712843689161
0.133895042819442 0.0403784118824011 0.103540521927093 0.826962822056852 0.989135912549489 0.0254967800098588 0.424147554172632 0.38682188546157 0.503464346417441 0.495672605153986
0.0953091179714423 0.646823879282839 0.165453640867457 0.551643094359476 0.922489684224788 0.00472629382738184 0.231825178608579 0.279178656602979 0.0925820003799455 0.462478173381601
0.611934639819323 0.367776030943171 0.197582809614951 0.820703266094336 0.975267166876978 0.0361123812273668 0.344990110545328 0.252299166304381 0.0865681414383256 0.438610450626008
0.105804860479778 0.621064781955272 0.172012930037424 0.714193030320795 0.994778162220468 0.121591513477492 0.4475120627988 0.366888229604896 0.38011057174006 0.537754546093228
0.0920927987171771 0.42939999023437 0.106546541122519 0.0849182495591251 0.902839812605041 0.00702897672721658 0.187277523961858 0.231547530787825 0.00891793701691423 0.303256092833896
0.683567157661304 0.965765364333416 0.143307256408099 0.835724737794643 0.997350938478746 0.323641451825871 0.653789379029093 0.390945606184957 0.920261105057902 0.684677118164828
0.36421823428531 0.370889625575793 0.0783318423204522 0.783671532313229 0.996991281125096 0.299331995175969 0.473389034818055 0.315969502064789 0.294840931152532 0.557835802736041
0.313805562872786 0.164265660728897 0.0790813295815467 0.0853633382024644 0.747420631933155 0.00285888509524134 0.247569525059207 0.198288338257305 0.00325605551598518 0.381758376926124
0.499907812808116 0.470113747311978 0.137588008907724 0.775621076064321 0.976687166336144 0.0641707088510355 0.441184202830471 0.366465380286994 0.69925340107256 0.469670461003436
0.1403130072995 0.0819664891254124 0.355055127299957 0.888661492990036 0.977092424137246 0.035360126360759 0.454633202340806 0.372505984010521 0.543219695275367 0.670186903931534
0.63829784419798 0.66363054876318 0.250154481106418 0.827470804113963 0.984761181756126 0.0865338982192804 0.44207492874698 0.267625610410904 0.848304838649475 0.574279078685269
0.090603498253629 0.350028967406052 0.0578360857283544 0.549860514597721 0.638812918720561 0.0116016365009458 0.260008207306065 0.228027435093984 0.0333378978528459 0.458550127694223
0.0992419705825638 0.504656773337887 0.103288187127631 0.38625466882702 0.922251622281042 0.0450962889916063 0.278043054294592 0.276884274724653 0.210921253441344 0.500808658291328
0.757124391496873 0.796160368946648 0.165921764644302 0.643823481105362 0.976041715542202 0.314710446264552 0.371719140790067 0.283996435661635 0.852425175302319 0.557301054344949
0.458485926320742 0.449097616476272 0.146839333516529 0.293875457387505 0.972347288927199 0.0152932951277962 0.260494088567598 0.164224129749786 0.0144366978101081 0.331225172943118
0.442865429562603 0.576619107351829 0.239592278088102 0.854479422477909 0.997267841455359 0.153992075502786 0.57607794757646 0.352175261113364 0.872679422595591 0.524463627186164
0.878632060589413 0.781605534995854 0.663722993230632 0.972333447866221 0.995404609120819 0.333668214275404 0.646642426785004 0.483847722455178 0.904230478166891 0.70759086299843
0.541311632279528 0.77864934075826 0.294334175140816 0.872824928823802 0.995494609359615 0.2091838364162 0.587837535082615 0.390163525833517 0.972895285251018 0.640948691153073
0.914850998171239 0.681461766644814 0.257811765299799 0.652959395531711 0.995239630169375 0.337859463191228 0.654646745847538 0.459079550739381 0.927708264056355 0.614225352969901
0.827281924210848 0.436298517002362 0.069094435230803 0.746283864990464 0.986230832048549 0.0453726546701586 0.452056997633448 0.340453052985805 0.56523941963941 0.542105097949998
0.217109073477203 0.645727583009177 0.138430626754793 0.808645444387165 0.985843499693504 0.157487774431418 0.431648345256152 0.332484807919538 0.424342584391685 0.560871953460558
0.179701909640005 0.458567023691225 0.251994701226996 0.950951799273403 0.980290173470536 0.0473830397329992 0.495317641496063 0.341496161545523 0.172850590812193 0.487724887291812
0.39474600014439 0.394075201629887 0.229482033033192 0.387908385906632 0.978264078005799 0.0566872252402062 0.27379980893533 0.294001432103926 0.0580445177156383 0.527571683532007
0.532486946940681 0.444244407310646 0.245230239098431 0.992870710252769 0.998490252297298 0.215205846137921 0.543144423452434 0.480636873920279 0.879836437673291 0.556911972763784
0.553361064342168 0.785929973028619 0.126011661100097 0.54152506632095 0.997966463301574 0.369594302171513 0.537922694723983 0.536235032865064 0.986742389579076 0.699177504846862
0.861400592319528 0.837518700252045 0.488923853815513 0.966985920958404 0.997984701500586 0.28688326131343 0.567643532276924 0.495832607307075 0.973180477871903 0.62736339743124
0.346459879551389 0.531901320225022 0.117700781127201 0.69647053123353 0.971289816821421 0.0168584396296959 0.366716819824871 0.276485986265442 0.33194494434622 0.536384703894115
0.759554436011048 0.587046112365768 0.304665991395804 0.782349200062703 0.995984562276239 0.336201432199495 0.620356753357464 0.296648235513467 0.91999790230932 0.62317706050431
0.549053968726142 0.0978959335243652 0.10687915159595 0.579462050406721 0.99520553196659 0.191887827409739 0.498195401721223 0.382382747254031 0.653728861273037 0.678506176793723
0.316587414176104 0.12910570689598 0.0957955826611029 0.835591101271685 0.994556410755663 0.186161875403741 0.385049196343457 0.370920155313389 0.792980044773294 0.580543719276927
0.83390433488109 0.509726606806148 0.0439282049873551 0.831320247153825 0.990970652428518 0.272402594383205 0.477286345815814 0.381407769108022 0.734702340991157 0.570950101379133
0.445266646643812 0.93363509772093 0.164681969867785 0.974933802529693 0.989371337330252 0.161180415134377 0.417836815022262 0.337359324038924 0.684393812578111 0.553480923391969
0.12801994911247 0.134677319944042 0.176217120702666 0.661965210463386 0.848300193895752 0.0250822692980466 0.255175050904558 0.324644139511451 0.0457340361257796 0.453194141895326
0.906687171059962 0.557550573586979 0.235296053892196 0.429236133681454 0.952689543961517 0.00961305357650277 0.282517731837884 0.289772060941322 0.164705683554619 0.553053821774109
0.141393316553011 0.449249787452656 0.147810131193477 0.486280417083553 0.921676427448379 0.0124164558329279 0.164727661095644 0.25338205655818 0.0169623438015638 0.305859865448529
0.684078764792285 0.715776725844395 0.193032956750018 0.914054363424843 0.99572124882788 0.231319441547102 0.606147814238393 0.415416741711225 0.913408872191522 0.588599030536213
0.530225687574285 0.139668505422098 0.226397395627911 0.85263683128968 0.997822112981885 0.0873340582685314 0.454905398257081 0.3041317736137 0.836982445232341 0.644264034975294
0.168689582026568 0.0430716820353109 0.068335907385416 0.129721729540348 0.905398822457786 0.00199481494011099 0.203966924858787 0.176899538214928 0.00163501740401767 0.203156150573975
0.269867642862715 0.237898842271136 0.189261562436429 0.168941356291594 0.937261568483243 0.00460721444206063 0.14387259900375 0.25953367580817 0.0158965696013606 0.4771702938924
0.439278384750926 0.241982871296492 0.197207028865441 0.811313146500824 0.992580144210597 0.0526186802986484 0.39807113530228 0.503335899129338 0.543744984612574 0.368952630812374
0.313961033198678 0.0664298625151073 0.161614326626589 0.554364481406038 0.963722372775644 0.0125538397568984 0.32298580839725 0.30145027837579 0.0142473467537795 0.490517729528134
0.393287151366496 0.614395290407877 0.0981936242503401 0.637291742527479 0.935193412533907 0.0359185523157788 0.287447243029114 0.265412718829475 0.0423915856334397 0.43810041086212
0.648131154447993 0.658886831047534 0.109307837405802 0.877185913614097 0.988222152821956 0.185893005325963 0.546353294846322 0.415516754558936 0.704104380247152 0.509867056137683
0.728234018906321 0.552098271914182 0.430887431030749 0.808376451017225 0.9939528908021 0.101841078014003 0.566288237494894 0.52109348777732 0.772018392282868 0.564661835052094
0.625471762504289 0.938617890072275 0.046430716957546 0.941204658751899 0.973858711258253 0.276012231181863 0.490289179874508 0.412118802013022 0.691925233907779 0.605640291228322
0.54190044929901 0.53045010037999 0.208892641513357 0.484752583406077 0.981445782348914 0.0437969746961719 0.408080837560977 0.427984085913877 0.309073650139206 0.369427587580576
0.762461329169991 0.575628262051695 0.234701038733562 0.858120237055082 0.998078447906334 0.471742304707968 0.555814327970908 0.418186555184571 0.347729346169012 0.722033967651857
0.439474422814663 0.350100609403168 0.0437720760917605 0.681564040800901 0.855623015241218 0.0107779098746733 0.337638565378606 0.260115983996295 0.0097391430164878 0.436980768619899
0.279295122624118 0.660314231558499 0.113102334348569 0.945762512917312 0.99037275818924 0.10037523689087 0.445150388190927 0.372392044118915 0.247965583886132 0.565937045460186
0.807596952075216 0.372854598969951 0.0681804343247785 0.337644942422733 0.993782498184788 0.169834561986428 0.512242646897532 0.399501906514914 0.889478354206417 0.586493761590902
0.898306753099647 0.383426944963281 0.157770933539829 0.898160832810917 0.961268652148118 0.0980324411930421 0.376100723730093 0.366565247928206 0.445808427756602 0.572970966837446
0.282521678951079 0.203446011970129 0.186841755492462 0.763470329671428 0.865823566190599 0.0346250360634423 0.267753716733503 0.232943779791491 0.0386065657349822 0.456046887018203
0.852512222793006 0.582407994684534 0.169549233098278 0.742508659186394 0.985273395793875 0.0584487774168485 0.413634794455582 0.378611994068785 0.604641263934775 0.498053408411537
0.248511623607673 0.804428148554345 0.221332447036647 0.822399843953634 0.954813008619932 0.0872916139085604 0.386176521850541 0.283887502597816 0.397580333851748 0.523666439137785
0.858373076172097 0.46753938079169 0.10386249379409 0.811529615234924 0.996457646944168 0.0973453523630577 0.659528557483819 0.355725666894505 0.88531583919699 0.564508946172296
0.244049549759501 0.301936992829164 0.165289532196909 0.843677153961826 0.989545575886922 0.133345673420344 0.423201865922098 0.384394290352427 0.784882758257107 0.622812134841278
0.791555954125888 0.505866321163091 0.176742991314617 0.965948842922152 0.980658835496356 0.084963418486558 0.503854479857167 0.469684716610271 0.82801821010554 0.541083585889569
0.814368309837509 0.943020937166961 0.113169694668183 0.965451584063174 0.996849108467393 0.136856310759477 0.526352486538919 0.475975950032878 0.968174084593783 0.584821554899019
0.28996915218752 0.57085634539541 0.202804038098908 0.95922779178797 0.996187790553623 0.0843792989820552 0.481106002085197 0.33434679373531 0.887479164654086 0.648536973898941
0.797911600595999 0.435003179860927 0.101607926083823 0.625140825578116 0.982101496236148 0.0516280604372426 0.431275037116838 0.37539712093637 0.729940098598803 0.68316949747973
0.708364128479641 0.568647314565016 0.107012386689917 0.897683220256812 0.942125017735448 0.0368737336847609 0.532133663532209 0.268400022189447 0.270052289674929 0.522067464855856
0.302721913589246 0.39492314643546 0.117570228640902 0.415930686803167 0.988857110097495 0.0605023897465188 0.306401620930086 0.295473460914468 0.0298085531917171 0.620250362805612
0.32038872932827 0.549781572943091 0.177322055667037 0.741143370919944 0.876872982590309 0.0257748092100238 0.329267201472846 0.271253459677834 0.146922073922845 0.492880590234672
0.335945896064105 0.277186803275725 0.132085449238132 0.735943577693335 0.95574829859481 0.030588692020971 0.282890925363446 0.289051107628209 0.129833590353799 0.49279645457369
0.387750853596743 0.958906927686927 0.42927459826203 0.704945596359331 0.989205550330076 0.168499493844425 0.651430057216995 0.374695870863601 0.917507866688006 0.754018145065284
0.0326801526492991 0.18315206777795 0.0639462774472899 0.385956555179297 0.930553157074475 0.012923580997208 0.169256914267935 0.243521827190122 0.0221250612522659 0.494728026864519
0.370106060346352 0.289269233391049 0.170388426685986 0.335808061811297 0.988255722688487 0.107826373040063 0.349310901117546 0.371316128460887 0.0769686409846938 0.58507539858797
0.267008322465602 0.360494924747563 0.310889934304742 0.698979036729035 0.97516793381016 0.0479162066573007 0.426883045669048 0.345292659198678 0.11623692972698 0.458567697756207
0.852346786787525 0.12220936194837 0.431947865229543 0.762903487095668 0.997381947456975 0.132799958987509 0.450558500797824 0.273230056855993 0.933259181823116 0.551359290325692
0.614815327733787 0.380527710569273 0.418004894897869 0.890283970963227 0.99738274596249 0.300666577989614 0.674089945776539 0.511014212512043 0.960429729547641 0.588878514571525
0.967917986640115 0.927000121040998 0.611486397528853 0.924810581849912 0.999687281354246 0.644536370612613 0.701952265454864 0.545285468340959 0.969429697293704 0.61315578650169
0.440604903132141 0.54692556355389 0.236932691561534 0.278263627536355 0.900053773445923 0.0264417481012375 0.277570582323061 0.266212437100728 0.15554997630392 0.484026016182038
0.972579312993301 0.871700871107552 0.296604762053849 0.966792068201156 0.992576773656972 0.583334566121566 0.551380188995304 0.399480904670735 0.90466534365896 0.653292612686454
0.629142952005263 0.559231034476257 0.320579681031247 0.552383662133007 0.980687440665006 0.147791658420665 0.465889384647884 0.363193648147529 0.869019316493129 0.653772195595842
0.841456405776439 0.93274954869979 0.313277416001913 0.900886823342803 0.986659706246576 0.0809298672396304 0.578618085221128 0.371193714382201 0.951668208901018 0.532700472520279
0.653404234899493 0.602598394723423 0.152898689785778 0.808228821029061 0.993758194565592 0.143869062834918 0.491821043742232 0.38501897609058 0.0935529426426793 0.522414161236956
0.981705421433024 0.55293173299245 0.130517138736831 0.783680980674156 0.996425660802305 0.198765350807522 0.442388454325028 0.34817279825873 0.565430938661529 0.597890582841686
0.375357131374014 0.64736729298543 0.121028038862497 0.426976641832427 0.946055282460013 0.0544787298423501 0.416207188356578 0.295135416881719 0.16102770343205 0.571720547444765
0.451096637362 0.140939999496918 0.417899564726521 0.511572532145531 0.995548193963874 0.426102284286692 0.640858946174041 0.367934152642571 0.901868770749105 0.64418382009725
0.970315539457909 0.862656946418426 0.196871840358538 0.967579466871089 0.99849648082047 0.556299019333693 0.711091150482766 0.48081558272865 0.990433662802358 0.765539571417907
0.0705281138377455 0.0923866004572478 0.0258681805220034 0.143173966546522 0.945790379712436 0.0266134212855896 0.343344281754622 0.324589657206543 0.0126778336176579 0.502671983808497
0.745693641914259 0.619106070940262 0.165581815984871 0.940859861318756 0.998380437881774 0.374243864453819 0.61781120291049 0.464043478440427 0.976361790964038 0.684103960446616
0.17890017957128 0.4184834949207 0.116801817051527 0.856103707139172 0.874093545701541 0.00776739117654685 0.341534074350091 0.230874952974395 0.380843272296419 0.600669375628936
0.205554010426583 0.931222925372591 0.0861150272437033 0.80642351745119 0.856297291239343 0.0268709687210201 0.304279521273136 0.298316602266859 0.195224023709868 0.493617885900882
0.783398125176822 0.733387610423848 0.496161385067041 0.954377301560993 0.998191005501761 0.34675193048764 0.716628094266036 0.417856213295417 0.96918922867407 0.676473490292677
0.198629165234104 0.099068031697107 0.127637718838657 0.264350058997827 0.911330885701467 0.06842300472222 0.314460336581307 0.294107561233071 0.604521461231154 0.538661966029713
0.725787253554533 0.427801107659815 0.0688692282177888 0.523476591258789 0.983504834843992 0.0456421668303517 0.321261994962496 0.252422331529879 0.158568492306823 0.507644015690004
0.369804253228205 0.421523530748113 0.0725605835814766 0.227798403807165 0.929621087527945 0.0917949507935106 0.516646659553718 0.401862257843098 0.505762208469169 0.481197239964573
0.95016591515013 0.282920500688382 0.101340669948329 0.951984938819109 0.99572584661671 0.261714867487665 0.583164413727343 0.374222727165094 0.764904742727038 0.717430527865713
0.492238507015875 0.87606699052855 0.241732090265971 0.468779870298176 0.977447615034297 0.102347945527638 0.479292948975626 0.372457613999489 0.751498825140291 0.58645868872355
0.209582678512893 0.760264594481117 0.114072732267065 0.533646029017489 0.967637174667331 0.0398856746140637 0.202599605269462 0.222708883670072 0.276112438307277 0.64264253176908
0.562749169018451 0.494611246788695 0.239979406240928 0.839276929407464 0.990037147104129 0.0771263966180384 0.665490553502454 0.3961334954892 0.926307422252011 0.591994049887631
0.226413700802039 0.301742764798702 0.0380718992678456 0.630432041519388 0.978576602606751 0.0671500011959543 0.365327005951467 0.316435575963594 0.224831688721703 0.532556738628167
0.63794859474746 0.334589274844252 0.160309497539326 0.95189761448783 0.996817276748706 0.130463217895958 0.636538892665751 0.485008248382245 0.821941904957093 0.614845264072192
0.042360286522353 0.354196580534376 0.0442552189225144 0.56203936408106 0.584987024661924 0.0202133451328529 0.157555978401783 0.193659133194839 0.351363274975124 0.423517468055749
0.951459413635861 0.945797336266267 0.224160201618993 0.924407696332046 0.999250800480265 0.771709335213722 0.737493598194119 0.49049726473587 0.972340913035569 0.684704352729564
0.159563855381274 0.152213021627756 0.102387420563976 0.761527794474067 0.888007228155985 0.00404306523792973 0.0862689469199828 0.188194870493723 0.0154873670870792 0.322942627561891
0.651692543565681 0.848009529567895 0.427072557157316 0.925436597071761 0.989408357639567 0.186352354800062 0.471575110796811 0.307591977419651 0.88018382128489 0.600194769641775
0.616136768528466 0.176283310356568 0.0891586392882642 0.958056180254704 0.98231232494729 0.108115397660268 0.293899535894936 0.326768776767742 0.773612917384642 0.560978801925826
0.776129450485072 0.315688892522667 0.215443649211545 0.563031309140275 0.998847168008755 0.272792746830862 0.649861393610939 0.406437420326992 0.992916174373076 0.667943141263885
0.167637726843445 0.0322106987556726 0.0389118406059809 0.405261272425056 0.890689258360328 0.00997012791723323 0.204032070794299 0.246944265860912 0.0158707397239617 0.444962524131067
0.916917273363267 0.906032141315512 0.166514894168868 0.916975233474565 0.991091308253134 0.138877192234007 0.744247944937493 0.424980315918481 0.975013062904266 0.707963950095593
0.503343414471056 0.16242362236714 0.129302377646909 0.764505335532383 0.901572816262646 0.0154915705748312 0.347224102316494 0.280634605814629 0.211811731960147 0.569499155665369
0.928103142259641 0.749352420893552 0.249933884579929 0.98255477939099 0.992677830878289 0.239531113860533 0.535482226123737 0.395329634707686 0.959130913588526 0.601524579857512
0.776290865091966 0.661843985558455 0.345341995537814 0.942394405397182 0.996303689077556 0.349437748786481 0.724831790548982 0.400264176632627 0.987875791498447 0.749488154340518
0.910804073439348 0.947803099969833 0.0318066559849481 0.905374341742069 0.993962163368765 0.118627549205893 0.35296771222924 0.394499765828025 0.603910437824607 0.643541072978796
0.899965337791731 0.96990771417398 0.326053572322433 0.655119032834054 0.997120441864894 0.268157486614245 0.629178281195729 0.370949131789618 0.938084821163601 0.590088016267811
0.277519068411528 0.0144569898499076 0.278229702658435 0.334458022816274 0.970147673872099 0.0275252372991155 0.307622641805912 0.264163447625922 0.17262881961584 0.524537982690722
0.137840727755062 0.162906331957322 0.281692860350091 0.87943993339574 0.952830793304779 0.0219064783665389 0.529665900277198 0.383776166036605 0.930830163170128 0.61544664095546
0.142892659223612 0.979467427947267 0.0584846893357182 0.391091050065363 0.935574984321551 0.0400657222760292 0.512226035792448 0.191693489555156 0.591090412183407 0.488818923921487
0.56527928051883 0.483007887249361 0.333925733360396 0.978297339209979 0.998065253919802 0.558506407986787 0.560100493809248 0.477899152739473 0.976422147069561 0.646977337933057
0.105579730176509 0.088323585283704 0.0713800546807169 0.357643318192475 0.871072120095914 0.0172314495466498 0.216660462143261 0.272521322028998 0.144296520195255 0.479002691195582
0.906312897350146 0.403206713121534 0.275627409071661 0.907387173938638 0.997624440680146 0.434650032076269 0.536786424511666 0.513739583605143 0.983323767398639 0.643556523498415
0.565802578763783 0.932024136753577 0.23533013013864 0.981414917178393 0.999515259473115 0.780704943679299 0.781964597993968 0.499376968005776 0.998443722895603 0.692691931695612
0.796551313540954 0.524792175189476 0.387276470142118 0.97269199986375 0.998860792743121 0.441295524458532 0.519557258050119 0.47541950558444 0.905811140508098 0.73863633102051
0.10452511198466 0.445614367311316 0.313074868990786 0.835653538337601 0.985613901780184 0.015726805776496 0.525560651749885 0.35017258633625 0.914636816826607 0.617049896488093
0.199341253111515 0.69378571468686 0.0804502414246075 0.0511126057507875 0.723653339645642 0.00291891550727773 0.214900806491848 0.19612217556083 0.0150881471342694 0.374890948797422
0.935578579219004 0.473797909061853 0.194559543331831 0.645983477623897 0.981185660329837 0.105906139020108 0.391826118988398 0.235665936065268 0.342602302157161 0.511778043784466
0.55537889715634 0.477009109029778 0.0710860781982516 0.803627806126791 0.897058263093859 0.0128162120500192 0.309244220850354 0.246538077924839 0.0223428591168954 0.504729926768747
0.688124956077983 0.539938183773168 0.175960710071478 0.747025685478167 0.992820000104354 0.129850009528623 0.568360051752262 0.309146119403613 0.735285502397889 0.609112640311573
0.324570885896737 0.963357233741488 0.0955825214488294 0.704735763294565 0.996124775771254 0.0965679668807188 0.526950381097701 0.323121747165275 0.22070108352897 0.499809238147123
0.886528514912187 0.929317800320789 0.329667584685554 0.789691624752307 0.980725834075821 0.0809646629097811 0.519567665771515 0.433406096385507 0.472081712409059 0.517196395835207
0.913023589882547 0.891355775808535 0.248758092193724 0.984713108072831 0.998424902951859 0.552340105538639 0.777749687766005 0.452368744128608 0.998236066431504 0.773828481744878
0.28046531519814 0.727839925378907 0.300656047156407 0.888908562284312 0.995666947645931 0.342723882549289 0.654314955635092 0.452233273101122 0.975502101658222 0.695533800179628
0.736319955941464 0.71029616087195 0.233019867802846 0.851380030693882 0.891902342137787 0.0447235184400489 0.273529892127152 0.349972632976891 0.0945751119223517 0.419040784070371
0.150420008986217 0.778283023253584 0.140372450270749 0.294340319669492 0.744224080889204 0.0137201496267562 0.316516734189119 0.320286918535622 0.0404376918936951 0.461842676482301
0.460716466941157 0.595237965342914 0.145700524601773 0.638051919545062 0.987416366275882 0.0432586941990734 0.364233614168583 0.40389683777048 0.531905473330124 0.453398735443886
0.379199561519638 0.516818254784102 0.0916260247530532 0.50140955751614 0.892259821012852 0.0190926877601309 0.227452880105908 0.252496261496133 0.140925164053252 0.443491784563743
0.212080459561164 0.45969538044146 0.111366972321318 0.62509429185346 0.996751258391932 0.0491521673696069 0.526501057265503 0.384777031560357 0.872772282262308 0.611400586366708
0.831462069575885 0.510353848013067 0.409766617623311 0.930925046941413 0.999279034357134 0.672174538180432 0.724549426996785 0.509402213558596 0.987628789947265 0.782993583095598
0.373732349528054 0.92959399835898 0.327473897203367 0.732099122348555 0.97042589823694 0.0438964012923999 0.367472901951945 0.298571878234833 0.324591159116889 0.61259869723425
0.453109765814203 0.200588055796644 0.133211246215871 0.720045745437459 0.991846466607336 0.116753596584558 0.410438062034097 0.272441329403733 0.284260655004926 0.50376771922633
0.34849391072803 0.857322173891327 0.142695045018328 0.825994124587278 0.988890510746367 0.075279415516815 0.488164549646886 0.329787331785111 0.93719580006822 0.552520282546159
0.498596845082774 0.601075800109728 0.26414223273941 0.898637386679 0.997585528198322 0.328003227612645 0.4823503418299 0.390810208094359 0.665779357700138 0.670502622189495
0.996434220006575 0.499686557303946 0.324141822490017 0.973689374887695 0.999769044034597 0.660366932922867 0.793602579254238 0.566751713709196 0.998834395788501 0.746137459373816
0.521411214244696 0.439825654974238 0.0732369076455869 0.625792931760523 0.996520578954254 0.368238898840713 0.518916088784945 0.377570469104735 0.790120444042452 0.620387434146625
0.210081310822372 0.447447699351677 0.100216780816508 0.688891947665865 0.973340757370277 0.0308347732724931 0.410076973979807 0.25094209590444 0.354435975922664 0.602729505598025
0.332703341028144 0.758355351574112 0.0957952445563248 0.913002095867283 0.98405737757555 0.232951284779349 0.55491827159981 0.393143466068809 0.853535662569717 0.601779296190151
0.688828067061577 0.58944091462893 0.295972008440296 0.888686385906535 0.997490174526424 0.348827462653448 0.503285374127135 0.441148516554767 0.500645122044015 0.704025447691106
0.828170859550943 0.719073010265464 0.225899394491263 0.765553277751897 0.98405963568107 0.112399573946093 0.466736901440929 0.447002285440397 0.952469445735348 0.480718761086822
0.100715360073768 0.209844268559579 0.170460830237314 0.204109435805861 0.849854674805612 0.00256847113032848 0.1412162419329 0.233197372730434 0.005887187949331 0.358930398953296
0.845350728754218 0.877207223727344 0.281234722310984 0.870738656681665 0.998172473038644 0.0472991577573919 0.505820860544884 0.337387668106649 0.962652260857907 0.510442547204382
0.649589073643663 0.909841642382018 0.128165123277681 0.731048890788224 0.988454512249149 0.286479251040745 0.487690785993208 0.382619037863065 0.891762107333977 0.619407895019936
0.290947639234098 0.0718427042886423 0.0584685577605431 0.210517420854641 0.973675701295027 0.0742176712275266 0.265374094483566 0.224340655725324 0.0671309678254682 0.458536033630747
0.777149015036491 0.922072620280358 0.502283863324119 0.41804069066886 0.996264780985901 0.25482912772858 0.701750726012912 0.447121442823573 0.93629114576323 0.703574172401557
0.877550669053509 0.907740292079141 0.0605464622315404 0.693610466687358 0.983768729200464 0.0529722887514763 0.343461816598371 0.269107835724715 0.378009771797317 0.563426967337676
0.368065757904493 0.405620672574935 0.12662927968193 0.750066348797502 0.942409334232594 0.128722182087846 0.45464738428831 0.40760242518613 0.306864039241927 0.610859058643074
0.346135297116952 0.514623410281644 0.180807506723729 0.856529792272539 0.976507269997247 0.0505533482713509 0.392035503522987 0.287264981784816 0.723812786530074 0.498192785080308
0.749083408371053 0.813786501538271 0.32382833029056 0.892261626066726 0.965629885971427 0.0973857319798221 0.469857131666448 0.391195606793667 0.842318714991432 0.48781784998173
0.467559533553923 0.959643502425439 0.391899951857373 0.813735470538908 0.980318371494844 0.167214592747414 0.509936932726619 0.383282776360882 0.714254732860293 0.674461336101195
0.891390740246196 0.744902650906742 0.191249937972955 0.910254876366333 0.997181578046243 0.380236315668274 0.70920699840093 0.451378507090066 0.986150970737978 0.733013704865767
0.552187858651921 0.525418693850282 0.0703220587302938 0.955126727806728 0.992031297652063 0.488925272476763 0.703403424671207 0.550864466175319 0.946609766679876 0.690540157867009
0.585446685817124 0.291929964886913 0.207680671133664 0.876121238760801 0.987431248879799 0.0681472529333869 0.655998565265578 0.420873419937376 0.918231304698771 0.653893313053252
0.595229722054376 0.774220871692053 0.0851427956429251 0.517039598686471 0.995872455000517 0.0788675765753515 0.370839606019139 0.419191973393522 0.575381748756172 0.612039501704929
0.302541800868967 0.339816064767096 0.292974635465276 0.890010671460954 0.992789094974186 0.1548611368666 0.445601290107091 0.396432584327984 0.944367075010166 0.583662442530957
0.827778021391905 0.157451606689875 0.112922136188447 0.614180013659989 0.999441360585788 0.105859885113457 0.526035869353837 0.437792962148884 0.929036567884964 0.659215032885307
0.243836410784597 0.574262362644315 0.302179644886798 0.504117715848406 0.979028459419912 0.0876540897198926 0.368674465308764 0.368600021328592 0.362162099694756 0.590186133458782
0.5849557040094 0.0853386648337605 0.175546378012903 0.796908141456029 0.997832999835698 0.184955335325245 0.342237525551522 0.380672939422264 0.493908814909746 0.65853900602454
0.915670901733099 0.567629058056852 0.454481884036046 0.955516916179736 0.999536211265985 0.551949447949471 0.803681453155085 0.552893389049696 0.999571019713698 0.702613956379887
0.35900701935904 0.0946863628629762 0.162746954434906 0.597192470827704 0.988725980680553 0.0288582881495238 0.352645643920214 0.394582973776742 0.598005914907014 0.474740573363769
0.537865924332718 0.715314291181561 0.222154733314814 0.39460187707523 0.967313393822568 0.0529454573881919 0.396458431906133 0.393145462874433 0.708497092937436 0.519118952711871
0.315410750536424 0.308262306363187 0.098918977022774 0.793654268962079 0.986752968722894 0.0359119087077187 0.436137509107223 0.413351396242128 0.282350723098895 0.585339632412069
0.601280802520664 0.288992736334633 0.0564197779284967 0.935743776912406 0.988554678486703 0.076265202730902 0.393445826504319 0.294253625035677 0.641379369562341 0.504539669195285
0.170948630312546 0.721566808283367 0.399665418962818 0.552784169637989 0.96468766451364 0.0353737349704258 0.385352657029676 0.332704521648878 0.233411465066169 0.573053518571074
0.56112963296305 0.603343024834 0.15354537776822 0.524421120743736 0.991451347064967 0.0463673375016732 0.270469300222591 0.222300541116313 0.104008695374963 0.447119591941033
0.96440517870361 0.745970831426854 0.168297979815235 0.981655377841501 0.999122718025078 0.361420350336359 0.799546698604746 0.410695267538621 0.966731317372643 0.704250098157068
0.775072806248533 0.595864995837769 0.14451694347727 0.579580763038157 0.955758171529267 0.0208936799026944 0.402800182702597 0.361984106847803 0.037787288289579 0.538880851110056
0.506027902990753 0.0318628634863055 0.0824077879369884 0.468784264480034 0.91092323836573 0.0197596267673692 0.268271279125614 0.259554786230915 0.0670831871571049 0.460771683827014
0.084508773740913 0.627682414232279 0.423828551874174 0.664093487657807 0.984616595267349 0.120353796277794 0.369072379360552 0.297538235129961 0.0354695521799596 0.5598248720278
0.597004430216478 0.713765939472578 0.128453847422985 0.502292470517069 0.966308431593614 0.0941001261854907 0.424147581563402 0.419517652966059 0.714764423945865 0.554799034754816
0.662884174540585 0.278936385108301 0.122160714759449 0.903080321161044 0.998764930458231 0.123693713408461 0.582686991218064 0.519100307859526 0.746899366930188 0.590655683681293
0.805371971404995 0.814170722659229 0.316893613932926 0.915948344982407 0.99967703181316 0.264353763695837 0.68936218324716 0.436267812693137 0.996553462984006 0.723138594658126
0.713113642798392 0.16145569670777 0.257012320209356 0.776289594242293 0.9371435811593 0.0530612168204107 0.289154037895824 0.366655430120803 0.231226548799887 0.495956736085667
0.884490507667024 0.425116133266523 0.680486043496603 0.922084341917553 0.998183361216232 0.633217055219076 0.77443858993711 0.473349345511436 0.995471945355824 0.654531369210519
0.923611703344729 0.156533878509823 0.182967777323004 0.922434175583907 0.995804562967868 0.147769887371847 0.590515232296016 0.466176784556442 0.845431273738388 0.523324865844017
0.623982512369076 0.0658269055951325 0.0390610402591628 0.88844517510636 0.993039122879342 0.0270745399639319 0.297878679957361 0.204761644554135 0.130399309787895 0.429821683415178
0.443571102754385 0.850439148872349 0.266974214931847 0.863143442468258 0.993662538728088 0.0629437057915756 0.396946302921222 0.262052061821805 0.734149918279266 0.384862732151081
0.846223302450251 0.758334029785939 0.311687394884235 0.988830915571363 0.998980336916088 0.570262308396247 0.734402618755978 0.442281444869789 0.996272051898453 0.793960020977235
0.47471073546065 0.413036798634255 0.237302339035937 0.521222315468884 0.962418496578601 0.185227453753376 0.510186277118853 0.348988542956527 0.231083247933837 0.530186228615476
0.779668934356356 0.510390452741359 0.243285148573503 0.79794413143327 0.998884235639224 0.20046458233374 0.562399171156735 0.43357219209722 0.878481251519191 0.673680897212129
0.0768442384485662 0.522056948267949 0.131574477142077 0.757955227441233 0.797344436172985 0.00758378566725145 0.298836260077808 0.260185444709581 0.132516634015384 0.396318551272914
0.625812843687652 0.440134863495038 0.376174549498162 0.907674778930548 0.998238275940029 0.171763545989473 0.560283673387791 0.472688223897587 0.957810728732363 0.656710085964556
0.217828869506875 0.693052580078719 0.0777637976495476 0.477146129580399 0.990066367665574 0.0578061134072226 0.272229946062031 0.263463186221787 0.108895750953006 0.45698227012486
0.918148334776072 0.793134325096338 0.257779291047621 0.933896019449638 0.996660461765016 0.147041086906275 0.495607494550449 0.435544735768769 0.931127723410266 0.692326852877809
0.11408899047603 0.377267147815773 0.075248289534821 0.308823213357007 0.938385541156951 0.017196341669131 0.372295117583818 0.241114481240706 0.414334681811835 0.462971193613311
0.04830635066186 0.302891153176745 0.0545357164843071 0.52927543198483 0.690375498867706 0.0180349626585079 0.173724417300638 0.245709214260557 0.00572435290718695 0.476883881256896
0.859700520316913 0.0768767501899871 0.0825604096537144 0.912005754321894 0.898863224834714 0.0319086863187819 0.278310605025058 0.247344659405984 0.524920898500074 0.454572694958456
0.730822770844255 0.811922111900483 0.062459844050123 0.969097964828747 0.994926788727956 0.246380893018601 0.463028449349171 0.429864197855579 0.975928557019011 0.657588037517092
0.23450673152642 0.0757013585982661 0.0567302109789192 0.697753169683457 0.988561917793431 0.0375028676636351 0.329320609979844 0.263816078009264 0.304935758142601 0.50633543931963
0.947616641190176 0.774249111088658 0.123051134880483 0.850910894548656 0.989359629419571 0.159962864190338 0.552224462775185 0.349335064259728 0.829098578756393 0.724024263747572
0.292519678254722 0.390570784577145 0.105445681756018 0.669871149683713 0.913351975390692 0.0125783759403091 0.210049514674187 0.231709331987656 0.0435727156305524 0.523723535113142
0.8912681994763 0.961907325124626 0.194654932483477 0.867881048234663 0.996700600665713 0.151524061220702 0.657609679403264 0.349466336799613 0.93492577512357 0.693146255120645
0.0376378274739428 0.14413512388258 0.102318861629067 0.634185017404802 0.841883646635323 0.0073806744575839 0.25843826478572 0.259082385368919 0.0290137708367936 0.564698569965872
0.463860799120497 0.0346188410515252 0.0778070823762462 0.645539738225864 0.704185675564009 0.00842200965960534 0.198348059730939 0.212407640461954 0.0496518522112962 0.405273712826192
0.791646008610474 0.855607305416419 0.134041793066766 0.694882253258339 0.995596678576281 0.0987612084814276 0.515779988664116 0.400436270844734 0.192708859291009 0.675900255388818
0.837537856714689 0.705778995361358 0.0854127830922631 0.621993731050898 0.985791975905433 0.104320858420973 0.393096919557418 0.379111933756955 0.540044057819382 0.383123707562433
0.462640439409869 0.310819779970563 0.0967152768368991 0.388699088696052 0.9687029319699 0.0144545020269944 0.441825648566098 0.322754569684784 0.188405743742159 0.603876217023053
0.699769696373395 0.891335837442907 0.275619573247701 0.239786957031676 0.990854512394493 0.0923615786787499 0.460686450742766 0.309148485329723 0.23869614697703 0.502959704253021
0.986526020235195 0.625398660114734 0.281165571263485 0.867309441020143 0.989450591783454 0.0899318481496059 0.488405710864027 0.367832252342593 0.397080282746568 0.659397154427284
0.267269532166119 0.637994460949694 0.0878308790655564 0.865870003569911 0.962994711839171 0.0866753559679988 0.528745117937344 0.387607467330793 0.953652423084769 0.608487118471647
0.845511095761438 0.963021638111304 0.129052675448849 0.957177015196027 0.999136072522287 0.639734201930257 0.638111078883254 0.411260138951512 0.942078751865351 0.705823254229436
0.378726492954901 0.218784217695091 0.0794216250960014 0.371773690205252 0.871065634701048 0.00850252144692475 0.341172654685988 0.195732942920595 0.0881569560839315 0.444708533555223
0.244709609746897 0.196096709128442 0.144371085534104 0.837535050540809 0.99789165174048 0.22633069567124 0.38745797438625 0.371704756451353 0.949417414091323 0.621832074645862
0.672563528474015 0.152871467167044 0.139232372407197 0.881590243132332 0.991151943365678 0.208534600775536 0.651044458832633 0.3680133683757 0.95266757149731 0.703777935447264
0.735836332886613 0.300634866120512 0.253673707520148 0.417791298476286 0.996245541228329 0.509467601832649 0.593163618539914 0.398488368497635 0.902130958646913 0.664546382131277
0.361481772308173 0.429768559277863 0.16626214862458 0.90802515495033 0.970200821624607 0.102994371641086 0.447363372944853 0.389035292257317 0.305943146881082 0.584823593810347
0.580501610374643 0.887530077835391 0.212333579218488 0.725882332349627 0.984404713877521 0.0606936121361731 0.310150172770914 0.270775392425417 0.589726614684668 0.487960942513597
0.741327671899819 0.985181347125174 0.307800597080222 0.955800127240272 0.997927565265584 0.146807853296735 0.629926778118711 0.406257727557256 0.913990149181649 0.695357275234359
0.132358369729339 0.607538028201451 0.174352584888151 0.624999618237382 0.977403614304748 0.089755629445547 0.316599468623716 0.341331565013958 0.177043228248395 0.58980415837203
0.273830656948715 0.350562699576735 0.146135030361933 0.804641197693262 0.97559765411755 0.0436225565042794 0.29343486910136 0.299516109103412 0.22744323335573 0.377908942326941
0.893264479400037 0.500399832965041 0.151073767322135 0.652552334737165 0.993460383608964 0.0957038459193213 0.639661304694515 0.33217421516572 0.778804405082999 0.609210313798654
0.391179758460249 0.0720991626472767 0.0588739709788859 0.446717333445257 0.892553108629622 0.0258210620264188 0.223278899878123 0.228119342023442 0.0672214052422365 0.424999596014163
0.903059452161248 0.895383010634435 0.129418380090356 0.940715098186064 0.982803681252156 0.0523044930257661 0.419691787293059 0.411124574295675 0.798115929414588 0.519006700821925
0.533176858601942 0.710523300611561 0.0976330890508118 0.869348364406276 0.991720428416889 0.144214023744126 0.415567741597654 0.288246010180911 0.450164188623533 0.577161133236098
0.750428532540112 0.824696741318942 0.24755311057701 0.903255918232995 0.917616541952879 0.034667175370885 0.492249260083313 0.276379966924883 0.619160156600866 0.484370325774223
0.447588364094947 0.0611164595582153 0.0336098225337164 0.581110202877067 0.895601539701912 0.0301902167154472 0.289447539279796 0.237619946588727 0.119493511383918 0.497917670245293
0.136883281449231 0.0337901034700241 0.124565687471625 0.501815877395255 0.923762627249833 0.00348494910069692 0.273510492687751 0.248055920594159 0.110817882758108 0.480099572216637
0.654104892926742 0.310695583196534 0.13628257650452 0.874912462809681 0.998537609193257 0.298290127505608 0.54373840800836 0.439687324821567 0.512845292106157 0.627781191692267
0.756009957802109 0.202013297136611 0.502479584081177 0.847616882320898 0.86607714208918 0.0365242682156347 0.268930529208025 0.384257899669947 0.0822407002395455 0.466556722498597
0.529642593891448 0.500346222447927 0.276774751044491 0.954736430432106 0.996376439874104 0.066661468368302 0.527289743618188 0.360128299276685 0.807376202014078 0.584992187607856
0.92279957877584 0.860336728749643 0.319027487548117 0.848288613108658 0.945388337177908 0.11549916435211 0.559095833043289 0.282343396302934 0.710337788620617 0.546423440462796
0.472471891097271 0.542861133608282 0.0666689060063127 0.917127127590906 0.996502480060272 0.100268419366304 0.454034784440079 0.348204652160324 0.420534750585362 0.563605644183755
0.26762328547047 0.565837192368625 0.0774983297785011 0.690992775680465 0.963169798401208 0.0546352854006352 0.289203097226437 0.351896938747256 0.241120736781508 0.580959296745855
0.218606092775523 0.265595318396068 0.126446356988676 0.783986816481435 0.956636077327599 0.0391750194821471 0.419083979436729 0.233658869589347 0.642341466177026 0.555507820209339
0.264978131059151 0.350775956756626 0.104579062386922 0.294538544741619 0.949159900381508 0.126024625952226 0.345180101164697 0.301971731109825 0.27221169705924 0.528035030051983
0.745502503831624 0.749407378256127 0.187906429211329 0.817833353559531 0.992628844748883 0.16646204423595 0.637367305076693 0.454045773097147 0.849566056340101 0.663035736274371
0.796127282557464 0.631043960114475 0.291335187721936 0.91331403267588 0.982694616131371 0.0622387816037784 0.486455553664674 0.354551366722323 0.797729977063855 0.601100352430871
0.122190826875124 0.74804043237237 0.26749516497804 0.864027955648708 0.993603295197283 0.0528898338922758 0.530969682476101 0.385021967884407 0.697447014224642 0.592448347485143
0.104716805720013 0.254768217067657 0.0556374587203949 0.739415717893865 0.978785493839989 0.0244840941965431 0.29232359673521 0.236744402567545 0.209372922237253 0.460757740298216
0.2167173154542 0.560995505626283 0.375309122322385 0.656003460725719 0.95365910464804 0.0106406765780944 0.356536972231909 0.296438418146787 0.213831366824229 0.466617084505585
0.988628885978312 0.985881507401854 0.569806328860058 0.946843820792349 0.999128159921105 0.826006313718797 0.862493727783424 0.585015985277256 0.999442828652482 0.744362613782197
0.8630094793052 0.0529761855750742 0.0636772146700099 0.841936235901953 0.989979350957752 0.144173609794553 0.448207156826397 0.418212735660445 0.400173627270154 0.668944579279856
0.339117368692839 0.585391978445175 0.176976972369374 0.641927919376621 0.961475241670864 0.0890579995178357 0.399899101706923 0.375430125099451 0.573404131926621 0.539999400589737
0.622302149484614 0.381346453648581 0.108980891664947 0.899175796718443 0.997715751712688 0.110257612995083 0.563426749340515 0.388508189566697 0.943123035986149 0.577955751268538
0.970005213498381 0.746110727930141 0.232582549921585 0.993022173652004 0.998811901733552 0.461015695243729 0.705809173170984 0.573492110848807 0.999101372679624 0.633758908107438
0.472440289347545 0.423386979201973 0.157557689025134 0.807440064214994 0.995260694635849 0.0440473799574862 0.3953503140134 0.44094822555729 0.428335760195727 0.554665705752811
0.115514549112835 0.614518508667244 0.28715753351894 0.7568505982197 0.934926866765244 0.186965371740961 0.565053542833072 0.26302727214139 0.556896445355679 0.678263562705461
0.24939420300975 0.926422203135334 0.405881891860619 0.432335067029955 0.996205710599788 0.229401017093053 0.408045301491155 0.406514735721479 0.655616797877144 0.53262910744968
0.203879964982893 0.338321535537486 0.159053058588491 0.655234598560625 0.959946600678427 0.126012729504977 0.367329354632572 0.323757355770904 0.584339125978398 0.556419027926953
0.849348444285182 0.302677335130623 0.189872431429077 0.731012312877678 0.992147968852541 0.276294914761622 0.47696764718096 0.464814042508189 0.484154661989918 0.53493565174659
0.109485546915683 0.459459018730705 0.0624739477527097 0.924519852359385 0.95162689567809 0.0540203047282733 0.361879644397215 0.326181704638004 0.807895409461564 0.54467815377237
0.120457870269521 0.704714495447875 0.05460892273047 0.249117136827633 0.925230037375533 0.0126712612116904 0.182326468627209 0.203843116866733 0.0054207497315894 0.476195319940574
0.671415105971842 0.859510090111576 0.0915659600600258 0.817256895433651 0.996772086165381 0.287833430024183 0.657313565232039 0.427845250934661 0.912245886694503 0.637392920869102
0.861680240800054 0.849731692890416 0.140406931302207 0.846563469711309 0.991126792452745 0.109249580976755 0.484635041161906 0.443425032546581 0.566111518270736 0.587752489968207
0.196903003959981 0.300307080065806 0.297097511223939 0.633156028573177 0.956596287594206 0.0261042242039942 0.251769005409103 0.227167892825786 0.2339265200349 0.470097053846303
0.866124718538599 0.440150000620054 0.234392508994557 0.838908828690866 0.993917667024786 0.438755344018332 0.723498936984797 0.486845158244421 0.985771985114543 0.737565872114817
0.704035652303967 0.449993677327294 0.327754984251351 0.424413055197429 0.990282227517003 0.021768865470823 0.306842623480344 0.346403026230318 0.159220876145086 0.48926166563123
0.331222529327496 0.682962851304317 0.139194999549705 0.927075323723733 0.977127414213439 0.0235866967267573 0.458258985891161 0.353436424118605 0.860919253687532 0.523800754110873
0.526461522140217 0.144709396640225 0.0976388762295261 0.827541800909613 0.953870859806991 0.0482673569391646 0.327172696366995 0.270248696787548 0.0658339617669149 0.454499045444412
0.545802028239145 0.8704476639533 0.120763251337105 0.859879875581271 0.994736505117361 0.116608403313815 0.510699661127448 0.472483436645154 0.913515958798133 0.646920006384172
0.158318510709028 0.104395266190016 0.188415058875471 0.788847953763911 0.986637093443083 0.0861930477211433 0.396671455454829 0.380713553001277 0.845454438296449 0.598259943831331
0.773995854051457 0.503967877773642 0.0911810069073476 0.508682720339974 0.946825307694167 0.0290625322276875 0.540633967737016 0.306822418357959 0.284972339572619 0.538163453722857
0.882489348769842 0.214547775900388 0.0892426101006684 0.950421774369894 0.996282246349829 0.0980584381126001 0.563416629625438 0.373005432963246 0.943974778285769 0.62132361882212
0.822831543794492 0.869228380118886 0.274016558692036 0.918991349218253 0.995326576216162 0.0559518386946363 0.64343290047954 0.360059404318694 0.500248550217123 0.634315877782157
0.731720165065471 0.836627268129522 0.21234507801844 0.920933735082859 0.994250722342199 0.26316228274005 0.576229415021376 0.382147795162203 0.854664274522044 0.54164345612205
0.051578064978565 0.374028309373269 0.104286976553457 0.211241249997836 0.442768048124177 0.00154204402215036 0.0923680610398597 0.165960597339206 0.000753021718125002 0.294023856531933
0.114011744458876 0.311780365223423 0.0795519958365301 0.79393196778264 0.977408903666808 0.0239690776656226 0.197328789456686 0.344939219946994 0.104985577579902 0.401407004294378
0.872229358713729 0.859063938298619 0.435565840654837 0.976331691098836 0.999522749919829 0.541633746765756 0.827156500931678 0.53138779080248 0.997859995142537 0.670176893310523
0.717715183278208 0.662720041280585 0.366316594677515 0.826667268179299 0.991192560952597 0.127298833214037 0.492411594402356 0.345640887949872 0.716004013886091 0.580511746414165
0.83985594069371 0.254621312707262 0.0551736914398884 0.644842811272021 0.948785479166238 0.200302859345013 0.352233645523986 0.422597999298949 0.648644559352116 0.486985132142666
0.481179849282426 0.654778155220332 0.16949133814609 0.913403793278958 0.961788940075042 0.0304266299534385 0.397830605628896 0.270222004972918 0.044248509858631 0.598409050529581
0.0748192177830345 0.562671555316544 0.0603323009885298 0.758412740581223 0.977099405780495 0.0152788261665766 0.270634517797997 0.251571918257469 0.14848431751878 0.462314938351781
0.685638591932346 0.542204346960774 0.0637922793022379 0.953909123737117 0.996435365730806 0.0594949326724026 0.36617090330661 0.352495306931787 0.539370512115325 0.604605087376341
0.198678140975741 0.752496941094983 0.295655734459085 0.957749791512676 0.991843700266036 0.0830788449447523 0.59529572418369 0.280202279963718 0.730072141089675 0.616188242039731
0.248281155400986 0.407466545503639 0.167085701011243 0.675226056989499 0.995070591932842 0.310995680567214 0.500834480004821 0.319904449228824 0.885691813199061 0.559814559279056
0.0810968669718735 0.0891044700977679 0.0241777450089222 0.147986631067682 0.894914108951909 0.00426107908265754 0.217426313540087 0.22842294660986 0.0471006943565304 0.394170265748973
0.923874266958932 0.434395916105532 0.335782138433377 0.918249955749694 0.992131166466873 0.170182422356452 0.600703253763946 0.339850433842259 0.897280197956798 0.546209127513965
0.154496218965888 0.0881293056509095 0.178020811368644 0.170434023027952 0.938953417723 0.0240631953141726 0.355483341835605 0.237192071383963 0.0911183786142756 0.433260533671038
0.164351139709151 0.783002152654347 0.16155135679665 0.7049628823258 0.986446861283244 0.0528259800896125 0.441558673209972 0.381063397660245 0.420623535055853 0.641514179853902
0.786961841462661 0.820585578921378 0.0487975605677661 0.693607530251057 0.929474639880789 0.156714973781428 0.432066336603307 0.437529432723349 0.231373807318582 0.502944327234184
0.658063060411393 0.3094619548994 0.117634700934439 0.795313474073053 0.980620982615952 0.187789269820654 0.389504150396844 0.295874667877897 0.162092825650823 0.559916395210522
0.545461740528992 0.077323003914106 0.0431723996087609 0.665979750838121 0.956954447914489 0.0797861064382797 0.319526806758811 0.321862107248484 0.29952659728994 0.408350100678296
0.0608105665675144 0.323938710367609 0.16193779276413 0.283304222652129 0.940259313606618 0.0119426820984639 0.263717710710574 0.202798934909835 0.0261397074805076 0.41958996302053
0.593936491855636 0.137900019053881 0.0780167795181322 0.351747152595764 0.934843242160998 0.0205053753151119 0.266063757385874 0.273452483803902 0.100473678181187 0.48657847188178
0.546342755435044 0.868295467202802 0.105650966404065 0.774509061245808 0.956190254539198 0.0552252937970227 0.261876481644764 0.275973376275438 0.46201364274158 0.546509277028549
0.649948476355993 0.859085339272467 0.0226689689019178 0.286226442241609 0.976029307753858 0.0477157190110525 0.319692109931242 0.334193980058237 0.795731798971358 0.508955218369568
0.358691387345369 0.509404641258871 0.194471616852398 0.34680583581378 0.971205983427854 0.00632306564835603 0.358829010053902 0.240121896823168 0.0438459349251172 0.384380821648248
0.921526176660302 0.0662475478836372 0.437456239769686 0.924261334480498 0.994832601884589 0.194542967196596 0.575542805844032 0.43943524406517 0.788060120964658 0.605627461597214
0.268030790458896 0.394344180540616 0.350814143810227 0.789716987798803 0.983805927922604 0.0589855713298395 0.472368720841871 0.3871631863637 0.312897672854622 0.551914880641581
0.336243426852348 0.695210255756278 0.103016138867379 0.953859493545011 0.996724855903909 0.18476244383938 0.544846469923392 0.502008696860736 0.565040649745233 0.651493052472777
0.858414766935066 0.737563867279686 0.31509549737041 0.915699931633386 0.988046224162634 0.164143905024329 0.647397284385621 0.394188507200248 0.937136862946337 0.511199686310294
0.488963195082491 0.24146026486443 0.154233892789685 0.901088455538454 0.976458633029863 0.0312119205892927 0.411416402373945 0.337554765825327 0.451973781928158 0.667972391383013
0.814397446824087 0.501422880990284 0.431236862612619 0.873135716765998 0.945269746018754 0.177333669359873 0.628581840997667 0.480199600395079 0.280474826865933 0.66083351337916
0.80021785392624 0.918911388796045 0.290029671270105 0.858450662092607 0.996486195147539 0.366979588655455 0.626130595383798 0.380940986362785 0.771964736400155 0.686676881760027
0.125996765753985 0.316158655385505 0.264208422750888 0.612200971092343 0.990385333211145 0.129889686923516 0.421193969384471 0.394368311050357 0.702323623835387 0.519667391745062
0.75877627007687 0.182204230542148 0.125883293207458 0.530258138480168 0.971948567541231 0.109384894843394 0.373891925604119 0.464296258160464 0.203650494807258 0.511806638624521
0.590030774019157 0.817220979032573 0.380028586752408 0.932031054787175 0.998383606500081 0.286181805209193 0.716255430954623 0.435629427140221 0.88477393165014 0.638394243241135
0.282837689438524 0.181692815518555 0.0430731998693342 0.724327703378239 0.953489545082715 0.0056919869928178 0.245915156229735 0.321122065417699 0.261438827596483 0.48878379826027
0.234981164065095 0.521709628223215 0.0962916209286819 0.791492630166673 0.995485418725774 0.0109567392621645 0.444032087982071 0.302044028739582 0.274600067371102 0.608290789406817
0.944456968846665 0.867585439955546 0.313221192235646 0.971680154600324 0.998494928647343 0.458039412930048 0.721829401072147 0.522384093778439 0.976169006752229 0.657281210353134
0.218665681558371 0.863562035682551 0.171802289886712 0.793966759858835 0.959524150193904 0.0233147547401929 0.327885235991586 0.233766803885364 0.108489608569897 0.578637160290824
0.585998403147717 0.762551470554152 0.610091569028761 0.702994984467796 0.967037464407378 0.0992272862327152 0.339531484627337 0.410441382866884 0.250019667535181 0.629128451099427
0.743150328595654 0.47896374736839 0.263693639586171 0.892777623145707 0.995335404290707 0.287969088582971 0.478245018935178 0.313137228195092 0.930125746299753 0.560103893365561
0.231484263167955 0.830468265024873 0.559301352212701 0.985453546653488 0.996800519507392 0.119024067247715 0.442427695051446 0.473768611722036 0.852934208059801 0.724799412930227
0.950111464341199 0.374427474665034 0.140295556474898 0.964234431351667 0.995811255507047 0.29186295654169 0.485391111532323 0.415788475354198 0.838927859942485 0.655094985317183
0.410840145906204 0.180573496235565 0.331764943055497 0.310508654550109 0.875062387601104 0.0737136617898548 0.301572381929963 0.269272832463441 0.249531974153049 0.427206138681792
0.876152147123343 0.757581647183259 0.146740862559305 0.8526406062897 0.982870214459576 0.0423914765624356 0.519583654034379 0.292498446749749 0.397122372009498 0.573213144159551
0.929764818602728 0.32148461249106 0.306606398864275 0.807155195918293 0.999436379600103 0.26736246141545 0.701477211280634 0.50540281677051 0.986587793714448 0.671466077352982
0.239359631708931 0.329080370526151 0.147149434466785 0.197234072466354 0.966194282217572 0.034883214123982 0.384118020033885 0.321641051159087 0.38408470281795 0.534236631367981
0.335006452265227 0.766129736783239 0.0675796037147364 0.322741967671084 0.995334047499951 0.0184924747824925 0.349246275900149 0.298111094710628 0.214082689793704 0.541698233680191
0.783412882809192 0.387274651679741 0.255744596500892 0.645179488634278 0.998982145767829 0.118394577110497 0.470683830281408 0.359595832045207 0.848830755422467 0.545709732005653
0.412768494469237 0.225821810729089 0.0903157096116484 0.427607383796338 0.983658325577912 0.0635400972074526 0.338055101064536 0.325773243601506 0.206382545977403 0.544592105502144
0.828831187144651 0.65748409682641 0.157206603221268 0.935617911046539 0.999030587992644 0.413514399779348 0.721215869989814 0.451631253517523 0.997855134895748 0.669825830262224
0.0635438362253454 0.660603451062958 0.114990614175626 0.716253893882519 0.903962863717794 0.0052408929473986 0.18494841814461 0.236862896000273 0.00990495278926363 0.423221239930925
0.77538328442226 0.504820658177338 0.323484943716733 0.935322019045196 0.995983202274616 0.226284593575056 0.654465840869973 0.618092844256658 0.99785504237352 0.537821255908998
0.661720901374879 0.580135955676028 0.0469102594469943 0.931610091561395 0.968748888608688 0.0973853995958055 0.58433842120003 0.32822351710006 0.234290179061634 0.614851671678389
0.665935454247955 0.842460393581977 0.337316200771168 0.943763793442858 0.91173717610111 0.230359814905234 0.513023043532839 0.348911343384492 0.19856780567436 0.578100085545118
0.449794600929982 0.604502126144885 0.0401364639190001 0.926390913012862 0.989489017420272 0.115799586084716 0.488993824297358 0.388082339888991 0.755391413780045 0.583521754198565
0.44928016183213 0.906203537116199 0.190757075260305 0.945804502605035 0.997546712545402 0.143731695197192 0.644822443457125 0.423633009214198 0.95095366996648 0.609597842680174
0.924933068320122 0.151313982445943 0.649308115169998 0.914208334772624 0.998365953255759 0.189663315851773 0.652932248573188 0.521490656917456 0.946233102890443 0.559875031970682
0.770013907380364 0.0936893422061068 0.147578297137478 0.793342566856972 0.984529804691329 0.093157853479209 0.480414211639992 0.41387277862926 0.923983924585408 0.63670287774597
0.915035682003173 0.471395216803499 0.137118032678319 0.728079070803859 0.994503112574534 0.112432201596773 0.448767163108112 0.36683853730711 0.288821267384507 0.700991927998373
0.84544269374418 0.536197695433731 0.268914649964607 0.957350490223103 0.996755143583846 0.572403520514465 0.60921648402475 0.438914088362422 0.987296019247612 0.689379885390854
0.605031045847239 0.220948579526629 0.293357132479009 0.551647015465942 0.984826566028557 0.0163494830095896 0.361589920979559 0.22627525902943 0.212569358930698 0.560226836634838
0.106189661458293 0.783457170539784 0.148765259175329 0.508834400024782 0.929768977578755 0.0125161912604265 0.28681846095688 0.321808960350248 0.0926837007907813 0.489854210720155
0.168603980000833 0.32784208053592 0.0190081053031634 0.180563536810707 0.603055348249178 0.00250016820148418 0.142347216267303 0.218615728451491 0.00065945375786171 0.389642123879582
0.843426784552144 0.187938634351621 0.449192790237007 0.959970642200523 0.99534413772285 0.0958933082516744 0.519780451209154 0.415372810025158 0.672660423760271 0.492365384913107
0.341329249311971 0.146872248737394 0.071836078537098 0.532948032444009 0.914271306557236 0.0448667736773159 0.188072172196103 0.243033082500739 0.0385236492194031 0.402172351098469
0.586984096357009 0.931930291843083 0.125107931160966 0.403426647750329 0.970594339535083 0.182850268104121 0.38563535940593 0.373553290529502 0.74620411199374 0.583023661094674
0.71766477171057 0.726015240017039 0.0631401872964224 0.426019843696454 0.988330123348284 0.13145741384639 0.437263053429368 0.360225422460415 0.654798263907831 0.508241313326687
0.953654175346165 0.503574895276643 0.110729006103587 0.790650808969051 0.99136348336382 0.186353881679136 0.555330202331125 0.434763612511781 0.972325275461145 0.618292510294674
0.579319224964842 0.156005706097839 0.185226590036086 0.636852402746391 0.985903584567028 0.195459853236618 0.53787702367238 0.448899851173696 0.983807825729324 0.629607324820908
0.39303513794897 0.261449391598753 0.161563339948108 0.48699079031508 0.997180282257646 0.0522392691520416 0.543424579785037 0.356535683309446 0.772734478867891 0.526455400723845
0.167052744921839 0.476708773017687 0.0902591364201374 0.677775601553557 0.976451265870294 0.0175395499540336 0.33475413169368 0.340686286256052 0.0336480710326323 0.492091545464166
0.942903440121572 0.961771563395137 0.562260595677896 0.994557498110805 0.999828489869064 0.788245945438868 0.840946738422714 0.540539313190735 0.99526864533624 0.698253521353231
0.616508579577242 0.249964026701442 0.367282669610266 0.991305322838265 0.967183111002005 0.0522394133522422 0.373302913070373 0.349050251161344 0.273693538044277 0.543171511992978
0.85888740530632 0.243040522693973 0.116078608435176 0.866280274782094 0.988357234304397 0.167449171038671 0.347875165032883 0.374630606189561 0.679751314048281 0.596166629789791
0.178781967063063 0.806916538611811 0.0526804365634247 0.391336498644711 0.90093862987457 0.00568730906991337 0.216181857007385 0.239299369593555 0.00775399109666336 0.382087209230612
0.406764866993067 0.124962428042562 0.110142766799989 0.736183314021942 0.983751078248621 0.0169847589148191 0.271784957521173 0.279297908572527 0.0849263102128487 0.50846957703059
0.047518007246673 0.0240354937975554 0.0511574480162946 0.37544369252396 0.901203117219071 0.0209655590908257 0.180988976176755 0.207062435870988 0.00160290204500449 0.490048055715019
0.120074643289178 0.945195136889616 0.140935753819204 0.546629391089344 0.99121634041478 0.0228147394339068 0.218770018968947 0.23869579654591 0.0539013662554051 0.514609312391646
0.3453260490941 0.0777137621585028 0.110063737088202 0.0774095932686819 0.937281537452891 0.00438897848319342 0.149458802926593 0.247539648086016 0.0253194835113976 0.277906479553624
0.680799256209387 0.910166918190553 0.153778697819381 0.677956728454677 0.9691211747974 0.268559978166699 0.445630002709665 0.358079109829213 0.343121600318932 0.467261122507107
0.598609474623286 0.266673902233042 0.18536141549136 0.561486220300035 0.9959757258091 0.112789725461083 0.440104076945755 0.357994966047583 0.162411709617569 0.530617885566829
0.211414843849291 0.479290715312288 0.323440371067872 0.610090121013583 0.913240925201261 0.0181597512542798 0.364846594334258 0.26099801971898 0.103417327851023 0.459283090743585
0.359370824445428 0.278664878752359 0.172234900842101 0.527170191069964 0.972191739949486 0.0855013945485658 0.38808980344571 0.255883185195324 0.277488685682593 0.539679172899876
0.875988320004143 0.337842382677831 0.323722161867359 0.897029004476121 0.994511264936715 0.225047944584266 0.630356420304759 0.412793464875933 0.914227906770874 0.506638071444481
0.988112211494627 0.257723387241986 0.530024500548926 0.984209650550459 0.999361423561899 0.671200079235916 0.700682744641833 0.597774177873266 0.982940906161943 0.742493888531095
0.872860874094512 0.0937030948174792 0.135618280102264 0.929920997715993 0.993365218799034 0.16148531259037 0.625267031189545 0.360159423729652 0.789692446548527 0.615818069817875
0.420613481112549 0.0277071784988025 0.0730624287153569 0.262062506347322 0.954602071415649 0.0243028120535579 0.334915584398497 0.185450041265171 0.0443579876836784 0.484230129946525
0.690657318924283 0.400480128605388 0.26791051847708 0.763681606722045 0.991213165821877 0.161086952100483 0.589416106901657 0.406165970009504 0.870274529484541 0.518105438957345
0.665413161208802 0.678332526542276 0.309150940664135 0.990245560540814 0.999581846483241 0.57386511823381 0.614221576537479 0.37368288779972 0.869512395010754 0.786495224309218
0.264981960705654 0.784526889955191 0.0826259323482607 0.512169985924019 0.983158313798808 0.229658872821175 0.393116671298729 0.366989544132815 0.312731768400981 0.604831202752281
0.611439537188866 0.957045772690965 0.290770548042922 0.854036242369497 0.992970297189276 0.049267639085019 0.581504821927451 0.317419870762099 0.770047164630262 0.489331745797415
0.853492727993084 0.807631368544692 0.270061322378517 0.960299108357588 0.992696181792458 0.16762733572831 0.513037572220056 0.355827651893082 0.639165716483575 0.577426432574365
0.298420683173807 0.293830670450373 0.267940369500318 0.689359037677841 0.971536319916442 0.0426180731750483 0.320328157229076 0.258713221996772 0.0926733515920312 0.484974121250962
0.703675513791792 0.283701899504161 0.0832909355319556 0.362075124550357 0.95481661850751 0.0203284998825909 0.362554507524853 0.242573661468824 0.0750216032805654 0.595395233397362
0.371228522469654 0.591061067594717 0.270483655656187 0.901956084127048 0.976034921676356 0.155024521971022 0.367316104018993 0.385572601096559 0.614795063954579 0.521561441944175
0.733062962509418 0.9742440847822 0.518563406533477 0.91996976615841 0.996322689704016 0.49440728389498 0.533379225177655 0.411713298448982 0.980036800022959 0.67800064150036
0.168308400527424 0.306477282086458 0.105472028702707 0.854622019621467 0.996508246291479 0.0780618730259456 0.553295297311728 0.306962552068233 0.691258778299591 0.600342829293285
0.81945477477997 0.845213666344907 0.155957343444511 0.935526622518672 0.995468219629054 0.497308575547961 0.801490465993612 0.47864104039628 0.94758588159254 0.657888642860855
0.163059854256609 0.0318538590895906 0.0515150154448275 0.744286991268102 0.882472851033511 0.0204400068822568 0.345772412798064 0.327413513353402 0.0119758588174301 0.521563507651931
0.625264051620818 0.859513714668988 0.475855373050769 0.923272570228874 0.989631372677155 0.0557437301403163 0.465492070135153 0.471554501847466 0.900666978976715 0.594928869754603
0.312379298215273 0.723865610411721 0.0873586067815723 0.780314141706617 0.964049368142884 0.151370515455394 0.492871168684051 0.336855930039035 0.202853147300466 0.586688275872115
0.869715185055017 0.88703836605451 0.171026596438652 0.857187157377036 0.999115691788486 0.204922526365411 0.5633940649154 0.489514247237368 0.816251878165504 0.690055176892699
0.415077135974948 0.113388698600051 0.216994710115966 0.517915438309478 0.97166604812557 0.0636754243329888 0.481061373341655 0.238640548706846 0.0760262886477805 0.527511448255836
0.958205353987071 0.554824831669459 0.396812207689263 0.682823967941522 0.998441781435847 0.586186577708696 0.593372618308313 0.470198677732724 0.979830310012115 0.676753601770257
0.930397599449283 0.951797220952825 0.304828897511605 0.990134327718617 0.998405815684953 0.147133299920863 0.688551383447186 0.417928416644811 0.963713820755256 0.632545672268372
0.906145986159104 0.701402237202685 0.237016703433246 0.849686776325946 0.991731470543877 0.0779790033548093 0.507794278073348 0.389047293817727 0.303513915961207 0.517355680924801
0.941210834246909 0.830227845652496 0.298343812783715 0.956115293821253 0.998206006312165 0.261163902841822 0.551981265494441 0.474726972267623 0.790135655608549 0.561637189099872
0.830891421204181 0.521869038402225 0.212570014917734 0.772470271856716 0.990321726246338 0.298954646495451 0.424140589501666 0.493144990276267 0.79018576390588 0.550002246489981
0.65381263171313 0.381819392773962 0.138069896043299 0.734350395719248 0.931006373895487 0.0230209082044495 0.398299392720559 0.305130633817595 0.247888609798268 0.41879874990402
0.217017937898129 0.123174214725607 0.0623694410769512 0.392640499296284 0.933891426717326 0.0186941522081071 0.30138293527346 0.253069191334445 0.0118511621983703 0.426991394788425
0.219638605750011 0.141703572539142 0.0319085885005564 0.508796875132148 0.974525956037743 0.0726009293393372 0.304502330864197 0.413737944409464 0.582580740676336 0.586312848060975
0.676823254060105 0.899652802131871 0.175030996172293 0.845096957185132 0.996579493368778 0.185762893847139 0.417949773627063 0.394065114538034 0.868790534536509 0.47094197217854
0.153635145816015 0.393691385766363 0.0964109198575561 0.439302563533093 0.637209996382525 0.00758992507157668 0.201378956038035 0.20233793766975 0.0436452879324967 0.384552719192707
0.683184398596742 0.0771706282748949 0.204288317175298 0.727222657074336 0.968997232165496 0.302052934897774 0.419194020333593 0.408395710766811 0.329960289822809 0.637905001617214
0.24292626998841 0.0901977532513551 0.0678483729504714 0.927636821999185 0.986372518528512 0.0351645422518596 0.42694081340906 0.242954430474462 0.207826317814577 0.470417433954191
0.2478346678793 0.092982944895593 0.0699282363497335 0.903711307402342 0.986393247473749 0.0829566168438977 0.341162212145963 0.370340113583846 0.211009207899943 0.474188973989305
0.903054663228781 0.708835368161592 0.304826080958706 0.856479946549839 0.966664130687655 0.385334717582816 0.568227992069043 0.51217575485284 0.798556526984591 0.573507453290914
0.832847519253916 0.884559505275311 0.301018534708356 0.954854055564562 0.999035704568265 0.48711951957454 0.795239577066574 0.416788663637834 0.949826950530536 0.636241072831606
0.689052713606407 0.300682577222991 0.142539349677165 0.8534644889761 0.994056837595432 0.273018609665928 0.557378703238462 0.399354577878656 0.90229614749801 0.672053153524438
0.196998396144871 0.0254327011243878 0.205453669654024 0.680012445917393 0.978564721230968 0.0352424440206979 0.500516062342509 0.408328888831924 0.279295724853887 0.592593690898172
0.401026265978646 0.375828974713392 0.476313645355378 0.566305061550263 0.94661192795495 0.0312055451795958 0.260984392521766 0.279014167694279 0.51542554475123 0.530997705441841
0.682135202171401 0.135554317854152 0.317005373298298 0.887797774142179 0.993846084047564 0.108575582866799 0.513300287512334 0.325027947965915 0.507899038874888 0.656498469336736
0.58952860361185 0.419684687910623 0.0842128292863934 0.560312152511749 0.993332101536852 0.0769939086362268 0.512872338186649 0.294507055800349 0.49592755538762 0.579034036585495
0.408914632117176 0.912935735534599 0.199448312806208 0.912790617310485 0.995730459681002 0.100576214875815 0.52209302436324 0.389113568232395 0.613365411801793 0.643616331930113
0.223377104576162 0.283750952065144 0.402802042428893 0.635808088821304 0.991758499498376 0.137915305877376 0.614807986057465 0.301876544810002 0.505159201135033 0.687891292443607
0.586011558652944 0.46256636089807 0.247005586401308 0.827573739828124 0.944250277826131 0.0504076941842035 0.533039065888904 0.361329650470283 0.127148049582474 0.563430648841562
0.679171814099968 0.569944076262867 0.268181919614395 0.644940533432872 0.950669069077507 0.0879641594958286 0.522231144946833 0.407265233539069 0.684349600648978 0.503856944061863
0.141934497672512 0.115797792436571 0.0719891994589228 0.495430981979511 0.945124725316882 0.00900355822146198 0.28079348377347 0.244865299481902 0.00459851612119933 0.423175225482309
0.807597469224679 0.314042152332975 0.239579743116539 0.954790869620034 0.97417090788629 0.243653886259577 0.640487300309145 0.37011370263674 0.793121133833745 0.554256844607594
0.931156326963297 0.720444538473491 0.522537234770499 0.966929044956107 0.997531198186861 0.269175546116555 0.676668814807457 0.492447189036176 0.995859664710462 0.597283151540852
0.206238242776753 0.44758278522145 0.317784394477691 0.463235208697642 0.989250074922721 0.108844318543404 0.564113433208878 0.491683296719465 0.749844228058326 0.633512379673991
0.800688522628393 0.278422808373385 0.272155734152149 0.975794165332741 0.998278496155825 0.552240347603964 0.666423891357967 0.388474714806013 0.970344366001321 0.697187013573804
0.698305286884502 0.854313424950577 0.0816612509173636 0.529445630842156 0.933721409400554 0.0223930094415249 0.224769747120117 0.315317201008643 0.0432398401627129 0.481558442920235
0.680966662586326 0.524057100357453 0.15823049551451 0.806945211257758 0.982481373600017 0.114912496805225 0.376915354202582 0.309553796694251 0.28036397229262 0.563731439420292
0.317852159030012 0.0403288021929487 0.116276401443242 0.283805027579422 0.876752384107413 0.0611622526046112 0.31695186317275 0.348106141814987 0.101321273384514 0.531410789801097
0.933219879775785 0.286251240041765 0.552423350867782 0.984950738322629 0.999742355545199 0.784168800341641 0.71282332516593 0.5985514197367 0.997592340793696 0.764614573319029
0.830768728891552 0.920021455750726 0.41093949578398 0.858471495220095 0.970740510241017 0.380503377339384 0.614702375030804 0.462943806480149 0.73942009995943 0.601255597220361
0.110468900054952 0.122258173054765 0.139213035735171 0.259604906036655 0.808726199259171 0.00530082882982381 0.210877046814371 0.19957253408184 0.00259911314349845 0.360515745466114
0.945048640055585 0.749956516411639 0.244627534990084 0.969621288020694 0.999532325873529 0.394479674132816 0.676990400390998 0.50251908185572 0.67651506810661 0.623503063683604
0.807630186929415 0.712737316187334 0.197672637944834 0.942494519314764 0.996569619442877 0.19033173109021 0.565912884976725 0.411898855584683 0.980678511611719 0.595670350196846
0.0884879048523842 0.392307794775995 0.126386190687753 0.689174254169312 0.995919010408588 0.0847773120703324 0.542838618614478 0.299219055584504 0.457720834233267 0.576988917509172
0.534934406329755 0.550744868067397 0.16635838220131 0.917496844862895 0.989765782805603 0.176208798317087 0.492137763865289 0.415043926616858 0.950078709688869 0.670715498183761
0.79504553119012 0.441118795013531 0.127710566666908 0.891574071389026 0.996568277350953 0.122210558293754 0.381722699954387 0.338813239308289 0.665349882928077 0.616329406511789
0.757778037697684 0.624565325761955 0.491300204377933 0.986717560445576 0.995235643012073 0.304483369488354 0.615695337454897 0.394736401039285 0.871549742608183 0.61900691917881
0.201289751934905 0.539797494606604 0.0371369317924153 0.389635980893868 0.754376614373327 0.00317286233669437 0.187364531456088 0.203620958825067 0.000947333517919265 0.342840843365587
0.788400158898235 0.678761835929228 0.245384187311247 0.846980922831743 0.994971338446413 0.255374407691194 0.598328539100592 0.365266342761038 0.944504074966248 0.642623019177346
0.721081558139942 0.977620392228741 0.381929218617976 0.857666733012412 0.998733033848765 0.445661851314341 0.702949269320709 0.464557736957125 0.99532718090299 0.72497699202848
0.786746744416458 0.343078907505368 0.086013031256295 0.842853261913757 0.892875671525151 0.0669880656658942 0.259995915074713 0.195668792177157 0.12155477118653 0.532624678321258
0.458319195180236 0.673236183094706 0.215941071488098 0.553286304396442 0.984821487512678 0.122399394158325 0.446442115732522 0.441044647423048 0.556793636015465 0.627363244927931
0.70674666395137 0.627514801355129 0.130012242982417 0.830427359658562 0.982618278975344 0.104779691234799 0.519269600938145 0.431663260132704 0.370768378493733 0.717585577552599
0.031915836689489 0.195327055340807 0.0376119319849423 0.609338444748294 0.842775510242129 0.0219615056782871 0.31773121609799 0.217726206091953 0.142849996529313 0.421538481986449
0.215258089375073 0.218733566685831 0.333013739894465 0.840619604128005 0.944299146567819 0.0292406243952858 0.252591573885135 0.243404848348943 0.0661958416434879 0.536148390571118
0.433476621556553 0.0747867283761984 0.0459366594648991 0.63641028466176 0.956665170715962 0.0489470423306754 0.341465915844551 0.35607453346243 0.109417908725213 0.50510624400995
0.7101967817782 0.953293864225784 0.105140815887921 0.815868116233266 0.99525238387571 0.228377420008613 0.442541222924113 0.443762866097741 0.952388188437551 0.568096052476404
0.725217251045734 0.727392806483692 0.181217045942501 0.826731318766932 0.992563774073337 0.0891016181913369 0.393982021584089 0.321245226955137 0.804011010965092 0.504891476590565
0.333105105792404 0.6703252802987 0.0689333467867571 0.43748649304409 0.976141350917886 0.0134991169516266 0.301824928445553 0.344182443926236 0.13415710583409 0.511221241731586
0.775092095895525 0.810563983777933 0.483870277365125 0.911963758904651 0.99900014096902 0.477122819787269 0.53513548640986 0.477103918802301 0.89480214682525 0.725915961743155
0.456293626131547 0.0707134323748595 0.331194226485572 0.554165231468252 0.963726344640924 0.0582537414304559 0.339362058020441 0.271274727806011 0.502297604094345 0.414716526258658
0.681766519325358 0.609512616308136 0.111162456964193 0.451639433029192 0.992456169325007 0.226868603066222 0.672496085248599 0.365533864179142 0.931303456673331 0.672301353379726
0.520307407358599 0.588705091138912 0.169464184888951 0.875207627966497 0.984079416489426 0.0574213565522294 0.398216306005857 0.385966074515697 0.195292065658709 0.521245857168364
0.329050635380054 0.0758581221185003 0.135386485330297 0.904125960391513 0.988805527147526 0.0629005913098597 0.467211471632592 0.34348538598838 0.370172061306332 0.633978748014322
0.77050314137836 0.562651806849357 0.0966479238217899 0.942338853703581 0.997424114810201 0.047806858371123 0.519136629281761 0.396938149792093 0.962875219176412 0.541449630930533
0.91678712745397 0.780985289571538 0.181315983579902 0.962028378758882 0.998625460654256 0.3168382662561 0.597042137364039 0.553609716611909 0.997384308613022 0.622099149817144
0.856310276605383 0.711276514820686 0.193846586939273 0.705063983788351 0.999599648545256 0.732111138320057 0.751211456895703 0.490613582463309 0.981343677753524 0.675722637925147
0.128219049547626 0.828849842220792 0.12417428708093 0.878534914244365 0.989021850327335 0.0755835978839402 0.595754041410648 0.46812520414467 0.554136280879114 0.562623431296596
0.156490721061916 0.0446665457657978 0.115859389631149 0.827243376687063 0.986322450266801 0.019384047226585 0.304481892558685 0.251211060930938 0.16552482584889 0.473088867728683
0.684011432109005 0.174870033011251 0.10728777233306 0.759850270472381 0.996381871739149 0.0695557526470188 0.49971620276515 0.386502666443084 0.767078662380423 0.54793339955921
0.955412497122996 0.555553538122558 0.440758125149816 0.804450832305565 0.998620643054175 0.297706227434066 0.552033933753785 0.382489465391091 0.986805096183347 0.60843713363054
0.0578016608075803 0.709646553801398 0.0961077073568945 0.787426222191816 0.981045923397484 0.0812420282701792 0.457554904671464 0.334920681053843 0.220511585284518 0.49269743224871
0.87015616993029 0.281702350288146 0.0668461040416614 0.283121123876379 0.953689480882242 0.0335566914404707 0.356609396232435 0.273981480441775 0.400999891510999 0.542789938732539
0.857528843979092 0.405103065992212 0.131039984935945 0.737648651868166 0.991596548082796 0.125674812779183 0.422362535571903 0.308171440926704 0.616997837791091 0.661654872326584
0.385924060137128 0.129182299857584 0.0841166131459471 0.463711834911227 0.986177422882334 0.0148477726765575 0.381920927954904 0.283360504739601 0.00632772693836387 0.370991611441089
0.262987662775721 0.439561191377313 0.105320753893086 0.493675352334177 0.964514160337464 0.0453705705331079 0.292956344948209 0.222871419706542 0.113696441489288 0.46126454688756
0.598449663409477 0.341480204163127 0.196647157899729 0.78522344735133 0.954559296727874 0.0808537421792742 0.424113679487551 0.339211440286496 0.435129465713591 0.468306326858157
0.140052718510735 0.149663865760377 0.0978178755060736 0.290640738285569 0.821008991855565 0.00754803370494895 0.341164963447871 0.218679431145015 0.0680468558930552 0.408372796895691
0.640029305143388 0.326397824162706 0.265378661301329 0.660282135278688 0.976996481849903 0.0266275015177716 0.418538749883238 0.378949198424639 0.165247803789405 0.509004813668726
0.169674558893912 0.293874124537626 0.038125953287184 0.414480368906601 0.669566742305083 0.00362455417102271 0.175009542424589 0.268907288269742 0.00944015348669427 0.38630598602138
0.358367513314737 0.0719843807676639 0.0575019101336193 0.68771528057339 0.956705582796485 0.0286278260236045 0.216065085755194 0.265402876846925 0.154157329775425 0.41864214453906
0.405353330991088 0.677457803083584 0.555874076818315 0.901692886827786 0.996820732992479 0.265743910058878 0.482593624397698 0.502274679235792 0.857348629198172 0.646628916454663
0.80382904846758 0.0895661976987859 0.164743296720889 0.882924027693581 0.991548445094115 0.0853218810608663 0.467967617473909 0.338753740793038 0.708782593997726 0.530238325224096
0.307970925125728 0.188541300893915 0.331797475342497 0.72738570096824 0.980642928765551 0.0247146698729513 0.326252057307842 0.322443010962549 0.121618727863689 0.685434574483383
0.607427046374644 0.893600115608321 0.171694522310381 0.747529901532563 0.876918185874486 0.0343757285307646 0.313968230406585 0.261527120571435 0.0612772994639792 0.378612110966614
0.7405819630031 0.923925168931555 0.0995229769717803 0.874095823758264 0.992761655821652 0.257751391142076 0.553379991906026 0.484654592544064 0.919845357632131 0.589720135367428
0.777902999739571 0.146664170813861 0.33238455571679 0.909291546543428 0.992310756353548 0.149537593417523 0.322276866416195 0.380483558844493 0.216157552599407 0.64163224149942
0.148955334246022 0.569274612557246 0.0696304007394881 0.855500554486268 0.972053795991917 0.00798639903812254 0.396887993108562 0.286096023351002 0.110079625439103 0.6034623736668
0.961077324617428 0.0485386191253025 0.450725918197107 0.614573122840477 0.986356071515953 0.0168689349401526 0.460654951516542 0.355933332286543 0.743599398469436 0.641416305681537
0.426593604561376 0.576780868786746 0.190774530278905 0.698636514703242 0.989856570349931 0.0601691176328196 0.348871962495542 0.384691083898367 0.399982672038214 0.577360026744457
0.826199607667305 0.959655210686977 0.220001442851279 0.960431797669215 0.999266502376648 0.247262164545004 0.642945293021731 0.464491153634375 0.668470733592122 0.638536204688233
