0.428867731829231 0.13118051384091 0.0952925527141089 0.418507599280644 0.995356069467699 0.108005419176677 0.489658169854429 0.458694957816908 0.702766644520352 0.642979371300881
0.983026146964606 0.0995885289999236 0.259291808469441 0.864091912465772 0.998465378672579 0.682869674680974 0.647408390978312 0.584822459834746 0.950353338908139 0.68291451108228
0.603539866199676 0.0487449130209557 0.0339606600238184 0.639472820060395 0.957754566945738 0.0224420787495774 0.317305597786755 0.286656753235561 0.346005750602021 0.491232856382175
0.771705454141349 0.81723814049772 0.12031016905123 0.897352183086452 0.974729399472793 0.110296855734836 0.466253121835344 0.506280786451619 0.843312515192927 0.525604027038224
0.363223666164243 0.947603222787576 0.0758199417198007 0.587303545340561 0.912059609849817 0.0196475388764551 0.236221022412057 0.225762690029551 0.00368781337851578 0.474065557182111
0.822468562429006 0.762605174698033 0.192106296634181 0.696801953920813 0.989502901752132 0.0838923508350599 0.436295356919354 0.360934681134578 0.906519181732427 0.629766619963995
0.565617678170351 0.846390397982261 0.219140461570425 0.592591497706743 0.955688779625301 0.0228029347751802 0.309521572639935 0.304446128602417 0.371468098715755 0.587402009680992
0.114600989003789 0.337322973087717 0.067085726270154 0.635458384150262 0.974459970154156 0.0538105483006933 0.21091454156858 0.274772909650045 0.369439270600857 0.591585685368547
0.829917265056024 0.394691197860863 0.106591424737573 0.702896278945264 0.976718308761276 0.149053332030903 0.597466832814924 0.394274317235652 0.57376970713864 0.740779501355203
0.868916714556103 0.610070013268796 0.224384847477951 0.802470906105048 0.987872172514487 0.0336634171119709 0.50840176159024 0.392186550597719 0.319111943018938 0.697053587284828
0.135677040860942 0.380901614784987 0.334144900482036 0.691213464667767 0.995207396092652 0.0370320917279131 0.377462394833524 0.288728039587471 0.35727199044443 0.529511650444652
0.91735345956055 0.972379930741246 0.24384895968861 0.907280185922284 0.999610426672454 0.471099688931303 0.642856741167703 0.480737606544725 0.958778748320384 0.661938504853664
0.406881558041841 0.615155249856601 0.0531817535503011 0.821137081895785 0.965476167288338 0.0579484054682682 0.295309818800521 0.35573315073173 0.268707534369564 0.504867391142521
0.959412141497245 0.557840238737596 0.45814804671223 0.969762864409512 0.998769534296468 0.605583475520726 0.723156409655229 0.537899470437942 0.981845470656433 0.690904954749928
0.735667691459119 0.834502859591054 0.129587999603135 0.8618732666066 0.994269163187029 0.0255174120975701 0.448787626222703 0.298833094482546 0.805414250789222 0.602589389220804
0.255075294399182 0.771216977689793 0.155055671098652 0.777467351997833 0.987208054279708 0.0436256780716895 0.272590923763589 0.333205491443412 0.274105967002564 0.526629146108466
0.358550875118909 0.82016546211073 0.0235420424459399 0.801991693745376 0.996010896326422 0.0484140352985527 0.399893989297772 0.352255620532052 0.325272474314869 0.661471656735653
0.362589792336529 0.590580551852132 0.582796234274399 0.634718872799171 0.999600849466368 0.24938497860428 0.707792326631616 0.470811735472085 0.917483877096886 0.570846250655243
0.905545449653137 0.44683104947926 0.327663659958543 0.981902821892301 0.997507176202963 0.369035586046313 0.692663619073903 0.382024015826222 0.92650120678859 0.61413668134638
0.0956227324357303 0.449522008832627 0.348750473722329 0.872534493864365 0.95008737433071 0.0205903849588327 0.381872014934413 0.285158676795922 0.0163884116500199 0.446222635641482
0.889491923271291 0.519491554561693 0.295566011798434 0.943158095472233 0.995497136547586 0.44532233058469 0.512588271936614 0.443094978844965 0.961435373590004 0.72211174565777
0.72085315218064 0.602717456361454 0.235570227915178 0.921116578786372 0.990014179619436 0.0657464754388928 0.506119220683966 0.348378339142017 0.762091479500384 0.633315645118703
0.466906985892988 0.20989026751327 0.0467719563370617 0.984721221384268 0.987552760449319 0.0447976321170795 0.356919184354045 0.322860216342108 0.529211199067189 0.572451249037405
0.78814158459136 0.439999913220751 0.344877997830619 0.841214215553654 0.9963714695667 0.170256849194348 0.748027787637131 0.361337134016709 0.984322414344021 0.639429554824968
0.723724909727942 0.929887065602015 0.251326748158404 0.864350728305779 0.990324129160916 0.102991884849314 0.450280942320133 0.434225870698346 0.935902273992577 0.475485189680046
0.486202562652601 0.134830743130077 0.278597400790386 0.890647783628906 0.993823766079998 0.203514959484448 0.552202624122021 0.457391102293298 0.662631359005653 0.55369477915824
0.783409879540167 0.295146365333375 0.0695301460814498 0.765740398961976 0.963806306221961 0.0874381153488336 0.417036782968745 0.415314274483993 0.685322545675197 0.471024516470442
0.396482691363035 0.551874640783419 0.099839297194561 0.926274287827037 0.99256178088291 0.189074860818129 0.505806522506709 0.415381478470723 0.839544243318688 0.612522962131262
0.224533872345413 0.564928796092103 0.0479508933538196 0.272673898853983 0.976589114552211 0.0434657886323814 0.228242237049469 0.348167435567969 0.0261677628972661 0.569437111684246
0.923162560673311 0.994295655323649 0.248231388521256 0.953016083758877 0.998130122625489 0.576064921439209 0.750753419991554 0.452263930190199 0.996869558825189 0.65100900437767
0.39498150720791 0.612749189824205 0.174618307513381 0.789068593695975 0.995740432767158 0.189285600516992 0.449768341177731 0.387611606056446 0.78106117137895 0.62643388586806
0.732842162138578 0.391536992433128 0.284917217577129 0.198783319750953 0.908508202464583 0.0183103272606028 0.256481932164271 0.201369952468385 0.217902287101814 0.46730994832671
0.657172206174216 0.564229760987134 0.170736264544064 0.940646756981582 0.99327597790837 0.318349797257028 0.63423843369595 0.364257643265657 0.935239555461484 0.650544547589697
0.920225389270033 0.644009676332781 0.169672523570079 0.951371306539488 0.998061191027081 0.0961652464191106 0.582962842141585 0.449627120169234 0.987853602411384 0.624317333715763
0.771628118242344 0.957234146279045 0.193243518793494 0.972768224865502 0.998185099438645 0.384418784437458 0.502978927578324 0.382372681771802 0.73234024412898 0.52269493714733
0.749417718237234 0.910249424288404 0.439674831130643 0.570510830182197 0.970490560689827 0.0814102585957969 0.479619839334741 0.363693511667121 0.851410199582631 0.573179508110278
0.812952428283923 0.1388621950798 0.157765671316342 0.752290603954452 0.961192493521136 0.0852716497686774 0.370209452118582 0.448424628200796 0.369005944398113 0.574773078834189
0.0955156956528914 0.760579325854847 0.136035219990375 0.424717763403791 0.877460576222493 0.0116169144546963 0.241731186830445 0.321320126251682 0.09095618116998 0.45380377337262
0.724300939866765 0.533321165938704 0.421487659328485 0.975716543772082 0.998658559868242 0.114207591944626 0.610394905809857 0.494895867014598 0.902941455462146 0.686576817671279
0.717890862741218 0.898033825817031 0.206091686543781 0.869594540593888 0.995222290856452 0.106297565459247 0.496313950068869 0.299844257701293 0.283778476895315 0.431066330605082
0.594243578542699 0.740996038885724 0.213486879936749 0.963951120896614 0.999670514332112 0.406628865374149 0.679414225388582 0.533503773593161 0.998517682592801 0.697721114879354
0.448650305356106 0.102480957640502 0.096077298376586 0.621011106153496 0.806670633580349 0.020144749435222 0.358414774225167 0.261452303417527 0.235269354001108 0.449605074286482
0.791230685963287 0.614710160199302 0.394046378448849 0.8918005619881 0.985684423497067 0.180801546933263 0.518981996501495 0.468428729163904 0.988272589788765 0.655828813793849
0.816311999048582 0.119572723988227 0.161200707446196 0.844301903380218 0.983114925566039 0.0147802758044235 0.311643933896984 0.330270576205008 0.0371187643871816 0.536883667024406
0.415411148374999 0.376778278132011 0.128712788244351 0.781927296728463 0.825708473824243 0.0236031186896389 0.242988937714624 0.227069165214086 0.00606514178933836 0.414870881430567
0.909366146856029 0.603354325037226 0.0510504688658026 0.825741241022265 0.990543369558806 0.347217909940952 0.647952218499863 0.465621365031784 0.980093812688241 0.580320153244756
0.898102745861021 0.773870638328804 0.314172273108513 0.863992655071881 0.996703432926611 0.120746612656461 0.523079981843489 0.400000396962299 0.848704234572832 0.601560961211103
0.435120206317982 0.103850121913374 0.179164043938515 0.629378348063707 0.982841165428465 0.154615772413572 0.44163937298621 0.35845732202818 0.540667743658149 0.550038559683674
0.613782986515353 0.344732644108836 0.0642751294574421 0.375839743543099 0.935249489747855 0.0115925195989028 0.376253642870448 0.290904948884283 0.490417391612531 0.427223227624557
0.756589044265726 0.552370358065757 0.109959398976047 0.853190103601482 0.984754500639351 0.202515413486821 0.436848632523021 0.361293710126838 0.70751228454953 0.47008259510293
0.663178367616461 0.796097205292943 0.119123251599735 0.825243739771779 0.975057919239035 0.0736617725780945 0.318916789481914 0.364659597181693 0.667835412419219 0.599272228670498
0.682956489733377 0.246946346953947 0.193863976950337 0.871599992805443 0.995828827639894 0.264417832800803 0.557487903761056 0.452195230360498 0.77327567586495 0.641470194956873
0.891190446322604 0.416830869766818 0.312763868613509 0.905609570003587 0.99688201149006 0.0978864738093573 0.487762073235898 0.477142774541645 0.940568806784636 0.588732279773243
0.258324418152967 0.453368456849668 0.181631644083706 0.939541299180813 0.976228151339892 0.19271916934305 0.541804536585245 0.407504749885022 0.562164950071129 0.44935888300589
0.868275432267727 0.938782735211978 0.287894103474448 0.815090439108807 0.998371951589049 0.307692826916029 0.599800607397505 0.564691114396692 0.942244901033803 0.696298387095436
0.213741669978412 0.681956099229656 0.475940957520014 0.756314421350798 0.997846682838053 0.133842666170875 0.683215553715156 0.449456269682829 0.960510951093233 0.685496860355979
0.863568100178611 0.62121137709838 0.158557939994602 0.938742498049065 0.995540080588011 0.15045144732341 0.61751328366698 0.413982478031748 0.960563647877353 0.62274985078426
0.707412458643117 0.767041686070153 0.0679359977801001 0.96868438303358 0.994970972482812 0.162456484294933 0.631540703064274 0.414093150958676 0.993853394006675 0.561610244780963
0.923247157133075 0.286801477701267 0.262537593593282 0.921136970303122 0.993947856136633 0.28053154831061 0.643515712606966 0.445403455519123 0.92869885549534 0.612035443437991
0.390854806284264 0.113955323793503 0.0964546624905261 0.797020704949469 0.984590705978823 0.0237969260957875 0.255298666107733 0.389053551074178 0.312972753703835 0.596095632918425
0.254817019411179 0.0871603663357715 0.0701212508527688 0.154669657100353 0.914789192531674 0.00563575406647306 0.344081714858154 0.35722085236631 0.037347403375749 0.525130140020438
0.700278759497405 0.265354387008687 0.0409090856501438 0.724445066895278 0.885815480114667 0.0236993225369786 0.341142297133693 0.309822374206479 0.76780120838473 0.510347853411733
0.824778140787241 0.518429248016664 0.142657510443909 0.650513515662425 0.976591648602536 0.107448127615162 0.43914938857041 0.32939200283479 0.589433898898067 0.575299241951238
0.111768042661782 0.417255336832163 0.0635873964843472 0.226243380702255 0.79077065587044 0.00246396438743469 0.151852614465095 0.193332023599364 0.0537622613631421 0.301990911581867
0.917850836089431 0.931074826181239 0.157727205122189 0.552023546918665 0.986498841916616 0.488925649494683 0.602278373662445 0.415068209214442 0.80817611500506 0.651055353901147
0.682006787781294 0.897750810288464 0.195003695337722 0.653627999423009 0.996846496339851 0.132997282926442 0.469044834638103 0.299299809953868 0.818590831301812 0.638179345074799
0.0110892801623523 0.135980954880138 0.0297610904344072 0.394410756831831 0.679526882486208 0.0068735542551532 0.197006426466386 0.220851615102561 0.000742508194845859 0.356998099499029
0.773211513438301 0.291452920256268 0.112618295525505 0.586614132564548 0.933026790562203 0.0448968458664184 0.307841233088805 0.297383170148552 0.361888287134078 0.51192315982541
0.566307446562474 0.540253698969776 0.104039802704931 0.728173375124764 0.987781114649595 0.0819897343427299 0.388352430680669 0.35269760725045 0.494338503096793 0.64613824732249
0.706700916374639 0.823387388366531 0.600786961190141 0.915020408794703 0.981655985619012 0.156483572829429 0.466739487472356 0.392221836931561 0.633833415199212 0.584711538831747
0.209573486417376 0.791430078077954 0.0464696861330314 0.429889971203501 0.864654877217937 0.0494136028026906 0.188010909766857 0.232019607310826 0.0203454482421829 0.427455253367151
0.0728735649374956 0.267543307746272 0.0761180542550459 0.27774641466815 0.918623905324385 0.0243053646264877 0.266809891392262 0.337885820901364 0.0230872985666757 0.538608183687117
0.508182501632823 0.460006965532363 0.0989660306318749 0.847194065514359 0.988224992006449 0.105935195417322 0.447950053401791 0.348784775846697 0.610563802049146 0.613158421736647
0.131173214039952 0.449421836939581 0.105935010066201 0.683250803003554 0.76837626902086 0.0164402507535912 0.25939443583782 0.194829325014407 0.0891600672883846 0.591355715938768
0.249685608911646 0.514357714417524 0.173813825602 0.958301138285064 0.996894001738274 0.191918841307977 0.447228461829773 0.408813840590911 0.927754389032881 0.627152710881837
0.945151381156567 0.614069091019677 0.52556932274221 0.965768699750116 0.997896455754871 0.211172793613588 0.683644718771685 0.511846151025057 0.925331143731942 0.658447470088646
0.453649489931952 0.180162258732382 0.22763898543063 0.830493833877534 0.989074593312708 0.0923127474416955 0.542598804364575 0.33576888258062 0.783101304930291 0.569349815112986
0.701271957856177 0.760034012163111 0.0929986379232539 0.959732679881542 0.98345187069596 0.211285849768158 0.651064468625409 0.405276934146129 0.84871645129624 0.608575479733929
0.5349822019859 0.584636067852001 0.240171314046949 0.6626973369374 0.96946757835096 0.0467476301708145 0.422181397385618 0.25131292115589 0.2557009586981 0.538827640793424
0.741422563210372 0.109565647436945 0.0485977105697626 0.840726726814334 0.96677033346085 0.0221305136065644 0.317046036327017 0.352672998357445 0.728071902575092 0.59303516028934
0.516554270800124 0.846630088950784 0.0978693582021706 0.824765581775959 0.993220780296404 0.050979112042142 0.419930946710628 0.3039988780269 0.353291817758395 0.46328739598184
0.27338283774826 0.467394723801157 0.0593418746377186 0.474635426077999 0.940493920978759 0.026680398105246 0.302321808591541 0.242078764351447 0.0730929476047531 0.533289498416043
0.851490325950641 0.058233594474492 0.43772750353823 0.861486873430708 0.994783167824061 0.352581249084427 0.665824774308323 0.422211696926229 0.987294833135419 0.732366081284018
0.953966980462131 0.855004998241711 0.352717985233778 0.92214483294673 0.998215369255523 0.295636157455515 0.60029447520564 0.510013676292502 0.987775410659933 0.715448663220306
0.672796104838497 0.550038002857516 0.275366060827326 0.912380631271464 0.999328754458997 0.377641615517526 0.577163657032948 0.383907645082318 0.925815650152877 0.653808459602464
0.388012571404564 0.718631012475293 0.0726627821749783 0.546778516274191 0.953318056940342 0.0554372314992525 0.250642214361564 0.289086909951421 0.0467979799161128 0.464628883852122
0.888026304995703 0.877285106553563 0.13707835792609 0.739206289139551 0.997373459354124 0.248568185289792 0.570436639432831 0.386467675312819 0.985928822583865 0.661039829530736
0.474926058965144 0.771018577433228 0.116094396174419 0.556235056909238 0.963186013831897 0.159910999078658 0.453000006109128 0.424021262085297 0.841858054932032 0.604579162911473
0.675556443026321 0.246837743305709 0.107127215757374 0.959716674444512 0.989432515312287 0.150360159053869 0.523065095635718 0.487178124798594 0.735793555770003 0.650839399746648
0.487317481728421 0.206099025332414 0.0853428905709478 0.897425756386614 0.997105156601986 0.211562061849485 0.513192167927816 0.478366962256436 0.879438843888899 0.645439239595484
0.393964197590078 0.3140899538542 0.2036580263947 0.729113202226383 0.990725116222554 0.224745862297333 0.395613410623225 0.394124917172376 0.436099897299505 0.651983198918917
0.366033899314993 0.825868999259065 0.177752671005285 0.709409421680982 0.936145059745725 0.0236412399997316 0.341884135883774 0.294500009130545 0.339157335466617 0.46862798650918
0.136062816720332 0.132723792872697 0.101244951192242 0.541431503655431 0.96691209768075 0.044587897522053 0.303954928150481 0.27363622230399 0.0574293562111244 0.45575979334282
0.37722342653948 0.681119875786974 0.0742656015603132 0.0585551284632299 0.904189984426282 0.0103353637756889 0.266176421002439 0.191821806800754 0.0103044624106126 0.527640670429503
0.87655726252414 0.810914704234591 0.332655526450577 0.984074107198769 0.995950314310586 0.400946975808805 0.589386918259755 0.430217052921121 0.965546249094143 0.587528940240828
0.72835862651341 0.797564167527088 0.178753272972981 0.920864340529142 0.988188153684166 0.0798584082598697 0.476269118644044 0.323969584145901 0.858545254620174 0.474339645618921
0.143475082527749 0.756807752952394 0.0385821147485266 0.198439427737099 0.675614892324069 0.00195342746908907 0.214443948016808 0.255454938010398 0.00826135971623929 0.417216027554455
0.0831478110346128 0.159725135042311 0.245455696357838 0.743672133259414 0.910423573540099 0.009888381282726 0.129015200581836 0.204481029287108 0.021887338859194 0.389057494397229
0.297190069443067 0.371349656278941 0.123248309294687 0.87124468171558 0.956535546992912 0.104165811164917 0.319630849583664 0.282278803426052 0.397471795781973 0.46235870754538
0.297115272808262 0.0495998631539137 0.0980678168540224 0.299880735026174 0.978786894688888 0.02405385956697 0.362798517887284 0.285811613327116 0.0962123603981261 0.534079890351854
0.162590790914341 0.39183592818504 0.0778832177843247 0.580299139592702 0.866367565434224 0.0156736550300257 0.273375470089066 0.314716474195554 0.510661172578397 0.502283416984938
0.724631732659562 0.276496386660402 0.136853102004255 0.926862623961811 0.997475267864988 0.397615299306957 0.589000049759792 0.434443639392226 0.94788561411161 0.724010296532009
0.525594326521305 0.652006915844766 0.25421143274565 0.701547405057227 0.99505688026841 0.258898984909208 0.480081332940254 0.384087030662028 0.705834643452642 0.679482723044259
0.186444912717616 0.704883529295747 0.201718300513238 0.910032753532608 0.996195606998232 0.082763734160906 0.515124350511435 0.390581632580705 0.739318492534478 0.593288563867452
0.0865307786379041 0.919420957924414 0.0956644176695124 0.574858203525456 0.958608536417169 0.0534070977433792 0.328167510177862 0.33688418792206 0.828441426523528 0.510868616773421
0.708646270101833 0.979218279664931 0.236291334265613 0.463073384926906 0.99875594814103 0.229660389521115 0.749729328832193 0.450846527721155 0.851503694179715 0.686924714100126
0.143889958354582 0.0259359493263778 0.058032674985134 0.408277447292317 0.979650724993242 0.00712220578271568 0.285828929730573 0.166308989342194 0.255546567443771 0.436785662992013
0.612731413070474 0.770581145982245 0.184525006032233 0.599382582108715 0.953906255796427 0.0417155274906739 0.479041445156125 0.464950631317833 0.302358518126191 0.599456582395682
0.615651749333159 0.882434470117281 0.180720523984899 0.806489385428745 0.993796253046742 0.153198317841673 0.531231102004132 0.345560923337594 0.966646631350598 0.600731315495908
0.661780357789043 0.228280450340797 0.0530277392862275 0.800422029767857 0.969277320231729 0.0852673416607598 0.50110386684326 0.297522881478729 0.662107908310629 0.540989779076951
0.133714721971843 0.334782743250741 0.227636863250514 0.625356116585013 0.877045294979469 0.0142986068660983 0.21875043229315 0.229947049561985 0.0729071444821197 0.367739273945565
0.515724127278661 0.124751699167764 0.233711819914856 0.600026124458377 0.989348487607813 0.0476510266430851 0.424051806637338 0.417409563888356 0.133851665880472 0.611369297133223
0.191532913876153 0.867733084626669 0.19025642904095 0.921868530073345 0.952597170371718 0.0497165324476537 0.396646733816377 0.354997344862987 0.444229323593292 0.511737847490852
0.862578818167742 0.424930474553198 0.136373418281529 0.576020951536062 0.996831271557691 0.0634081365258239 0.613672065236475 0.336537349588598 0.992294339114678 0.66577627100534
0.755618092354359 0.885992473305137 0.063240656818288 0.550657276879716 0.99297101166903 0.0460217376207221 0.355460612888183 0.335755978169019 0.561273029433345 0.515151974587134
0.410490711993458 0.505755294471704 0.240691928698041 0.895851223981401 0.989170176454379 0.151649930918397 0.557213665159165 0.415450026333567 0.697849244821807 0.559416431981226
0.869991507419448 0.985742064652858 0.101690862687768 0.844225380919069 0.991825309746803 0.118629321039919 0.620259838613676 0.543442545825586 0.906564064987162 0.514105155348289
0.681187648988201 0.0972600032168969 0.19703255597842 0.931642359176581 0.977093947892878 0.161311989977554 0.495897291415337 0.463028569169399 0.845566913775969 0.619085063447101
0.299102446881492 0.214117837106095 0.209964128863618 0.826413327070503 0.993549026736587 0.0549413763348133 0.426649981595387 0.397961575195782 0.129751584076324 0.590008570223051
0.44057710164077 0.889944583568477 0.0842110782686712 0.905526902900145 0.993317508048213 0.0421181390023368 0.369365760867237 0.300538213685331 0.115245295177917 0.644771241307594
0.0751194321117118 0.262422622747616 0.137630379685911 0.358742458464854 0.933248818155713 0.0577646850365225 0.286587968186466 0.276470487920989 0.0383747811119601 0.449943552949755
0.429634205896685 0.310893211003816 0.1012142515786 0.703351021739321 0.924508058565024 0.0170967292440463 0.29273413196161 0.293609892968251 0.468255874955935 0.43734170070944
0.219864310731837 0.108550125209915 0.201935615310704 0.785451196485452 0.737037634317691 0.0179105803302988 0.403285797693215 0.290414828083827 0.0315133465864454 0.536154593602401
0.775998365256237 0.931133799840549 0.111324671251942 0.974781914582621 0.998389718640631 0.194497725520588 0.628166477140085 0.429119326446153 0.751461257031703 0.654879801934644
0.117205288992044 0.00827260936003078 0.165872470688992 0.214653930866733 0.951737723848456 0.02121076761632 0.2942091029481 0.289605041173429 0.0985572329359699 0.514924940063368
0.46134752857094 0.344178101471636 0.170669680786892 0.858726820008634 0.987546417915781 0.0556309074090075 0.336275154293864 0.39922583819305 0.205795957889927 0.491414837103675
0.470003512309088 0.32871313890814 0.177271316544801 0.606724017952671 0.835047918273042 0.0190828966588481 0.401054635199096 0.381308712087704 0.383405276224162 0.521512632010951
0.886001099354036 0.196850445677195 0.189885782150612 0.893204263975586 0.994029523858518 0.132711681357408 0.648398230720123 0.377865342234363 0.457859350679805 0.590572102316889
0.970609607882413 0.915415520098799 0.204012214303929 0.885377127760109 0.998220248354939 0.217380217635967 0.660191490390304 0.486851032272485 0.984765477080233 0.627178840494675
0.938295742237726 0.308734245183628 0.491658084930087 0.911976524096479 0.999266741282614 0.49257453409717 0.713036290899329 0.485085621210811 0.887616425046063 0.660317873413688
0.875028272313653 0.15843212794828 0.146149864150798 0.502618595067695 0.954264410278943 0.0180490196856712 0.290875944792902 0.328840037005112 0.138795277462531 0.397886812689386
0.804186988739712 0.0920192223167417 0.169751864714903 0.970033542602051 0.994448055131567 0.199313277760512 0.519009479139525 0.462214129817411 0.903653083580379 0.674004710422091
0.684088627049483 0.33488237324221 0.311697037627028 0.743609410157635 0.987750583873023 0.183515014518516 0.470557517700212 0.314594000415442 0.440705022509029 0.718355366952522
0.814783525751561 0.303245928522344 0.273452528447245 0.89102383290999 0.990788114469699 0.257320753829191 0.537674560809346 0.433018313393795 0.94826847622413 0.614999854730807
0.4847672572806 0.459252603573838 0.233785158415418 0.6796092357993 0.976962454419473 0.0436911419554164 0.386114113932818 0.313796257971196 0.373426337632823 0.528569425549825
0.921372060841274 0.440090147793204 0.333092068236032 0.55798520120164 0.983159703639689 0.176683481628749 0.596832412412891 0.4309990981264 0.729984120023584 0.608016089367435
0.65852847857816 0.129010265781747 0.204208844921702 0.692073459514277 0.95666340677858 0.0959735096130066 0.439182427210072 0.347655375022494 0.521926943054275 0.435947501325906
0.881414547771222 0.604403780809456 0.116554060450992 0.937305078290607 0.990585699203653 0.228895922038809 0.507633816063279 0.446576250270802 0.994149058579749 0.632349760126939
0.962303533257533 0.763303538356433 0.6959320538434 0.963153124272636 0.999589456834769 0.63615980704138 0.712776139932053 0.529477059326408 0.99588667210706 0.73071814918004
0.0947831959677369 0.322319012535464 0.0851435767156504 0.777003714426729 0.936636997894675 0.00981158522126974 0.203433863732182 0.304319573963266 0.213066217678271 0.453983649348761
0.644676869761979 0.899779765766744 0.317533088567007 0.978095420464036 0.996975073792097 0.212454504222807 0.665304321273252 0.293251850344005 0.974342456573826 0.660799824401073
0.233045386602876 0.542312198456045 0.135545056366273 0.605340870922436 0.975596097636349 0.0168790740194799 0.234563159203632 0.223029289371391 0.0643120001851389 0.452494642197555
0.721022805977632 0.638188755636102 0.230731369166722 0.364022938923367 0.97786312305861 0.0605600438031901 0.432885324586553 0.242418845813189 0.154074582525551 0.490112313796567
0.897716893201021 0.802853960127581 0.271258177204089 0.93637501600442 0.999636130070996 0.753719926051672 0.666361783130404 0.49481030171281 0.979926122291067 0.623262480586305
0.625595397955005 0.213860071015832 0.463979482025577 0.669938635372619 0.934740213358316 0.0536589076311903 0.385545680419557 0.292755069163199 0.179067681321992 0.593194113836844
0.527666761890786 0.555740503001298 0.0633066966513117 0.681190681066995 0.974432702699819 0.0485272947456644 0.303005943963828 0.271070254432223 0.485280302535229 0.470620081778292
0.2125581979829 0.177649020615453 0.0868382839502513 0.886346598603865 0.989031110886912 0.128477273962832 0.455951993147505 0.395314051309105 0.699890079690621 0.408381897427518
0.851542279167746 0.968953507702314 0.061273336717607 0.877485249345953 0.992788872525486 0.319190560468134 0.654361268990298 0.457870209907257 0.534425784504901 0.663582976640378
0.66326467480323 0.511333923418365 0.0229379821499432 0.883379281277323 0.993037079301925 0.145920302661431 0.430908612346901 0.350885029651901 0.551385726923679 0.586482778435565
0.337351107520148 0.81587841779542 0.307538652590779 0.617720737246894 0.941324009458084 0.0271603153105543 0.27745439422255 0.229613768527168 0.110247145284111 0.58639993727893
0.629675300244688 0.829646580961646 0.370569011567233 0.769987791916398 0.995842711415574 0.22409534014034 0.556850860562408 0.372686324550721 0.872817463055556 0.570990602944134
0.451141689400955 0.116333839482797 0.260409041913414 0.389038684529717 0.985148635420999 0.0236537443893052 0.368028629943298 0.32427166446726 0.0808417554107935 0.584060807019903
0.660050320404668 0.559739518015738 0.100037934111636 0.535229798616687 0.994887588463218 0.2318665763016 0.617814770904782 0.484806997336102 0.962671010661531 0.615568744968622
0.199048494975563 0.282587490588902 0.0545633286097855 0.414066448942346 0.831684630598357 0.0128967282358012 0.151853288022005 0.206389043381014 0.0318670668450195 0.432609592899385
0.593736774317076 0.245830680578354 0.435795783443008 0.31351944922147 0.999338420536713 0.58314473635447 0.564897946371196 0.454630523809339 0.993632686180537 0.757408786816376
0.053012233656383 0.0802049548677322 0.0923627080588897 0.413825026379669 0.675883203153641 0.00304440296893894 0.132739165002075 0.257147507348381 0.00193984602620211 0.537196986740803
0.513803805119852 0.269999707143029 0.510816385288587 0.88025141373494 0.982690513736317 0.208752015596192 0.659334631040901 0.397568861623894 0.96067996019527 0.614267633167
0.90218796855862 0.105133608272744 0.355139387699366 0.871522906427334 0.976680716862348 0.150370689732324 0.446248473776895 0.384293289132414 0.826999286024177 0.553505511134377
0.909245979212553 0.165451718449978 0.245735397786614 0.726043322361247 0.999464451981431 0.573505474821489 0.60239784624821 0.503885531999381 0.995282126589157 0.669290056900379
0.123847065483566 0.671149272410016 0.178900274056545 0.105385950475356 0.808397480410257 0.00567760258315269 0.132166615298345 0.160211037436295 0.00834240837731097 0.303203123666451
0.75447904423008 0.429392246425328 0.428340552756761 0.955997245112893 0.999146576500103 0.48294350017275 0.69719120151665 0.397524831261621 0.900612781741263 0.727516543306404
0.217373765632152 0.688452411353011 0.053334335442525 0.764352966990062 0.926838220404524 0.0509813889774119 0.286043780001197 0.34043089525968 0.089932557886388 0.528263500896671
0.930925260549993 0.479089280357266 0.187825592700427 0.870015951556096 0.997887483873854 0.197778998897226 0.595027772107636 0.381081618970771 0.958398131161712 0.663677245378986
0.685207919140957 0.509106254737249 0.511270627010973 0.95997611754788 0.997419955226846 0.148019330591619 0.633657791718867 0.447542301297572 0.987467278346018 0.595185342322118
0.915747782997916 0.61173594772914 0.177536952184028 0.861362719357785 0.991435089007196 0.163315240286618 0.532942110125431 0.371395390021188 0.476243847157142 0.607799253819818
0.813983447932392 0.246791225231033 0.235123577512741 0.983564767397232 0.997752512362319 0.430360843757593 0.564586406234836 0.444521627239453 0.93206678045925 0.606178997847007
0.638836134565834 0.970645614196916 0.250907069407789 0.819329774714245 0.98634771630132 0.0204717226763851 0.516534226046327 0.292838988745621 0.0463013134637983 0.435788600564113
0.501555704383203 0.676917620986885 0.142949744646661 0.935817442014173 0.953549718741397 0.150097529050015 0.494937557896099 0.363900402153356 0.918485454271773 0.528193420934665
0.867318171161343 0.852878573944451 0.110642436193852 0.496864610567634 0.956305679044413 0.0461011525830298 0.342060288356332 0.301838571984566 0.937340272724095 0.516683271018805
0.717035062362891 0.86655384622426 0.106887645111358 0.943891739159217 0.998497369689131 0.225045720385769 0.642026903606323 0.370627777992928 0.919226499942859 0.660845227629574
0.107940067003899 0.291823756761484 0.135797864836704 0.443212683933113 0.935940946577138 0.0118853873506996 0.177556041469137 0.239523439813739 0.0612217012828726 0.469974592729924
0.676806768898589 0.360167123336775 0.281129791551609 0.805687108450489 0.997748216329368 0.270397046987389 0.684540055961661 0.423329116054556 0.903527158817035 0.636921237313259
0.795984363062762 0.406677702236417 0.517099147862677 0.963039733462263 0.999869478843845 0.421104616878395 0.847396305200834 0.488267647180657 0.994409234756641 0.730148245100721
0.885256716475607 0.992080889120983 0.199383917615087 0.970634667779731 0.997734216799271 0.287935211558347 0.627229212075175 0.469562623208359 0.905598726161386 0.717793763581849
0.558008746542762 0.498806238170963 0.207497085254317 0.275081101044631 0.977042165366216 0.0302543122010589 0.393621803218049 0.331568564839592 0.778027237002361 0.488002066535405
0.231491005839826 0.0443710077911252 0.0583357227312627 0.221044351154886 0.843026025303198 0.0132069027710691 0.168419417194046 0.184060026510656 0.00107172580971583 0.401075301070913
0.659062547111373 0.371995650663339 0.148625940198966 0.962110137239236 0.947334205616226 0.0417256042752783 0.458725423817342 0.337501360239774 0.570948544554032 0.582243306783864
0.133941435167121 0.69948381188955 0.193946046918382 0.694785720729482 0.946905241721971 0.00709862808778302 0.191037331701089 0.295692998955118 0.168841504384085 0.339056698871729
0.599577491593126 0.170808748620526 0.40561044113808 0.928448343229695 0.995330094593713 0.0588758528906552 0.461194823308114 0.323713187663181 0.575253238734494 0.57302610021839
0.517936658442938 0.478457623273702 0.116053637707349 0.849383551169632 0.988634936103731 0.164959364215879 0.509349192076144 0.384800207809768 0.748953551632247 0.578157684673183
0.50352955831054 0.536694788717617 0.262268514242761 0.88358449603381 0.995636038488946 0.0563222684549984 0.523079192123368 0.340318159684413 0.841179863659023 0.555601564566546
0.8290701267699 0.680914525570314 0.213946771196282 0.80417311923805 0.998909762063857 0.565222994316202 0.757887694269015 0.49167701722496 0.996233447854858 0.759956749703114
0.924298091585026 0.425172410801296 0.346872753030018 0.946089292042217 0.996873398292273 0.200211109410377 0.659085343392264 0.474428259504557 0.919315902229163 0.672416303070988
0.374884465305812 0.127811278844303 0.0563119457410949 0.654752326898168 0.958293375082925 0.0274467165384718 0.310310234072819 0.337736301415577 0.0382964813826631 0.474009284314271
0.0997560781577799 0.149412112552621 0.113121841925805 0.900493374361808 0.96706927218532 0.027201184887027 0.210511018929838 0.310048464352721 0.658906501054265 0.535129742622321
0.132016258490279 0.282556574440537 0.27632464409682 0.521908569226671 0.988317055976679 0.0880741727205259 0.337664891856393 0.298051567262735 0.610983466967241 0.569994910667278
0.0452431905547035 0.489230942292896 0.0681917243197926 0.857767173248125 0.936303435233617 0.0296108534628314 0.195042529392175 0.266141575539751 0.128808491707583 0.454593511591518
0.648884883102083 0.836890992503068 0.146985009369688 0.910568935094023 0.960983944132665 0.0953337428744262 0.450186762465402 0.376847508912745 0.84606919794163 0.63039614874561
0.91997497229662 0.753822982252751 0.760322503281252 0.989614242330445 0.999484011528644 0.824535712507264 0.784024959322557 0.45264564056795 0.998097127226139 0.698864206114482
0.458837088396319 0.579003466374925 0.0757464976981178 0.798451469721201 0.924916467583782 0.0532755394551193 0.269579232266048 0.325462511066836 0.198396357320351 0.546677775780586
0.614185441988442 0.762008018021069 0.0604213879429738 0.847280277825344 0.978251533913441 0.0305482028428893 0.528300987980393 0.34203390318587 0.110874701733708 0.604167018463591
0.275176394378927 0.59713273063336 0.484828818950326 0.935163264824047 0.992946477172407 0.1103060235596 0.603814509366014 0.454966295175775 0.976966232550231 0.694653282702871
0.661700498373318 0.923927332774317 0.299459657068614 0.9364928702707 0.990061048006568 0.0895215512777964 0.471167337989673 0.454634371706859 0.751143654493087 0.740837279780885
0.954851802062365 0.979992555389919 0.407025192073593 0.936908571033537 0.998678494303558 0.550548001688974 0.739094691137802 0.563340042841541 0.99862627905921 0.70255318385051
0.511804497442301 0.858635163177566 0.198500009630733 0.914655330651808 0.997060435954154 0.0543714133306385 0.625721611502693 0.394438574675121 0.37180482235308 0.570831539139618
0.346021053928157 0.0303628738350239 0.0861460638017469 0.901184418938763 0.983938925766746 0.0494491662616035 0.313050531306676 0.314014586134926 0.283878043497349 0.568136223465029
0.663787416549667 0.723499814678246 0.346559028198274 0.725785910917351 0.990991641022446 0.164101953642429 0.560867044142675 0.463427638972324 0.900667024005375 0.600939200774784
0.566810437036015 0.406208210506293 0.269860120679721 0.764828258208499 0.994759113943108 0.220821433402458 0.663501622830144 0.394733112908856 0.96890266882277 0.630488134227582
0.965854365215125 0.3205852990687 0.276667588323872 0.497137022909683 0.960630045971801 0.207834733287498 0.449589793968838 0.242868803435809 0.532851465293552 0.535989894108098
0.132099982534964 0.0405476045390084 0.0341730955561838 0.178433586602171 0.735199128073955 0.00421419170013619 0.162158018770526 0.176882492868982 0.0128296106141251 0.335264753029356
0.798600201816108 0.683534494627563 0.0942484756157034 0.857804538678109 0.987274784872715 0.0486907932360404 0.484100900866968 0.377415378537661 0.241815279347524 0.535543704226868
0.865187905042802 0.0506845508360489 0.275789508028683 0.935559539402386 0.988592019012091 0.078738879085237 0.626903050466234 0.35003735771655 0.719499609952206 0.472961750878865
0.153651911831368 0.353977306662649 0.109893416841346 0.831987908551908 0.953203705503708 0.00690433942571946 0.290286179484553 0.333517149506834 0.0588401679786308 0.537965711291609
0.892653604322637 0.753059766419808 0.324781104734184 0.864923301843762 0.996240787971055 0.516416551648783 0.576049790100873 0.415415236614562 0.953247553742983 0.720949428089962
0.8352844608375 0.919693493132676 0.200917321674101 0.616047768538275 0.978570858408419 0.0872740509918908 0.425108205119142 0.30526075286293 0.480660568896348 0.487077924822509
0.5868588804616 0.525847737489088 0.0985125043438683 0.610725702971371 0.987546818100731 0.051270794791053 0.45043851341605 0.433088807570273 0.907992316174501 0.668787813970354
0.874759313988186 0.28412480608514 0.082897395964361 0.643756732422624 0.994327254072163 0.0529707663167516 0.445250200275818 0.336096388451471 0.377261259761297 0.613492336674595
0.525085941158319 0.935130862806916 0.233576704257876 0.958817604167774 0.984834550610244 0.146659982664882 0.482220074174087 0.377164959735297 0.471204172256006 0.547200716520615
0.816420608821521 0.260118028155618 0.0898351213538526 0.901414695062815 0.989849289396299 0.0573211509836891 0.474724124759634 0.327921099554985 0.829109275007316 0.624145501875477
0.980488219710225 0.789686475502515 0.0727703097163531 0.958708097399159 0.997607425230565 0.241772372568964 0.628691284225759 0.512984450488521 0.961797003526527 0.608126370736446
0.944813874619394 0.981471027429566 0.495682525818747 0.898972727599412 0.997910720511346 0.347004790553287 0.683113944107694 0.399698845897909 0.647072644631926 0.673320952592467
0.54862705900511 0.936660976885861 0.164900064356455 0.942696363989245 0.975655701748554 0.417928320788814 0.568509895740152 0.455089081896277 0.966300130225384 0.574180800711503
0.843093015916161 0.78087818884764 0.130310832294579 0.628890178315668 0.988088446698322 0.205542330300223 0.592737641423642 0.399030175079489 0.795181009619784 0.598725390497752
0.277644253901728 0.83642101716109 0.0636212807710426 0.794327274912854 0.988438534368601 0.347250330192512 0.500862580970239 0.466251977369682 0.731168886662615 0.668693578761717
0.926652525559746 0.690039620089761 0.224121180172184 0.900383670431056 0.99406317424791 0.255362503072231 0.654028897718552 0.529310736689158 0.883852854315638 0.55698544778169
0.765807738362538 0.478637244960644 0.17105901052037 0.658610310086695 0.996168689421456 0.0925242727868072 0.41288873721979 0.35086056603688 0.567402849587601 0.591276668968912
0.126396017398157 0.804767113797666 0.215930327048067 0.579414182406693 0.9834574674498 0.0578237221190337 0.428851261060978 0.326530947458412 0.80182030464844 0.562564151946816
0.974590968764459 0.780927483113072 0.501252623929227 0.987184985323421 0.999374612956852 0.736916626045242 0.741550004128166 0.575634356010767 0.999540080789875 0.671617300844027
0.0739662003997108 0.480553326093855 0.348644094450216 0.689822967167428 0.989379577240084 0.0967937645748137 0.398145275979241 0.317141963407712 0.616790431100423 0.509862894329094
0.43677222917544 0.506683487416293 0.168110218361368 0.509100917480545 0.978591423873435 0.147075124353684 0.555846274353026 0.427235226270427 0.364777442584907 0.600154414782694
0.716626170461571 0.853801902553896 0.172763196415364 0.920774400799952 0.99247241039874 0.0702495348543914 0.354162879745187 0.315650187201877 0.792113377741468 0.484119677753182
0.650068524893155 0.740233496026803 0.0874546872376447 0.862978419477056 0.993707905972489 0.124628556711114 0.386215518945722 0.383239439023382 0.490548422825359 0.593827662802571
0.541647596451334 0.960620592632968 0.188508086186596 0.747733861036309 0.968664419562607 0.0263105898589796 0.41695957577774 0.291733016659978 0.639789301304843 0.566027971479263
0.193099216347489 0.714975947280052 0.0703824555508981 0.749869365210287 0.94161812966824 0.0235736058471867 0.280076539509586 0.237608222486297 0.0127353623253386 0.543352201510334
0.973774558854142 0.656702800196511 0.236523716762222 0.98405586650104 0.999278486325958 0.684484980312129 0.695596033665524 0.470461146507352 0.999537275883738 0.744715323596275
0.576169779892216 0.290971827238719 0.241976178165989 0.94617162613889 0.981216915974558 0.123912285739483 0.359848713513626 0.313170152189105 0.328170749991308 0.493798699248538
0.127309041215747 0.252920515843702 0.267811547372242 0.800456541591057 0.946303034947113 0.0107629185928313 0.261987666336904 0.270538471277545 0.00939227588139941 0.394509552297617
0.563490737409441 0.759571674380928 0.083279290551274 0.456049041858555 0.88215878212152 0.03491551546677 0.29939247037322 0.27192281775452 0.227344050238351 0.552478606325048
0.289426573740818 0.422790813737866 0.152353663829865 0.900004355342623 0.996089530457264 0.0533880163514592 0.460838297226311 0.305894438937958 0.207799187222867 0.688242022339348
0.42677115546727 0.841304950606768 0.154177382559632 0.946203366464478 0.996041472170339 0.11052509946714 0.466898279128785 0.404961047513168 0.937550795184149 0.709183672325858
0.95297040779542 0.90508961955184 0.44696568579874 0.882541643109337 0.997823536229837 0.47830175329483 0.692324895654283 0.439237132403827 0.995580471519266 0.672086382998178
0.563715586412698 0.526477426247088 0.147439769490734 0.520626332407669 0.98964910937539 0.0299663452001903 0.481048887473962 0.297142071394965 0.0456075130202085 0.440633337368892
0.966798943820976 0.943648525329549 0.225233618572517 0.97089362184712 0.999170428413284 0.647631133417505 0.789048344129252 0.55905588746023 0.999357116800034 0.721828488589805
0.920218323439884 0.342448634432258 0.28541655188137 0.917681539374992 0.998952409774955 0.190470037013735 0.464606385535302 0.341864246498857 0.915371909666754 0.585406098851465
0.416140413320455 0.787107870307221 0.0510041952168754 0.618818452874119 0.967364088726492 0.045203676465295 0.281147348486262 0.245203902451857 0.246120228525237 0.514839679490478
0.277026248427883 0.150834738865032 0.285782951127654 0.818904988561659 0.984120868850323 0.0634837894999405 0.411788141592731 0.429367594693381 0.101931983477694 0.633290867578273
0.880211211745784 0.848202564691432 0.276660821803735 0.911360994901082 0.998294993004797 0.473935806952813 0.780574876432502 0.625235375556738 0.996162937276222 0.734090108700261
0.602644665779936 0.238833791399784 0.260043666027735 0.906995301844774 0.995961263623783 0.1888515753475 0.47417796569103 0.421421623924216 0.886097065812294 0.691214239211897
0.936506066708373 0.868096528662395 0.241128641969276 0.856114810805149 0.996036258019265 0.177397982357971 0.462961207671801 0.409789309699945 0.886572015018602 0.636913661876191
0.137006307380217 0.654050223546066 0.0369734766238051 0.643718310111049 0.988909692173893 0.020730578098662 0.270396505161964 0.250797330476155 0.21840388067096 0.415787628223024
0.629719679103149 0.632271226320149 0.13663307552132 0.796989689920307 0.998229243509918 0.0973695312287974 0.534337598890864 0.40965932772051 0.880340357450661 0.611851503999441
0.270964511331713 0.153308850356119 0.198146261063017 0.81662501669416 0.929576508399621 0.0339569693851564 0.340764555354963 0.301880735111979 0.074510352466654 0.412782951633066
0.921542249603246 0.409790948463608 0.322098717706078 0.84288680424223 0.998465833703812 0.278326397520092 0.695150257003473 0.537396085374933 0.986916280489258 0.593342807219317
0.171607561367505 0.528995042377699 0.226035107342404 0.698880304578375 0.962130625845424 0.0334281715905061 0.335737520474608 0.27434837304193 0.102338458128185 0.442961680735805
0.0389158097325586 0.355744788517219 0.105233473078975 0.165879966559722 0.910362147300601 0.0104080078054769 0.123656525881075 0.233659482342246 0.0053686315821442 0.47358941208903
0.0995474347252783 0.471805421556658 0.104990307308887 0.2610262928806 0.904625669942698 0.019869555141914 0.333325477223816 0.269134476153664 0.0228113549214017 0.472169039930365
0.859674970403471 0.846694811419587 0.513087339935824 0.682737764419147 0.998196464935422 0.583817123965396 0.606998001290404 0.474184238264792 0.968842495858356 0.677603851136372
0.582210339932267 0.686266529857967 0.224834471132223 0.859336820362234 0.951629293661164 0.103920797777346 0.381924711888165 0.229016551962356 0.162468457139782 0.444357015462605
0.574137298567583 0.891621301105116 0.275968042397897 0.781822625316549 0.99522070141213 0.115971126898258 0.493002537367119 0.446271011618064 0.929117082601521 0.527224440642274
0.514729952403278 0.595255585248749 0.0565554152277649 0.256353838276946 0.88640515757941 0.0244843683403021 0.373875272747196 0.212073332182629 0.212882743072063 0.513835602261154
0.905250402272497 0.970089725245562 0.118396463523967 0.94107176760748 0.995928886422106 0.14430663706635 0.596073660173155 0.471637163319689 0.987386007903776 0.563083533078084
0.0681429445836969 0.749965500599104 0.0586322113002279 0.547457718482145 0.905942930918636 0.0198461181232261 0.195707899293866 0.338238834103679 0.00807078909858197 0.458494265823759
0.0733412634655657 0.0700041898566702 0.0518663845868427 0.370200636278128 0.50946261608945 0.00297159556404512 0.229687619688669 0.297367182801505 0.00513540856462621 0.41274047681709
0.738321232142481 0.770080801759232 0.281636973293142 0.784561748583246 0.988913928533064 0.0424033581210138 0.413175550276364 0.438558639177539 0.736766179917619 0.544905767026984
0.222555472224689 0.785810164868369 0.223328068243897 0.93075782483771 0.985029099044789 0.0307290587157295 0.503886251562833 0.361571773090767 0.905320234690281 0.428604843299956
0.274012482841528 0.298879415953893 0.0290727561115566 0.959117038048805 0.872190104413324 0.0644702414475548 0.388113485657132 0.328582180530562 0.271359494355027 0.520699659011926
0.22719702476195 0.330544456710055 0.127344704345628 0.462175705727204 0.95610856464844 0.0239999739444691 0.375353255679504 0.322891618234101 0.225182199445185 0.628328919899629
0.82902461610292 0.135145617456705 0.206669966543548 0.645873972736162 0.989183738104787 0.115223163061321 0.552045883932469 0.304861480904558 0.492075856919452 0.516436535653338
0.722918193212038 0.560296898747737 0.164776166128107 0.76042404648221 0.998120640896928 0.112742682862672 0.558471522065976 0.453690585151058 0.290909515137143 0.609258570677068
0.915445374180128 0.964517354272467 0.270843189620524 0.910468508554189 0.997040864595344 0.37432910826076 0.529015815660458 0.469909767594818 0.972769568308183 0.661068363773605
0.221268845206788 0.539382131653227 0.127296372354949 0.746080398869618 0.905379873190138 0.0600511774386732 0.091259374824391 0.206932515084119 0.0195127034723234 0.403869034303129
0.542495570359549 0.627652844978128 0.213277708153955 0.86612137150223 0.981213844040306 0.111224285876552 0.481232805485522 0.416517473401987 0.404616195874247 0.516430902023911
0.706288679809537 0.574570439291677 0.301646494361744 0.981716627626066 0.990817974902844 0.2275208378444 0.565334474664624 0.482503430929514 0.38033892658541 0.705001365017564
0.643523883190915 0.664561116798621 0.163362360558629 0.834691647399642 0.99436266556347 0.287883351576508 0.694773368673888 0.314206433960639 0.922566109396323 0.589648884414938
0.555282703193438 0.0336630429138388 0.159527352657936 0.388728099893375 0.993661775199071 0.0434850921491497 0.432089260309709 0.394805189795111 0.849950689228956 0.551742788150649
0.17526713980478 0.100192030644957 0.115262347323675 0.276257874159833 0.98551575902303 0.0284839714955268 0.352985315788844 0.321745994584793 0.0911150854542925 0.509167113252631
0.90156624076637 0.83770175417635 0.16776438882081 0.623395749336446 0.996464795053113 0.147780196477754 0.559825498811889 0.47580287754903 0.167613505293292 0.543720057262869
0.609736994913398 0.99171308527016 0.13050306623599 0.822882531677295 0.962180718730354 0.0732575087194811 0.323234699823368 0.329014965715468 0.345366200473069 0.465824081499146
0.233686958960995 0.00898480243572182 0.241144342891026 0.31851789486022 0.974870412573218 0.021474595229118 0.263879680534828 0.331367876545583 0.368577196607432 0.610321395059751
0.924446113681396 0.822404058533555 0.386884830567033 0.362647555959086 0.991392155025992 0.0881297784773128 0.561622329473387 0.404998954311512 0.57663902983908 0.530071777152957
0.218575078690951 0.257211497430165 0.0358427134190189 0.202308262545606 0.935229473837663 0.00868722245736592 0.211742689282825 0.211347876263939 0.0616554158540011 0.421035936821683
0.786628850261977 0.929865188551909 0.267970139991724 0.591264370373164 0.989152387769962 0.0443900874660805 0.362318078536549 0.285222738909937 0.738699573404838 0.472507601784588
0.472988850380928 0.372342513280732 0.0882270342299423 0.775441431695046 0.92298329747669 0.109453871446912 0.472980415878671 0.372938075854929 0.853161700268801 0.53423717494736
0.436333427339288 0.867533699129021 0.129589990027773 0.850423417268265 0.99293183083772 0.18932089659722 0.457997655909914 0.364582020598582 0.414685415450468 0.578216986113115
0.0385616528792503 0.284274204827098 0.0919615425423689 0.550553944660361 0.738806083965417 0.0999033831243937 0.372809489142061 0.294833748896995 0.0981420461017273 0.506699691986566
0.376000438989052 0.427388929246986 0.18975781314992 0.286730376453137 0.98801441966042 0.023601465747305 0.208278981321642 0.230104413908279 0.149263841011104 0.453363147744558
0.866126786608653 0.292996221623984 0.187316947964854 0.917763642079319 0.994797124741108 0.335236796591957 0.589029254057678 0.390855795620206 0.919786493137166 0.653041963195995
0.474325012038161 0.663696967903852 0.0393007633330637 0.460984682796499 0.956126275765246 0.0331166393676564 0.490966632262164 0.339954398038511 0.340440590935684 0.533195054091101
0.559656879471983 0.891134893678737 0.138689695420279 0.612904085293897 0.99562315512368 0.0559637579037651 0.636473465368761 0.451632264691733 0.928763082482638 0.583932761385398
0.256451431119073 0.616523082381805 0.316160961967517 0.885537486966424 0.979446271650663 0.0992666409819763 0.475806895723074 0.382594982442212 0.433965136820437 0.500244622291043
0.425467144338666 0.322552887687114 0.196832823065103 0.832640455292096 0.978995809818931 0.0932516041579202 0.486800932436306 0.346382903700592 0.788071217338602 0.462810232799108
0.606350264702075 0.310451434659475 0.1697158498669 0.276236669135473 0.972268810975743 0.0829761433825286 0.370635081377417 0.289761104461071 0.47743701287717 0.441107939395916
0.758352169470195 0.0705388829785636 0.173784096592559 0.630786725435549 0.929322469634396 0.0240252970505396 0.352762968901536 0.34476455877362 0.127188215853349 0.586393899290746
0.619405973359405 0.213263642326284 0.111369271790534 0.920913297933061 0.992804247479518 0.024073845787322 0.276489979202377 0.243199579046163 0.830523182109116 0.486845318202243
0.881751676557293 0.610638664227364 0.233254377363857 0.874570649652984 0.994980126322585 0.382048604625206 0.552578792630924 0.383535846186171 0.97512967258819 0.628731309214383
0.690444502218213 0.282559129741463 0.125246065251739 0.919003400658965 0.984377112918622 0.292489155831297 0.466687993813086 0.367344357727637 0.37047012841278 0.425981091617765
0.499316351254333 0.47896545353692 0.418569960612853 0.938362935299332 0.977122163704086 0.196475661390259 0.418691972922433 0.315761549323212 0.73856612264491 0.642517474985258
0.199236015813537 0.662325782888694 0.114759873365538 0.34675363696587 0.909415884011071 0.0219055094732101 0.25421259201968 0.296565302907529 0.188032859686022 0.467393531399083
0.217869303895078 0.621235575351025 0.101701317691848 0.47616499274417 0.938276651006193 0.0551063630792167 0.370584335717974 0.253890373022724 0.260234101330555 0.44631750969205
0.99866367353879 0.911234728710283 0.516176215841881 0.987699886987606 0.999958269295735 0.854259297153848 0.857136386864619 0.607815716539521 0.999658260978755 0.701903332756371
0.845783445088804 0.213671098234558 0.249359468457133 0.953371556655149 0.981977202978846 0.0817511591808655 0.45139644465469 0.348119831069147 0.563643885790769 0.512053916053288
0.233902533607199 0.765646514030322 0.0557523861732731 0.795787554453507 0.968116935459518 0.0837307961327673 0.289886003231091 0.330207262913257 0.256249263356896 0.577527009363913
0.830125991477283 0.876102068570929 0.247785707023739 0.964906845840916 0.998792207300766 0.259575972344953 0.702843818404979 0.398679182280677 0.839040680914924 0.60157361938524
0.982227790205347 0.856903524949287 0.616920297245633 0.757378603288912 0.99782330400679 0.643926465034833 0.681737612713431 0.454536832814861 0.973342414832622 0.717191484037972
0.881280501613387 0.757532108839997 0.202434551700764 0.916313085424086 0.929597946193578 0.0589933857570718 0.482639686374601 0.361493194544127 0.375395334730193 0.551746688817168
0.96069182192092 0.865380846703239 0.186772565607466 0.917913546630666 0.988453389309892 0.102367622533103 0.580604274203249 0.364915842373311 0.573343594289286 0.515037546711161
0.784061140490354 0.403907771475555 0.329927757971141 0.698283086683829 0.99125346500343 0.255906789803436 0.481654585184474 0.371224499837667 0.859078163884739 0.640664483300887
0.384771777686864 0.78377353768957 0.106635608826423 0.675259618889056 0.983397510791277 0.0464371429729552 0.281429242483548 0.276020722413682 0.175809317670894 0.531792167112106
0.512927443277949 0.512055903154361 0.294297871922585 0.646147314981112 0.997986763057332 0.0510455889685332 0.511984234754415 0.427952647033141 0.461515311924983 0.575028047455158
0.952602609891661 0.576704818901789 0.136232048984619 0.753449700724487 0.981831676443012 0.0266488139063778 0.412013709043887 0.28395103178875 0.869470498383343 0.545341169992735
0.0554128809883519 0.475583175051317 0.198666451107869 0.532895875356729 0.960896390697461 0.00671327774270272 0.374475250170376 0.222859679444326 0.0318082185110113 0.440199183677743
0.942776323842267 0.9055156734923 0.146427956954058 0.93757266259814 0.996409008980849 0.17715214599371 0.684946575367107 0.563451447406226 0.898141165485985 0.688073738650363
0.717621634395756 0.371211407941821 0.0831122306903273 0.893902337135573 0.962781821010283 0.122872713100333 0.527683713379248 0.340464570265461 0.518977341453336 0.590706137768946
0.20111552989191 0.137384577504899 0.475161841020218 0.394504177907214 0.689729318877668 0.0292026648948906 0.206683173601163 0.257438010140284 0.325366693678999 0.476018858715689
0.647857102821878 0.713163175431104 0.403946881725943 0.969173104778629 0.997006742245555 0.228158665495141 0.740949364608369 0.448759527089283 0.96717481399305 0.714463293105821
0.768683462523925 0.466053502186133 0.133158636789348 0.783421295157165 0.977685090021943 0.0316534150222177 0.29869587699133 0.234876149489374 0.305478221147291 0.547096200585203
0.758499216995538 0.891443538922373 0.253132467782723 0.862845929826597 0.993577546405229 0.146484966188181 0.292595046691909 0.342156697935828 0.842831288358205 0.528136619916833
0.499467751437611 0.296849752070833 0.0786137523134043 0.320796730857651 0.905236959250126 0.0846258946169764 0.31026678869869 0.33584068185264 0.144349116075255 0.579310760871373
0.428019616633046 0.823094449246354 0.341522128570477 0.914110605758675 0.993142265314326 0.118626324882549 0.602423358152045 0.231323271014159 0.892679754023567 0.648813429031579
0.700091531992825 0.848739351374937 0.104822860211775 0.892506298985025 0.996868323183995 0.101035228410999 0.436662772928757 0.465894372418886 0.608127829572615 0.511548598436954
0.401457921383205 0.686561853963315 0.214613489168024 0.744299455841814 0.975478656565479 0.0811108294831221 0.339754243383712 0.229962433921042 0.151570948310912 0.66021467178512
0.610156005958505 0.887191481756003 0.282573098519299 0.729183098401057 0.999183171144366 0.164720756823969 0.680562244953786 0.35724658111849 0.893369829161226 0.552815647096846
0.242258242984442 0.583570458261697 0.205356588016073 0.593006975556431 0.994726925797757 0.169660747889724 0.513733177577784 0.459563457479469 0.188756377870448 0.474116167388804
0.658481791008419 0.431307059410694 0.39278044196739 0.930745431267685 0.987716203730213 0.355111675653255 0.52432318943718 0.44055717953241 0.856067908084914 0.494590761802833
0.084272977673712 0.106646266783652 0.0524468691106221 0.244722889636938 0.585171370253901 0.00251537859519768 0.105361746016907 0.216457235266606 0.00472157707356201 0.465553022088941
0.28993972941238 0.0309233174366404 0.0957901334266249 0.482322341078087 0.846911033440738 0.0282243195332746 0.223435386589019 0.225067742599213 0.0285802670139209 0.516306986516111
0.977818730472384 0.731567921141802 0.666433830337737 0.992384525189622 0.997577082038791 0.332138562145891 0.773149942687284 0.566180389418254 0.998370302136936 0.707056118077197
0.777466297415723 0.435778722670858 0.335296099403873 0.960509912626309 0.988258235551113 0.189900994278397 0.533790097625019 0.345666716596446 0.703726347146401 0.462208573836928
0.239887466641913 0.188632510763508 0.229240655154541 0.582635032249998 0.98565230237723 0.0443433893888649 0.317302919084016 0.331930002340061 0.634262091848859 0.627817054336437
0.255911510472824 0.765171216915184 0.11198398319364 0.313564472890025 0.942006132201604 0.0976122537594827 0.317515308639301 0.359884755185837 0.0717382549949084 0.535883661486661
0.151756242787223 0.125334678468595 0.0511633496930782 0.706151754842451 0.91092279950461 0.0349042484443284 0.298618728685735 0.294482330555133 0.0439839492774804 0.484284407164787
0.580866382445507 0.890559760922454 0.0868840238286092 0.929612308935547 0.998237848457884 0.082770204285202 0.465501549553388 0.357159364093322 0.698036275264605 0.571965961668154
0.508169654784403 0.909536312322338 0.308909862406046 0.770649088685116 0.995962563104992 0.152852056465033 0.414640010239471 0.376468479010953 0.481054699856581 0.602864336975808
0.760872364405972 0.348119125736948 0.0873882300338167 0.930122945927184 0.994933148567549 0.104110179224652 0.517008751062069 0.333243239763032 0.898908817187691 0.531551704412873
0.211050061051433 0.0253555243098083 0.0390062383155241 0.492205953617953 0.538384684005249 0.00437781285206237 0.192696387168252 0.251697170910775 0.00222637104952675 0.443587791023041
0.675403939589815 0.540504894831983 0.253272418140912 0.778626001043023 0.990300926355852 0.233155420308286 0.526558301172043 0.38983589144801 0.928970866478409 0.731351808157581
0.444212750961064 0.375882407953624 0.082439043544823 0.696512735649202 0.948745053360209 0.0150463293872724 0.291104193721584 0.276031965211595 0.0563675724112127 0.453977144370075
0.45030729537085 0.160366214357152 0.0358975939721452 0.398598219753795 0.993207856939484 0.0312428256893539 0.290083431879222 0.366483109860276 0.058161630558504 0.345584231877167
0.81992642555815 0.0419885926880362 0.180309226375339 0.608799207434035 0.995393531942111 0.0941434142158401 0.387864757479271 0.379251060328121 0.774328434169216 0.58203366576923
0.587411381384749 0.20899153314755 0.106145534470601 0.97660582608327 0.980468175391779 0.119531830989975 0.370206089777998 0.305942629665108 0.38568707137996 0.567535759697269
0.500090099536849 0.598196103266661 0.177020319639902 0.730295315836246 0.955796303841179 0.00566346327411027 0.425533889774872 0.38283616120803 0.284269606929037 0.512046630361449
0.143259262574024 0.327347430229433 0.0677426039423022 0.397093754437894 0.887811174178666 0.0198385269166389 0.184012463638042 0.217830979805849 0.202122021080612 0.443879185445044
0.513068422982395 0.300671976268192 0.170150060473682 0.909946418717683 0.969328247073778 0.0167371455872015 0.353232717214106 0.290581525631814 0.328591059757267 0.489863234222364
0.83832548606673 0.256575473315828 0.283861753560839 0.471373912632272 0.978526268584243 0.0290653691597397 0.339179159477252 0.361769434277963 0.132262434461806 0.552339679918953
0.620628579099395 0.399629165415571 0.288473272530921 0.655086945781028 0.978663962633763 0.0148412140784141 0.478260508616836 0.254972694634559 0.572794561144817 0.539287596071937
0.0231595569270187 0.467104111677749 0.0867911792852884 0.682716816389879 0.919572208123647 0.0183460536943386 0.268299520901888 0.293587088354329 0.0559675486275371 0.46945208387219
0.251383814916777 0.657193272719384 0.265270209809156 0.679083942693544 0.974890029251411 0.223389647340157 0.523103442756387 0.455095513650525 0.383161344864789 0.584069061400015
0.576211864511141 0.447472347247081 0.127396228999022 0.796758534751922 0.982465423916049 0.0917443522664517 0.467863063067296 0.360627004292011 0.520774715820205 0.545690233090981
0.919399248220371 0.526757225420135 0.138344974517666 0.831058285706374 0.990185710544606 0.336262891352858 0.55390638017903 0.384828840032022 0.74164877482167 0.559355163623
0.801225100884577 0.132702625345837 0.0682961574466235 0.549379551113152 0.998638745109232 0.187581694002839 0.562289640620998 0.429550913588721 0.901852151904726 0.602118512757413
0.230091922833251 0.460874308565714 0.337903262117751 0.531385537146563 0.938416809530865 0.0499800178616437 0.420724221181084 0.46448238612534 0.812035151548268 0.644723923007862
0.609555227304616 0.791670220770442 0.162249806898171 0.911639202368769 0.998339642186814 0.433176746173215 0.548139685949605 0.407586500908596 0.929837009467854 0.623714957816388
0.929796646858949 0.90893242650761 0.210666061823732 0.94717399130593 0.998766458252347 0.389328712518849 0.643349330241084 0.469312324860229 0.83921941423837 0.739859496957025
0.479621975392512 0.45579595999324 0.12107474568606 0.682219544799872 0.994280293882714 0.0494058725787157 0.39177652304 0.302275392620516 0.563023730881135 0.552138382090696
0.569881567978795 0.85899831561705 0.119205091011963 0.888547106396949 0.992408774983479 0.0724371098193311 0.47645335901192 0.330555859167217 0.22172303807036 0.545363166945288
0.88734415440907 0.623413381014741 0.190268513284433 0.851667429377088 0.996802973474927 0.249690675809387 0.508113566696414 0.468580545972272 0.882840057919226 0.698348411543764
0.543660602304261 0.602680895505881 0.242036566074896 0.166033073723015 0.926529631281303 0.0202750005098844 0.308934889312897 0.271364819996608 0.0117755193321037 0.499092537590907
0.218332707067029 0.596478876253363 0.118754721376448 0.860387238285546 0.993503641283148 0.0428100532518133 0.389095991625029 0.27765447710221 0.523746226610714 0.469651275459378
0.895803161668508 0.984657993292458 0.512776604209175 0.976825715673076 0.998516785884696 0.279338062172577 0.58116209661662 0.514382731802483 0.998642126841785 0.697891493835325
0.11926234854812 0.106760331335704 0.126578501345114 0.729065189940663 0.943444063137427 0.0550498269693256 0.325466641716166 0.233324296661716 0.0193562777916716 0.53090068500264
0.807684542658076 0.652593435919062 0.0752879818098148 0.914539340688467 0.992709934999217 0.0679974858425589 0.467488787275719 0.398697719664048 0.675266543707868 0.59160655236283
0.885773155703064 0.490762160385151 0.0854883029153034 0.968484382344112 0.994630730379618 0.0994682242480735 0.571561264515141 0.371294301533913 0.740550618991769 0.686633119790235
0.764502630639189 0.667002147614916 0.133218709802362 0.957844496831376 0.99628644476937 0.185392309494104 0.491535146793097 0.352932432211488 0.786940423621394 0.570047636161575
0.978230287202505 0.776807221708933 0.231835445339295 0.985229690522437 0.996021254661717 0.322030873509878 0.538934395075861 0.469648797952671 0.660192750493285 0.65748479619803
0.691681823579253 0.127240873417125 0.174952193624829 0.477425926208721 0.972441963792904 0.0717173450579136 0.364990884696198 0.265558714964898 0.215207754885574 0.534282218712658
0.867319510968333 0.29392843406884 0.0817392316441323 0.503662004097843 0.922225169179636 0.0594014223356368 0.328682057964574 0.359728914835184 0.905529124599978 0.635253602619161
0.889985490301303 0.814053274527034 0.331585549100483 0.948236574234172 0.997892416226759 0.522816190784628 0.620759487312204 0.452301958178972 0.886474681123126 0.672495004850509
0.638409077308424 0.781189690384209 0.158204854468255 0.90430195930461 0.802504116553678 0.0760260933282153 0.335708225533942 0.266271648636616 0.591649022498741 0.601057468537507
0.116242795483573 0.0279857623380884 0.0552001727953029 0.669359458934751 0.974203713359205 0.0256407535398877 0.337115429827397 0.301625978084856 0.136002132953341 0.570588269442973
0.784065267979197 0.428865166918177 0.476540923790003 0.928327026800052 0.992472329540398 0.164147779221552 0.602786108057327 0.378366532558542 0.882446737698555 0.549107025959106
0.826557362652317 0.0857364830171685 0.0669940474066238 0.419973416531654 0.961086090565534 0.0569203654235422 0.432821739414939 0.406787220620955 0.31836485064583 0.432038136683655
0.925237038569981 0.453219961712313 0.279341654891036 0.990451808566614 0.998621786732163 0.299574416656987 0.689507648435559 0.490295719917466 0.945862012999528 0.631099230666434
0.0538561569457195 0.284282679581668 0.0358200915721736 0.229585409784222 0.892595605929757 0.0165465901214395 0.270803222560436 0.209435771887556 0.0398569253471222 0.31252901962086
0.802998128122948 0.775598154982086 0.241331973620488 0.942362549520871 0.998463638671102 0.366998697836976 0.588052216407912 0.528907107582316 0.976227443707157 0.623738339081736
0.411713343951219 0.738981173649911 0.0620706090791526 0.749428393393431 0.991138869451709 0.104404753921588 0.425017678803953 0.356797371696558 0.312163278086929 0.549547127352643
0.226845132611385 0.880734084246611 0.159357472388935 0.949663627481527 0.996967353719361 0.0375612251032699 0.501028872747041 0.365873974371675 0.720550433509981 0.593497432944603
0.775146646104438 0.488187798591642 0.0911356599817151 0.8183561521023 0.993394419368229 0.105669313708888 0.404742439054398 0.339920745655152 0.9047970758203 0.671674618688317
0.904621573485547 0.237343213468677 0.358473006085278 0.862107120697576 0.994714542637596 0.339174395135687 0.58974095672399 0.360617666881987 0.965038364469069 0.652892714300131
0.426041578933972 0.264949490676014 0.400350858278536 0.886960011688584 0.997875776434086 0.263144624223158 0.579130231966691 0.459932550738838 0.867889227740128 0.57935970765503
0.616252050320327 0.510853157195419 0.130493776804352 0.886525170555412 0.989260768784567 0.0789706067508809 0.522195513362147 0.307732685152751 0.813683340937178 0.622188007017867
0.337184941800718 0.751823639418211 0.229284758460124 0.591729082380146 0.986639053679732 0.0592715504436423 0.323794342712746 0.448455456289556 0.826226148504562 0.535563264329716
0.989515620452982 0.874378587185205 0.140415022718699 0.964771395624918 0.998436809272634 0.582670055695794 0.63063237935173 0.470187659902226 0.970076764966248 0.657242016247785
0.524218510227055 0.910288456041429 0.200593636509792 0.767052958135358 0.966818667655689 0.0196212443358163 0.423006083562419 0.275990711813321 0.324826966605385 0.485499617775804
0.375927069834872 0.0648337875580872 0.0672337001349159 0.696743790555064 0.928673802127622 0.022554693124874 0.307459462417223 0.265612143577321 0.0501287674681347 0.470994573168171
0.0546238272760448 0.0830908538713679 0.0336766996806593 0.258574180094648 0.681313460181878 0.00289039061330265 0.144259780218977 0.212655274322768 0.0250109397027504 0.435979131816699
0.82730254027108 0.6027415765087 0.0669014203871348 0.91213026941272 0.99457694845419 0.145784942963449 0.552026991449844 0.346868946370963 0.832300252066385 0.471055621559497
0.275638879856908 0.267780489968688 0.0331978572067408 0.228843743280819 0.961918817515933 0.0102990058507445 0.281878776822319 0.230044964263141 0.0296264005498258 0.433603957789674
0.717584631946646 0.117822753997642 0.0859399692260775 0.940048218503957 0.997151916008536 0.220584235272221 0.474898479622268 0.352116255413523 0.346239142790719 0.568946617243684
0.693356517506523 0.20072539260979 0.190377008604277 0.832053551548278 0.976110735453942 0.107067002306518 0.458136035014246 0.367116931031088 0.56033256161829 0.563566559152609
0.556899211325463 0.828278397486491 0.318356965103705 0.959155050996622 0.994222306688328 0.144987592781394 0.585589361091682 0.400079147482816 0.888285949724624 0.700520653900328
0.428762392945231 0.273697529723582 0.297459771551043 0.936455624059185 0.973960754633034 0.10804546508212 0.52968089427035 0.373332314271051 0.659685812702552 0.676515301822363
0.698470746555646 0.640944022804553 0.126081655768075 0.94398557909473 0.990434869596759 0.149716190438967 0.46847865351382 0.410535261027795 0.339372213142389 0.63295993325935
0.271179316417646 0.286921711048364 0.0567123545694376 0.574725463261797 0.979715082346075 0.0192973891771136 0.333946154650788 0.278632556871097 0.239994935938346 0.594639982329446
0.974794319173293 0.211582175685975 0.177681077187093 0.832212501298613 0.998929646758097 0.578729318447735 0.77454163986398 0.495549112931383 0.999207298037244 0.706198717943691
0.740472089672938 0.686209638936248 0.0816654596428556 0.672928325760717 0.995032145414725 0.0788351177723727 0.42593001450916 0.372145548506231 0.269606312559817 0.611227247087918
0.672788336326557 0.750845098749725 0.0611412429935552 0.884553309520981 0.972274308508229 0.118510189271865 0.394784043831112 0.321257497894591 0.746878447113482 0.53451432645184
0.0628204118159765 0.0283187014821896 0.0748432168217765 0.681117592631049 0.942797326055593 0.0132604583698358 0.174586920364135 0.269546208989601 0.0328800038585633 0.519221955776404
0.0300934908071813 0.0505543069648541 0.216514894925741 0.549878537786453 0.925708355763388 0.0164658058053904 0.190410243882417 0.277686330211694 0.066416931304983 0.488820941236768
0.0243094581596724 0.0444808646904104 0.0487547625957631 0.235341354639157 0.882464475228562 0.00294640270799634 0.201661619327632 0.238144221045852 0.00237927088186693 0.36504878554863
0.209753382333649 0.554320637123291 0.0317614934635951 0.559155341856062 0.91318389792431 0.0145771715864408 0.312241934486181 0.296044794984926 0.0291680315652987 0.595849509414683
0.609660301720211 0.168026623097315 0.141758830676386 0.616861731348465 0.883975921240403 0.0242018744215375 0.263373569875171 0.18109818865876 0.0466847419410768 0.45185177124188
0.803658970570561 0.646908494091389 0.308088599010763 0.806812044389329 0.994395816985542 0.0465859412529925 0.482437485098233 0.401561239026901 0.338646903076459 0.652820451621885
0.838706932381319 0.486293713365314 0.104444581201798 0.469125148572683 0.990299388097421 0.0574727632484631 0.397477657049901 0.343819452684679 0.305994619382078 0.481646503380948
0.758962571284598 0.552325559542638 0.149782114591607 0.739214468286225 0.957145748792406 0.012391960533927 0.348877679952678 0.271298541279744 0.137256164272505 0.449025295000764
0.508402311027698 0.134131015679767 0.10085015664269 0.874714758083709 0.962871490697129 0.0242820912482163 0.511530562396013 0.35030856240664 0.864731433460599 0.603376133561798
0.798255152454287 0.657305782640781 0.143023206012312 0.970216666839352 0.989314767323759 0.223498664469333 0.571426624319715 0.381416676528096 0.755121889927255 0.60776890599049
0.840182023503727 0.869857722641361 0.483300703045094 0.986305833062032 0.997565120879231 0.574162463067562 0.769341311039856 0.535319887133078 0.983342295742286 0.653876281714908
0.795300333457088 0.471125618605929 0.279412832214558 0.987278299801827 0.994237289095472 0.314079104312535 0.547053142619932 0.435438070911539 0.892051095349828 0.737296017129481
0.599864739486044 0.190832929095422 0.18666060296937 0.521271596219851 0.901992943576689 0.0135743681849957 0.267629709877812 0.351517916170416 0.0381101599375042 0.460807062270615
0.600400082372397 0.370613033633041 0.193959676272094 0.962232052374994 0.997097396581648 0.147302265392335 0.543226720605962 0.427567883721726 0.94449493234882 0.619675317235763
0.73834792347995 0.42272447714189 0.408948616334916 0.654461969783412 0.997673197884957 0.205787073648075 0.600292950156336 0.561350631708268 0.912822598851553 0.654732414998099
0.247500408934849 0.799551420482834 0.297760476619577 0.717278127330316 0.991525260824982 0.218096683084543 0.440071501612765 0.286726920090867 0.838576005825054 0.603459521861414
0.618046223472875 0.888372196889206 0.0723567597539738 0.670981277556279 0.997454338106381 0.205033381753563 0.575294842022943 0.407515218394741 0.88440259443198 0.450464087515648
0.401936722841424 0.885563895893566 0.191933936489724 0.834978148527315 0.976398293889122 0.170262517176283 0.448815459559632 0.344057961210226 0.328923619964697 0.45692434557598
0.193311039102937 0.363220449078757 0.35135201517337 0.335071976854743 0.994211399260361 0.0299950647421989 0.323889210769346 0.292000032555367 0.694303631853581 0.542842429221925
0.242588487567523 0.631381709220136 0.0528268249369784 0.488655044101886 0.909298137021541 0.0488079395270884 0.363143626048736 0.310522359612167 0.0218689069366219 0.478396009841443
0.83771761585566 0.476473958840035 0.309853724494271 0.878662462998166 0.98882567520623 0.0480641411078531 0.459154273861675 0.398446164801746 0.649993037122732 0.627740516039379
0.686532761217981 0.567712231480513 0.123901705023186 0.846363233166456 0.995607742186063 0.168444533993204 0.600321714215233 0.434133429690916 0.984691448982935 0.655873475313609
0.82620963268903 0.238310977167627 0.326025145921377 0.891029189492835 0.994561650849863 0.0871772189929719 0.471285372081143 0.443432533713099 0.67779871293577 0.630207561502891
0.894686124957452 0.0574206515832351 0.169560953078663 0.791635008255531 0.998568114273449 0.475177954768411 0.581248345309026 0.493055556304372 0.706235180505599 0.552116216689097
0.516217370037005 0.894108755625374 0.0230200496027595 0.634979220573326 0.94659764509329 0.0293426391788845 0.34157931503574 0.253661115584555 0.103439711498248 0.593884821202138
0.798694434477181 0.858357402510657 0.24135081520676 0.916332401004541 0.99086538553961 0.185258009423793 0.367177447371768 0.476879097374009 0.855029686706232 0.643574912570854
0.183495034397641 0.842038949918804 0.0934249064110636 0.808490435593121 0.99273362861539 0.0226161251825469 0.363400357983484 0.327264247238254 0.345702136263051 0.606597889501167
0.315658059977935 0.834338770039334 0.222582774927481 0.791893020749737 0.996477003531839 0.188541855533453 0.698797605422756 0.465170884771299 0.857636693674697 0.621841092203969
0.513988326219977 0.621989469810047 0.054441624795173 0.726955592614008 0.979621617467953 0.0750703959002535 0.413172455916048 0.323113689076061 0.180930471463341 0.468403455142403
0.617239041057536 0.65473655819423 0.301663019880047 0.589587986064715 0.998823449853814 0.337040059535947 0.670202040448616 0.468860418375392 0.987844150712514 0.597929766265632
0.835373691522771 0.481790330098395 0.140019571712181 0.871937308003633 0.99891578786691 0.309227335539387 0.690366890230582 0.443709060828775 0.899883002739772 0.673349756030121
0.51920077799808 0.441785081312873 0.223326936655937 0.886656150340079 0.974896503488656 0.150036648771349 0.675271278994904 0.361275065983929 0.377291079513834 0.452694920997156
0.596834942648183 0.530217682143426 0.216491390301453 0.982784166931161 0.99239220288469 0.182094381620796 0.631819738940097 0.456228541866421 0.912837766537797 0.657539248521314
0.525825593391272 0.646856808032302 0.356226902763032 0.938741393480566 0.998045275553351 0.210624313551529 0.457647624554006 0.388145086042477 0.893751330695089 0.59490468599759
0.245027559935841 0.74703752030154 0.0272154981870568 0.215301010680701 0.95290019794187 0.0904145140807868 0.27989769949954 0.285035082572163 0.435629163295316 0.319478054194556
0.292123366189013 0.0570871965944583 0.152356390771893 0.0716932786144681 0.838433144071917 0.00439595729713686 0.167461134941961 0.254929671138569 0.150725970788624 0.566233852845623
0.708488789434522 0.808287426858949 0.346303415822889 0.735084856710602 0.971824798206533 0.0296877085526693 0.409814762987048 0.324611425009191 0.431585529762679 0.520345168673648
0.671648523690692 0.0726562376343639 0.264123372511892 0.491283822152171 0.989225744119885 0.131143406786763 0.576873001791458 0.388875886324551 0.890637178827284 0.539146824985091
0.0606840007662813 0.45649520411932 0.0482567366337557 0.240939458845946 0.818975544712569 0.00651254253161937 0.223951466315683 0.338202803640745 0.00674031778693478 0.454734438210482
0.210710800581458 0.407302192949789 0.107903739003635 0.646424214924544 0.978312838347846 0.0932647792958535 0.360049123847159 0.371024512416294 0.287046653059322 0.601223378604734
0.67893034262996 0.774072498737107 0.302157767778064 0.969623192267158 0.986667539866645 0.1639577208654 0.427517523085699 0.335979157473129 0.619330846160112 0.598362786933926
0.43991075592938 0.0321312553389928 0.0623889759799507 0.583478550719312 0.994497957158503 0.036995713331799 0.444479689214088 0.385036089267494 0.251456049600539 0.522298599869406
0.964803721760868 0.323211640821245 0.268809253803222 0.461196504027921 0.996422475160036 0.222597148340674 0.519069734786232 0.414587047235008 0.987237802398434 0.670359743109133
0.912696915842755 0.892562372893027 0.326017009831382 0.894483453088436 0.994966105179536 0.592840203260408 0.762307985389942 0.398691047226737 0.979867090837671 0.654787245262581
0.243047691421261 0.510548285874211 0.130456891670871 0.564588485217059 0.995584168649907 0.0515033183338541 0.442401749468497 0.366212161933406 0.985772528164658 0.562188727234286
0.533928266207043 0.901897640654662 0.217326106195509 0.516561890898805 0.985229853983038 0.0843296419229937 0.382941370397925 0.285163091823129 0.380697071148215 0.495634513047522
0.407064502447483 0.521901304813535 0.0565282012844229 0.644793496682368 0.979511806087565 0.128313271903557 0.337220931139892 0.284785488637438 0.505500838499403 0.429225663529638
0.363592230576826 0.747945386905479 0.213626959933849 0.85332687046493 0.976178516645367 0.0248500836831834 0.478681457066708 0.369160230736616 0.766993924494127 0.503598733222528
0.636344590282751 0.437865676323336 0.184540079181986 0.491897181882856 0.974491826465193 0.035965005250537 0.470348267913274 0.289309910643511 0.448137091425168 0.546802023666638
0.283000130403038 0.799069724424526 0.313803392836073 0.646876506281907 0.980080158438252 0.0794954515391522 0.435965682180095 0.343823043320689 0.517220648817312 0.587269288834373
0.634856701760494 0.906976764265251 0.104642673221651 0.672305594212366 0.996531907087812 0.226633197666776 0.563194526442476 0.416358759895838 0.958358844436038 0.665261139603034
0.742004537549776 0.765129523369243 0.053033938329105 0.761587125600302 0.990306145316464 0.0316490850927905 0.495846405238505 0.304047072398831 0.409371104307287 0.503308413854941
0.610708457684318 0.629205679257984 0.0649849808345869 0.893327039998096 0.97751007020629 0.159330500148839 0.488043461755582 0.425374960141845 0.82889811165919 0.540077352364923
0.428746176012147 0.123482050131028 0.306729604099495 0.707592754883122 0.973859223611526 0.0391998022909517 0.270116547937708 0.279612120408179 0.0340451010733387 0.423800322802563
0.964015121094884 0.293742565439418 0.308113047706993 0.679205890403006 0.989923421558957 0.0596336763990089 0.534492635510471 0.403409710693326 0.929499051651935 0.629060354014581
0.702255329432539 0.461970882996516 0.162840445706783 0.868896293732452 0.998244445307474 0.436964343061071 0.649570562186017 0.477729256362866 0.9418299435247 0.71172139742126
0.65965128445634 0.9567544466988 0.288902123727347 0.617964756333477 0.995878691500168 0.0441105041911827 0.4481972146954 0.370627175006084 0.893481419495408 0.686410537469791
0.943727183398872 0.866722046391509 0.522184939815692 0.9510014195722 0.999581967393299 0.189949317495988 0.641285536316116 0.563501895201965 0.99501756735896 0.681222232958623
0.178406569827824 0.00883761045683365 0.0661049655201605 0.630502783970146 0.932673755140407 0.0265382230839973 0.270675554531387 0.232843196251316 0.0263366829827092 0.475884035236575
0.374176178860712 0.670982121278523 0.176111731946889 0.509940861439287 0.832854025507787 0.0470634203121897 0.340695309740238 0.290437542186563 0.0286210369224748 0.451996738443977
0.456792213003165 0.565534725286629 0.100517330922982 0.510762733187689 0.975934497675524 0.0760861674268062 0.348937548225139 0.393836232114089 0.092434395670732 0.440095923700223
0.932094480481767 0.514056083849325 0.387323518819683 0.923544416746434 0.999224392415249 0.452347048390508 0.829187310078764 0.520248917417623 0.969897043653354 0.735212110610224
0.30908178234678 0.568494984436963 0.42525582787222 0.926566277539623 0.993896611168969 0.290192309829054 0.589824914142925 0.444289003956759 0.687148684369976 0.552531806559289
0.221857430194417 0.066814208420378 0.0948319952887696 0.221697541140055 0.778035824303446 0.0173477572138486 0.241859101567345 0.182037132030184 0.00397796581829382 0.410955348164592
0.771240470478225 0.894624889684376 0.157719096395316 0.823030205913225 0.999474733232479 0.216083821881028 0.659102450716917 0.387923271901408 0.983091598756788 0.708363023782567
0.531845388224517 0.962457905884156 0.207836841045817 0.947039527779123 0.996484557691754 0.191928693148655 0.647042122695293 0.39442298972517 0.796664143309859 0.7138858437223
0.0870682579446803 0.25550033410496 0.160510492820123 0.85949285993767 0.959015484580093 0.0525112363115423 0.428125128765892 0.445474758411586 0.608985541204888 0.633928149157278
0.927444017315702 0.603149856017044 0.111604655525591 0.973288602797271 0.996673887746967 0.0509378503986143 0.437166934272104 0.322189873370688 0.614626992950989 0.613617114475281
0.523552098412183 0.570166611376517 0.261476885611499 0.742575393656382 0.947952890048452 0.129468221358179 0.480361016603875 0.3839376653514 0.396117110122393 0.491008076831302
0.875722244457309 0.527316721620706 0.564880337781477 0.885826532773173 0.99425181264415 0.145988684369408 0.553059094516717 0.403030857153846 0.889166609506466 0.594922787977411
0.0879818871681481 0.111659561817445 0.0875599199544184 0.0400897930985415 0.894864793573568 0.00363465429681844 0.187955945778817 0.26831526975155 0.0116136940759123 0.429328470530735
0.754281240280512 0.686515156822406 0.128543677098971 0.745332346776739 0.982556218542661 0.208469679800124 0.463751828579464 0.45968497505166 0.927026824277176 0.69857765675162
0.95530109828835 0.625479099788527 0.203923986773751 0.989331694521804 0.999195790166076 0.380155716287941 0.694622001640617 0.43774746251343 0.995048793955278 0.639768109733525
0.493127159995924 0.085295365959216 0.0270998022466173 0.771955177220783 0.981591405852253 0.113519160407654 0.452751137691039 0.357347709519621 0.102513534058911 0.521510904985382
0.788779472280281 0.748127619672554 0.229314696643088 0.402762074034635 0.991781892528277 0.0620624205455569 0.409449416215981 0.38128860431259 0.142724961150927 0.495092168043282
0.223847036354381 0.981428368961088 0.154752138107379 0.170050237131508 0.993480314903571 0.377912276885218 0.578371004719767 0.348502511872926 0.969419535431799 0.612759793557473
0.230058786508401 0.381591443356484 0.045146853423415 0.302238005029497 0.883591084370708 0.020790730284276 0.199635733315696 0.195618049617039 0.00429137751542382 0.453816381616555
0.665743460816951 0.231263308583742 0.109183841609605 0.741678614736724 0.926412347534348 0.0210133687686635 0.26939456143981 0.239833033789566 0.439744367331357 0.474942778208956
0.586396076359583 0.148067583817758 0.213152923965981 0.534873564393415 0.980797116617658 0.0824489324560108 0.404498386941416 0.24840544393054 0.479257891001926 0.503849619105837
0.301044836643533 0.433299055256539 0.263426692447284 0.821013329933521 0.995576672006008 0.240367573784561 0.675145426245392 0.380931374828738 0.798856430318641 0.513494122574334
0.786011124730879 0.279382006035098 0.214724020306509 0.888284870770915 0.97513486781257 0.141199503432712 0.477548726792504 0.377697414401539 0.813109551285208 0.51367896731298
0.04537956765175 0.0699417990121416 0.0951640455437927 0.758043770423587 0.959920963292791 0.0514372439031097 0.226553753309801 0.267303629894637 0.197603766993276 0.443391124416818
0.94730140988411 0.553418731763268 0.14345732724708 0.932578093619557 0.997232112083976 0.178354508382611 0.613539097704053 0.403923832537178 0.966869777359873 0.718997077550126
0.173536613154172 0.508216357987998 0.0775943744865314 0.833886029992304 0.964600506938331 0.0198639674750325 0.331601198628322 0.28486330251892 0.203304871255505 0.500056192517639
0.739759779656264 0.279439627122863 0.139197296600779 0.973490575110393 0.998170662413692 0.104947756268736 0.468873160589988 0.408516048991929 0.982892964769412 0.723247235493251
0.352344319028527 0.138666783012272 0.442160570950334 0.821419096392427 0.93970619805464 0.0323321178881825 0.373485655681464 0.29444510080312 0.810259480099527 0.551320106576571
0.385946430468031 0.556141484800293 0.121084846218514 0.841571739406855 0.987760945393343 0.0856627662551149 0.354141344791663 0.370145492868675 0.0846141147899968 0.495107320911791
0.620689751356622 0.873774430397988 0.105452706733836 0.774803208920748 0.992496603422081 0.151827273989774 0.563201404117883 0.450173009670977 0.953739709680554 0.647186636552966
0.742677915843515 0.497506463056857 0.459215125938522 0.933063256825847 0.999814911248045 0.352310791707082 0.646815590376711 0.540240022814217 0.95302199565021 0.712613653433748
0.974871413493608 0.786373717510985 0.353631170061218 0.969428269267793 0.999513785277477 0.264161674626449 0.763996171079097 0.497433616894237 0.985503697318029 0.690756334940337
0.731787255024068 0.317102615711534 0.192919785855769 0.731637112169791 0.974794394472265 0.0903020882676411 0.36788627530092 0.342611129183645 0.557883410622006 0.605282751292902
0.847646727033861 0.244634558811763 0.114877530550692 0.738037598713005 0.969138459663999 0.0158782260463959 0.395595467768776 0.278200122171303 0.254902706637996 0.515111951552597
0.314809483634629 0.723814943427212 0.0649976296945407 0.892390425426029 0.98791471394449 0.247504633411608 0.482192701239394 0.384582658231755 0.885604488297367 0.584812705155742
0.905656304187054 0.831596816030021 0.248576981184998 0.859546226273569 0.99397332597949 0.309832358771647 0.526512686781227 0.415562150700715 0.992750377496684 0.670395083246252
0.589041994045955 0.451541337269348 0.148902334863486 0.703535419558175 0.963347759221103 0.0456064407937639 0.381505491787474 0.354524345155956 0.103321620410506 0.501644363228515
0.34332650273423 0.382928825330612 0.0790049080457468 0.393480710919023 0.943725179057379 0.0209252748110516 0.353424870528408 0.252977758174454 0.0847247637484402 0.459291578324615
0.522318674270881 0.622322500291786 0.0916681681564311 0.854253264823728 0.991071225204593 0.0871876401706022 0.483346987652643 0.420311774927876 0.677965544542779 0.662845050149118
0.204198636137191 0.541678495879291 0.186885111916531 0.585665712707593 0.793970211896291 0.0123612502136315 0.271816394678721 0.200105116796983 0.0100080533371091 0.497076845054226
0.209106901017142 0.862407605855898 0.0825901234750073 0.435238616800968 0.908382839781881 0.0317972792760646 0.332841907163567 0.305624502577539 0.153213621023658 0.371630532771361
0.11679685321114 0.0333596923429867 0.389565567819273 0.801279090451035 0.992751840260531 0.0333269839476004 0.389082804768877 0.358792807171057 0.654316822198081 0.530379796470931
0.206404786568608 0.00428323833514234 0.199225354746458 0.659970724798727 0.904301158046687 0.0211847824219643 0.284168677681979 0.201500637241181 0.313793965971981 0.546406517867194
0.646910140322212 0.271134445730799 0.10471660340868 0.611552752598146 0.990797913609143 0.175975326156753 0.433466685320869 0.314467077447673 0.716864382169443 0.541527375711213
0.270183158900511 0.0788482298036231 0.109269877970891 0.343432457356288 0.929027331580947 0.0165609060058403 0.216117057820527 0.303076486231 0.00665945802221919 0.395752860060114
0.148514504941737 0.315841062743523 0.365179198377367 0.622651545588192 0.951477845338173 0.0351974001465285 0.203709573225447 0.24708851686582 0.0308757670144415 0.479322820732815
0.745321916208454 0.898951993030856 0.212927241025059 0.75242273987478 0.996908538409208 0.358524343731778 0.429224219039451 0.376941559551444 0.965366700594005 0.582569971711141
0.83057922743301 0.545907987820451 0.164236853727186 0.743478597672799 0.992142193196563 0.107608097333639 0.502187131747353 0.410665511545109 0.445265479466398 0.661031410292459
0.298792761535932 0.0105618978503015 0.127491252580148 0.350875204017318 0.770301525555533 0.0363050133931573 0.463874058988585 0.240054457537712 0.154797828146274 0.505635093521847
0.149080853095203 0.109971065934554 0.192562024203144 0.884497485215942 0.930040357396216 0.016405332098706 0.278991522266938 0.286052654448297 0.0508028736354389 0.586433647248759
0.948316200899924 0.645681764385586 0.231332652965431 0.941933180662238 0.994967784553376 0.388914485979265 0.710486588656566 0.344802931550356 0.894088764815322 0.524036082299662
0.30901645666365 0.0237929590913324 0.108876800512067 0.496817327490173 0.988183833012019 0.0651386666817425 0.359576661240453 0.35728055651219 0.366073653230672 0.614910305160591
0.117450660052326 0.409137097297033 0.155328840399012 0.547662797299956 0.975435896651485 0.0693141477814691 0.351382073041354 0.339540432360572 0.327930013224321 0.421382005092397
0.722520583008502 0.75131698046327 0.42075071830828 0.887150512025079 0.989896295493859 0.0554796090753677 0.398895544037447 0.295799860217962 0.745193717244247 0.493245750465612
0.0581219417160489 0.318858991892832 0.0685747060721408 0.475039358673982 0.969012549031064 0.0314774009942935 0.331852155239198 0.338879794673816 0.211303136497955 0.433441497453976
0.844100591514815 0.877030207858708 0.194430305460407 0.85377588781522 0.995274439237075 0.297613093371599 0.642065213460318 0.359777684253968 0.97384304997117 0.656908922429293
