0.821158773403247 0.647434814462021 0.389262276430829 0.887354297572435 0.982888611504368 0.0539130441120265 0.662415940577402 0.345147588534618 0.856685899036573 0.591504803223659
0.61436483627058 0.964865233504187 0.544478128604989 0.750888100735806 0.996139608722861 0.339492043589377 0.617282267252118 0.461570817351422 0.927662256400443 0.651576098505452
0.306338360873437 0.193739642359154 0.123798347799291 0.514459577206516 0.990673925449761 0.0331131320325066 0.280385409814931 0.293740130868986 0.318663483313954 0.636767871251973
0.352119816189305 0.224900503034386 0.467258497821131 0.827545613507751 0.991933016402766 0.0880769657226323 0.439941546383462 0.385347973292002 0.790495165737929 0.591774475869423
0.138269895189791 0.0441848093176479 0.129957203424762 0.153619859204439 0.913444174773903 0.0212747238933284 0.242755794887077 0.182538782440379 0.208759202592524 0.512262202489953
0.741935535337692 0.308307844709887 0.167268978043798 0.70431043875496 0.981865369423853 0.0448427246435987 0.436555257969617 0.291128737964824 0.820620174010147 0.506468944888074
0.36324137172448 0.592606612751073 0.0269981899026187 0.882856455819633 0.936508675643642 0.0189352201145429 0.40502440379893 0.304442121050539 0.041727355597221 0.51773860175113
0.322577281367972 0.133752510797439 0.0420051288156805 0.783862287482384 0.866234592396747 0.0488211401648587 0.334924354066974 0.27421491638147 0.402894188762208 0.559527218492135
0.475047704889062 0.771157149673148 0.106135584085304 0.866146631052741 0.993812788156215 0.0844185657170151 0.42995114396642 0.329088955480573 0.825598145737128 0.510805493692149
0.768849751719414 0.636018320136108 0.223553463899568 0.862336630143895 0.994141673583678 0.193895028404046 0.456956961329044 0.437074694652372 0.78493011861384 0.525240592212224
0.773743985572023 0.454303546898033 0.160965463106147 0.888669942869679 0.95952836727298 0.177670923807696 0.371550314885281 0.335879699061788 0.0772236712306127 0.563657175916946
0.939143085846716 0.716993084619336 0.339623796625062 0.981199486680497 0.999026204651482 0.505617815809172 0.777869269035879 0.464923863881144 0.920284856069485 0.719342875106433
0.587667300280237 0.0573268912250184 0.15218512700499 0.808473236602009 0.981758361759472 0.0184567679709695 0.425158480818317 0.332734109081971 0.147574783813568 0.461729710647307
0.90931563806661 0.695953563216471 0.374456297434082 0.97012672709968 0.999018057590588 0.449010977341098 0.73066579490594 0.510186816628328 0.992995238945352 0.710153384092037
0.770259208921458 0.0616400843084958 0.197406491809439 0.275193105129336 0.989199831881575 0.117722972894085 0.412469379103164 0.327235386633681 0.7507119864155 0.514449704993978
0.898929004214501 0.640293247773758 0.14840338760078 0.895332781029342 0.991745553465167 0.0266193273434251 0.301361350153784 0.318134332137522 0.875077257332679 0.584299433496415
0.279988571298821 0.974046675317441 0.212870479737454 0.913630634028524 0.990195459381664 0.231293769309296 0.485971080389474 0.317354512798093 0.484183585961985 0.431280093500972
0.810797545348093 0.901497311107092 0.469759349298918 0.912251596955639 0.99123123450762 0.136749093872433 0.658300948711227 0.478363027660134 0.98002619287129 0.711575005868139
0.955361352733972 0.933439405347974 0.304391876958779 0.676212273008928 0.998178122705795 0.509427092820029 0.573802815398212 0.450923680555572 0.91979730621602 0.670757350965853
0.829339236676979 0.0289988023156066 0.131949832106355 0.305394125197534 0.962302816213182 0.0163697862801041 0.330571710809691 0.317024490617526 0.0610615539877842 0.40133874903047
0.905732677194676 0.80514496601313 0.20058932350696 0.935684166195852 0.996679610166381 0.335975853239991 0.721777816743464 0.511312872192397 0.974915628250329 0.683667258994655
0.760975849911362 0.81403105061894 0.101199175807793 0.373594656801777 0.975586662365245 0.0332641747766791 0.459985152060862 0.332971086911693 0.223582736941573 0.575340833242684
0.212552132231266 0.929459753705141 0.337108676433186 0.830272915329605 0.962110440699572 0.0587142596295278 0.34283764824122 0.303973114820387 0.656147968069319 0.463754397717012
0.950940027312048 0.297704552259378 0.208842209396582 0.944175019171096 0.998598204479328 0.23435198115643 0.54803785675252 0.541706191953857 0.937718906093575 0.691777197138564
0.57215920228817 0.975030600743191 0.143650362627749 0.925177441459381 0.996939068593618 0.165713623120623 0.426729452899659 0.380166422699437 0.704924899947457 0.652507947448802
0.776889175786919 0.712384133258865 0.171312314964705 0.482311593154872 0.993969007236472 0.333031450055728 0.582060165325114 0.435575270943178 0.976934498564043 0.625916571402603
0.803388616422281 0.631531692921051 0.254331308670198 0.415421001770232 0.975879221267158 0.12471940781266 0.541783603057129 0.459961994471792 0.459091422966462 0.670896279298641
0.839514272598626 0.201218850942014 0.179201856251574 0.381780276512008 0.994859622277888 0.130485197277136 0.479587504437085 0.392484377355881 0.556290714300937 0.580745585531245
0.116837322724921 0.176747087356645 0.0623828392926971 0.315603738962499 0.888609610188443 0.0135275090106201 0.237581705730926 0.264220562864919 0.293423940818366 0.459266883084329
0.981237029137378 0.996801591127024 0.275066024453048 0.979650842163024 0.999744135608764 0.641853295572384 0.795356942057914 0.500877183359393 0.997455972283363 0.688992104420843
0.632864915984282 0.198807982092523 0.185716447916203 0.808336326486294 0.98921632192474 0.0568304797799353 0.44912554517218 0.410118142932996 0.577173825966231 0.637408809751031
0.698351823887332 0.362127008639609 0.0889254789321997 0.697670058991629 0.883095434500846 0.0536661359010096 0.327895140805959 0.270386096771851 0.288702398484415 0.538555473686264
0.890054216586145 0.62694579991915 0.147312751386626 0.877415490670694 0.993372104245374 0.324632792185336 0.514037500200288 0.449544933570214 0.673678834580384 0.591092287621279
0.724625289709453 0.467359549434054 0.241263970677677 0.95561072794579 0.998772542059836 0.378812150743948 0.641221040673955 0.445974802034275 0.991045916811801 0.728707897271835
0.673577216922898 0.922010896258034 0.0817488248944394 0.963236243284335 0.994037318091853 0.109228491913109 0.550593155796055 0.390201545151166 0.893472660064809 0.611356956826404
0.924239346712788 0.822799108178331 0.38401118926357 0.9045469754104 0.983582977153635 0.125498560559493 0.395733730464535 0.35933706352342 0.748483619043298 0.37114311947702
0.854364340367881 0.455283493605374 0.247122529646723 0.664370708983114 0.967262941924861 0.0671111332926997 0.415415186294048 0.29656220667911 0.0410712804578337 0.43500342295512
0.0742582084474899 0.46660657813477 0.0733105803129418 0.282348775331586 0.810703657223189 0.0163007538027469 0.295373026246821 0.225653253168241 0.0205385048040043 0.42706077713334
0.890286519570229 0.880693532788774 0.251996017903243 0.742695201510205 0.998348701046219 0.393332312918753 0.604158455503762 0.329245804712666 0.854493326524408 0.665505967599604
0.106433010960049 0.241540963048679 0.14937474799165 0.713853892623394 0.994395487846678 0.0565724888490226 0.499246063502838 0.331157412527422 0.650725111771538 0.620910498397483
0.961434555081467 0.899032323001602 0.593831738413119 0.984135438177357 0.998713495330379 0.737943203859114 0.735374759332608 0.54923685075513 0.997386939897866 0.831618053241297
0.106347955339195 0.188404896595444 0.114761636451285 0.75637277748526 0.950964788824922 0.0397637614472394 0.266147869390953 0.29065331464347 0.148094596534573 0.456753454853034
0.836954663904091 0.981846529897738 0.136044998336556 0.920386443460858 0.995545621659926 0.225492923430398 0.621148829525605 0.416047618256893 0.871495583352959 0.703526314724145
0.103859338669286 0.453036085928319 0.0903088022933485 0.650003002465481 0.951609219123402 0.0259354500971209 0.363296338099419 0.263707941313599 0.357015049302157 0.499742893336908
0.308888270618271 0.185847015853767 0.0327960184566597 0.0953390933333697 0.825295462668124 0.0158940247868475 0.246645929428313 0.232512813785259 0.0578144266878909 0.530892669366679
0.931658652517638 0.983293242809372 0.46824223249821 0.958154767234029 0.99640719228531 0.333453125216499 0.664310813572295 0.453736296460879 0.943588711735398 0.62729865220045
0.717266252140988 0.752066894795278 0.216967317044342 0.52035388399748 0.992275624664484 0.111728426600504 0.639566136706722 0.383889117414665 0.909245526129092 0.723102062757171
0.300223944848879 0.904924676716104 0.141439431140683 0.435224110602868 0.989267953800789 0.132893509049024 0.532001239679163 0.376407920092315 0.186178221822068 0.647950017443319
0.130014915458153 0.889621279557034 0.146369916637913 0.724361845821731 0.924997777444095 0.0657548189175524 0.351706360556202 0.385474508901803 0.0327451343962452 0.521044172747277
0.614769323767823 0.760153063389142 0.546458070814728 0.763279769910272 0.994087267389029 0.0434805673580393 0.494253783859877 0.381935747693666 0.884099227553005 0.619178142924969
0.212810093044103 0.583664181756248 0.115576717613976 0.30704693880644 0.972055947589465 0.105912218785994 0.469854614572607 0.366751341308962 0.452031459520422 0.547420676248207
0.763380451939594 0.0640324982242548 0.114583936530702 0.926790811835928 0.992884594026837 0.198340753586324 0.518915025204899 0.290100807275892 0.857087301757647 0.582447864090054
0.293726967983405 0.623297166191539 0.150168444395251 0.931120588443276 0.994169588620717 0.479935028532812 0.482413678701584 0.385421197474772 0.835703397542196 0.66868393325342
0.636530843041418 0.892320376331526 0.186790497639334 0.876742068482919 0.987511075955973 0.191537606861573 0.424562988465557 0.328914515696963 0.266680172205117 0.552734406609482
0.986139588904741 0.743005542605271 0.105566828634847 0.973481035089221 0.995745589493985 0.543218692718255 0.697979164886248 0.484965684267783 0.996618082413945 0.74490664225037
0.958157065402004 0.914394365421583 0.257486133218178 0.920108022296991 0.996097746738151 0.237396113290079 0.580587818103689 0.482257603130036 0.989676641145621 0.555677864357344
0.721421414568455 0.227392267018831 0.328679316391824 0.861685168624729 0.984200212949712 0.129787585667782 0.451066057717848 0.420460541778283 0.962575261835718 0.619758429226423
0.735679307541508 0.957450654668158 0.580760558685912 0.814326750417754 0.99656810796296 0.274950940695234 0.559156223201247 0.468267767214104 0.955638005916701 0.689423858825654
0.807264016608451 0.266052078335013 0.144147860193344 0.964932333777225 0.998542125823002 0.560262673735452 0.76029509049491 0.47970303787471 0.947252531292197 0.615454759440264
0.787261417983889 0.111741501986184 0.118630252402316 0.691197969581012 0.982966545932185 0.0112955111822093 0.262718488862037 0.390238630916496 0.136994560299085 0.607970241624367
0.337666121720614 0.174637321945221 0.0473030917309375 0.556947057762597 0.855965639107895 0.0499954215244072 0.304297376645444 0.246523947743126 0.0269584369153844 0.526596035065166
0.483143797998313 0.926040909752034 0.154080426017115 0.3531281052983 0.905928636578311 0.0540074849195744 0.334878683609633 0.280157785825102 0.102875926482585 0.581732632575129
0.545003282722117 0.243887828114319 0.116563694453931 0.790816613394437 0.993816929690252 0.0600076432602267 0.479168915685005 0.442970588599969 0.820447253397118 0.619185395191119
0.325575828638825 0.81628028280751 0.0521511094981745 0.408040725980207 0.758336164822434 0.00259373196750313 0.184382893515472 0.212346785548059 0.000939245056408427 0.414371397394938
0.92819867591443 0.635844153649931 0.121012517039501 0.967650696467448 0.996717505622982 0.227399139570836 0.488585472432973 0.506209183308915 0.985980043504821 0.615348063786314
0.544312473239675 0.549486656838375 0.420077767582139 0.633916656252585 0.996220066016552 0.0974734667821106 0.544968989762102 0.365213810588329 0.779730342423163 0.571298153865835
0.244485247635695 0.134347862790694 0.0412473133720418 0.209927811838401 0.790733134155079 0.00343613335443074 0.16018908188895 0.200625971317002 0.0710021660032773 0.386339953837703
0.0876743802929917 0.116426608419621 0.113098589713574 0.652437707930568 0.969961606508203 0.0241598125257866 0.405959287041652 0.348521693623139 0.16338671305403 0.511482695124612
0.533834977748542 0.668304930776498 0.257167621968188 0.83132312283433 0.983382832400778 0.041633342816102 0.376898623261516 0.359655269833186 0.758235543578676 0.555611919493238
0.671875840709339 0.250744977958313 0.0902031086921041 0.819998618729709 0.978302474161465 0.302140044715791 0.547095713661317 0.299847209332842 0.363577838657096 0.624568050003298
0.265280644341481 0.249058721379454 0.069097842837032 0.310084848399109 0.969198460205965 0.0125584143909885 0.240634420162363 0.251790342531146 0.016172258322031 0.480056657839174
0.121886077972116 0.146646196116341 0.0604248772030937 0.201631764228083 0.979531381862754 0.0453284858163591 0.346938366760273 0.326392323049044 0.192559600805981 0.47241947573875
0.532871805101321 0.310417937875498 0.0994423776316967 0.834513403305165 0.98694118420658 0.0293773544739569 0.360623019946011 0.361072484449216 0.439364003079008 0.548324651086966
0.0849607531872659 0.387022552266962 0.136646734191376 0.314923538639909 0.87796427795318 0.0543258561059979 0.228858956729045 0.28097927661971 0.0455631342653378 0.440668106775815
0.952810063260485 0.172959965363811 0.199270930050618 0.982176612486996 0.978966313859641 0.117416109007952 0.453892707049108 0.458056762938692 0.807387458698221 0.532634215993439
0.689344770457728 0.10733505131615 0.177168558428305 0.841863191014616 0.996102978371454 0.203875567237638 0.536470862132553 0.538805079966165 0.793279668733368 0.750663178310939
0.975806944403675 0.323188143644194 0.188444879804866 0.836442773958334 0.998677747827129 0.113344441788386 0.574368842641381 0.393355633956061 0.965788321675502 0.599779706004673
0.769861629234207 0.699016448671093 0.379468594027602 0.910573915374708 0.99287938153049 0.224673925557643 0.628615330327831 0.498320774469684 0.972859678361307 0.65821426129376
0.846623358230257 0.475078775218967 0.256403576300708 0.45276945093986 0.995608848741145 0.047012185723293 0.339783159641003 0.284517651830721 0.747650147708856 0.506032437542108
0.377544657645689 0.403748714585344 0.065129998405864 0.688312324170134 0.993963371739482 0.0578941259254773 0.454529656304563 0.343576059151529 0.391582318229684 0.468946709821747
0.568878418319762 0.388791851836834 0.071932595894342 0.749081331363535 0.946142370812699 0.107665404129787 0.479077515487375 0.39805087730292 0.375750799774446 0.534136548700082
0.48190575707094 0.911655127314103 0.0427154980833533 0.546524329978606 0.974305931867045 0.0292522911631844 0.319843564242806 0.195528167082158 0.340420464628892 0.555443506251039
0.973707030933733 0.447670210185792 0.309794874016732 0.984691171462206 0.997193435971451 0.301313874766255 0.657484181935255 0.482372177803059 0.933706385026076 0.641669938512854
0.853355369478922 0.872405492688092 0.269980027444103 0.935247061204285 0.999030688495968 0.539735473183009 0.649974304427065 0.484118798100671 0.984760737948044 0.657715035009881
0.829443269414093 0.469304178551675 0.423934037661792 0.933814712491599 0.995069903731547 0.223142382192035 0.643941314483707 0.428136739800271 0.953639104670884 0.687687837294943
0.0446780902405778 0.16937181705604 0.0993303529058518 0.411505532264252 0.983143969707367 0.0309888334513126 0.364885576441778 0.399471736710498 0.208575226084798 0.520596386010841
0.825663328142721 0.968556107511589 0.121738177783324 0.746553232890226 0.996668993764904 0.0660745109572066 0.567618308905608 0.406884717891653 0.866947158209711 0.596271739056201
0.44025973112597 0.450724976063965 0.201874202469708 0.714374415552345 0.994352520894481 0.079971269654865 0.549945018123508 0.374370122138428 0.955277774274911 0.529859742664629
0.904583730397549 0.417246738384939 0.0498350291516013 0.768721272462644 0.981922139727224 0.207046180990784 0.460141886022519 0.384542437033944 0.596317103238866 0.567949066917433
0.365303267403805 0.204961848232924 0.623693161594244 0.940506233991831 0.994097715259851 0.137547873597771 0.708314253884234 0.284247258688671 0.951852253654255 0.542160821908912
0.936139642435414 0.868887980534031 0.0732515523752167 0.870456293074273 0.987396205317571 0.0498779178782222 0.429470475244721 0.353341088918472 0.877611312078411 0.519575416658188
0.259410379457564 0.61093992355585 0.0918442863866254 0.591523228972166 0.953897079371045 0.0920001130483069 0.31524250044553 0.33061718489432 0.0833533027866606 0.472015989758897
0.20658786284129 0.669533635946179 0.152473258694081 0.587957008849989 0.975491551501757 0.0349739892011636 0.355851449256265 0.2828418010368 0.0488683810596043 0.445541670188132
0.385751160483287 0.0636478005964759 0.0677198051537496 0.133254956009863 0.850817222044984 0.00364575462858881 0.158284960167995 0.299602159355374 0.00469024718936539 0.411592189728028
0.593662102421496 0.930487507110972 0.137280018957526 0.640755353996212 0.997918821546582 0.318024333229284 0.508348408677053 0.477695247391463 0.928232663690684 0.540742515727819
0.779672209443643 0.955741226031001 0.122086991323921 0.854223294496426 0.977619956401839 0.0669485516691832 0.497490817896646 0.389614075517827 0.787863861138759 0.555834832920963
0.0613804658050216 0.047691406415861 0.0937232903544532 0.242621829476365 0.801997474664885 0.00210478002101796 0.158579714627219 0.233005581648618 0.00682630766008157 0.395215699082132
0.0792338798271044 0.385468971247384 0.0194981601044937 0.597456772696493 0.717797355318923 0.0213322553682189 0.186749748907761 0.23360649131672 0.0121812790224481 0.445435419240842
0.273835115434512 0.261656419084132 0.0847946079265158 0.544938622030276 0.969148346263108 0.0488335598618138 0.318019518214922 0.286196006326332 0.719673590213328 0.464042803471006
0.652642835513044 0.119237739388225 0.175991093178861 0.822395292590705 0.960011976178294 0.0138822066752743 0.293730344064828 0.220522028345152 0.205785737988698 0.406546518432251
0.389075881550231 0.618326900542677 0.0356748743437484 0.227832739386153 0.942667507114125 0.022637077597167 0.32261994813947 0.26576407538601 0.0221623530655297 0.544014403025031
0.792202795006683 0.706048606442878 0.10498200476558 0.614717692864963 0.996063465054178 0.14068181701755 0.536313304077269 0.340512064327896 0.953719134107149 0.697826938155696
0.553720597964363 0.946891043584765 0.0848838103499486 0.965313949771025 0.997193144291596 0.199168709864366 0.594225340099753 0.3819268153178 0.548812887702662 0.564858957029369
0.886273238975337 0.418428940483514 0.145214599138864 0.932940008587235 0.979735627673258 0.0957127966593149 0.628253680479914 0.403869561176555 0.834833030736063 0.58084610696542
0.662689296371608 0.255228514436544 0.147163756574632 0.737937124624571 0.990243065712874 0.142992626222251 0.464804525768403 0.402804589968389 0.668007344329527 0.668863953430495
0.703569469322252 0.345076503430791 0.237004183734494 0.977814074537555 0.979660758406697 0.0678642110774244 0.508732902059238 0.437619780422646 0.762234276005525 0.65019704963471
0.537825451318119 0.0839264065156598 0.126637636440995 0.758700376264988 0.753588408716448 0.0543938914586822 0.254261281526714 0.26030828070686 0.134997840549579 0.457590759616985
0.277444571033506 0.227171886280316 0.10722240039315 0.868566637344346 0.965513552896696 0.0706960911035424 0.499521449698534 0.365715925729351 0.769029755057019 0.451369477307555
0.629325171983915 0.240875937554128 0.0842708667852591 0.702882961311964 0.993535201744693 0.0499241000281054 0.548731262479719 0.372759861016323 0.900251675468993 0.565421145541183
0.459277289082162 0.609102037240381 0.153515276613856 0.829834709878032 0.982648399244683 0.117443755499968 0.54778322319519 0.320237342685296 0.679740690989312 0.561986782789384
0.0726364859941742 0.260311346556962 0.191789076227094 0.167694309492002 0.962475021262084 0.00964001787878321 0.231936306965568 0.2243273618563 0.102466908047308 0.332748749834313
0.941364771119571 0.730418043474239 0.162135900836164 0.707699387950906 0.980380878317542 0.064909537590643 0.463855241245136 0.310222499159959 0.626237441902274 0.544579869136401
0.598485652278321 0.0850107564749896 0.195200258930394 0.757304738371507 0.980180710351542 0.040081811353895 0.363166484644249 0.359659717069302 0.427535821814398 0.563974763410503
0.45107356852514 0.66741967577095 0.116804200198948 0.754717338575747 0.994673327787419 0.166133767949327 0.657946051465533 0.369567875457453 0.850241749038837 0.607958495686
0.834465297424295 0.638339673701997 0.113275200500852 0.906104067226334 0.988709269684756 0.173471944110857 0.421746844304631 0.339265797745279 0.644586097877155 0.603160195690112
0.156211640407409 0.768695604719654 0.209329721925595 0.936268394618758 0.987745791132271 0.149636412644303 0.402971828848968 0.421376873477286 0.780029673544147 0.698739748642397
0.798539317008306 0.712341485488634 0.107019238680178 0.925772825499282 0.997980776533966 0.152704928721856 0.562934041793035 0.391595849599673 0.736960252974147 0.653673370946979
0.764344892736362 0.157969649302099 0.281368482479228 0.596249049061383 0.988313680968858 0.16337570433947 0.574581048122609 0.318045730502259 0.345432132555568 0.491818650710523
0.300775119183559 0.559896127723893 0.425106019717824 0.520078054220521 0.986003827176182 0.0289026584302778 0.403645752826303 0.306299490231918 0.874850122198964 0.5363416999696
0.430517205301312 0.90869677083735 0.203925281843448 0.837065089036392 0.984033931821413 0.0864167489849872 0.521833846336121 0.396844415928382 0.505846388904125 0.484793730216405
0.579719787363153 0.632073176476108 0.103710205797356 0.515040662329869 0.893940118948534 0.0441415621453651 0.180951924746122 0.269545961137384 0.536980448220128 0.358485075947386
0.389040879691891 0.0302297652514171 0.0894108834465927 0.807236132080595 0.902002089656649 0.0361807310668031 0.344381070533799 0.314535148472628 0.158405124133868 0.610339955101071
0.586435986204908 0.520482037046474 0.0633057340447807 0.720600243714447 0.867408020987009 0.0620698666139029 0.417881948209311 0.33136851755884 0.179640605578507 0.467027372586548
0.769670199576656 0.718504102927517 0.384717751017467 0.843778510660576 0.996873619290358 0.252916622512079 0.683061585203719 0.440819734608455 0.85815857947313 0.597192167867431
0.0927769072044841 0.946015215097144 0.0669090581459342 0.570665744749877 0.655926149469108 0.0204834165272875 0.256848115618364 0.242275158045724 0.0302741152750494 0.537949200731607
0.135027330123829 0.453188488334331 0.0827284183055107 0.343439606658988 0.985328411622564 0.0440643872089388 0.419753317597284 0.319463053084419 0.263651890266971 0.611276144074328
0.811911156251905 0.913334308562174 0.125005174034723 0.58397989727043 0.958918138508647 0.0333531387286237 0.286228478217473 0.449393629280364 0.117266809538295 0.523352598675809
0.705553978675683 0.783611663778718 0.0377244104946752 0.770303837529071 0.980660233587194 0.06687638925263 0.472340872438136 0.392792695228286 0.57755998988542 0.632482169856428
0.879637732472952 0.407311223677436 0.346772375376223 0.976645362369876 0.997609402484216 0.301628139242997 0.72462878080978 0.456432387190143 0.981800517980729 0.622333093773539
0.968891961076408 0.677234881843614 0.297365151766896 0.971143994590772 0.999187317878711 0.650500051155855 0.697456470499054 0.495834891432505 0.984513719328149 0.66636214861127
0.175344574517107 0.256458998085271 0.123960850310237 0.754823950121569 0.990174499476532 0.0158197412274853 0.307585134882264 0.391629407297731 0.0326007263396996 0.372609704365862
0.617971169545979 0.190672550358352 0.238285709611125 0.910876570389519 0.994817768598363 0.231559391599615 0.684260818461466 0.424380721331865 0.868303751315288 0.620312643233742
0.671790681768652 0.151218450779297 0.219065929778725 0.839180201857551 0.967907297464552 0.2570583499795 0.565860919224907 0.33663591134211 0.921487675484576 0.482194593704486
0.563380337415649 0.833115990180473 0.279808798631766 0.875037719210764 0.996202863763776 0.330177294292261 0.553032567070354 0.459247066037419 0.911637264717494 0.652340521416627
0.839628637006916 0.751941480970948 0.0452080078611541 0.541864987001469 0.989272820842746 0.0525856009446278 0.496167536742426 0.336158926142139 0.187912004885477 0.581940578239885
0.797575978255801 0.336238379493936 0.198510234651066 0.881953236343548 0.990767935957927 0.198545415289285 0.511486660865518 0.325148273123441 0.912514266541826 0.57832153339731
0.200334899488815 0.378019001667673 0.241950603529369 0.781736810404591 0.976281169190472 0.0724450800742592 0.432253079427393 0.345168647575307 0.497159216615473 0.394326067425879
0.709725381399908 0.842660709177649 0.130486316679954 0.917293052322379 0.99808166069025 0.317363748711574 0.62351293824428 0.457928397229447 0.828366203116109 0.695462354663974
0.94894660402117 0.159048034127313 0.560270262918492 0.995005214940594 0.998534511681523 0.42551079927694 0.733497325648562 0.53523822067324 0.942894452697828 0.737473539674535
0.499584272732729 0.515403446891656 0.0858265299850146 0.799342752063104 0.850566330670321 0.0108581854099304 0.257377763088176 0.259401676939833 0.520716992331941 0.369060427264899
0.705156545772835 0.758638373216454 0.435808691581788 0.802141323387025 0.998309010828901 0.0982668099511921 0.611541040528137 0.387765867909052 0.992889871132365 0.643018903267068
0.330101635195846 0.352053991770365 0.169363556404233 0.745261242820575 0.852110251685374 0.00853357578443041 0.233436306487996 0.290190675569048 0.182317756526833 0.487238232728779
0.321412510861452 0.53125726343655 0.261207604789306 0.430719085502894 0.964727950948571 0.00986813292178292 0.401570189084955 0.237714398020472 0.238362518570007 0.477091769048299
0.95182140509433 0.928651374254194 0.56786757302227 0.949011189999358 0.999050090691432 0.318923747519162 0.68923688041869 0.397732258600821 0.991297300579738 0.778891746990258
0.212113541368952 0.101086850288527 0.0880699743004954 0.593253004114503 0.9395571098622 0.0280025764280417 0.347002511751028 0.341248559800336 0.188051919251767 0.55141994702549
0.533347966983002 0.378380982047849 0.171575417119447 0.786333397084382 0.982456463259062 0.0397968802900687 0.359199357636929 0.32426018230675 0.134028476470015 0.601285739440949
0.419329621098386 0.912595380933453 0.0784399855642241 0.764191706187923 0.989848183112335 0.0660025006568072 0.429189054083508 0.406923705531647 0.206318390343658 0.503269020249706
0.871992144981749 0.792078887633517 0.045668733068843 0.766114279181115 0.988579338871299 0.180458976602717 0.693656671587237 0.417328020962973 0.964003994664489 0.617136399338105
0.359409377636612 0.489221935419244 0.210676855632672 0.867097114130304 0.99794176803811 0.0625898852798478 0.472254359709433 0.388615019761641 0.652397765351179 0.620209859502762
0.261908609871448 0.186729230360672 0.16680128419972 0.902227305095138 0.901189269183778 0.0441587715589921 0.441347411621693 0.270287783135405 0.0289861575783292 0.553080428623594
0.716959604059761 0.948462366571155 0.15972298634073 0.738079408836068 0.987281461305432 0.295390922906611 0.527630577945642 0.392128844363582 0.926526851738323 0.597399254344712
0.320119471195623 0.853343234461617 0.226768930467876 0.753889020315885 0.990298351003974 0.0976070752032114 0.328679660091361 0.279159933107752 0.238868724240932 0.558384525066437
0.609028213197385 0.818648435471563 0.249993964217222 0.91057554824586 0.989027103182666 0.251160074613909 0.675191627221236 0.423641711561006 0.938118403416595 0.734991914422563
0.207299922594584 0.255154300323381 0.121334985950097 0.0947199422892822 0.489856534534697 0.011468163836881 0.170357163473631 0.220616200954893 0.0204556637966073 0.468654005014643
0.683950599727113 0.659115480276822 0.19856744203382 0.962042581870466 0.999353621212192 0.271727804094189 0.707477601288195 0.484946180231926 0.979398898624337 0.680460262841713
0.371671337074971 0.038548996636717 0.0208242074921689 0.274564695205606 0.941418056825725 0.00609525970704893 0.131722201673188 0.199549844949717 0.0198293633870358 0.443110787760078
0.962041821659738 0.601902958846062 0.270001823994314 0.762813553579513 0.994817260604519 0.521654787380225 0.533019217590087 0.41782532192092 0.958566731017487 0.646754218379867
0.745789641943514 0.567437819771683 0.241347508912146 0.641529093804127 0.98490129213698 0.197348052463324 0.463578451699989 0.429405845801745 0.533447225326034 0.602472294605631
0.888650639381565 0.76335622869495 0.0620205028989284 0.839849387864851 0.999075507159732 0.416715479523978 0.610698014707902 0.420606816945707 0.979682320739322 0.660123936407586
0.0839198381254122 0.295216849227484 0.028858313666589 0.369470232295311 0.796719281265612 0.00971430696983328 0.193789008264123 0.25632357560486 0.0024083232911332 0.447866383256153
0.790077177126934 0.887378035765104 0.227149945506739 0.974638056935497 0.99899029415246 0.405087779610959 0.66187206196654 0.531607762487161 0.957940133277393 0.666733768378482
0.261985220368625 0.354315123259165 0.0743351975943381 0.808886478004871 0.98959235260761 0.0364848776544222 0.316634063143735 0.34534514304507 0.313665189736611 0.517043739998337
0.827913014081917 0.905068838649318 0.1860075479093 0.84396153240076 0.995995317870975 0.265548195485749 0.590508798901413 0.422250623860401 0.924963595205405 0.575517757080226
0.97379134146584 0.714708472867048 0.341013445355259 0.493899705937405 0.99749112184333 0.312453282390503 0.543171023898758 0.391918169777034 0.956962377906926 0.772158433903777
0.731471572686745 0.991743365144459 0.532044669505695 0.768135349868323 0.996303267753076 0.0333385244732899 0.50513023248228 0.37839767984241 0.48582635925672 0.548270671958192
0.923098746261006 0.112000674699071 0.148503873310425 0.923871417841525 0.996518030755983 0.217827294238845 0.496196532361535 0.439674624617972 0.91616406346903 0.549863174559792
0.275986748082811 0.240872273387608 0.1402207649966 0.523091690017225 0.96972187464067 0.0206273851210249 0.419952094274703 0.389342492438979 0.241744363715952 0.592742846284868
0.428175744084619 0.949023746696256 0.193755611382246 0.795284300701406 0.987856040010551 0.08734673306419 0.545371765965188 0.378320061835793 0.377532119026763 0.643856043442125
0.738738585688327 0.368225250213062 0.115426915033054 0.683968510262306 0.967386906947214 0.0459430864408761 0.347492256645399 0.320866094023661 0.117563521418312 0.574998421884199
0.60471713477046 0.569297818215015 0.440764689892138 0.988506635035792 0.999047515058615 0.17308407151101 0.703749998861838 0.426609656663027 0.990684495106094 0.681874171981064
0.168436425950029 0.213824096627989 0.0454471851417506 0.785145112174984 0.793791619684685 0.013449582686756 0.267458117572539 0.267525599382978 0.0482251776899146 0.488312165053003
0.844214426583929 0.336015882845656 0.316622286099225 0.792690658167569 0.997626601678625 0.283753937948531 0.526775712464396 0.40722433900834 0.902719029111916 0.614203403022869
0.860275617142782 0.955505004330333 0.249626396361378 0.976683127344375 0.999828046475502 0.737416639217258 0.793704545554686 0.546959862105182 0.997276213890794 0.686793186296818
0.956723111407226 0.917509822402661 0.0794942804295019 0.733674265085036 0.996596935633576 0.434239595794668 0.489139863780363 0.468335386471196 0.959004074742294 0.680918426246057
0.484305091583308 0.507394262608993 0.06641564463684 0.879084357653107 0.985908777286384 0.110389140929276 0.523820700006006 0.311277218657543 0.326069615110158 0.57664234075116
0.0945204565587701 0.12663547808822 0.126513421897831 0.282917037772604 0.752220753608079 0.00448688883982776 0.203648248332126 0.165343011851468 0.00757873587927299 0.484476441953446
0.716115547198315 0.678231660986445 0.0329465849655292 0.941815672131722 0.951527074766723 0.0300963322718522 0.40791271080061 0.353993329532179 0.474015301956485 0.604428923624466
0.336200877121941 0.151173710637229 0.0959230889715683 0.0579265825639048 0.907838327879861 0.0194240276643791 0.206959610164439 0.167407955448783 0.21688650833711 0.495829404854479
0.221007211845707 0.970333462556477 0.137602924146913 0.838424118466656 0.976328089275391 0.0733059262815027 0.598063632324218 0.442106962881612 0.399808368779739 0.620114560838297
0.4872375861949 0.857809699783371 0.145696667681071 0.594578626232441 0.990576782645224 0.0965939234466732 0.450561578252314 0.372081723927322 0.307749319069941 0.623320505165823
0.894204208555231 0.137036193045839 0.212933617807169 0.812940723672173 0.985019937492951 0.167696217880789 0.490224267092378 0.468865780124074 0.871999557028685 0.597123116888756
0.848273240233106 0.639130716436348 0.725217258829869 0.971118122891742 0.999091479615582 0.430183026239824 0.71073445313416 0.430248052862174 0.964549455965507 0.79110710920823
0.542073628138959 0.768012249667853 0.211975403771567 0.968433610291245 0.998115900821941 0.114471017855493 0.656677455569723 0.415034492884605 0.996045324600371 0.627603386776267
0.777893942352737 0.305379077319565 0.126205764486194 0.810411200754559 0.974767582100243 0.0331854261230756 0.384517401238238 0.336333827074495 0.680673384530722 0.476142516664356
0.506030874445985 0.0598413977318597 0.163103212035886 0.220510195695567 0.975036135399903 0.0754468598764096 0.513825826018248 0.332853262724974 0.0956600217057447 0.463557929940887
0.206427150806124 0.0547488868192229 0.0987484321440338 0.914371240215494 0.966003130530073 0.0514232392464602 0.350686116332229 0.31780470623385 0.0956618247686913 0.506450766245159
0.219912770256834 0.885603367583143 0.101569425465296 0.223525147354901 0.85698007490408 0.0375828860837128 0.277482270982833 0.226957690890822 0.21417966897857 0.457785380726452
0.667289074460739 0.566962927369503 0.235119738086107 0.827352754670541 0.9874884525238 0.0652453470625555 0.402575625254987 0.346400149588973 0.750849784765009 0.61888258704091
0.957052546510803 0.959559788902156 0.213916033967427 0.963730477434258 0.999773126381144 0.542854773782445 0.781671698255503 0.478374726458427 0.997280774138997 0.700834292688567
0.139553653245732 0.339563376926927 0.338264059335942 0.345317543638506 0.965920089688742 0.00714450067657655 0.411746586508719 0.318658930109974 0.472680041227676 0.493958516481305
0.39881803470039 0.17984700203968 0.111080588428074 0.866769451773494 0.992527401846839 0.0764574143468344 0.453262625034618 0.352107841201616 0.1915187810503 0.511032773227611
0.14172411710854 0.55855233949432 0.151129599572465 0.930182011564964 0.994187746318533 0.139001047715693 0.465800678134309 0.451027494528755 0.890256637531427 0.537636812617129
0.623351446698814 0.683088906307568 0.400792931803022 0.370380367973305 0.996065261070148 0.392669991703853 0.558018083566669 0.471786867930419 0.964437670911424 0.699491949565773
0.971980378228829 0.71207028769484 0.13155507812942 0.968704006735524 0.998559727212698 0.615438856747477 0.597566782875112 0.567792824612479 0.998218250705804 0.628741384692343
0.382452966495204 0.977214309304375 0.314587817811988 0.912849081893897 0.984809256793534 0.288437712019751 0.350514238853375 0.326752289866457 0.436472320190382 0.706338285394517
0.497909534862582 0.3183457686967 0.0889848828532262 0.450653452169562 0.882903479534452 0.0303567418775981 0.371568678258036 0.300319843386918 0.182721274331598 0.465915750863832
0.910456184812088 0.467385122304219 0.227199971332197 0.948268832172753 0.997231711054547 0.24878778887723 0.554259590571336 0.357867881130126 0.876941286518714 0.565182351776687
0.76694920181582 0.89010395044718 0.170694187709766 0.964686138677275 0.999078389699161 0.162832567764452 0.499379251951139 0.470621193328734 0.927626596684058 0.630657436885699
0.77989937361788 0.563565415491702 0.207327658344327 0.652276151010838 0.969529067506339 0.203153254730824 0.589645986315018 0.379483483348115 0.912481593392395 0.566718704126732
0.120144181261568 0.52544715741385 0.0394991090918617 0.267132481039042 0.934127239581208 0.00262742504609432 0.174751070983749 0.192651537147344 0.00125526944881222 0.267733085098809
0.442152350959595 0.9217637680356 0.0281741915861009 0.97377719910232 0.988787079649843 0.183455191512271 0.603346972421799 0.38099554811239 0.764199777275538 0.536455268835348
0.562048285526827 0.833655501897922 0.036942908259022 0.838694521889948 0.991579822863555 0.109963188516188 0.489293611635249 0.410696269526138 0.598001295607494 0.591810890535095
0.339957829171179 0.0399017846541431 0.104451632587499 0.804539798094889 0.978251000165712 0.0206555346827096 0.249283731800701 0.297634854042628 0.0521468580363888 0.552602855638405
0.918486734055148 0.877006129456708 0.293702106616793 0.935135308290886 0.99823944874118 0.169515494025415 0.641898162693096 0.43156013671988 0.925073097922567 0.591409673064766
0.183196684231523 0.943233393373927 0.169248322891983 0.926695318894426 0.992344595726087 0.178815051256998 0.387431264309788 0.237685412532909 0.396326290321189 0.588129224352589
0.598391177472115 0.691445491748834 0.0687489917251114 0.612999031928743 0.992162964647512 0.0660037934454405 0.400832667829985 0.326396795244248 0.86263545452892 0.621822726180327
0.308103511967528 0.824458490878719 0.113369485189752 0.84155566724128 0.989442138683581 0.098670576172497 0.387101910564449 0.358779103942749 0.728447884461479 0.557987296282649
0.712569198978224 0.971280759162858 0.197788339132961 0.912615441099195 0.979827268125253 0.0837765142645142 0.518733460276858 0.410261399760835 0.562257041892442 0.695521811033414
0.784503316671068 0.710880833611462 0.180973151888847 0.936754914164702 0.983716967988698 0.0647365590838258 0.601567612944312 0.380893609526213 0.660115533247397 0.566947074622406
0.820547579413244 0.911720469520368 0.0664115934402885 0.947905555153813 0.995141240826975 0.208081345997275 0.587692381971458 0.584079826460494 0.834709743808798 0.66485473820088
0.947718520422022 0.367179492141128 0.258860812856221 0.927491982394826 0.997673579802433 0.218725390031389 0.645619113158494 0.428956198514942 0.885593880209333 0.679550644419329
0.75322962655099 0.309888823576951 0.113929354112008 0.980850864117795 0.998372741321327 0.135309549742861 0.672517646360785 0.420579370884827 0.923392439098338 0.623710981190309
0.340910626428897 0.984305999065508 0.17054063504761 0.881073784995792 0.999191836735895 0.0895284074558119 0.548707527132916 0.343747154185844 0.479827842223579 0.715615814783014
0.661642486356743 0.32442882889966 0.503210857163791 0.85759552766715 0.995955058144986 0.160652653358614 0.597978091215404 0.455052571028538 0.943855416804818 0.658551616758335
0.586082327105384 0.365346631008912 0.276433763235654 0.923518559465299 0.998533085681764 0.210063261548322 0.699929497631367 0.410955289445907 0.971736623035814 0.676178221240895
0.605644742975953 0.529484535647177 0.151395925916848 0.97488983477165 0.980392238807367 0.166130130585902 0.554034717990296 0.379554093225987 0.866788052715712 0.49958326326024
0.326633521205314 0.368601932437217 0.170129622320762 0.737453249524815 0.976123682118186 0.117319793556762 0.382929547959467 0.333513314295315 0.11080065480065 0.549840711806546
0.844796259054452 0.947926150744359 0.2084437149804 0.909754950220917 0.999449040556368 0.657828562637082 0.789569159889875 0.501520510608715 0.99576122039634 0.800615316854344
0.494667921464819 0.777059727936603 0.0765160057307643 0.899366711983918 0.972481441025109 0.0435272829195442 0.399011603043265 0.366234349725573 0.53393003267079 0.544553601087827
0.859423646420565 0.701566993436408 0.0299756398665594 0.363666999584553 0.985854179520229 0.0624270123201814 0.349351383787798 0.316768249090958 0.140109323696423 0.566524708737641
0.892355762244269 0.347448312298367 0.188485105580151 0.396095209586868 0.978379403923561 0.0344275101012983 0.423692852918777 0.341452194506012 0.650439672348294 0.547825368176008
0.377329706562007 0.473602791590225 0.121983220882644 0.685936977156012 0.96918563484326 0.0510218990023094 0.459489928735069 0.321926498739405 0.481078617697207 0.578798904760606
0.482594316944365 0.679413288811378 0.260437951487695 0.428715574822481 0.980792659133342 0.0375393063824033 0.4044381225082 0.257037813779921 0.17607421342276 0.497688616674198
0.659467857427271 0.829020023916475 0.153466329559494 0.88287356025467 0.96852065389583 0.029238271103299 0.274872828769121 0.310263435181518 0.0454635575118371 0.429808488016514
0.778626216279599 0.821579387732166 0.453255173989606 0.90518227505683 0.997903004899652 0.42620454895437 0.642896054434183 0.398759271586873 0.956583992464553 0.771606448813867
0.495785027281318 0.645526516129642 0.168981789274216 0.3668188871111 0.965207973563277 0.105059110357533 0.390408357923258 0.323279388453201 0.465871330074011 0.570686734989333
0.152670802783072 0.577535564569752 0.179009162545356 0.651888721544099 0.800491486869381 0.0264390924964798 0.338684192346421 0.25302504149324 0.107287302245673 0.525119642699527
0.644727445664321 0.65555934126632 0.0817826944629301 0.582501618601446 0.967844188078327 0.091224348747141 0.347327263213945 0.22405632982015 0.286222802133658 0.552544006098104
0.718864009683629 0.645800839152868 0.229154835978922 0.871972485109862 0.976513255773328 0.0495641527400311 0.53819090388088 0.419206979659747 0.534348909704239 0.636192114561078
0.682835527767262 0.866665536828428 0.185066604208824 0.82978902010566 0.996537897740954 0.292977850495757 0.518103086410385 0.410050738911228 0.885226456985593 0.689309086254424
0.86281419916712 0.944813287025117 0.248584221339302 0.934210577640019 0.999583540932634 0.691020608170082 0.667722476700426 0.538734638892761 0.998657893223699 0.725578743038336
0.319402078412904 0.30203404557996 0.126230508622484 0.725270307429005 0.961500941980297 0.0445544849774629 0.283588806996933 0.292500106212917 0.439337477031067 0.523773796882532
0.802361450348159 0.831669901644016 0.605203734789354 0.992580686768273 0.999364826132606 0.609723361474902 0.75201332770785 0.628490475384545 0.987517904215709 0.751505417207846
0.466955082606448 0.820185837139005 0.423553831177605 0.608143545553463 0.978964364358523 0.37742256242041 0.42410483902835 0.344752818072355 0.925776058333064 0.615584986840608
0.301501925636033 0.798185074446741 0.21244485305371 0.45053430678482 0.946873743033389 0.0305936788152032 0.43559000570256 0.242503971615877 0.286041680299763 0.440930127027406
0.758401976078064 0.306760102771182 0.177527782496591 0.925718912388695 0.963870624512753 0.0641434154683093 0.484284921609184 0.392503133135996 0.764085365484595 0.456944286002238
0.952739286522379 0.658534083839561 0.490249952239077 0.971250911924911 0.99950258645415 0.655200327666772 0.813305206757451 0.56345188557631 0.994067094258957 0.722752718314257
0.878188351200153 0.341064508521285 0.270760888762908 0.488703816192606 0.988992891274616 0.0528620218165086 0.414567789785936 0.400005235412065 0.536345231106222 0.647579211807705
0.52574853773579 0.920927199733982 0.0917104951430681 0.962016218519018 0.998571658419284 0.203393437944866 0.610400300683958 0.384027832530205 0.854670534707073 0.659537554700981
0.0513952826528659 0.248003614550359 0.108195962574716 0.442604733946672 0.973468873450602 0.0215493284132703 0.248675803216641 0.251100152763894 0.234420318964837 0.473604354705547
0.804413264360368 0.861291576845749 0.345703582939064 0.885360493459163 0.996117206525746 0.236305961580247 0.675033653682205 0.4479021311441 0.837201427035167 0.614084829226969
0.716862030003814 0.562051711975343 0.0860583481675532 0.572066755978759 0.928693174880818 0.0737953349329811 0.416484643327194 0.252470510520967 0.0798433234649803 0.382458380827257
0.761017226751506 0.272070077142005 0.374910548764976 0.982549469919411 0.996935188163092 0.503616404565272 0.622775334747005 0.480305408533723 0.956401622748945 0.68265256094583
0.30508631978178 0.860767587454584 0.310444358530063 0.791897787610912 0.948499138314163 0.034471423635142 0.227493704240683 0.305643614623548 0.329293986004725 0.624900196615698
0.176641091434786 0.346429752838578 0.0441274270255599 0.293136105232291 0.748537140284527 0.00889454237254293 0.223433080208749 0.219872230093838 0.0280699080195715 0.439365538259645
0.416894138426795 0.679767205085498 0.164025991210176 0.9269091200591 0.842374376103796 0.0231373093718856 0.320058081486363 0.298453464129948 0.0247183472033389 0.491064790701912
0.776237177580085 0.883783995561297 0.408188309703406 0.942568584068414 0.998260794670302 0.165390133166487 0.586009026726826 0.484730489661703 0.962563457482092 0.659328692893134
0.502681430804038 0.139301063544732 0.0413735624222413 0.326115798969923 0.989740130594816 0.0607364380749655 0.360419257220392 0.256734194129836 0.453671918465121 0.557858113335034
0.413400918080661 0.890138042788661 0.295237580092893 0.689228564820506 0.995045637681373 0.467077680083461 0.459139920419857 0.312380910818661 0.942970786471739 0.708864116002313
0.63861404411938 0.238513023336568 0.10231463311129 0.141483324476332 0.899568434674714 0.0080830763970048 0.305214007647933 0.258651500198581 0.163169547484766 0.439275359914077
0.892504337507561 0.628828488829572 0.301289243941802 0.803487822415371 0.992119973205006 0.196782222055413 0.663306555353323 0.43776646243509 0.889928132480208 0.613464281115495
0.144165254735927 0.676349016670089 0.0802699053034516 0.657972889301148 0.956314332903205 0.0192102783514762 0.239891580187348 0.281073502525468 0.0906803166322361 0.440186558921107
0.154296470268928 0.796864668675506 0.128538483536782 0.421273371323073 0.777971043105117 0.00609535056563982 0.233945231718121 0.266220162460451 0.0729072970154004 0.466114902120375
0.650677537612253 0.978400592637037 0.304056298530435 0.483778142582823 0.998073337576922 0.159884946352744 0.611409850988092 0.28905115341299 0.46710941061405 0.573801510144188
0.379726580220237 0.375638811001214 0.502537371351091 0.846855374366393 0.974634423368984 0.0846996875596736 0.586301645937764 0.362097269021417 0.840878827096726 0.619087633161527
0.648680032835231 0.811099150161707 0.156891048822411 0.551193926785036 0.965023578335177 0.044261853639828 0.333378213661752 0.363145574775712 0.24734324246167 0.56133988713339
0.854916645161716 0.9340768195795 0.187874751226291 0.867244819398657 0.991073043267363 0.0620598084962152 0.313691502107799 0.274264914939165 0.294082928513624 0.543033867340008
0.829555499784273 0.270232072434683 0.232889739032435 0.87013282283042 0.985023056400581 0.122790874831593 0.394929514939359 0.416336438696289 0.479903249292244 0.538287816746789
0.422815097171379 0.925953013491955 0.198761798617434 0.794272786590638 0.975626745131177 0.129824208202022 0.433823663230858 0.425520913923079 0.330757908733228 0.666830300630691
0.550896181378801 0.880875602976435 0.611364844042967 0.969729640088739 0.999111698331841 0.275689512976227 0.657813950059711 0.474031092956391 0.869615750083089 0.590844421281893
0.104788660312389 0.0850942470878484 0.136344244336046 0.34659626941133 0.867529274367114 0.0266721047301287 0.277794474966721 0.220768039104826 0.0257502696696023 0.432752853385084
0.782824154147196 0.556388624721468 0.233823884027177 0.884164697422537 0.96978116753662 0.102578206821678 0.611256599668469 0.502624174262073 0.877757333389509 0.619917076349045
0.88722023410893 0.912316343416375 0.223071346057813 0.916649484369613 0.989514891388011 0.281913394156789 0.599841698121022 0.48454460812477 0.587631543996013 0.554578190876821
0.963895623494177 0.237106546024833 0.0640961197744294 0.736833325960999 0.994124040048841 0.0849441008369732 0.563816745695603 0.51289899318012 0.696132264499643 0.721315699804311
0.151049470950589 0.22113035969339 0.207818169450465 0.833886635372164 0.97754971890255 0.096333439115379 0.364929867205242 0.383681065436953 0.50854531926167 0.669017777596442
0.25079822424496 0.215539642035985 0.144598472875583 0.370148291895968 0.974739990388178 0.0279797158357619 0.347488038667824 0.274070126800588 0.107450934914597 0.60160947686165
0.859617322881566 0.742573843562888 0.093204033917241 0.924245041150651 0.995539856183754 0.213897783748139 0.502914782369905 0.496090351534555 0.737966965821808 0.597415544526641
0.605175154626073 0.2359427413304 0.0588443589363685 0.667479657499727 0.959522153516024 0.0636577304043647 0.44720944438546 0.350626308333573 0.301324733910705 0.547169303033692
0.829800883014845 0.27862307743083 0.101097915053727 0.224849897610589 0.969498705159425 0.0195467176175925 0.293916179295395 0.302960982847575 0.176857796874384 0.541174648130126
0.475266990734079 0.12952949230381 0.498530526400404 0.917681877528636 0.994974288555918 0.104189970980398 0.507547074825097 0.324017235503001 0.964485464364768 0.683688129149694
0.499157608961372 0.176782998948217 0.0986695652323376 0.722391238941465 0.930424622396375 0.00474499613256549 0.158842189977556 0.200350292889601 0.0192812274297682 0.449278362928741
0.0934637558405837 0.827976427467489 0.299424816359055 0.580446704638708 0.982314095005738 0.0689711085535168 0.323699351249009 0.339517236074806 0.171851457805386 0.498417838527114
0.767624819437053 0.584314236270155 0.325531435363727 0.300995230695075 0.989773502445017 0.108629680903755 0.360662731171983 0.398469412678955 0.676228975006375 0.587032179605816
0.635245909894681 0.424834120857399 0.267669668694307 0.509886309716709 0.980702409874771 0.149180150867394 0.372356472486761 0.412128014364604 0.533647588962586 0.61521298700705
0.464667622445001 0.729436085022897 0.19082290883093 0.410139908880852 0.950480931139437 0.0306327973548362 0.340054867738972 0.356116491688645 0.0668341706540253 0.567329015151263
0.0797135289337543 0.244615464823376 0.41524320114628 0.134164574312729 0.974710382440478 0.0254128123761692 0.186772735558509 0.273011465030398 0.0612930471631323 0.481135101811462
0.4201193643113 0.786078155474842 0.553159066589098 0.835620070497903 0.999107449767731 0.335812415977775 0.58628032315705 0.427694165488393 0.842328304323519 0.546624550585715
0.114367371068715 0.500667155775575 0.0614582671726276 0.924662253201306 0.946266198067532 0.0539661530243143 0.467218399523294 0.282095094170116 0.143389343572153 0.688093104649869
0.820129734330325 0.790563360900285 0.222852835508737 0.638256914235268 0.995525998545164 0.0929035632176229 0.435270506616643 0.369192126750304 0.824806997644483 0.609145382197114
0.971959475719936 0.606988573791222 0.102994966742939 0.932288674626275 0.96093867601127 0.117800683602342 0.388418063810953 0.538473721888625 0.749927362794292 0.55656323962018
0.779953491142722 0.314787217363196 0.316780489595793 0.875935196055413 0.987598591347093 0.155694409449518 0.480694212886938 0.423690009394953 0.980975322379215 0.461991164555288
0.517436891993829 0.87460864789932 0.180336555383663 0.878010235039645 0.990311950039748 0.0397361066223234 0.383825492268823 0.399674712426712 0.505391804229056 0.53915471755512
0.304624671927256 0.890933148589773 0.0983418014343204 0.891367923466555 0.987759971816879 0.0390129086948802 0.359014762286802 0.3866952196653 0.197963007269057 0.533689957489122
0.422485479789523 0.185032172358715 0.200165494488598 0.0920501875208283 0.832898846059504 0.0107182709924767 0.359069500319793 0.260044818982285 0.286057194772506 0.441872361939761
0.613835988043793 0.961946138122247 0.201216624201589 0.896391415213552 0.99856471968972 0.404456077529141 0.631749960207337 0.519683082010344 0.913078471723711 0.730728326211249
0.580014115950051 0.887137182501488 0.115399274973845 0.944884515535659 0.989225574487857 0.116522633095053 0.501070217736574 0.344579204533617 0.778706602485687 0.596923556627089
0.253283086605715 0.779405359320583 0.15541950185441 0.877610081645542 0.994842451686384 0.216655152108918 0.41635706107669 0.372632058535068 0.907486479930975 0.640894490950871
0.0900905360566219 0.669417674357657 0.0438760405944731 0.326809010019531 0.833408091617777 0.0475477407720746 0.30557916819929 0.262787550537037 0.0375302520497765 0.499978058393338
0.137667901645987 0.516865906671393 0.0958641724504478 0.812390030098376 0.928369393634764 0.0214018785297884 0.391776446582567 0.275345773168722 0.0576781887276494 0.435286935460135
0.987019217144242 0.960204463411949 0.541568576485997 0.988989642261676 0.999844437980207 0.896412105011603 0.866429706113762 0.718548037025652 0.999693306276464 0.784656773487547
0.153595011871476 0.508461286162338 0.178597267758746 0.642728080539029 0.986965427273872 0.192254398975301 0.497567385379502 0.396499118801896 0.637422083037848 0.563930824281543
0.523712222016598 0.259218503515514 0.19542279365247 0.535334881099299 0.970644034645652 0.156322082132188 0.342173912151466 0.261997473730896 0.631042463134999 0.417635250268526
0.840972728058474 0.489022114991368 0.201479736886038 0.958336970210248 0.997281052851621 0.211287257358539 0.649751015072796 0.420878450138904 0.889873034809976 0.560517472117331
0.737527810773516 0.243173956666434 0.568765212511891 0.944583400617444 0.996348101709936 0.442051392584591 0.757721675041272 0.550250930494308 0.996171455612887 0.671227875695733
0.217211995088662 0.276536471140977 0.326995321757106 0.921704445252911 0.991452422423513 0.0474158092882435 0.298697290685106 0.370942980138854 0.523658391845997 0.457409405830114
0.367304818574756 0.33136082665539 0.193827922747347 0.836365761924841 0.938630406956002 0.076152861741301 0.499508657029523 0.269172120761681 0.854109298788374 0.619485346109665
0.425364550551308 0.660347415656356 0.192062081398231 0.730924411026821 0.997410201517448 0.0763662852430425 0.525676083992562 0.365151925467988 0.54951709597428 0.599500033833465
0.23150291067644 0.0889299851644663 0.16913851936526 0.933769247206902 0.929310997067053 0.0411125993203016 0.516867436899775 0.271341271603698 0.360636456557038 0.535839022570575
0.765859900597308 0.576564543517269 0.360180302539974 0.860354056126254 0.993121452397944 0.177367590313127 0.456262157866976 0.357221847253572 0.881850340866361 0.61171977989654
0.531243293091112 0.810632466413852 0.0434853976204642 0.694437868304326 0.991173433360288 0.153846931737003 0.410037098871175 0.368089411192759 0.597459566447644 0.679111603719132
0.16149389391696 0.449864444855678 0.0816308115594006 0.546437122996043 0.752273621483865 0.00689983301472035 0.204239076984422 0.228959056652703 0.00848823334759942 0.375476945528788
0.732260342004924 0.881467366043831 0.201304188309833 0.806376314795527 0.998320118763223 0.238204565548156 0.700488122063419 0.40144066941468 0.997530583755639 0.561050608137762
0.729141164054429 0.830400501195023 0.147665021839658 0.810453210067479 0.996640101977257 0.0904294341255526 0.446112881191324 0.370508409810056 0.440121433820367 0.469885024143518
0.265663440262493 0.343704869867286 0.0981130043270805 0.410216892768191 0.929966233444245 0.025221993927122 0.219295477452191 0.317932549996162 0.235619094125418 0.5084728825282
0.905430707220816 0.811274718969719 0.215052727122697 0.93001174116055 0.995566479863548 0.380972352775141 0.752354009753782 0.535235515000346 0.987730968040668 0.7307217823411
0.64189821680218 0.0913293954722396 0.16225477489887 0.959840422649051 0.862097075834941 0.0289849003374227 0.34511546006734 0.252029095809181 0.355914162886947 0.54279833049621
0.37132829860032 0.84192646821512 0.446569295217123 0.798990073031011 0.979474761678648 0.292704327972652 0.638401141862382 0.455759356374392 0.812275835916744 0.554210679700886
0.268077047589585 0.339366148382335 0.138574886386975 0.208763474968423 0.971005744864494 0.0164630386766395 0.343750367360147 0.345779817161794 0.514691602648838 0.487651060541564
0.625639710553172 0.624493908476402 0.179541867590186 0.861583882910908 0.994087765408312 0.266564298410775 0.627905809279649 0.361674364744148 0.809712908569877 0.676185498124908
0.31430680794151 0.0601010599208784 0.17596729577553 0.757947721272017 0.982634495484046 0.108046429955526 0.489793345097367 0.388289182785462 0.315492316663897 0.599813202332795
0.688404536549255 0.748950336292964 0.0657977602432771 0.723214892727438 0.992047604961078 0.040496724213639 0.366116850601632 0.299946474363543 0.0749268157646643 0.410416628801523
0.724607647082065 0.083198301319924 0.162477317019262 0.861018429771206 0.994667741228215 0.0378849714037288 0.502291310130924 0.471012648957052 0.883476927189995 0.666416982134289
0.907054577354278 0.685810349753102 0.321051454125208 0.986518108874138 0.984188094499534 0.0973793436869742 0.512804665610774 0.347090332514287 0.899977269412355 0.411786186233587
0.733620422809071 0.508313558132753 0.373326737306731 0.89773557413563 0.996128034282803 0.161736114245968 0.608033064645548 0.432902237737026 0.825401718580694 0.511515491981647
0.0130146857350997 0.280097983186288 0.0394290028550331 0.290330108214834 0.592538933297656 0.00572403228923047 0.112255629866257 0.17917325862455 0.000919846353263141 0.442638037473657
0.20927525505307 0.0944640020956239 0.0814918725682111 0.426467174926968 0.851606523846628 0.0142870829381566 0.305374375062437 0.212106750779427 0.00391962177780818 0.502870040356708
0.957505474516739 0.635708397108942 0.315507996729012 0.931374201846596 0.99986154559935 0.629676726318461 0.740011291462881 0.550513753616122 0.998027365360042 0.734805992743202
0.496753593618074 0.476319736290244 0.0742701390763242 0.872989095031673 0.995436370368162 0.252040337350456 0.581978631975586 0.306083865543006 0.839493822121599 0.6379130503504
0.366217313098193 0.342258085863088 0.0979530904216521 0.360642492948819 0.929607285433763 0.0946154961029813 0.34915880344835 0.270851907209107 0.0855511552329927 0.560404941570345
0.249673181200777 0.780349933621739 0.292574544584571 0.604832016608104 0.973495123228323 0.0211057321328645 0.386263804988624 0.328229040885693 0.137430096168953 0.461892285920579
0.234770127892944 0.303023320575412 0.105024764842084 0.480932778488651 0.890821406701689 0.034367874883059 0.275538974369415 0.243163910189699 0.235423765180609 0.523976939005252
0.472047397491378 0.916711841942381 0.0663350039080841 0.976023627138408 0.993569711464999 0.0497104066218522 0.515062456077915 0.453223674274261 0.875658947936088 0.544100628153628
0.596659668165478 0.36412701768465 0.248661478712209 0.956605411388113 0.991375155695789 0.154822678797542 0.417944507993082 0.4548199702887 0.545054420436104 0.601626055818138
0.398203184464857 0.212676556804513 0.0596673729085649 0.870328120245803 0.994205577248875 0.0771778765225452 0.393935058217706 0.389759709436941 0.382843526514697 0.536730433868766
0.11369483294277 0.0126785670883188 0.180874515458787 0.040669061757854 0.846340791747294 0.00912338759345845 0.246297555206692 0.301999347973986 0.0046782730799991 0.289745680031455
0.933842289169095 0.0986666332624475 0.0926455809409616 0.837308858029079 0.987441463409819 0.221983561791513 0.606721238555218 0.39651860453948 0.557160586390453 0.629606560094237
0.35526780698317 0.0930437712424493 0.0519759098097719 0.613295233207422 0.967868118064946 0.0262378869536194 0.320657401286323 0.318138581094266 0.0868751315545588 0.404166614869373
0.680120281738988 0.0740806152390286 0.250899080902493 0.453327381242918 0.993430534185271 0.0320602207687871 0.411548674390715 0.35410557365676 0.716128669351745 0.534359466051589
0.324842249212867 0.993868790018953 0.117782390528197 0.6345747455351 0.971441428850623 0.0704989522260481 0.491185674640843 0.308630553569254 0.306066500996195 0.485369587694042
0.515905434760706 0.827383452523359 0.214153979214877 0.770438136397785 0.989801761582878 0.0556665400421055 0.464071796932382 0.329912088246947 0.79445175144964 0.550518640820289
0.187030042272384 0.233597895226039 0.0693855841535135 0.439864282481074 0.950136129814786 0.0290280213161233 0.176110627126119 0.35039142132707 0.034394151929933 0.484543086293073
0.247473855118158 0.259839875656429 0.0306150064253778 0.358002308548713 0.519255990525092 0.0124546874102664 0.223256515169129 0.276061194211778 0.0445763306312071 0.350494625498343
0.40422265584946 0.182766149319315 0.227500351562167 0.784420846292899 0.977198083556416 0.019608248351904 0.275676749031797 0.259383636283121 0.17439503265264 0.570525607495511
0.0956426340162227 0.726286674011932 0.155416663473272 0.195825373040127 0.974609372072467 0.0836044222543836 0.423338571110033 0.316116063335117 0.503835561896856 0.455536322177096
0.683680480657479 0.312058824086086 0.134881004736786 0.320386985950307 0.981748468606436 0.0652676841556694 0.318075615639289 0.37972754524595 0.19291153914237 0.379074412386411
0.808741601384321 0.140874008826306 0.083063670094528 0.559809765482057 0.982351666919503 0.0195063619020403 0.277131087800583 0.306617612909162 0.441630785394656 0.447422141755701
0.777750402543453 0.910293547008314 0.386481638636112 0.902319556544342 0.9968558905924 0.263908116059509 0.643872598729321 0.42420751648021 0.705614632233163 0.687419649034669
0.257009446019026 0.324205293748729 0.029788892172717 0.638385415646581 0.959500670879338 0.0509361164834082 0.55342458010051 0.346760712670582 0.216687431767527 0.509336460051182
0.4094661582557 0.640151668030716 0.274940593183469 0.71074585336465 0.994840680131588 0.1834752782593 0.559277534916446 0.52013182528747 0.81714151117615 0.621202502041909
0.937589723137353 0.0853417987001377 0.216159654575645 0.937885616011575 0.996751473154267 0.168070062027794 0.523340896864232 0.437238111727038 0.988723476061507 0.672117756240003
0.618914709587085 0.831598961557195 0.127560198886121 0.540209556821925 0.989953671580921 0.164894579623525 0.421174568715813 0.433885224591576 0.693629618953338 0.493092457910629
0.593527782564641 0.6438259458055 0.384116635488261 0.850675125990612 0.996539630735309 0.18225503114858 0.504340810639064 0.411917127460324 0.750027517689736 0.608134906046696
0.711114708672193 0.858767177699441 0.2562711006608 0.545416277303849 0.999152887349155 0.315946215188154 0.566027114354073 0.489315083178462 0.973359514196927 0.647572340423671
0.712191251028198 0.239895258567609 0.0715314040592166 0.949330936518964 0.988832137220728 0.0560413625846609 0.562408349044379 0.427440878360316 0.798558881000681 0.679997713431181
0.61572436041161 0.291388522447534 0.0490545152006757 0.822443101991841 0.996031948782734 0.0849021766200439 0.422748102198192 0.338336335144708 0.566914178100044 0.49559742105995
0.81962709893369 0.663497172568299 0.179867387340045 0.865035699653851 0.995006772807147 0.45219732173004 0.409123369392321 0.390552603127076 0.897573907668127 0.692679267635562
0.134085218311345 0.5749085441792 0.0333351223350301 0.483607137160702 0.983564578817055 0.0219027294038888 0.233732571485123 0.250332581177201 0.220723271710443 0.46878367462703
0.0838247536037496 0.0803213392019526 0.235707613691319 0.620120339197934 0.965958228354481 0.173192492713361 0.415237202380343 0.260238392171173 0.10989590150571 0.503184869447151
0.650553684222521 0.725440903962745 0.178030313215481 0.969040388447026 0.999214573072055 0.248698339106671 0.60303028487679 0.401167079205561 0.971161859465436 0.69928482400353
0.518523150383926 0.361756230791715 0.093500429405747 0.740343152094445 0.94063793979587 0.00704593692670625 0.240655796488846 0.315660593743901 0.165616943625626 0.399972476170902
0.498309007024549 0.519861778668187 0.11583120234223 0.885705326749162 0.992476946162337 0.133179883669214 0.53416126196963 0.321891485212068 0.781377971232966 0.56031906609118
0.813143378868068 0.507402396895432 0.242003761987686 0.632433116048129 0.994706897980917 0.148405686674394 0.53332631373002 0.394923749522784 0.581346806110717 0.679690504217279
0.986417071183737 0.60847766812763 0.17000888070943 0.698826129227273 0.997400745380389 0.221913548966209 0.588818763006525 0.407962247434428 0.884330927106842 0.484956303432859
0.8468080625051 0.46858498719961 0.33279683653491 0.869793387654936 0.997523473119537 0.117918680440343 0.69138484459394 0.449336377072919 0.798568431579158 0.681860516515942
0.280747791946914 0.431997521184104 0.072088434385956 0.841768304181279 0.971520708982771 0.0186912749491153 0.419043686287353 0.297301937664942 0.22343079677878 0.546596768229729
0.48863944056783 0.230031379476239 0.27241825521948 0.650713112681107 0.989560295184751 0.115343968724853 0.363401532028007 0.350154898171688 0.64546329803711 0.444053531772201
0.915153309110663 0.915760266721362 0.410433750780555 0.989651809144137 0.997479503913132 0.431474224096429 0.732718823679453 0.319881228429174 0.961386946485134 0.687925413407141
0.269887685842264 0.228556971206775 0.12347265881284 0.679442131752034 0.877301706524211 0.0320394482362951 0.394870812635667 0.355695020113259 0.119854487569396 0.527369599640084
0.138783155473226 0.536751608004187 0.252693925552346 0.450268908327864 0.965412748487597 0.0286362987212826 0.255137216417391 0.338851669146869 0.246463257980946 0.509623914039849
0.522350947056533 0.33060428704473 0.19925772426386 0.651491403571098 0.988999959642516 0.135592535441123 0.482040396725011 0.382924164951324 0.85440059016976 0.637421509713044
0.607500798404709 0.542660832674949 0.0577859758326364 0.683609254900541 0.958375626827178 0.0222570903158962 0.289517013472995 0.31934029391039 0.10068593144046 0.413654440284598
0.962260525455503 0.963098954475322 0.0969050782358904 0.962760380295582 0.997487323733768 0.406375122728285 0.56322696146588 0.476574221236034 0.982646527961943 0.558579557546294
0.202842928470869 0.785796097869113 0.217639587324878 0.290878597748459 0.720016447702142 0.0195850082106211 0.276583066949974 0.277064981939956 0.0104053207876584 0.486085646062922
0.810548883371451 0.342761605716996 0.196295107555755 0.845381212343949 0.998491626933043 0.334869524267249 0.763653057088542 0.400507973797139 0.962339451689627 0.652271568567473
0.614612539087851 0.159977495256875 0.0526422056337867 0.836517819926879 0.881298646842819 0.0221691939689147 0.496522745385731 0.391839759987065 0.105322931741423 0.527820039924448
0.839390288447992 0.81191564219721 0.175935338153873 0.455047427801413 0.996638445553255 0.104059928303905 0.420344652256987 0.407154374420448 0.490952857718943 0.556018112026233
0.706989608753191 0.482407672898919 0.284697873240128 0.905036874124412 0.9761090361283 0.203743233920519 0.535594303057854 0.350267520393731 0.810429390419198 0.687266128338707
0.901194651270292 0.984444401055484 0.409938851866448 0.913218758803604 0.991201654353099 0.37223779956192 0.695763645412356 0.418715109169913 0.960320534455556 0.68364651434645
0.818357256033227 0.958731894003901 0.323999855596043 0.833502404723537 0.997550684304189 0.327715430626966 0.608315515940944 0.454450165584525 0.980301194404281 0.568819402908059
0.657915989929684 0.817643261404397 0.204177195147839 0.578432238578714 0.998084258451688 0.194242641621185 0.554611136903158 0.360130947968729 0.528525630073049 0.558338239318789
0.654860839702073 0.868319982529893 0.143167118227923 0.531929610749384 0.980213571816168 0.149636540110762 0.414060558385995 0.258171826620469 0.345543952813025 0.523520761677021
0.979420564210094 0.981278808983198 0.172183745666527 0.790590788742065 0.997763009416735 0.583386078885258 0.635712206662771 0.433491634312181 0.998180637289908 0.6818805917913
0.674739201500829 0.540345711048124 0.160331880495505 0.458377559773118 0.968566246377441 0.0493624070797986 0.329236985560366 0.24916197841197 0.294611722510924 0.510299085277862
0.0361605979630123 0.0982168552007057 0.190977215597044 0.934037906661469 0.912042907595854 0.0138009953223466 0.19354373085885 0.275976678660917 0.0369346727376824 0.396565517245342
0.0411352395446129 0.054888660934465 0.0312781410251857 0.1014264905756 0.746835944873031 0.00242031064253811 0.110962477123471 0.200538989212838 0.0272881095660372 0.463576573581155
0.94310143150839 0.635336629860164 0.317202410238585 0.75409282154909 0.950810828958978 0.056044526350093 0.50573769842899 0.289692155465843 0.318410101503557 0.509787429969569
0.396853832787963 0.0997198824189469 0.151230950696257 0.352120071928437 0.897624406334079 0.024219517318023 0.180263760134704 0.231074813784962 0.0613358218335282 0.403483215867345
0.731613768543586 0.767399251075818 0.259212115245706 0.501132421409637 0.989658322769336 0.21103385914241 0.494050181777347 0.358721326071707 0.803246366651318 0.547318869800579
0.694754526657446 0.912900745556269 0.235925365707048 0.556967591835875 0.991901895483582 0.106168435797537 0.544685953586856 0.437027147806218 0.643144901577474 0.533013965533554
0.950400959623801 0.827889497248396 0.182349371079011 0.71845634184205 0.995875637623261 0.160528598319299 0.535340282821049 0.453781991957661 0.655437370375239 0.662955896611604
0.540531962337161 0.746631170552453 0.171195069803986 0.894427193689754 0.982589352832069 0.0304876282608693 0.49075025621312 0.532782061535687 0.935149129650557 0.522151592423053
0.642422197058659 0.911803801896892 0.08833629517891 0.915444689861878 0.995309260120196 0.193504976678706 0.490437762935745 0.352571740197707 0.892147550258729 0.578910113110292
0.276330380922931 0.261832095424925 0.159791633488187 0.655741304851589 0.918326089379765 0.051412731447367 0.284909578430903 0.386757352868196 0.0471937356005248 0.575428468115064
0.9824829437146 0.93879441456749 0.177360143936686 0.973223253535073 0.99951475703552 0.560083315362036 0.6492275985208 0.544152714337378 0.981420200540524 0.783387822616932
0.720989951524882 0.716810135538288 0.145483318946876 0.585143840957467 0.983876586717339 0.064537536071987 0.379564591220306 0.383395146602848 0.220721664924872 0.601327166998773
0.548677037036265 0.857861663618147 0.0684129703281454 0.72890100902581 0.975522214677178 0.0767190610702664 0.566787772540816 0.359531563512466 0.69423984298935 0.626797468949542
0.276944361383574 0.198556077271483 0.024243635171698 0.610217064647119 0.844817134406059 0.0101166017423018 0.236969138531179 0.268784211135419 0.124456155602485 0.454275338489233
0.0271383638595132 0.382702574258934 0.0958639112171276 0.706983146276719 0.913873956759635 0.00880576263514019 0.297385740823157 0.256323248757325 0.0815436843604191 0.527167702051905
0.0222247473400935 0.0108763680970506 0.0641221561060182 0.24755484896855 0.871003457696208 0.0123651875732326 0.159367807410884 0.197155756231868 0.000282455360532053 0.459154515522203
0.0739466027178299 0.242030063197863 0.0253415016203535 0.232789634688978 0.93717856132027 0.0092829940249922 0.228083218767949 0.283894656705718 0.0521936788754032 0.491998950760194
0.137993773406242 0.127091714255821 0.0310951157557037 0.341345856789185 0.766134539791994 0.00451921008328921 0.155842123945685 0.251472952818012 0.0134599877650902 0.431680971794668
0.439986375835538 0.804775228358973 0.110138325875154 0.791215731241821 0.994848397549792 0.0889607916968445 0.427218811078299 0.36672135935143 0.954521519968764 0.579747971306262
0.318588415984946 0.156300246780586 0.0754346772277702 0.776164000215157 0.968297861208571 0.117291450977623 0.488439831097132 0.308279323289105 0.541679473805418 0.648095151209303
0.462689459865152 0.869342821447699 0.13887778497476 0.424936734668591 0.946625184195133 0.0348986717617 0.349857854222274 0.284032387292713 0.371176982929977 0.52089946180255
0.347575185419421 0.181829330005307 0.0796335126976542 0.367470104074358 0.983511061968295 0.0695310942029749 0.314205993007742 0.363575678258354 0.436387420283313 0.637233297077342
0.749937743711455 0.629463671029948 0.168381590705706 0.976330611758896 0.976332531001824 0.285547959835381 0.522000843085591 0.500961419222351 0.971398898019465 0.576874628539835
0.980951056310766 0.369725172329505 0.463960148209821 0.969247811473332 0.999671557222288 0.282567295817323 0.779426966483315 0.577299074205455 0.994456286302549 0.736233917934409
0.820249599031846 0.338686357672397 0.174010279097771 0.862777620737808 0.995391298816455 0.254981989814168 0.57032997767438 0.408453549598837 0.915164833246077 0.649525809100783
0.622899825477438 0.151526236578614 0.112155743858128 0.344293415884122 0.941030471213969 0.0673557316583737 0.307791439729954 0.261602725392626 0.0981374608826261 0.472523332474073
0.749897817233472 0.447273677525032 0.183449088066244 0.502779756358374 0.997240220459365 0.272117218507408 0.607828368175676 0.380066499586965 0.673840299856913 0.653724952119409
0.847972429303491 0.547035503419262 0.246719207278513 0.99267224594117 0.992387954304776 0.502427480450672 0.583643338251845 0.446158181247793 0.896512025617975 0.633171118832222
0.775241587814385 0.767258793056514 0.267808514773776 0.92381575788753 0.992703610401329 0.225735176823715 0.491778544450649 0.3746428430357 0.482646059092459 0.529920856832906
0.48990755243217 0.783551259670058 0.13425883715297 0.892699148894866 0.99204882039342 0.110546928419641 0.531702996956611 0.370751885231059 0.451637070982852 0.516460433494859
0.506563630434133 0.366653554872798 0.208287581813477 0.693478340234637 0.96660004976243 0.0390173252441767 0.466811075194253 0.352741398967282 0.531568233581087 0.583208825319815
0.527542889068173 0.969283184655465 0.091590242083008 0.80328102204743 0.955153835783199 0.103509052578933 0.295087008483659 0.248438184966561 0.608114571495511 0.456228606698709
0.403887601859345 0.490577720734812 0.151321799913703 0.579850440269342 0.971873769642954 0.0129070430650228 0.36955479084889 0.275004288560172 0.150103027972324 0.58950618707845
0.46787303060142 0.735961298772422 0.157390150604409 0.778940339023661 0.990183423589205 0.0554522517184009 0.438050251525794 0.166158753394393 0.356730103332671 0.472665744767311
0.961228798662732 0.816430716074211 0.326972696474509 0.950169600355215 0.999066039336267 0.211399217342297 0.655528853882785 0.303012200731525 0.827555304466969 0.627769730512083
0.544083864011344 0.640864800910386 0.255793701697494 0.841308296234503 0.98446953664785 0.123693120803982 0.562940844547731 0.33972814880948 0.800839016324263 0.618548750034905
0.911478005926698 0.620178005600775 0.374649226514709 0.976911976197628 0.996807562309491 0.121034502092325 0.743833313943674 0.438683171744214 0.907727806198858 0.589387598247108
0.75687704266983 0.522785835014822 0.0574049152202712 0.648141529552023 0.975796406443758 0.022474050547931 0.261649504671495 0.363512581505241 0.10078816008696 0.426090568559481
0.681315015399051 0.654285074024168 0.154793422792458 0.909568172786152 0.993507427727075 0.0810168464217811 0.525965675292908 0.447623089132699 0.782746021809475 0.57056920712923
0.895319289162944 0.413531184698615 0.2362347778285 0.364828323572378 0.990306830643233 0.0541254060855978 0.520811995098252 0.258515578758557 0.043011289310748 0.522040273105101
0.641187440403391 0.973074886215621 0.203001513140763 0.929517438050202 0.997932204118428 0.280574080763842 0.46269603430389 0.508732929351575 0.947058531387986 0.760924411509584
0.169093205281481 0.0958447137344321 0.110407609891573 0.831580945812935 0.993210566970031 0.0273518120144784 0.307872447406775 0.288049882780824 0.63699738617559 0.474700368430091
0.887270125398867 0.309461567327905 0.844611131518107 0.984887147944606 0.998243386595883 0.375167262792453 0.767374289347852 0.423760955484991 0.961458732584323 0.638334867909675
0.971605649191817 0.758910850247617 0.63193154487625 0.953660659608187 0.996662095292058 0.379484365631531 0.568873490100936 0.410848140002062 0.8010440389861 0.636418044903119
0.501448013007823 0.0450985765443099 0.259074193053867 0.782708811502997 0.988647617164297 0.0947890647366842 0.493423510879493 0.354401672376927 0.740735475145205 0.629728478159268
0.532479950126347 0.104266184791558 0.168019660430543 0.70468560658582 0.995255822863363 0.0683565212454884 0.563602306466883 0.412123593024936 0.89784146760713 0.705851422393153
0.573444662112452 0.758858658491214 0.111527801421129 0.912007871673299 0.989955742310549 0.156663846493259 0.459497966123866 0.363436124934184 0.844577979301696 0.69113437245052
0.460147043476414 0.2756721767784 0.147298300081235 0.777196568314747 0.960684891121231 0.0290768565110563 0.395440196460589 0.401795582243008 0.569368276369627 0.529705461063739
0.0711075174350306 0.0231503260668681 0.181059328973085 0.409039706113183 0.939513698445864 0.00504434753689742 0.208331246831963 0.299993252493951 0.0231658707062672 0.356627532692077
0.302883367244656 0.709023555961466 0.158479070941723 0.703664470238323 0.994310047086379 0.0332177892663363 0.399253700943032 0.252925078195962 0.205474964133986 0.628153400352207
0.523972337189883 0.975204549509964 0.303739920624228 0.877434289724194 0.990398865661137 0.0951218652063942 0.455100988548985 0.314431657127877 0.8813838663885 0.490613475310294
0.0330326708598762 0.308771079787703 0.0417247127218614 0.561558020204996 0.806007912410372 0.00334450435074748 0.226495822338598 0.188889524791026 0.0451680120187958 0.523181879418519
0.35014924373929 0.670570221706149 0.101307426106395 0.663828437160504 0.984089782201425 0.0560394554226135 0.407768920283897 0.462558124187442 0.762915017387571 0.608905396151295
0.450835883428329 0.501627705229793 0.135625669872504 0.840731504977922 0.984654162769823 0.032525343606303 0.349703928963839 0.278975447746415 0.40905217018298 0.571963127818169
0.422926917640178 0.499750651632795 0.188515207206055 0.858642369149726 0.990415124453424 0.025567880332629 0.421530120688933 0.370917557346008 0.430410628690035 0.668868241490274
0.79975720595193 0.716920948500378 0.10621736788174 0.834416428735857 0.989752612193829 0.588393492248586 0.681503356593498 0.573076221181798 0.976108497120672 0.559595460376285
0.942580539115312 0.566965574354962 0.326916242589576 0.972703345313188 0.999696129225819 0.263647798063 0.643094369370633 0.554307240298871 0.997403105428196 0.59975743457185
0.325975126372937 0.452165645458566 0.366156134066109 0.976946402270807 0.975635030669187 0.160883380661042 0.519564284688965 0.392172108673 0.936656554474561 0.550617653059103
0.466207401681449 0.266714780535189 0.0892210228294548 0.86900138612868 0.992938333255361 0.0581461701250665 0.453103204454011 0.350286435633065 0.725447163079197 0.600033246282389
0.422193123396361 0.22125420855238 0.033586830161663 0.726414882931748 0.987726367084764 0.0759196807760579 0.410091189018075 0.303449452657248 0.504564519562583 0.548952929453393
0.639239781595754 0.91869454553856 0.0618953910972586 0.739601179776245 0.991134376779952 0.102705218937743 0.43665769799644 0.301603737565888 0.4655250298123 0.45044572179995
0.848485455560646 0.617158316953752 0.0806157598697646 0.60383867247036 0.983320817532406 0.0628313789366302 0.502714185446095 0.28198913352518 0.488552603990348 0.606468346744253
0.719989294923067 0.701140549733933 0.239406327468061 0.708321297094813 0.993966768819789 0.128184643429604 0.510013899135576 0.328605815739684 0.49833638753813 0.62037270746421
0.466595766834277 0.920143698548016 0.154533628254996 0.952178199176746 0.996890697202001 0.207969755954871 0.636132017237974 0.461409976053385 0.933796396328121 0.609004970229267
0.200649094263905 0.570340862848334 0.0807876991850313 0.610529275592225 0.982376205270705 0.0626995633581918 0.39749243432916 0.283350574624135 0.726977947162642 0.545529151643335
0.899799967782188 0.513558632162555 0.188968249930784 0.727678150686371 0.976305757761742 0.0405168697223177 0.339326677307377 0.267022242944878 0.837098020051217 0.562879357420167
0.0893752081839993 0.102005138262461 0.0358419786292741 0.573516976038701 0.886488641459657 0.0275872175783044 0.219835015436576 0.374966150827691 0.195218450320723 0.449079917746692
0.832880358610557 0.207827105507779 0.631542503791189 0.901582229419635 0.99525907694764 0.0760977472068479 0.514905653040131 0.379789045964716 0.714570004225184 0.505261313661353
0.926991611333192 0.944859334335991 0.43253394592155 0.963701814587709 0.998182841065901 0.302309497040304 0.636171939972088 0.407512403164136 0.989026381615803 0.725800197192666
0.723871181013972 0.869289064114628 0.32557981184614 0.957778880189004 0.982039483361119 0.175626757187194 0.59551099893339 0.413539555241212 0.89817317711155 0.659216119732654
0.984742412132649 0.946036001078108 0.138264938176819 0.868522751437166 0.99840890163871 0.345883166385753 0.588107134597946 0.492369923948421 0.979938123092661 0.613717137935628
0.0566574848174869 0.117990791743968 0.0634941143827551 0.417167432287447 0.949441363710562 0.00790311397675112 0.266410880838128 0.247187217096574 0.0793933264721283 0.489489468881158
0.139110318052414 0.514463172987649 0.355358123684543 0.817437514836041 0.954177306024141 0.0401491655121854 0.399109700664572 0.265420860421969 0.175318302202942 0.572756357915294
0.508786846028228 0.913639773871694 0.187359981940337 0.674872758650096 0.986791698784319 0.010067648686668 0.322356141492666 0.2774499247481 0.38478708552618 0.483948448151415
0.83442885042294 0.765757101596553 0.404199783285493 0.946226100760009 0.999299380997519 0.518458286415852 0.836120528556214 0.605580093856028 0.999105861788676 0.689957566677901
0.766707417685746 0.437019177161358 0.328850401653365 0.741751226567024 0.997649031195822 0.333762151450655 0.577718812463842 0.396446118847022 0.617616748223113 0.584749602263694
0.0105744630790624 0.2086659276424 0.111474200099004 0.400501742573038 0.958115679771731 0.00305704984830973 0.154694436415209 0.180320048952934 0.00446763927891356 0.512845344264229
0.675954463078272 0.23279606981882 0.222602115997362 0.636636705323333 0.997463258067597 0.467383969782515 0.701799256818564 0.317324475773148 0.941921381134971 0.654580109748796
0.718971521818553 0.984375139827761 0.215765981977586 0.943193733674437 0.995435275644111 0.365371428633327 0.572328822462514 0.484059248733487 0.943878109097628 0.61922015808515
0.247309787330962 0.0214543424925182 0.0885052586206504 0.463375390887526 0.987181390523654 0.0379814438150781 0.467675527880403 0.328560514476466 0.158445905783737 0.539383372283661
0.691699143557618 0.834644843122838 0.458081021241102 0.829869550365788 0.99184030788266 0.0658049682335949 0.445430975106444 0.349460231413705 0.782467693549689 0.531174119519667
0.388990898443521 0.710128889153267 0.059606459724976 0.579111858983524 0.976236881863858 0.0841583363859372 0.391581807222311 0.387289193613702 0.407212842097549 0.563606640494877
0.616525474099797 0.860957680460369 0.180626577723511 0.959080823955227 0.993765775573596 0.367454591616183 0.57122381068016 0.356322105708856 0.932152571329152 0.667686669889698
0.10772774432395 0.108795319494999 0.0811891139686658 0.0662645489493324 0.407938009502808 0.00399419357762829 0.15163405403939 0.173245750196647 0.00356262628909335 0.517624474411006
0.61762041774204 0.447702191493887 0.256811137871003 0.84915540954183 0.979753464081924 0.113831107080271 0.470944386175688 0.394637836757712 0.670201168888255 0.549419923415833
0.882685648620886 0.964890784934533 0.345852664883344 0.96741230149586 0.999352257143633 0.35513889997102 0.762050768432546 0.491342578291472 0.989640852585628 0.708133291322565
0.113439656545118 0.62247069210321 0.118631745260462 0.439238761099445 0.970397499207545 0.0113780099760984 0.269305450990009 0.316039140687593 0.754950231381765 0.551298005128907
0.662346852612159 0.848667930007822 0.0989892596542922 0.657743303399288 0.994975938694952 0.114446530115809 0.379096654119775 0.421065782670059 0.52233042487484 0.526256433431043
0.286955575640111 0.291507714773668 0.151126965453383 0.870945719209218 0.984832048015775 0.0598702100675507 0.290892793635213 0.36135350713146 0.785947756303772 0.748296435267751
0.228053118157536 0.467173050773274 0.0415202190384796 0.750304299654417 0.782398454906864 0.00724973648611756 0.260347913190664 0.258297811935934 0.128324382233159 0.532708044982024
0.514374713819014 0.268553481382142 0.0406478489981175 0.859723291424471 0.984728157527818 0.0474400491752829 0.299172250686126 0.329501288350494 0.331740188318477 0.426455557173455
0.260642419052287 0.798779630562165 0.0909160782991389 0.79775773822732 0.8338457686085 0.0528001129385896 0.513881157735101 0.28794126794398 0.246798784851011 0.48647365906017
0.844660868050925 0.492979593923767 0.150533181589984 0.918297965790278 0.966413753673682 0.164798954342541 0.552455313289568 0.36178094629793 0.801989230061215 0.72377867577114
0.642876694257737 0.229617826447422 0.0879516036593695 0.839119037510782 0.991544983841447 0.210727305755355 0.431675314552307 0.414830575624606 0.736155640938279 0.509386178395014
0.236357351682402 0.315146812820651 0.148927724850091 0.691273778948005 0.970231255923815 0.0362094120250059 0.45506472263106 0.256346583988426 0.0711391243992638 0.538599206126899
0.737209992118812 0.248351176743389 0.504409198661804 0.948251086325442 0.992898231442485 0.256234899293783 0.692898536546135 0.460060378344499 0.986315339159999 0.692061510772296
0.0783294149641699 0.21721725855622 0.123513110259465 0.393365312182208 0.956211263306966 0.132056729330614 0.295694050608103 0.284599707838401 0.545899163624701 0.625206817164482
0.802230845393003 0.772104399375476 0.180383177942324 0.917792500749217 0.996838935374314 0.151465328389463 0.577613373035619 0.438494397647402 0.808694955567817 0.501263740520684
0.464702484108036 0.154288822664027 0.234654477336634 0.533443103403584 0.925249757860453 0.0552206904225945 0.410466888448793 0.30535541609497 0.204662672445875 0.512770239020036
0.105982845174054 0.355193072552391 0.200786540661677 0.615041701192575 0.993848228519638 0.0342100398931922 0.494973486216815 0.372872551455544 0.646450241999986 0.516376099919579
0.879504775392007 0.533792422433443 0.117756865326547 0.843809792097414 0.969214457377705 0.505700303121331 0.514439692536114 0.414676532487541 0.954909716716047 0.62567897252975
0.979029374600186 0.961720144502004 0.170716438006301 0.942444733966728 0.999260921220439 0.61432833011263 0.655231389709809 0.429911338827111 0.825002171385992 0.702473074989875
0.944780975300967 0.951567665055494 0.138872504332992 0.975033120734791 0.999235823215425 0.604498454650912 0.736740097501703 0.506066121367635 0.995868461864334 0.659493877163861
0.19670323400993 0.722111099963382 0.323853320664733 0.644576285592074 0.985421096549063 0.024413586313058 0.403809033974022 0.402604744662086 0.757791060110104 0.52843345542438
0.181185121079783 0.60243179374021 0.0350424250278861 0.881286800705221 0.951635918973051 0.0160645319809122 0.409870780490989 0.354310902355504 0.396953980075708 0.481826340456178
0.838866443897123 0.716031756711216 0.179626832915568 0.950313666394313 0.984946615644612 0.0852452342973757 0.594013064838638 0.373576873695755 0.651186151848167 0.595701407408795
0.957532330019291 0.461850973000512 0.307845249456202 0.928720082527395 0.997144866170966 0.3184280526679 0.698940024996129 0.495469961198569 0.975021256155957 0.678998363467761
0.652543802091954 0.687962670208404 0.0671511045094639 0.902851716518193 0.964963176910532 0.0604485633630765 0.441032136673241 0.274794994315028 0.0836682838178466 0.512261428167526
0.422275468134421 0.154004611449604 0.0676891383379192 0.72923586199547 0.977806425393057 0.0171233348716545 0.480342180856436 0.310246133815038 0.221012307842415 0.390514398600707
0.854618496896014 0.648283380261555 0.199974919095005 0.722176411785972 0.994007783383386 0.125371749304604 0.444701988868927 0.3703170051589 0.873190365737132 0.611447867377962
0.237851938143672 0.0770545919750741 0.0891102026392333 0.479531383468682 0.882681312488481 0.00986295670984141 0.299951139078295 0.246201210428229 0.0208446829423806 0.449499182831922
0.506788324541893 0.0719371998437288 0.150326051679853 0.631314938158793 0.894884052061728 0.0472121765177907 0.288728090298311 0.403758184976688 0.176101469482155 0.537360725853849
0.758453409151653 0.37124358060124 0.0894478405787219 0.59175634485701 0.993645239872116 0.0261955047097092 0.380849596738788 0.454262351871522 0.379719116723199 0.523437690874908
0.383837264431657 0.170513682851956 0.0960480460318336 0.615970342085292 0.956473608254504 0.0105796408428172 0.189216727658817 0.263627332300649 0.0343298331503556 0.493194071619434
0.127460504709764 0.0977487633146109 0.0509268038367485 0.913428524039208 0.989730019910136 0.00711633319365737 0.331421839382238 0.334962460009088 0.0872424863765385 0.516107675495611
0.237704833635663 0.0451602919734781 0.132990130802232 0.637238467304646 0.926312147495397 0.00352307563799769 0.25301471450002 0.316550846435559 0.0492849401138357 0.350144097939118
0.455340386464743 0.253702359501049 0.114602096938252 0.346884504901371 0.901583265488535 0.0192198294375933 0.321944140498815 0.319138865940867 0.255092332907492 0.531591778342913
0.905099261930663 0.0148311274180495 0.152292811095258 0.952365815377601 0.994618635637266 0.134788454853084 0.610216176182629 0.421595432262005 0.760454016372241 0.562379849361359
0.696119973500376 0.763139355513527 0.134562166190859 0.721327691919823 0.985111870945347 0.168520367822827 0.553486561834598 0.381748826844759 0.465817262389843 0.538390877544116
0.692999323890162 0.17736767569915 0.0657381982257735 0.283414967005346 0.970264488374407 0.0137765261914798 0.28479691685092 0.273147487386428 0.0254223918272094 0.41134077703164
0.262070406043455 0.569263555029174 0.0791424232538592 0.430709181779343 0.941051427444584 0.0341980185914328 0.346734774417749 0.314235753977417 0.335727492123639 0.48040427453258
0.922814733179198 0.527791658168213 0.44425033316649 0.98598217621668 0.999467809522645 0.346515100260275 0.572371218007096 0.349889279569627 0.921139260708939 0.557406644680064
0.722083090298027 0.0527884884149654 0.211221111403271 0.884102540397247 0.987444828742118 0.0662659690089765 0.39251195108552 0.281303914491506 0.0878954886003043 0.529400745385152
0.278242703890861 0.315956950373935 0.108782339481536 0.738332950495579 0.960818475981955 0.0252939480303428 0.327575976861506 0.307256965580793 0.643838778766835 0.547382299066641
0.281262054453322 0.95026407426618 0.111038178080974 0.833945658394184 0.981220929124371 0.0689801279596518 0.422459210448315 0.348013653094544 0.27066340883349 0.629637425223371
0.653120499661858 0.582269146663964 0.0278601491016247 0.940048759492449 0.977655798096819 0.285757054126223 0.432010082730179 0.342910944682662 0.115398575953808 0.494224104446851
0.282373689240181 0.974182654092899 0.202575308655631 0.930512771584403 0.999226313692945 0.434550627145947 0.72324600469893 0.433287874785614 0.982408356325176 0.738405855883202
