0.793981433817458 0.178031974310335 0.054820912680428 0.734464416679025 0.97778315006354 0.0318593246707784 0.370195573377953 0.30228255910401 0.252571802107116 0.644712477898427
0.743624156047972 0.507224503989628 0.113324009615299 0.319666182635699 0.98561645855052 0.127616863907018 0.387992076065169 0.300636345634867 0.833379931063769 0.594891062652713
0.988231132263948 0.839204516059329 0.331178463828711 0.980521982757951 0.999421473363969 0.690476275270337 0.841962807132961 0.543115776084589 0.998392058131748 0.72391733915587
0.399156803074224 0.289997473384999 0.0621200673671439 0.702552477632828 0.984709848969729 0.179926237502282 0.491177534116399 0.414386093605398 0.909732319912512 0.643480188597953
0.748547165515079 0.763570044308077 0.172064513011695 0.90019722959318 0.968803355891525 0.112697946314148 0.561355466583897 0.381713045009278 0.920736085549686 0.560609987366658
0.673065206394473 0.58426221519133 0.0688188282952688 0.855591842729218 0.955899804924089 0.0285011168329322 0.366578404922762 0.267743886121287 0.188057020706888 0.514238063805693
0.360139696498345 0.919185159291476 0.456941382522097 0.855843732379761 0.994460167988071 0.188274672348029 0.631768410931719 0.403381217468876 0.750973913260058 0.575006413304728
0.893780057854173 0.192322206587741 0.142540414001266 0.889159360168391 0.998034144977487 0.32987635730923 0.459171538175918 0.383417903756219 0.652552184561579 0.565875530717786
0.411839245214381 0.701743216527965 0.0542500215001304 0.468061106388654 0.958323317478043 0.0313586564610259 0.409399886650927 0.268423500819929 0.417156020343412 0.455094174988944
0.35982492372925 0.421467219774062 0.0804948576445528 0.735933601149502 0.948874097065261 0.0718119082255823 0.434657420773491 0.365675001723979 0.776690369210845 0.545046136312271
0.521264066499653 0.899115385538325 0.219311777827625 0.859722956431743 0.989348218070352 0.541766318176912 0.678128153553056 0.512656937754209 0.923961975230252 0.585361593916927
0.541475542204785 0.0929556758187557 0.134131376328212 0.537582616209854 0.987935304371676 0.05285880644288 0.413535312088059 0.351396433624929 0.279163544824427 0.497207549062479
0.942417587362576 0.900010781506681 0.22054359138777 0.973887047374834 0.99535124114234 0.25329736031377 0.71161331138098 0.511889603667293 0.995077135756034 0.62396417092181
0.14641191578674 0.0439380015283081 0.30982696427173 0.588572927060709 0.982176168715093 0.0670940971053223 0.440626369681094 0.387913817795566 0.399814123705818 0.548006081622685
0.465350531272873 0.55374602779083 0.190579476694946 0.356541386057306 0.966665086907166 0.0493626464075002 0.338092687649819 0.288640462653635 0.16037192551037 0.423538095801326
0.282009501806926 0.337157759605838 0.282261446259221 0.920302009793145 0.985285725442765 0.143393888868669 0.513415301361036 0.368756282576412 0.984269918819148 0.564882249311026
0.102306145383053 0.242417180007337 0.279010291761119 0.245996655971972 0.980751651736081 0.0205270959527785 0.360472025373472 0.273668436482411 0.00681902940459274 0.480355818029553
0.534503184507412 0.340296154814565 0.065907137273107 0.404004980550136 0.97001083568135 0.0349290885745316 0.379366795918192 0.31006781397686 0.1872645753674 0.570162277587836
0.767611268434143 0.318011994916675 0.64633598947633 0.901705519353895 0.996366577596014 0.085590264542307 0.447762330962925 0.321986370198774 0.57684238687467 0.566083895033838
0.071314156473839 0.176589766780478 0.158378676564342 0.669353154312219 0.848668043449814 0.0180687382192395 0.175845977397427 0.23718303766005 0.0255642298194427 0.312432375047342
0.498282120407179 0.766964831062563 0.0752858541397772 0.987300494333828 0.947836804282868 0.0642577835433268 0.448857880759596 0.323127593007943 0.62146745944542 0.605317601339506
0.985570158469868 0.532424255784979 0.180075540452278 0.739356031350545 0.996162273323174 0.391154840004254 0.598293460092333 0.410561520854221 0.96533510243819 0.675598788213566
0.0616341162429329 0.220679066368355 0.0584155156928305 0.789952767357483 0.974557529117511 0.0269907087637479 0.288672956531875 0.26367605135487 0.164787681763523 0.382933084414382
0.0407710288240207 0.0179443155346137 0.0624641307382248 0.394340948558844 0.887509860145056 0.00577086917712144 0.170079440117668 0.260836632815582 0.00454345365068151 0.369211884834723
0.156004940617105 0.160676486206807 0.10430579396895 0.232155515514818 0.791205949255985 0.00982955057813866 0.170254612380252 0.284270218779104 0.0442564933952691 0.329252795961135
0.187907082925526 0.883321189222224 0.110865017682603 0.352422309126226 0.809885148517853 0.0154687651845527 0.23465427652092 0.220948635643124 0.0294356708626462 0.483896950028196
0.96010484379329 0.912295558423948 0.376596326648057 0.940280990669221 0.997399619143085 0.31873192747464 0.672809434766308 0.370070056543491 0.798312958937451 0.625147888341356
0.476284906783837 0.322559357782324 0.0340918482449636 0.419107315416001 0.680273529682748 0.0170440463510943 0.186956801863185 0.220829009349346 0.00591038064907721 0.335867786567204
0.0254561754638466 0.0646696869745687 0.113397405578585 0.426405458840164 0.838582171461714 0.00897052698822982 0.269970031182618 0.163908648346942 0.00754530654856198 0.47446519998355
0.117490872029376 0.455075728430555 0.22875142029325 0.771927609915573 0.914350383588448 0.0884704983873223 0.477443337386193 0.372510743602008 0.448415309901444 0.550406479594505
0.762318964225324 0.527432467027854 0.37943209387694 0.530516018263689 0.986713097941224 0.0757484760717033 0.464989851936638 0.363004625214369 0.148040813424648 0.503368592944389
0.633037073982611 0.962761427345522 0.0710768088658709 0.914987766426558 0.988703120029901 0.0930779494620558 0.451291020394885 0.379274385492247 0.809047461102952 0.545302326599932
0.231968641012881 0.0669718988265702 0.081194306814129 0.924968664049323 0.916571952143768 0.0040952956978052 0.232583074427174 0.226798933309155 0.0375710651201116 0.390478667818654
0.641212837502542 0.442882505100621 0.196066702574256 0.293756195772455 0.947954688277891 0.0503556593079943 0.256443043323226 0.289649259080931 0.0499933562979002 0.516214513095477
0.975918915215806 0.895908019232927 0.365687274075783 0.985664596481588 0.999545964647879 0.424199366376311 0.73228429253433 0.50869415609163 0.996721826207438 0.663068468093647
0.242743650453443 0.767225517269295 0.318239956482912 0.467953577531546 0.831528504259562 0.0193935773591119 0.258437465405256 0.365957053604338 0.0157066923707503 0.347188751137502
0.282940209079893 0.0639214556718662 0.0767480652480946 0.752349203460232 0.898058863762206 0.0378728751853884 0.300040230055611 0.256553203354298 0.220792827981221 0.593389370006977
0.70260637726253 0.625589233189083 0.0639843319394973 0.884324784241868 0.996790870927944 0.231290233010088 0.487490041734719 0.492402067066769 0.26193490458326 0.508860489021919
0.43002813851959 0.793856706518851 0.0985131958795769 0.483235150905778 0.939076518776124 0.0339389778620435 0.339306190100263 0.364059917993425 0.644062809562969 0.41335786419186
0.523539835026214 0.424960769200379 0.0547632716303171 0.489080572934882 0.96393215379447 0.0629743250656121 0.289705406819208 0.292232997837514 0.473649564765723 0.498869274040934
0.731470334010868 0.534995893100909 0.120648725609402 0.849181465273273 0.985921389297898 0.0366103858374558 0.348270713744337 0.31437795423238 0.863162739098797 0.514019292844455
0.593593473406084 0.415597296595758 0.350805171248724 0.590062912203142 0.998537103440068 0.10120030691116 0.467117139590644 0.410612878190167 0.296776942294485 0.629639656836817
0.906844263283363 0.110445844642234 0.166111487310119 0.787304212228746 0.992853316235165 0.28566756684116 0.683506142797578 0.36293062961328 0.916699260287329 0.689381098218067
0.429062195803473 0.783600731239063 0.306930584588353 0.927375635111748 0.990977112411586 0.168677864135316 0.480179411032616 0.311506930562146 0.756807678237912 0.596551697207014
0.45654040223056 0.810561437674112 0.131632864450054 0.338760131002637 0.995439047027911 0.0372608511982874 0.491218423940819 0.413145356042332 0.621475710496253 0.454093318000954
0.87817789931623 0.475740696327634 0.106251085172376 0.877263044047157 0.978408164398745 0.107846815081465 0.417649016421143 0.306425982924477 0.645116352868107 0.674556176962771
0.648079685045618 0.0594678935199999 0.369568331694601 0.665306807935456 0.957945340694482 0.0470176738376246 0.338210151071724 0.292342306561596 0.103385173032946 0.562084913658903
0.40077092600845 0.701884649058385 0.362022867703639 0.564513438146355 0.99568471822937 0.244112318026624 0.547285356693077 0.362931548988183 0.68940807381037 0.609732449019793
0.259123813558855 0.864731902441847 0.166966461858795 0.557013072526675 0.963472295731273 0.0797933031622217 0.35830946950667 0.312470915356997 0.516901346847504 0.39691545334028
0.906170355573931 0.819504869797958 0.122447863677786 0.87315880469452 0.998229850181717 0.16592998171128 0.728933826248226 0.392044366591008 0.990537379581322 0.662202319871605
0.530971559969494 0.688810073425655 0.217978828115884 0.9285104085268 0.994785367725367 0.116832577803167 0.353606530272719 0.433499374490729 0.510424189796262 0.480425644930229
0.185616642690083 0.991892836239373 0.086595164147819 0.723258500916245 0.991985614273834 0.116925913520835 0.478942439744378 0.364480824710981 0.684749671429678 0.511128474697981
0.934772554261562 0.888817649953434 0.164083877852432 0.920752309241688 0.990332036082451 0.1522749050636 0.521557769876535 0.415000196956173 0.426821267692167 0.509233712942205
0.455868163761509 0.356103939375124 0.0922351808222994 0.383255167827674 0.984187836233376 0.0518584846730544 0.432869967919371 0.240424835553472 0.0195752997766749 0.474722827827468
0.646847894230658 0.204632391783772 0.0769903784906627 0.797205382421352 0.988327905917567 0.0481988894785383 0.586175778117202 0.272265171160868 0.22647602076602 0.503086953043645
0.0806038199470062 0.502615730538549 0.1242162848401 0.622900661384119 0.966892315754991 0.0192424743700896 0.312524577915543 0.315075870739661 0.0751125636170755 0.446759373677216
0.341015702712619 0.333457363036387 0.173000646857101 0.29792333831468 0.549384592888876 0.00775904324817579 0.220394801652461 0.307696143630079 0.184380996788598 0.401010447084792
0.2996034037178 0.538485916612699 0.131111464917031 0.517021069920665 0.984528814622323 0.072651904909341 0.448330284061404 0.405083746006758 0.70189757928999 0.430017783393156
0.307168832694589 0.547356391431273 0.0280809817041264 0.649816014537122 0.993218460925031 0.018232668460321 0.420434125586609 0.371514651174435 0.291821998447288 0.620538712775552
0.900602511593853 0.554273065419601 0.264794792068018 0.955571156076631 0.998532674378411 0.715235900233199 0.644243719052346 0.494296034904389 0.959343342350504 0.605225461252488
0.242275964673653 0.66408717761476 0.0287674019673575 0.722148834714964 0.906668686440777 0.0165460708228984 0.33237768979107 0.249584197063128 0.0296364046865131 0.491418351901373
0.438950115069204 0.395479636367892 0.372107637822669 0.836834561612791 0.989268548079513 0.0569475962675057 0.470599191410563 0.380477404328546 0.61772258759378 0.499053605331897
0.451579623235426 0.223532170596209 0.150137714256866 0.480788382427795 0.934030977663458 0.0183385593663519 0.261275126627461 0.217843973746484 0.0509565999668908 0.465846662665044
0.289982529985316 0.606488190305926 0.131377427406293 0.834219503479297 0.986994907990307 0.0390744554633303 0.252981025990371 0.383864455333388 0.113253564053118 0.503294981909271
0.466844552995754 0.483084358352007 0.0235291204650531 0.712072300502015 0.684240631798485 0.0165737003793138 0.216542941023504 0.239002830961561 0.0234486629305218 0.313521982764377
0.37728420113243 0.695680086000761 0.462677441610068 0.555985581208298 0.995208988552074 0.222790915224103 0.508344865686622 0.485918555786466 0.874348067310712 0.733526039820899
0.450212206481107 0.669242229625691 0.0287924063330234 0.179563367282969 0.539119864400483 0.00859365919494317 0.127571049531953 0.202755586173561 0.007411069955889 0.300267304395742
0.68940206320295 0.30248408440224 0.165268415537941 0.914543996601445 0.995813387064219 0.249214823061318 0.634234206202244 0.425431797854005 0.56655738503478 0.53342486912485
0.188536453151078 0.372210565186565 0.169389850630146 0.0651828770942362 0.920791453284541 0.0227787506740467 0.312937293530201 0.216512553251668 0.270993147755485 0.271440047006767
0.45089274726382 0.841595195375961 0.0458996889151877 0.721130671617692 0.868556986837351 0.00877845928272493 0.232579049370537 0.262425176183001 0.0263515123209411 0.609407638896448
0.976526121724085 0.628303595561694 0.580076643177496 0.933750674296541 0.990811840720629 0.209793261250537 0.573096829383936 0.423776413549044 0.961226529487925 0.579579595416883
0.803517278814791 0.76157786604747 0.163616682550898 0.829330829539936 0.997865050877893 0.352870922149266 0.542835529676151 0.354338428043165 0.789967793030812 0.588080009111699
0.864554605502258 0.796273819248855 0.390897082355987 0.988498258784369 0.999650799261813 0.847418394877285 0.833854541877791 0.513251488153905 0.9993533843454 0.738178013398701
0.496434662287317 0.555475747753892 0.0921147792658366 0.8836250412586 0.89202715975297 0.0862288799832235 0.294202135850259 0.298898750432305 0.0204402527427922 0.528551531955509
0.27318775375825 0.174206375364613 0.245487719374659 0.617695200224187 0.909619666347719 0.0178623390417514 0.294059455196145 0.235386206691103 0.0401685619196252 0.547410362609487
0.956846918379122 0.556487415362233 0.180059994094426 0.801270029228841 0.997219863562427 0.146722498452059 0.57532592211824 0.425750123158547 0.909560513340303 0.642788743614914
0.412046130377012 0.621227694295778 0.113648328079803 0.766896804249234 0.91787641911963 0.0905911339780772 0.339283450757107 0.279473455687721 0.602153143999798 0.566809568640185
0.624883744029384 0.234835817380581 0.176547000607456 0.68448355369479 0.966328263470039 0.193258072362652 0.536925256315601 0.367042736988369 0.241901391596114 0.540434514842348
0.165412164143433 0.141398689146017 0.0963152992115841 0.878869093372134 0.910838726031801 0.0183538371062719 0.224451919200543 0.217019252876894 0.0338633554986165 0.386352980994454
0.516935528635334 0.801757436261518 0.231067712536896 0.457015046358552 0.969043004432196 0.0387966271775719 0.439707632112614 0.230637651363808 0.350621485828672 0.545519855219464
0.770592901229069 0.852429968987117 0.21552927642244 0.803597529371794 0.999330194893066 0.447185570447148 0.669898358605364 0.566759734744979 0.886055625136499 0.563815989127266
0.896837223518769 0.768541341910913 0.347178907071348 0.851471094400783 0.992735472303244 0.452076133354915 0.5351522942197 0.451383295616826 0.884174874923818 0.601154696933251
0.783412458552224 0.545427154182431 0.244438638720767 0.914863375571343 0.96160631329316 0.10901301255674 0.47520486396966 0.372167782307239 0.971270491026617 0.618793995334263
0.394431093178676 0.181950042993636 0.141458418275607 0.784992765083121 0.987696561829431 0.0569725474506566 0.310591169003908 0.336732837936756 0.109256557158861 0.456527499349355
0.778766821268618 0.530076899900632 0.115886467924126 0.503884914555201 0.988981466003146 0.106191143402866 0.43734998623016 0.334471990002587 0.767529971692921 0.570644121420484
0.517267062228645 0.244357511515632 0.0579868004396615 0.674461787877056 0.853261789352951 0.0472702915068684 0.438560333454953 0.245138198289919 0.38514512702148 0.533360322876117
0.104467445674091 0.712448820631273 0.373145189756534 0.484476329716106 0.990469269557104 0.0399376454823876 0.2537323504595 0.318614243689827 0.0821932551546855 0.383902789440945
0.886409352453789 0.740788493743074 0.285546821606727 0.985778567596196 0.997923413916713 0.910849130400273 0.789939819441986 0.522631316022032 0.997665006114167 0.67755262232372
0.859644097405445 0.800928538407876 0.23195843531373 0.916334398638546 0.995320489747145 0.104693127283657 0.522074913719098 0.367799785184785 0.984515395387498 0.519430097520234
0.615389706798871 0.216526071719567 0.0697696743901517 0.709862951915269 0.971519121486476 0.290172691179445 0.433371568434032 0.325398012773239 0.784865739404775 0.639512425035126
0.35294857948141 0.183267293780821 0.376074104571191 0.498511605689211 0.993992580325064 0.0628005465602567 0.523817651276039 0.346450499399667 0.723395230965128 0.534873998088983
0.908606968217991 0.457454308225418 0.454237755043744 0.915281938302653 0.999381915761187 0.606625498540202 0.670061857260632 0.580750494776977 0.95008411362736 0.607373757553142
0.688012504972124 0.656396775544177 0.170046797339725 0.402002864373295 0.783446390829582 0.0148366773701054 0.322960000717303 0.217109708869942 0.0476967649564756 0.397849641512432
0.313589783624316 0.120637592054566 0.193671320696683 0.529276988416904 0.992689810493608 0.100937679856565 0.49612876424441 0.425029352019591 0.485797800503275 0.483987252223405
0.90567396356646 0.727813800709696 0.266929191983417 0.854876672398698 0.983836048204207 0.138454320042337 0.642499453411194 0.554480210363819 0.812277242958246 0.676630859741726
0.899953743418971 0.684551739216326 0.0694019564124576 0.911467888297471 0.990636842902912 0.157821485513299 0.548392276004835 0.369321978986326 0.59335889193287 0.625426167958623
0.280711574004122 0.215624454491347 0.256072993523862 0.80974900515131 0.901005292105863 0.0527203027031046 0.333952051395597 0.28962509053105 0.61427015905091 0.580764435994295
0.575258944088049 0.935740477556921 0.215671649900596 0.638725711270237 0.987378938905977 0.125131880681216 0.466448516475633 0.305104496535221 0.730397108101807 0.531578928296237
0.621223492923023 0.783998407187856 0.414523833046431 0.712353098559531 0.997428624470374 0.21238121355716 0.583014931141769 0.391040704552604 0.647136062394637 0.685876007458335
0.08838200281942 0.776513028256422 0.169108419408847 0.80603945874521 0.948000833695034 0.0265020549608982 0.269220730337744 0.231477926387526 0.105213950893632 0.51021990329534
0.720484958987869 0.328773987485188 0.342610607975694 0.975474745818789 0.995125022442718 0.35220097593845 0.592717497144296 0.507812589645449 0.928191246099801 0.627511947668707
0.653843432105813 0.851626218382133 0.0851464297672802 0.921821452360599 0.9992361561602 0.103431714166008 0.584608509003298 0.445280234688353 0.994076959292228 0.654376287330136
0.3921742540385 0.0637233037060963 0.168703109606167 0.557791804316164 0.982652857731391 0.0253823738381037 0.230947594374567 0.291157552773995 0.32765826902836 0.397266603817138
0.213437586684488 0.110459830610438 0.279421735142118 0.751439441799249 0.988228596854486 0.139658695937611 0.329448855932691 0.377290153677159 0.22440039752986 0.477891675339865
0.88272504291301 0.424563106068872 0.22393564864188 0.963813105428702 0.987987840558217 0.10424745996225 0.648004771148068 0.337073550891677 0.0753859517848513 0.628391203558068
0.728877273156761 0.702383783265483 0.148952765186155 0.957443482540376 0.997463935847841 0.271952001828181 0.576863342023085 0.465373520092152 0.970935627006309 0.755009364347997
0.345254317304659 0.559004627076202 0.221454495372202 0.769114722258295 0.996543375774881 0.114058885637145 0.444180795332907 0.445304635523738 0.836485614224016 0.491984631915044
0.755969618601077 0.129855232015821 0.378784509121637 0.891699745252914 0.985715391919582 0.197350653807565 0.566432505367867 0.420467201601755 0.791436018417283 0.664214216790984
0.644243785919976 0.860652032874035 0.15590021350191 0.67743728689126 0.98293327827841 0.0724480728308668 0.320341514520581 0.279753465449594 0.271659765674402 0.601568076459906
0.774596569232206 0.811554872629231 0.582559511003739 0.895128571175419 0.956434137285889 0.117423944042988 0.486767832742118 0.358042688153712 0.974560215165187 0.601851010527487
0.255819530610261 0.183742629388907 0.0710231858695312 0.946517689799999 0.979109691209798 0.0107373655798668 0.407216096105867 0.336988106624294 0.0662319139421425 0.5228644988281
0.357827746771209 0.375666115716034 0.411676939587725 0.743788346375614 0.98506797628891 0.39677907954101 0.409173528744668 0.323179844622912 0.949375424849272 0.47947508841947
0.815055896276358 0.70951117296867 0.0252138178012723 0.799266910432313 0.960907236593177 0.0530105995649013 0.321764415628491 0.291582318664849 0.127928026446346 0.553045088026234
0.339754369826667 0.443359173115951 0.160669256103837 0.868276199162114 0.991587641268863 0.217557177385833 0.507916744976961 0.494008334241343 0.727632008559069 0.494422848935132
0.796389029953143 0.172968341749235 0.486444178490175 0.952166197931202 0.999620211796787 0.790364020851989 0.765381255850687 0.518131119397812 0.994984637669482 0.654481100581627
0.616381104764035 0.510972751978988 0.245686421525113 0.808515098932896 0.988654619026043 0.508505121828647 0.648263367439829 0.48914253887448 0.842993608715673 0.640261848842996
0.0667042900357799 0.0995303151218205 0.0737565778920913 0.133305883517814 0.917598789193072 0.00585374588015598 0.281242808766842 0.331620550805069 0.0410441386486813 0.523517419656415
0.421260322738344 0.40329197204868 0.0704039792124868 0.559231422115946 0.922769009126771 0.0455734631540324 0.379545746484729 0.268279854184708 0.0292482434189334 0.413384216422634
0.476282472620142 0.217693691285693 0.245560013516647 0.365249704738351 0.940945880632275 0.0428914308996874 0.449905696344448 0.275746446464499 0.0176886211518428 0.573461296438163
0.20035921807173 0.448751725553736 0.247408549758325 0.663201950324655 0.994703199808769 0.036191560321804 0.404176932588154 0.333512938566059 0.308133262079398 0.50121045863237
0.14193367457615 0.182902108044769 0.0504541498003007 0.487550144551403 0.781625586618414 0.0236003195105547 0.217902273745364 0.293726572364047 0.0619187372697242 0.504297148955678
0.299654345815533 0.20976664810615 0.104930273803131 0.403526109292612 0.978958943394936 0.069833820010957 0.290208076352851 0.372603304040238 0.320817670426217 0.531466700561008
0.377231880697451 0.471051984858749 0.328660959906338 0.723130333694253 0.994673878625133 0.164236354262353 0.520111759699972 0.361550430056454 0.351521328235251 0.60079302241719
0.637095334361024 0.450673571111877 0.097018399489283 0.874714780115721 0.994399108577441 0.294600578517436 0.696186600116758 0.411796559646371 0.594944680516079 0.742654611526032
0.829557244792588 0.222018563135771 0.172022126806531 0.587941412261735 0.991219601226389 0.0750503678614071 0.428601560889637 0.336665545253375 0.83911040918259 0.519043601128719
0.0773570115538057 0.257423481197347 0.0587083633904305 0.10689989317653 0.749156224411931 0.00260399902992829 0.215067042003227 0.222025993034452 0.00781441745435536 0.491762590464112
0.26782792545586 0.150088062812743 0.173109597255617 0.742718934883364 0.986841634907155 0.0439166710543916 0.37530176392566 0.276263130512377 0.0430671979419688 0.635303028757352
0.86299058081251 0.829602874971765 0.503505151273019 0.989260373720173 0.985027442922183 0.172502662005106 0.644049821463557 0.487651925622884 0.852307558422895 0.566260950750807
0.458328959145935 0.944131282235405 0.575106719117781 0.895927547159363 0.997334651110586 0.529777848977131 0.58670202999584 0.540826739744403 0.992859957802199 0.636874171968374
0.625073830770549 0.224144710855337 0.193147634991608 0.727443498241628 0.949951739940559 0.0300796538135742 0.276504993544901 0.356809480342409 0.235049104013724 0.528960969846187
0.0525147793848907 0.396710815241625 0.188993751870963 0.475859902820911 0.846792978705383 0.00819812152434106 0.195865723068149 0.264982540876737 0.0260113543300523 0.499589643829134
0.876498032697284 0.670842264026241 0.267323413548034 0.330691381301254 0.997638601527102 0.353973271780141 0.537456733425146 0.440349594449085 0.989538856061283 0.621341294965513
0.249897354383708 0.089230061328683 0.0730587891254024 0.201059208928428 0.653959181720351 0.0397225244996372 0.208989730597216 0.240757120275269 0.0469806276976505 0.488359838575021
0.505370291871637 0.482682347477345 0.365251752976572 0.843016114825845 0.993853023695498 0.129257847889199 0.595678387065731 0.466487061957929 0.771164353812303 0.591005351585347
0.170933710556539 0.0656888295401602 0.0731638086435838 0.464734376924029 0.889383671582596 0.0504421357409374 0.314733957753281 0.332234792851346 0.0824188318865922 0.62051728688741
0.523054521721463 0.296376296229876 0.247844135143136 0.947531156795135 0.906836710103333 0.0671372858128208 0.527772103848646 0.417619919717996 0.871076563255636 0.574961194178572
0.714240683732264 0.11578054640747 0.176731733596701 0.823731200969686 0.997126533269044 0.0561041434073457 0.533439264184686 0.404152811024256 0.869501408974924 0.559065023214117
0.1788823782219 0.653456609611034 0.252217507487708 0.831447523961927 0.968815886058161 0.0592458027212788 0.451495656691765 0.346333151150334 0.540571632267753 0.557265224665214
0.613790348148309 0.285947070875522 0.609594175855084 0.731443357327232 0.989117736105933 0.0884276433794341 0.525487878342924 0.41662249336437 0.754771241036809 0.57524392057931
0.841806230731546 0.76280718330216 0.60666919636461 0.980737957197193 0.99896321537474 0.44840439469825 0.553780003049258 0.408005422953694 0.947861676576274 0.682194922684137
0.781500768681686 0.119953543195277 0.296981112570081 0.328255804603499 0.978167608690081 0.0948293206478723 0.358716319309167 0.314371545506886 0.70599523385974 0.544617517206623
0.308547645469433 0.901509527066118 0.0544853179979162 0.413914828576728 0.980746967024356 0.0691962778157408 0.411734494238644 0.3935392415698 0.884028240429693 0.588069615082561
0.772009593500983 0.940869805793166 0.106686087246736 0.416607474130501 0.984614040372685 0.173219335695481 0.55624957318686 0.359934302996498 0.321740416216943 0.52591803441809
0.722841515685868 0.706056399965005 0.162032145857094 0.790410738366765 0.955431012007353 0.108560367544797 0.391469728595938 0.369419019415586 0.595333954601918 0.487604485631138
0.813655361942732 0.317829977119785 0.432615558685814 0.988318477396904 0.983833792820155 0.129782617065734 0.615007309266764 0.48177761086233 0.862218060217537 0.561937249015705
0.369871132351428 0.179636919648568 0.0386261713204704 0.27522684954769 0.973821548302914 0.0354892357416808 0.306337154883827 0.255360394647007 0.132621431409311 0.583128039260304
0.936957545066829 0.957189285324153 0.453390686594536 0.99390339395747 0.997329200436618 0.550759060455646 0.683454013810191 0.508693902465572 0.987754754219468 0.701387086317304
0.559268715028786 0.480552573678204 0.474372821568377 0.9918271002743 0.999010082537939 0.250324691319908 0.597976369379085 0.415775727030776 0.787774817073884 0.675642254845163
0.987149938470899 0.762786343088542 0.200347394661171 0.985368924858279 0.995802343288967 0.722758361460952 0.763057296067728 0.489283023875758 0.995553857290106 0.777193138827403
0.591932118783204 0.361401999955343 0.512416710763778 0.901013459459515 0.951489681815534 0.0485739850617562 0.385904864128139 0.40030847265444 0.774773285895815 0.498375313041042
0.783905998073377 0.750752063490138 0.369465677969094 0.868060999459794 0.980491498478521 0.0533108273095823 0.410944566468427 0.277990156730846 0.397750121151738 0.488299726898059
0.799187429632219 0.0890643944768374 0.0454949974074844 0.873259674574823 0.99233525307328 0.110149132250738 0.574553102898232 0.393286825529159 0.275530381705045 0.489124117969346
0.874211862122918 0.712492301957299 0.176208864096705 0.542554188534276 0.980512339045596 0.0642352173626202 0.504170871948693 0.386411030258628 0.437446135477437 0.561539209980321
0.580904983638625 0.974999212802377 0.293435411184322 0.897530696755427 0.998916679762091 0.352236294710208 0.705390160780552 0.450099114561838 0.963997852483547 0.615560802585503
0.701330433832298 0.654249448660443 0.203465027558752 0.603693022947003 0.978930791203634 0.0385734780423314 0.329108491383699 0.307560081675559 0.222755622403607 0.51684745344696
0.489146787985037 0.409564945875143 0.14472743748623 0.602826944164765 0.955655042389411 0.103483243249649 0.373484587178414 0.35874222009462 0.841498545467576 0.56372028904535
0.172955828786883 0.794125873831056 0.222354009805632 0.650861908693512 0.959968603881799 0.0589240121472565 0.446346686808601 0.299313410005336 0.310840013163645 0.507256368988073
0.374710323697258 0.77603467537546 0.355671412948462 0.584477373659463 0.99230282618335 0.0641103325717677 0.397992973930419 0.32959679530578 0.784334250108272 0.533056023382299
0.902905520611272 0.151633953838248 0.345241160135513 0.722528306196757 0.998229555446096 0.126908858288552 0.611141498546731 0.415890247417981 0.971058842948567 0.741854256547394
0.984694453832295 0.894015970597857 0.824704034884081 0.99219985642412 0.999562462807223 0.782943502411779 0.84181414635565 0.55716903961472 0.999887965518832 0.797194039709
0.876474238743757 0.848337903890348 0.626535685469535 0.979379079079274 0.99701174212825 0.457218386210826 0.734121386067875 0.444917562905587 0.993214260010529 0.680429959493151
0.819530162219679 0.931378137358465 0.463017105278653 0.946924977347166 0.999093284036261 0.0829254249917985 0.73877106357704 0.308062694988256 0.955778176354664 0.673836325419966
0.856665145177085 0.866535760868518 0.550673158768004 0.97634215608222 0.996355886969665 0.238652842447223 0.611551782367926 0.404887170914288 0.81430349491418 0.584462599488799
0.674304580614613 0.719379672954657 0.150370346604525 0.78189199705312 0.987803851048197 0.120383877970799 0.468320285277407 0.349095166526832 0.631453533724788 0.681802498575514
0.964796765355256 0.963589829497065 0.563626811838571 0.970352828800605 0.998754693448364 0.398914644331816 0.711164431029882 0.49045232530317 0.987523612547659 0.797383771556323
0.170437438312753 0.915171041911615 0.296661951218122 0.5327780473474 0.979677018589696 0.0233754373383811 0.474742731989053 0.296206139947849 0.817843870822211 0.568435409757162
0.120251208142523 0.248650149597841 0.0841221813897339 0.51439226641122 0.986937559999556 0.0698327834664053 0.340446743550173 0.288244119382252 0.351994825101808 0.573694079309591
0.863496422095879 0.504709987981123 0.181631129268158 0.978189675439018 0.97279982297714 0.0618232381287332 0.522144424278125 0.356483668520029 0.724388927733317 0.600704415924027
0.169063878121693 0.189261618674197 0.102469645623754 0.410573270477484 0.888026218615478 0.0202098845143035 0.142440648708551 0.29547205783636 0.191440347388852 0.412875993573819
0.246054433201475 0.775872096532017 0.130233022513403 0.454341084769138 0.976666756763981 0.0999564975902575 0.374489322819576 0.351050438163895 0.743154710667288 0.523800979360238
0.738275459794747 0.210885362841743 0.41414559756974 0.914710198477089 0.99532121436473 0.0615431915677828 0.483525360090382 0.35672430917552 0.922423291857687 0.607004613112318
0.724065970781615 0.309025173168532 0.140183375873479 0.963121098413659 0.994994087835812 0.176831181082773 0.558443189909807 0.376494099525263 0.931328198759132 0.555169831214363
0.486381246068471 0.742551105073142 0.0567469368230759 0.656328524700912 0.995777381206119 0.0624679544870331 0.288441272956028 0.293316750078096 0.350084926764325 0.604297821904973
0.791396365219457 0.834646968965466 0.331481447687514 0.960053143968727 0.998809243987646 0.344867731211289 0.48444067833734 0.481016571718885 0.979632815567004 0.61911586027365
0.818299403051007 0.802448646566561 0.267938495823335 0.938948291008251 0.989147887830082 0.103809013528474 0.585622609013203 0.424951364044917 0.962973879591765 0.584124861723968
0.385250700927249 0.988687461131979 0.158006656461455 0.932974389357628 0.997969515220169 0.05930367679235 0.516644748210351 0.417393198379334 0.964748742480869 0.337378444727483
0.77684003551625 0.696059189760568 0.292119076756514 0.975575507505875 0.990443870008039 0.212733302005008 0.562544305125748 0.424811362654249 0.21505250882538 0.592890986990622
0.413182320472405 0.798480633421448 0.16699692292912 0.893705556752327 0.99862469295993 0.304036806558144 0.550624402877246 0.476937235944661 0.627095388350008 0.620480035478326
0.649652125982698 0.949500551679407 0.341334737777697 0.959218680982335 0.995508299158474 0.370733786699837 0.606757215825009 0.42020309692594 0.979739517817843 0.74698722529803
0.235114413108166 0.760231698746633 0.062486244060945 0.715136966019593 0.958549816633755 0.0615358897228165 0.375829663038112 0.36692003779563 0.508336565310691 0.452935633061498
0.802057996368139 0.870356472755636 0.347689781847285 0.967498238594172 0.999910288935657 0.835449523820075 0.727049822660424 0.580492273238779 0.99793476638645 0.765406775222293
0.909585934781696 0.067628749547221 0.211742119888474 0.826242493682763 0.998803361327038 0.267264309048362 0.648181183612034 0.376035910145659 0.998023038799062 0.671630044098492
0.716542541596924 0.728884959490469 0.447082524126457 0.962195162749806 0.988660657455011 0.104298796678145 0.584795421778357 0.442780763102689 0.953551282540406 0.639711735704213
0.780892613984658 0.59418314313619 0.138459966540458 0.960155335202445 0.948178580712947 0.106431080550209 0.374256026080073 0.366579015549951 0.818654942268798 0.612875822557502
0.203611506134915 0.840019659362642 0.117951734730532 0.50847720685974 0.942776886172499 0.028812671627177 0.193064794603343 0.314252195945763 0.0983566092039662 0.361030161092532
0.940265916355163 0.462157103219747 0.220411870361583 0.916019173749551 0.997746579737797 0.333303950778167 0.652600611580221 0.451665315301954 0.987643466942117 0.595072016895763
0.847816203664786 0.426652922850963 0.319324637914436 0.970430170976121 0.989013101337275 0.439752413829822 0.536550453386094 0.500993071757159 0.907136211716668 0.635932391089114
0.676342696400536 0.505454925756391 0.115436938554209 0.978573671278807 0.997311830559542 0.387552554204092 0.661005535402559 0.488984191497654 0.987433036969386 0.657793578113394
0.361644519250276 0.949422316449558 0.151224479933824 0.673857266057923 0.996657839007009 0.0642906148085785 0.51011190473615 0.312449282652914 0.74188817714988 0.5639909708429
0.275662531912586 0.670760334713113 0.0349808301189876 0.239889637304954 0.952369933751821 0.0226161870368938 0.343877706276724 0.222889361503658 0.173902432240494 0.469440059471273
0.743673590425047 0.519233522617782 0.373977606199024 0.957404462467344 0.986671680388547 0.0465453518807183 0.451710805794018 0.330923608185666 0.319089242121185 0.631613225429238
0.766177120057461 0.306195781038289 0.165015491988065 0.667464174626512 0.989003507517835 0.135264667279464 0.416075801722906 0.408073722845126 0.835502590310055 0.670567713331321
0.911307783478226 0.430902610226269 0.338695336062583 0.920673087499617 0.992930314637413 0.568542148501798 0.646384590245923 0.530442235160218 0.984792592388905 0.673953705629745
0.157689844766063 0.745297670071859 0.28642698202232 0.984830815965421 0.99582315842396 0.0151585429204349 0.332475438425654 0.390760121515868 0.511092434724336 0.583387750485033
0.0919504690099816 0.357383872944661 0.206492927840764 0.621304637811942 0.955407328758397 0.0154626554888704 0.332075588346537 0.277820896994255 0.375667943164592 0.537112597318601
0.347904420901117 0.221747336041234 0.0886852849469567 0.288691110771788 0.96092941901649 0.0525477018748834 0.390595106378459 0.383015810541512 0.499083772500852 0.474051588880585
0.0520349165911884 0.215407072211237 0.150979271327238 0.768470321359427 0.914195754944878 0.0204061085352034 0.287992377900695 0.271530211503286 0.0463604961162998 0.490422888070463
0.901891035838713 0.776468879953484 0.049143274918806 0.882808871620177 0.980492494471312 0.16576859756488 0.465984395716051 0.282493580265532 0.662031388304299 0.562648403524468
0.936268023950677 0.816876027484869 0.419749302585505 0.911437425530574 0.999606792832089 0.520827467893085 0.628489087459457 0.460186378762149 0.994996397093718 0.645521461347654
0.380179570282876 0.501500372714747 0.170025671877854 0.713404556256097 0.99756857086212 0.105552816416665 0.546239195166436 0.415088275284555 0.913226620302519 0.627122362994764
0.842238347949961 0.366672311236112 0.156362217112446 0.416729877621633 0.965369222798855 0.0551332163244682 0.422209407108363 0.263323491091837 0.291718474787113 0.461984686683595
0.114004967860236 0.0229054730681625 0.129103025606156 0.790876096115739 0.602828578747092 0.00861634338787764 0.2328028905188 0.239516696702941 0.0730224463795119 0.519572010725216
0.727575152846586 0.160870595353678 0.146874058072835 0.975077220421248 0.984687305395028 0.121049106028928 0.530688645689936 0.41450309082339 0.884071049830508 0.52881949247828
0.288008166674673 0.0280877491252183 0.348701778246859 0.658032936325921 0.990882650745552 0.177853316067037 0.333153122416785 0.385808370285166 0.854385201462759 0.696878092565268
0.724051984317691 0.530348101437025 0.199255701039729 0.92126830544154 0.994421517712972 0.23309915789652 0.581650913511053 0.383316464313791 0.855477941056735 0.652467205264158
0.0578515093801783 0.404022691453933 0.0766032449610814 0.130341392092365 0.649108942563648 0.00709588308763875 0.230970702526819 0.25780490668006 0.00391004391228935 0.46292645771546
0.498236033055611 0.0358291157279931 0.0337041105548665 0.70236391674143 0.957846394473424 0.0361613887485607 0.287112177578536 0.289119715657739 0.17436297145264 0.582320195955437
0.188015519834832 0.52852205526265 0.30547839082115 0.741875726569541 0.675785808477559 0.0168898988846057 0.395635486298383 0.328015512017418 0.0666747364810066 0.515945831872724
0.835319329127585 0.436216229571023 0.313015851998497 0.889329792175604 0.996960430966074 0.0997231583041521 0.481843210823711 0.377498348423032 0.732764867347087 0.597755656353192
0.633262822048274 0.947513390957308 0.243930901476376 0.937968820874794 0.995398034015456 0.137805557765801 0.598805951795221 0.472079237871195 0.840073823961994 0.693493362394298
0.838883791866233 0.486878281346445 0.203660477280519 0.957443024878105 0.997998528439108 0.375440623317151 0.751737088327486 0.514507321210041 0.933848563271032 0.740606799449425
0.505051102486178 0.850972379744181 0.322425799335289 0.965819650708054 0.99633167359565 0.390730184845463 0.621625588612441 0.516123777645691 0.727451670139108 0.603310136751741
0.654905078506275 0.199537537581985 0.204987320272629 0.650172898042762 0.994318803615887 0.161188885342319 0.54892973490657 0.378113578033598 0.461676793398572 0.550922696502782
0.604501818597132 0.413565560460805 0.145725241812241 0.852989616514639 0.999285955706735 0.0889576050740074 0.502584426650823 0.369960839276629 0.746056080061924 0.545477025798386
0.65222410250816 0.811424699141058 0.215210569919438 0.561581136410981 0.882327999476157 0.0521389312722204 0.323301771857856 0.244627306340956 0.409639971488003 0.464455903284583
0.952191997325374 0.714597103597523 0.347429666853795 0.974565018564029 0.997002367412851 0.143792903678764 0.609503658316398 0.423373041138753 0.983129335921855 0.705037014479942
0.868172247367375 0.829458441232252 0.370914931109598 0.967597693712033 0.982621720088286 0.27980775083197 0.468717692555051 0.511135908235918 0.944442081879076 0.654330143567328
0.487914272525967 0.981111372456505 0.181844920661089 0.833955559352796 0.984453579446417 0.107263393858978 0.534466723879399 0.336275981510894 0.769600111434038 0.612503450704836
0.0250669990922692 0.0959653849215505 0.169278142036646 0.192087114163496 0.941288315819536 0.00993009764521616 0.216762620225539 0.31679741757408 0.0677311240368991 0.424318381196564
0.158204994878807 0.0727916101070891 0.0727793201402187 0.278792645885579 0.778653754690004 0.00331934138608962 0.241417533404431 0.163334827217931 0.00277809595652955 0.359564372212262
0.737424115031591 0.898424161955477 0.434154507529377 0.971823681622302 0.999709427512044 0.6990587838379 0.681536415757699 0.589696673831801 0.963557587236974 0.773431013949141
0.721030444171073 0.951688425888812 0.496748116937772 0.932104320095908 0.999464073731877 0.276889180960578 0.641055341696468 0.38598183598117 0.929180539825818 0.678427545631962
0.806655685335461 0.170252687676052 0.440705131893559 0.876566015511211 0.997777645130685 0.241081066429879 0.613523037320367 0.424077686031859 0.901417603371748 0.625136610434536
0.672683036722509 0.975396787210915 0.445102577114838 0.893738659379254 0.998368428189125 0.315169987870466 0.575720885883857 0.467980602197405 0.958156315726807 0.58331747917031
0.82282549015254 0.86466922263466 0.31438317717248 0.970623503022098 0.9897624483822 0.0927603203455406 0.34579418790506 0.357447630475743 0.448346635844307 0.557921444489753
0.406178674712249 0.747334718557506 0.123739587483061 0.790661305236862 0.99666565797506 0.208621366810185 0.518916530280384 0.399297098504692 0.979798107293889 0.594861565925611
0.265667992605738 0.893249766902529 0.0655240182960613 0.911552885308815 0.977256038409265 0.124765961120043 0.402518832218215 0.292597364421884 0.44121763467714 0.53058539868828
0.0298249171527709 0.25402099374567 0.0848239495167242 0.671589441406027 0.939670053827989 0.00822599611568708 0.269975863270347 0.251046359346495 0.0295800577021505 0.531073597687198
0.799848064601962 0.100021626499737 0.321780466600684 0.861700013399915 0.996014540964805 0.36133380612837 0.688201515070599 0.329441775258046 0.985672889354381 0.618365012481098
0.61594375048044 0.765110484814171 0.244975806883322 0.864848066931293 0.988386103666005 0.103025500596748 0.384928243726973 0.419500464978612 0.183265192129859 0.518680477395367
0.152267535936 0.0800863717976653 0.102603174419556 0.197465848711914 0.855588403474619 0.0170789558160846 0.293487447638158 0.208577165996117 0.0114529333118518 0.43487968840362
0.888193923860296 0.915758300101706 0.150014498046307 0.777877342870541 0.998970301888085 0.154263900674797 0.565814184771177 0.352775573691038 0.57322958861331 0.600307125218741
0.834386155936082 0.201446125774653 0.380325347102023 0.923438171465989 0.974360521930664 0.120671509147163 0.406336413362804 0.257831203515995 0.788138712443866 0.594771237434285
0.880959027204365 0.28598377503019 0.162598699551518 0.96611910136981 0.997668745873039 0.23255449300151 0.63875711825265 0.424196116318079 0.725485654601797 0.725367757449802
0.126707326545454 0.54342724230539 0.0999893688843481 0.761928228574069 0.930031471827269 0.0139168917306008 0.23839521146223 0.268409264202142 0.0470296348076933 0.407791900128865
0.569105441711264 0.440061540340668 0.130759651219266 0.928465497652471 0.966911752355875 0.0184777998984193 0.361419345794037 0.274077514739192 0.0199939829613622 0.393989132262261
0.8442569725972 0.548489234065034 0.227728457375441 0.906469578438427 0.998453705461463 0.273662526239684 0.597700432843937 0.461086623958036 0.944583025400398 0.604241621983316
0.859969879204703 0.845395137726541 0.263055011553638 0.986726497431012 0.999075553787496 0.350737773189905 0.722003595441604 0.423619369064975 0.992621121077958 0.674433836179268
0.865650591780305 0.980509357281884 0.178399569248522 0.917859699025245 0.996600783639931 0.209114424913727 0.498453636432084 0.360065953690013 0.828225894532116 0.594835396150088
0.573864431258063 0.0417747044103878 0.163425439771565 0.762081074452013 0.988823358060608 0.15978445979403 0.334180688105221 0.350515423451037 0.360076218105851 0.598667158498622
0.40605470361728 0.0182034315228243 0.109014133202005 0.286604821384451 0.96950698974699 0.0121288820228694 0.30310429577877 0.36482182293942 0.294085125505924 0.533053033506726
0.838639124097852 0.972801763634951 0.420250997124909 0.959247968305655 0.991043866417861 0.24523326740283 0.430275108224522 0.358858922980578 0.931051913814752 0.537428759213781
0.687748104021642 0.548335338516291 0.138829351563419 0.829919601638746 0.927977943826613 0.0733277910470808 0.392604966658656 0.361798993878282 0.365407878209489 0.458551485396163
0.574516363845092 0.130236113353928 0.466999262085448 0.745376737710835 0.989207110325442 0.0605051258942639 0.47489243935242 0.47253920953253 0.435744950185789 0.645947915401601
0.0576872132778264 0.019264979570505 0.106532642394145 0.334898608012585 0.9371560070133 0.0210384429915518 0.268532071944093 0.297250067471403 0.00884809278849652 0.428933441865826
0.933208390241918 0.86689126707821 0.159301789278916 0.760349141700603 0.998610903220776 0.264588746075531 0.64922225654505 0.41824969382006 0.958828279656189 0.590146684027137
0.495499362223495 0.737142307093192 0.165703465796828 0.893683390245707 0.985257128392606 0.256621806573769 0.428193804510532 0.402343168242837 0.434903919411325 0.699215854010877
0.324277958596825 0.844796918897697 0.225843644969313 0.850074011680195 0.984614287792911 0.373988476396464 0.44978842719685 0.352981225127803 0.407340868557889 0.642776033817405
0.704605495208728 0.338114900148132 0.169426411502984 0.142010443451725 0.993719624952373 0.0792171984635025 0.403936938236293 0.378096279823433 0.813525758367602 0.691510807253506
0.522749776691159 0.673437791720921 0.221478103788151 0.870230850974458 0.980901662945138 0.110340578916964 0.512557864294402 0.456258820179141 0.957605174977526 0.575285819698298
