0.862141868636199 0.299500552924252 0.0507413491474216 0.96744622435683 0.94965260549197 0.0366232297786758 0.355915373931042 0.215774925728202 0.130013857208302 0.520595224957525
0.680963964597132 0.640237309152464 0.372566574714951 0.924815549545158 0.981097988408153 0.064199292803078 0.391642852337116 0.384819336114472 0.386937016125797 0.538848329447636
0.954202525770192 0.960242003874979 0.252842238535998 0.962052281719116 0.998571326770216 0.716406546789321 0.812199512042822 0.538282007506197 0.999459645874727 0.73313061627096
0.585979817402584 0.587215842195722 0.148855652383445 0.981996464207205 0.97924206774626 0.214169274513007 0.555860630978489 0.403926395103788 0.808352920885485 0.564989309638648
0.841458427209013 0.900865130478759 0.0931973810884715 0.533845034378763 0.989596519116683 0.198083425156365 0.506262358620136 0.300029534851283 0.681833024829783 0.636341678862274
0.420289149276148 0.170565872645832 0.238994941884262 0.757828804708654 0.983865396487185 0.0311372390638517 0.492295584398002 0.242120142368043 0.187976071771451 0.615774038715874
0.929879653472172 0.127070623556032 0.229208277485163 0.776106052739251 0.992657241340734 0.148257305800971 0.552847104845119 0.327828802561289 0.853992028520063 0.751018263515583
0.925421189145859 0.901433994506771 0.333020827589403 0.51651740586986 0.977252359931308 0.0353811482781187 0.416417018460036 0.323397971970709 0.540903441742486 0.591305704038041
0.53237780467915 0.17417698568961 0.0258805384175221 0.546936174627262 0.930286343164461 0.0304062210439964 0.355701200602736 0.310222647328712 0.129812178838873 0.5740354200802
0.255648473590927 0.362452603030248 0.209564924505405 0.670230308347649 0.994874018268441 0.0199914715276068 0.339262407340875 0.328734922735874 0.913566207872368 0.426921105646786
0.760311600109347 0.988805816750918 0.223473178401839 0.82249042440409 0.998052633299248 0.652958009741026 0.694712542939242 0.499779228720209 0.964816598604863 0.649386417509474
0.74642047000844 0.819590078048833 0.137948860114329 0.649426463088124 0.965231942961505 0.0782664928629852 0.382828844292614 0.403148998700354 0.0364573029510099 0.554076638474393
0.94034945153288 0.84673172645721 0.131716520202091 0.912813914089415 0.996663921303539 0.511346019704346 0.662894058990158 0.537156353981506 0.985477024173237 0.632604300424142
0.136183229322248 0.248792345116797 0.103430007111682 0.527004981964044 0.984091067103431 0.0353826909541958 0.399807838785674 0.385960519380847 0.700716458590398 0.544400202782361
0.425934766461376 0.419770285081819 0.192807136828101 0.518823215976186 0.971614709084807 0.0518579433835842 0.48686851380771 0.358573696102394 0.896461126625601 0.394522748641854
0.803078583407092 0.211812877975066 0.059668466563516 0.648057897022974 0.996321979933643 0.148217541623303 0.423764269283973 0.41152774135055 0.882235314818781 0.608363115930754
0.264145281992563 0.186740000435029 0.0737239279989502 0.74556282421567 0.971277016563357 0.0141523782784586 0.220367394921537 0.260080715805403 0.0122071079779079 0.449969282269026
0.371337633250194 0.785896533066637 0.111858341740892 0.710309761712405 0.907305102514065 0.0882513418473121 0.336997161921196 0.270716377117023 0.224482236422621 0.457981016077728
0.257262707830031 0.449706104639945 0.212567774031732 0.796114839281984 0.991647276616283 0.123224682567286 0.323033869728338 0.399764726284622 0.886355429655035 0.59609752849384
0.106655208919842 0.76356733152514 0.0351179328959088 0.430406935986571 0.82239498577444 0.0141314381246084 0.266748575064912 0.243339652661598 0.00713800347494634 0.5117597959431
0.559479455406789 0.143513963604425 0.17758934501898 0.762437603685637 0.985312241521738 0.05851075328161 0.486719204596524 0.352662007583595 0.523852929126075 0.582951385986274
0.85659558696677 0.295971197554285 0.508125690357451 0.971151007143989 0.993709225656354 0.349595592745242 0.70746681397652 0.473751277395467 0.983223633534833 0.563469715141515
0.0883699401482153 0.351191293449072 0.0692237202128386 0.420489923208109 0.917082795738175 0.00893000497815071 0.358242728175412 0.276571179403972 0.0953867681422908 0.623081335210389
0.184003177488337 0.338917802508631 0.118482866460023 0.419898438564958 0.847196524632544 0.0245394494680019 0.179966135656057 0.151257606068148 0.00384767958229449 0.339766917598116
0.0875256797151913 0.295830569942426 0.130984928116577 0.327367390583048 0.951026686459283 0.0121104932752725 0.234658907680904 0.238343140894376 0.0219216800391406 0.413592615195377
0.0756395053274 0.0920063588886218 0.077376815296204 0.394965313965354 0.912452451357965 0.0104493864686849 0.236829788069917 0.260536954657395 0.0103779841037683 0.419144496405036
0.645394553253113 0.373460634447449 0.27684358682444 0.956205260239298 0.995201580024936 0.343146245069546 0.525741955700171 0.432676629181112 0.983214101142264 0.609515552778721
0.134490941135412 0.558858388667331 0.135485190343039 0.45670378170282 0.700890603414876 0.0128918364531239 0.270689087850739 0.287476034852625 0.00434993402434019 0.393679670360598
0.147213604049591 0.24119000525298 0.0502009973834376 0.193098754075205 0.958288796825102 0.00613008129597131 0.213468988657107 0.184833987567414 0.00434749064483991 0.446056476866161
0.570225681313083 0.330506091259585 0.183701170378845 0.59975670609071 0.968553113957394 0.238640202210107 0.482675082804471 0.358214005735849 0.21112825447492 0.621541483073933
0.387149285508976 0.892202034559943 0.124010738128235 0.788546631816765 0.949539650451409 0.193318175195856 0.55424785961402 0.319378729746578 0.519226526163707 0.633577645531055
0.587008005889928 0.696190696510682 0.191109714956206 0.73020469043226 0.992875945338628 0.253014556503049 0.630558315441446 0.365890514891225 0.923766798877206 0.593150053908687
0.197776581140215 0.484458513687402 0.0635134684678756 0.450515422813238 0.75176350187708 0.0233560809958439 0.264917307694466 0.196149192761111 0.0148553153355399 0.412859461629988
0.180803960886172 0.296677356569325 0.130241242630563 0.590180826564497 0.963081584339839 0.045129759790204 0.406535281873487 0.227592604068933 0.25526694090979 0.421670630088254
0.988333472018416 0.937271731544308 0.271697934083906 0.948472667851235 0.999676146654882 0.428022935896166 0.743248797899546 0.519393900111746 0.992250113459947 0.746895475944156
0.120587620213916 0.101549791226508 0.197250841876778 0.405196805420536 0.921189364106257 0.00548736451300866 0.325498011601217 0.276090312204545 0.0253401165655712 0.464955372732212
0.227943139506688 0.867880509661873 0.110634361167929 0.944040786147475 0.970893184006016 0.0728754677978789 0.317670436001327 0.293120901340191 0.0697953735670745 0.498217885557177
0.411440998792364 0.745799519996775 0.38016143338527 0.615286145496078 0.997253324429366 0.201656020030121 0.377264725313187 0.532492409774639 0.975199688928176 0.630079547522638
0.17127643335056 0.345301587740776 0.108879749486389 0.810162845238696 0.972877851059204 0.015428049863289 0.381282531490764 0.346340516215136 0.233805406614899 0.597822418844624
0.385661303926536 0.80173759001346 0.470776823903309 0.80563363414675 0.926307871948441 0.030606223303813 0.392203249889382 0.329666966261304 0.434074622237661 0.479136381483373
0.293828456909224 0.529459852107332 0.160669958483102 0.487126591086059 0.994774506752661 0.0916587152144298 0.336214775340175 0.402182537036382 0.160408888598623 0.644156706057514
0.409461958837437 0.532429076850919 0.141663153722732 0.767274117844837 0.995665156972974 0.152032180208517 0.543763420985941 0.449976356918217 0.760229833220372 0.551351382215696
0.722496653966331 0.725509763898465 0.221212427241127 0.755243599023346 0.998962955114142 0.219547158085142 0.634357496462506 0.416946820468487 0.708587467789737 0.741139093190677
0.733067074787865 0.856956975212597 0.13648288770069 0.971332378561588 0.985603381938678 0.0893136954907916 0.410955251717112 0.329161025616177 0.387867375908574 0.58963634186856
0.453397359542072 0.137845552374931 0.125194697679717 0.286367332250986 0.975526460541184 0.0557710263563472 0.495092559007825 0.335852171562771 0.484525506300204 0.592498390035511
0.529914478777178 0.423012513261664 0.0475795283236982 0.940141091292718 0.988396369043548 0.0250123617368339 0.472818470176045 0.383615735636579 0.492215201759776 0.532151197759963
0.1145296289024 0.810780020518869 0.137022960333387 0.386545229450882 0.861926444847196 0.0386872594657892 0.273503625029377 0.319496381022593 0.142839778359582 0.404648020531938
0.611055974557157 0.643243554638377 0.233744949634611 0.902086923481526 0.996703181660023 0.104210830411357 0.591528882195917 0.406489427964362 0.977260730019259 0.695693086876091
0.175272583828806 0.617896536274748 0.182611377185689 0.842453846762301 0.973588657612863 0.0479448107388791 0.415562568712649 0.333721823727854 0.588484375077635 0.586002952382224
0.909946117963053 0.304779616730574 0.12002000947843 0.953575537695695 0.996673008125886 0.17044299911999 0.530750960006137 0.441663187634237 0.83846776722251 0.674735544773751
0.176933480248864 0.179453108891628 0.485932468497887 0.944307438335325 0.986821783909599 0.123048624331689 0.525732417466004 0.390154575221281 0.523916630481761 0.589504526954953
0.496014151317569 0.383403751654183 0.294828162859336 0.919971066294117 0.991836923174353 0.151842279852366 0.462346519446552 0.376166466296199 0.581729029689207 0.643462014458213
0.794759587888633 0.915481198932421 0.254396595178551 0.882198134711133 0.994277415696335 0.21479923159821 0.541292409350862 0.348319400795625 0.686244415246089 0.608161848308187
0.47996146719241 0.127613194861442 0.0741985591507241 0.298700927234479 0.919827274171009 0.0237745416913527 0.339810360505269 0.387018052979936 0.351818683290513 0.483091778177351
0.456200713728094 0.685767746001257 0.0800545054221205 0.946312342205784 0.969700449102839 0.035990385384069 0.414448792834651 0.355316004041158 0.154618621535234 0.46193560568247
0.390276219941652 0.652611308217058 0.181888097640218 0.57497433817564 0.957724563180242 0.0202281581555345 0.343565580959352 0.223964903801433 0.0166263248594448 0.526201795280476
0.260884746160825 0.0520952218524338 0.0768681694139154 0.276220307373468 0.866594352985168 0.00466840283378029 0.262400940647731 0.193478816983061 0.264733501361424 0.380503327927987
0.183652571689057 0.470412636639284 0.0741159912558516 0.898228816158542 0.995487898089981 0.0305713301748011 0.382120694041379 0.342695214201131 0.653471699983655 0.548140812131158
0.865248929699457 0.543647008203566 0.0830805127611662 0.545872488642249 0.993546815634085 0.0530705805109635 0.436484286507183 0.372082697755697 0.147741819363029 0.457007963447511
0.911872478997316 0.841962745922171 0.351775880874734 0.978288120990521 0.999706983035546 0.438494172490212 0.793546336512741 0.482131640277371 0.995144494714444 0.764171679217994
0.140105152971134 0.793041259689332 0.0710200561263253 0.563069626196155 0.839685480730879 0.00768086691490555 0.236845975320615 0.259397593547964 0.012853283691347 0.4693342791056
0.736311064264434 0.504521719208633 0.226818482825844 0.959920618041829 0.989833155022253 0.0492430945779308 0.41059128360616 0.37068352625871 0.786483405339132 0.554532213046251
0.119395121597691 0.119108086292043 0.0164081687954767 0.413288873070111 0.910722968723963 0.0290738316171225 0.249383332261822 0.270860399632308 0.0195835389694919 0.484740810826078
0.855385294747608 0.650653919485649 0.194810006701052 0.897400201757325 0.962845307281223 0.028793684807996 0.322424295388112 0.302037994515923 0.00511525131705775 0.525163419214694
0.102900243266173 0.367282261219814 0.0963811351547297 0.256822020118379 0.809149653453937 0.00942324850187082 0.224297563828743 0.242205570431463 0.00942228572697731 0.45225541558094
0.764076307884906 0.954406162383407 0.236135368410303 0.789921510732638 0.990592122595792 0.292509649171323 0.619356517667143 0.41524828701365 0.93758808759231 0.490674423947072
0.0370397588956151 0.160183371039937 0.116723793599889 0.0760567387791581 0.832109533359899 0.00377449852211899 0.262399661168475 0.242045254597408 0.0164654761371133 0.395330442273638
0.731349206099932 0.140898383445072 0.163004245314903 0.857740408472646 0.997978374492756 0.194922686471639 0.645309299707069 0.461174515411567 0.829076048220195 0.605808863782073
0.297031424195753 0.239353184772713 0.150582106299534 0.257566801054755 0.723932565260907 0.0122208610641034 0.330823845499024 0.275967415654318 0.139167071825984 0.39905412829068
0.0749021019686443 0.00783931991276806 0.0681090836830944 0.631082283163515 0.890694820131763 0.017513358707643 0.287441075390559 0.241259566677555 0.0755210201659067 0.395986212744435
0.726574352165841 0.463539995126811 0.33559929319961 0.936321695410967 0.996567733192185 0.332449328050728 0.611019519878657 0.441160257711444 0.692219223334299 0.61852591261615
0.894420286763335 0.354528290272688 0.442701484151925 0.950509210429934 0.997797445475111 0.175274173209969 0.602378845923478 0.438750209982927 0.879749206180274 0.681561977087824
0.832013569243395 0.944666314768251 0.345559427522394 0.960765491772006 0.999822975776452 0.70649034477434 0.802694925963406 0.550777735103656 0.99890217105375 0.822459512457465
0.266513313614778 0.367671372043743 0.189196774266661 0.850469467684159 0.988379822108547 0.0880583339333673 0.395690722346717 0.350470887618592 0.21120658816241 0.556855903645871
0.291631482545375 0.66375997471151 0.0708490703976289 0.588761740052966 0.784744005963936 0.0253653718905844 0.273766607947638 0.264582503120401 0.0297858295711855 0.374786274093066
0.718371639216846 0.423595837898536 0.227996116431438 0.934135242318981 0.987516870997854 0.0887899945808408 0.645834935871148 0.402395183018388 0.983353469706455 0.689025793991812
0.738008509379277 0.562740333662557 0.127461821928319 0.917096663804952 0.971839729531155 0.0320225616158637 0.300598108930987 0.309046945580997 0.201127227183383 0.590369293725081
0.354563441090095 0.128043239109568 0.0728238461701681 0.881427065563794 0.949352601469834 0.0664419201580459 0.295082524663719 0.289347356370036 0.332054812807586 0.450812753441028
0.476272558948236 0.253352526679185 0.241246811876635 0.606569148135116 0.951109922597317 0.00835408916264449 0.247631722805357 0.273439886553352 0.0611529913680118 0.495269684228547
0.665613200344303 0.459015802658272 0.310407011643721 0.669984399823061 0.976909857408626 0.0117212952019279 0.458031266788974 0.342869066044621 0.0947792032046727 0.652260877057363
0.801454694277733 0.972400647820237 0.450559198067578 0.953378269410913 0.996790909122804 0.26188618589818 0.675028770702756 0.51501134173864 0.992208355134449 0.689275473162116
0.668483803548588 0.561225907335159 0.256175966121275 0.761546790959671 0.994809393975544 0.141522926625658 0.668309154093465 0.430161488186532 0.899057674447124 0.728616849655821
0.473507704491783 0.735430340345923 0.0595638244567819 0.665428556010458 0.993763315719571 0.0674536692938996 0.570066077917788 0.471392582629733 0.782969604888859 0.617760150080081
0.910030251791643 0.405641704691876 0.215113464186884 0.932451195330226 0.979948916638954 0.026757636143674 0.344061839472119 0.285794814309648 0.231770510630699 0.587440898798205
0.800068305312389 0.142742644268309 0.175327343264024 0.861590646423299 0.985943710627394 0.116783271483142 0.458591164678854 0.302087756881515 0.321488349336728 0.659329670504428
0.479191988448136 0.234263197479655 0.172691695651141 0.404409540578251 0.922315457078625 0.0978310376845305 0.33596387651887 0.319698535670954 0.135801256563685 0.396699859113096
0.502963560809185 0.149107166962209 0.167445649952327 0.205110120021052 0.983585968347588 0.047435834530011 0.316616052159241 0.307761406751507 0.314775207763793 0.53667019093213
0.972714813520605 0.671967049400623 0.448758023150144 0.982357040637102 0.998604288840406 0.588732175321103 0.703092431730498 0.521671242200118 0.99645640507081 0.635184140131439
0.823678686062908 0.345343850873409 0.176475097472108 0.910983223584818 0.995933121551302 0.059736059776755 0.457471808139614 0.390980795236836 0.909127960251902 0.686596752427611
0.482376201720035 0.294179398220756 0.481458472506 0.814628479679894 0.994897815342809 0.220544581032882 0.505907041051337 0.335899176776208 0.828940495078371 0.589141958740527
0.875006037198329 0.875119750606869 0.0943426075005881 0.823070415468753 0.996271334515364 0.167157928209314 0.450506228501968 0.327107558641444 0.721425898140001 0.671581934737756
0.973797044749234 0.395713066656291 0.261878772706045 0.950848685337402 0.998779725640988 0.377813856233751 0.711954863070967 0.523518191313684 0.943429073225951 0.708390892782669
0.0689896965778475 0.564768961136382 0.0561070902914815 0.777025622044095 0.946743831512623 0.00434154572376858 0.251083258533898 0.20353429875004 0.00991898540754574 0.43626781914017
0.450005683671501 0.567144944361223 0.0327255211955782 0.89838223193308 0.990796712433651 0.152997408957436 0.450740550253618 0.318278064529852 0.309159969083554 0.617756970353585
0.258590837077392 0.970990965381382 0.135568668170704 0.981493250129742 0.991651914227947 0.276667793725898 0.470789645727135 0.424929572250417 0.743560691924242 0.674397940695674
0.084814287292581 0.621982812020201 0.237982759817199 0.983296563775969 0.973112401407759 0.213686345783068 0.477563166591292 0.372209547213474 0.824376787984948 0.601734304479283
0.147533887918214 0.37763777273495 0.104939138885804 0.824840430804939 0.974197489242282 0.0268223147190554 0.318983218347787 0.405212810297581 0.440114684650307 0.440713053895759
0.546617303834645 0.407714101745036 0.100499855971541 0.377247605806898 0.985147685866094 0.0368766190201087 0.40641585005382 0.314716416464211 0.363224551858993 0.624593352192383
0.68265021129348 0.269553356806722 0.175671763263462 0.934624679665732 0.993634859185591 0.232102085386291 0.703834988114831 0.479781145224429 0.417362977479456 0.707586907807106
0.42984205486953 0.296707252711799 0.092993654917067 0.273456458772789 0.950439940065814 0.0140259666456691 0.255137863106024 0.279314198738304 0.0707924365958021 0.41504126704568
0.819545438114382 0.782307561158462 0.33829380606866 0.837651356591734 0.999146181400148 0.215817578463421 0.696043244560724 0.404497368116406 0.978696169024561 0.567573743980654
0.916678259849596 0.825544279705369 0.149294227782846 0.947908141651803 0.998829849204983 0.142080180146017 0.6296605536536 0.471441200177999 0.992446558304576 0.692033707168789
0.128476904950323 0.1109375353353 0.100309209348478 0.36147070001049 0.969958308072452 0.0254987408422041 0.297960315530003 0.258328697472977 0.133561127459468 0.468118450358523
0.478540551111693 0.515431463766534 0.114937892573578 0.714053014110624 0.959278631879876 0.0440190244299944 0.385239411375291 0.313262723218153 0.304613820781228 0.671888208785608
0.776440686515833 0.701356631266891 0.245361342877368 0.607060965679001 0.953314829855157 0.195573961969166 0.442322796401729 0.446565982113966 0.734968039914205 0.579552683025726
0.635440310359353 0.688090017079209 0.448163897315017 0.689307952633957 0.999412432840752 0.419018576465289 0.536095251506583 0.52180482214737 0.996713930700125 0.674400412225216
0.337321903559728 0.562172890441553 0.182190293697019 0.739011730727207 0.997181272338417 0.0475538863818479 0.484712834227619 0.329994806339401 0.124198873117357 0.527265212564446
0.616109154707556 0.728767750430893 0.0670952935856693 0.964833301062053 0.993023112462818 0.291728410930264 0.649160831502241 0.380737478078862 0.825742951751533 0.619150996901593
0.168036630054969 0.0195592264212355 0.144494572911795 0.461281602600517 0.940060088725667 0.0478829241731564 0.380686832005993 0.305916032610481 0.24607679535086 0.50693347330953
0.83306743068952 0.920949814291357 0.160874135870619 0.982109020122206 0.996355011666407 0.171158650820118 0.521023260344454 0.416189832685822 0.962950319843435 0.667764003253431
0.763933844992405 0.54067583056753 0.041914038812792 0.544315215628394 0.950126552162966 0.0378967532310697 0.438670352990349 0.298530938574863 0.186254062807144 0.503331367179473
0.947486677921333 0.521732312046724 0.410595327501764 0.520233437563417 0.996822102362864 0.246293800739038 0.317993891597775 0.374956398305851 0.507238535115172 0.538289590675552
0.557395369802428 0.883895952185062 0.0711845117759291 0.738973334375232 0.704879853715821 0.0102142768090457 0.34083312804204 0.224677969820165 0.0660961908533455 0.472160893452976
0.63682602887008 0.142051525412116 0.279364551544951 0.787906660842488 0.995661361032853 0.058170676787805 0.545252210234893 0.451791381254029 0.274464165904783 0.525443374160695
0.881268539768264 0.975623708064427 0.314265415163426 0.931169317822159 0.99920547213541 0.36969818610176 0.814087112654839 0.545428011575186 0.995772233408811 0.724797604496522
0.699681019901452 0.521319554434961 0.0993442126666028 0.974269503225271 0.996213721149645 0.133689720853315 0.535812945887538 0.473425713743904 0.897463166427171 0.572664901239771
0.0418379461867587 0.209139336968138 0.078144668008857 0.796220243814434 0.810791594222653 0.0124332661538 0.353685280021354 0.293785871576854 0.0169185743465776 0.477230835761042
0.266304428638106 0.126941944460753 0.128000614786425 0.57073310467507 0.962197847908438 0.016141224921187 0.264451820235985 0.306253048559914 0.191961941503048 0.454501547491284
0.291513116306937 0.621989558125572 0.0899063135414978 0.736113117848986 0.91022095038935 0.0556550127463961 0.360520982143881 0.269831491217902 0.469238809749212 0.560802056464449
0.690909017229634 0.702037195811737 0.0606972700718518 0.518830715874281 0.979896153841499 0.0436116883997351 0.346716464647384 0.237287155958381 0.255764400131754 0.530823972088707
0.154127785807055 0.207410809316889 0.198708302511806 0.610651541687697 0.945481938084928 0.0100796006132811 0.26037670566633 0.253308508154286 0.0755750533519372 0.479213821629475
0.543362289750891 0.419639149123216 0.296878787629554 0.641444166228762 0.950330022764781 0.0739454182685289 0.446313194854598 0.334128409772563 0.84044224147656 0.591372636418085
0.339449112150393 0.62888541717749 0.34718514113967 0.939824121384803 0.996661968667299 0.236134073347789 0.405216760380576 0.294301800045158 0.606658091460616 0.657233110594234
0.505120928398182 0.683972319909707 0.313152241950727 0.812736608785059 0.984352471097404 0.0760727719156367 0.6650473780419 0.41301423674944 0.590779603319508 0.540587551648095
0.422961886145759 0.270420274966844 0.144059570705704 0.696195661561187 0.958307350873054 0.106922885932246 0.410208313468444 0.3757331848085 0.440196825658067 0.552430945394402
0.197534548785702 0.0651629922999173 0.0346296405804747 0.339603754876858 0.831086844172916 0.00315817071818326 0.162864760311162 0.268534533506966 0.0274572778414668 0.425465732124998
0.0785052798720231 0.547369040498943 0.128655857944283 0.823842410306096 0.827850924173428 0.0272507425459249 0.33463207734537 0.293983503515304 0.121052108922382 0.569273934588898
0.702210141955915 0.978562736236476 0.326243153899273 0.946225613364066 0.99607553709617 0.166027178024219 0.559326709910915 0.525434290884935 0.643191686118436 0.647769117528886
0.965941791250164 0.921490715157835 0.137317372165584 0.965934134529729 0.999365678499587 0.732410397375153 0.726107255834674 0.500900894130827 0.981498040471205 0.643582879808361
0.425977481122138 0.446919276670441 0.461004998368534 0.627740956200053 0.982091816651739 0.039808444129798 0.282263325084079 0.321417432757664 0.547156640974667 0.574435542832868
0.0660107320202306 0.110101701136354 0.0502644946328817 0.553366196928064 0.713846314937121 0.00202076186382162 0.24212353304161 0.155865222061012 0.0540003752779792 0.345864322177311
0.928140328088981 0.637139681483381 0.215952387613418 0.961826611593305 0.998818776837702 0.272440058912985 0.717755545497732 0.474641799242777 0.947084712302822 0.663515770476853
0.0759132175955178 0.12733299554667 0.0141014221222826 0.578115377957807 0.688018119397722 0.0121225627616817 0.191764938854279 0.258133170469698 0.06221523833617 0.343384626513482
0.699316022540004 0.904402773119757 0.212370558137169 0.739093304461463 0.982699172363949 0.0463367168929749 0.494593486427236 0.365068579450688 0.326837332250026 0.557116757812615
0.28532631716836 0.54326813647374 0.282549939268299 0.282224177636006 0.979809653173152 0.020079476878147 0.403805570559479 0.321371852117517 0.320991008930702 0.568789830309487
0.638321453040309 0.702561153119473 0.124635529471764 0.712843281354615 0.99271686878367 0.10782861106869 0.521860897917447 0.39598200843409 0.789738762151217 0.506492754401555
0.78674686789979 0.225111466435141 0.278332771498117 0.817072487409275 0.992625527843397 0.176903150392279 0.641587310245451 0.372380975305432 0.403488960479101 0.617386039061332
0.22280476712162 0.567114451450203 0.104981055143799 0.975654217484903 0.973270531921837 0.040718181554348 0.424438598759213 0.385350296669148 0.59633318705669 0.577699687475872
0.631156440000561 0.616057994745245 0.241622870842511 0.625806612399446 0.99266514388538 0.292321148779528 0.56671222153199 0.332703606848018 0.640514747573351 0.679454784385865
0.924366179934255 0.731611900007823 0.4034420566508 0.984831297976516 0.996889279359854 0.244678725899931 0.77150565067849 0.392561532229911 0.881171571583483 0.602543436516822
0.249382061313057 0.482444698925847 0.468468183838704 0.361054933017566 0.968882561257506 0.0422478992632981 0.408955131474986 0.288316714075928 0.153179245494942 0.493217754338343
0.738699694716586 0.790366430061913 0.141140989029638 0.667005151759822 0.976426296047712 0.0390295809361862 0.4250237572842 0.346843024055786 0.759797216655738 0.62381951993197
0.477045132126983 0.947596574273201 0.216509885245386 0.902822366385884 0.993938505702056 0.121680726161298 0.399136879887961 0.326708613527662 0.553525045494034 0.608509495483148
0.68715952437179 0.312555064338321 0.139677166652406 0.550627653875176 0.955158655589922 0.252920843841746 0.430868376362018 0.34796994831055 0.731796222193559 0.598235725918904
0.487754592724446 0.370530497604978 0.0963301476202249 0.949322669592827 0.996008807235972 0.0365831525506461 0.38489720190593 0.363494029429084 0.611250166791953 0.581648115702992
0.239052751273063 0.233413750361273 0.0672512720397772 0.676059084280958 0.95113572366616 0.00742487394707886 0.328815821640227 0.313915658512022 0.0531879017700648 0.5994867320976
0.957192536647027 0.186086662586693 0.134235954094386 0.963807771753973 0.99546085123628 0.120329089332606 0.675234116996081 0.523435701322104 0.98762560013743 0.599867488360011
0.651694776579661 0.664122392208817 0.4001262963543 0.945866330425211 0.996878357436727 0.17823361237285 0.678015526162123 0.422368767127046 0.986630078351493 0.576649859726731
0.648679640881671 0.516127861481121 0.211255378890637 0.975646279092097 0.999503354004671 0.709570292413421 0.72768768303084 0.572652948743284 0.998300858365996 0.741107312916723
0.739543608165983 0.499657525637141 0.153748995627241 0.952760913891271 0.968188668873975 0.153612737666811 0.438050178081699 0.290988216444092 0.329179819896091 0.562413672160584
0.220324796187311 0.433655577644709 0.0456818464451885 0.787133749950653 0.994598455644449 0.024249174265573 0.314638194235948 0.294470660036752 0.0616112993733133 0.602915070210779
0.120131341989485 0.736399613027722 0.14813364741333 0.90644376610847 0.994642305398366 0.200012580561021 0.381344737582405 0.468202063120702 0.600916040327261 0.504110124972478
0.659267186894015 0.573312521254034 0.0450407991053189 0.897800476730786 0.995924493183892 0.0637099728524135 0.518990418950333 0.445166767279805 0.641854545989457 0.51882757829382
0.968653066705068 0.809748210134642 0.685171391277187 0.773729359703179 0.999155837228651 0.698510593936953 0.642046943819824 0.448908596585384 0.987100882926556 0.747781899637098
0.233162046006604 0.586173623790721 0.251985927079614 0.566164185925758 0.939845311145102 0.0250914815229774 0.405586543066042 0.328745783461311 0.539835176118562 0.59180288844987
0.345021654841112 0.264234381078417 0.139384382797655 0.752459550101188 0.988415705788281 0.0664746082081499 0.441111383018877 0.33334381868751 0.679024015683167 0.602654957480428
0.640989472373705 0.719147491926169 0.13298962831767 0.953848732280313 0.994663280788006 0.098975396668001 0.440111026618703 0.320413527300027 0.370147601560574 0.55938166876174
0.234599259713491 0.167494767685708 0.242318867715281 0.529015733294208 0.988328255795959 0.0488377736192961 0.421987751181954 0.312679628071909 0.52368754036092 0.631309561961599
0.493837565252985 0.750362069475692 0.151681693506358 0.964930081088445 0.998439830199159 0.21295250813867 0.574250089531051 0.52033516390515 0.918326032283421 0.553887028694554
0.914206974436445 0.976331249853585 0.436665594395714 0.998324405635066 0.99995514771251 0.777606349344294 0.796737680678921 0.572619307433508 0.998922501069685 0.740632143392611
0.971203636876574 0.915546907647127 0.103414421033573 0.938011012992363 0.999381632131022 0.326802697427407 0.702734112623298 0.511518315224389 0.994074266589992 0.710594202993022
0.656242660061312 0.616364020144478 0.0918439709022795 0.959534911698486 0.998896184666209 0.570222034996379 0.781430098293074 0.450958127357459 0.944906115579762 0.608740153671864
0.647115283911526 0.588219184320068 0.268589499601042 0.91813861974393 0.997720103204 0.0925461067006431 0.523631461753355 0.380491478457655 0.803294530567461 0.684236594803553
0.91839511704411 0.612968550874193 0.167247297614497 0.583084657466372 0.984328368925811 0.215268677510014 0.559638874310789 0.368344217658268 0.697863978944258 0.591125645463298
0.991434402613703 0.795681468901828 0.355133324077626 0.984870680062714 0.99866731136211 0.206498208414991 0.757463615759245 0.415504977276214 0.979229226052005 0.783454524775487
0.361218655942663 0.245240141552784 0.174856516431606 0.800708770619999 0.988157026155231 0.0612360644639251 0.46734125672667 0.322296231405096 0.756677857890094 0.351752290308213
0.414710262226825 0.33839919324673 0.0761420756036846 0.604607584013523 0.984570773700189 0.0934847468996782 0.418004998345554 0.345213083530507 0.512370094309869 0.603109223434887
0.32205735855208 0.586928491841943 0.0880262991391796 0.673384701396635 0.989966915725413 0.0745345419849807 0.380147676032787 0.355659302378606 0.694927990750442 0.621452412494995
0.0726878660358424 0.0727952488604445 0.0459628140299399 0.608777105816145 0.789388285515788 0.00971889194241939 0.232094296776439 0.28436653263456 0.253719674153132 0.612818457111455
0.719089417966272 0.0122133815208561 0.111516898141274 0.639327532801492 0.971462823522651 0.0402339112143563 0.561979196239713 0.275458079546369 0.737105456086028 0.529826874325131
0.585902925907881 0.466454561031763 0.316488498772351 0.818224961683414 0.991239531471745 0.118850818090416 0.467307896281662 0.390683811110389 0.802835644408304 0.573399821679699
0.39787605062094 0.722458113525313 0.176819046802394 0.980458646638663 0.99308303954775 0.175607372915556 0.542129770480091 0.424482510713331 0.86370434747029 0.630364114144689
0.12863416524297 0.459672524191276 0.0240318920129175 0.446299583729035 0.938660009490688 0.0355382214017812 0.367209290938601 0.292003786321473 0.668847415278049 0.553043808009165
0.963006374411329 0.51717723819879 0.297673343028105 0.927788004340463 0.99641802617999 0.415552801056312 0.554647399473755 0.390832198527518 0.980543632618808 0.697333178234672
0.882601338781549 0.598358346933019 0.193864254706794 0.85382256902559 0.976481581571269 0.169500770943698 0.473938460325883 0.413949458998317 0.922792201900649 0.653959399227427
0.547558323357587 0.928447121115234 0.36709271851793 0.729081881220812 0.994024464307638 0.0442393079759393 0.492035874061434 0.393330640221568 0.971774907099247 0.559324569597754
0.675375005980727 0.497935496135868 0.346029218783676 0.873803587692649 0.987420096679555 0.0908483584732629 0.512478055686339 0.298980043930284 0.944083351005618 0.612528574010242
0.374396649995218 0.893737639051912 0.218407487529716 0.937791454478749 0.995752771724626 0.036163176815408 0.640037386883613 0.413474174885166 0.659973647660696 0.673938576533603
0.954975544632628 0.679339220146124 0.393333620148762 0.845090271280943 0.999479577004669 0.38949171255666 0.770941336907721 0.417347326788752 0.900350637746085 0.732022688449842
0.251354305092544 0.0709104092213521 0.218291285287393 0.685322034233836 0.962596911712858 0.0772452955411183 0.406033630802509 0.285512583405128 0.926229831873434 0.599848046850382
0.78053230931425 0.97488928372064 0.428605850680478 0.972207128188892 0.999870262112979 0.808737305616933 0.795785928685749 0.637668177823928 0.999352993695971 0.760060430326498
0.945224836889598 0.540118604455629 0.278270601298404 0.745183843576254 0.997140281169468 0.313949256369434 0.552576103541173 0.394937803084501 0.918747400120678 0.588120403876431
0.544520036264059 0.811852559691594 0.48160965755672 0.772395800942775 0.992546941982001 0.22601473387695 0.624108112674368 0.316518872619769 0.408169793397731 0.494993064473962
0.376998461560252 0.160601066818525 0.0811336461716031 0.646454408185652 0.986753424543442 0.17613586725068 0.500469148497728 0.396054214910354 0.300997255610157 0.456176990390704
0.221638405839726 0.351496609793175 0.152317185147272 0.784251289618474 0.97675217379459 0.0115392295633992 0.162227509190571 0.19053388795041 0.143964495167305 0.492575923700284
0.79058284671318 0.934893333719559 0.268830817412357 0.951310098347929 0.998655163321184 0.478570941032062 0.728646081729285 0.398217764508805 0.98098145576998 0.703349096577185
0.905216429382344 0.854534607678776 0.40079636780592 0.942919887196077 0.999067877910419 0.45631667496884 0.633809752368908 0.35620573988185 0.991255894156267 0.542030499314889
0.950712649767632 0.987007852711394 0.141599863670658 0.959284075099434 0.998237678904002 0.494105608008408 0.701968037085449 0.480555430699379 0.982901395884992 0.720638789131905
0.816898790091484 0.597445466005106 0.235739171845908 0.690178316684097 0.979004658959777 0.163450067806394 0.44228214700437 0.414334707033344 0.162853412910436 0.494681225726119
0.405489460056869 0.318615205162714 0.0526576147962196 0.54592547293822 0.987905241234908 0.031534864856095 0.415843972745359 0.24653499817248 0.0593550349051158 0.38087946488472
0.380991471104065 0.155067596460028 0.20875286063178 0.537904851705578 0.982613882386629 0.0795482668922577 0.383510421253562 0.310075651599034 0.943407487398595 0.534029346896098
0.607233722797461 0.393509572245806 0.37168273156171 0.512132907526728 0.996070854427653 0.0982281292708846 0.56945208752258 0.400921866300544 0.848396945732351 0.551109336151591
0.982284593652157 0.755736826290273 0.262593182971824 0.945728423187421 0.998794209948398 0.459040113274759 0.686659242701716 0.516106582325183 0.991998282310605 0.675736358466182
0.411250634374154 0.188185064335817 0.2004283339149 0.525943872548129 0.99285115720401 0.0698801493024018 0.471780976565712 0.263310745358219 0.663363053341675 0.496812081019829
0.889708504921286 0.671237876010479 0.0719551483029063 0.537714477416268 0.885952485604633 0.0227932193069335 0.314925351307969 0.219150489233735 0.191199290681344 0.564234129660602
0.294005796359791 0.355065563397381 0.155238506711129 0.916546650961869 0.991619504302448 0.0230954993275015 0.329546631645644 0.282013725248962 0.364330545978463 0.453293381974211
0.27401637674818 0.00372188088575499 0.0784458084022261 0.730774307437055 0.955492108954371 0.040866590635133 0.228578516180372 0.296908736034613 0.150973568513872 0.438867553001514
0.479795301336971 0.266243961466622 0.103450686213351 0.777287494902329 0.994760549490361 0.083819970621118 0.560602016061361 0.352436313717207 0.641696661159782 0.637392841520329
0.94105706612839 0.802813259267727 0.387995525902779 0.965362173439739 0.996633129344124 0.501612209096728 0.661473525440835 0.535640888741347 0.982724790095983 0.6723061902323
0.352270420634186 0.92978868471551 0.222514610175424 0.96599203308047 0.998687066132517 0.140985091817748 0.610581250159584 0.388044245752289 0.958991358764128 0.618477089451268
0.544805492091832 0.830336025627834 0.0933959358245376 0.615303819239896 0.944011765998387 0.0660159304042996 0.450629087573349 0.348222445781962 0.636427545570408 0.596167729090897
0.174240544347875 0.839270330719313 0.161171216655078 0.297009560149249 0.879264484061688 0.0164747369379837 0.355322858218554 0.328635372338798 0.226750732152902 0.445472752168739
0.852395396808772 0.92606317031297 0.0850326566894867 0.731566132550022 0.991346527943517 0.152436185304143 0.583498901038659 0.324874824922099 0.700735845402421 0.454329009068134
0.756277278434906 0.408000809741837 0.12133185720278 0.938241594732245 0.993448119365897 0.0747679033748648 0.411848034269479 0.354461412536644 0.659931487943506 0.581940741646484
0.684069934293202 0.680464311551001 0.191180897491991 0.969863185387592 0.996499252941465 0.330112649470477 0.6160229959758 0.376445987552186 0.733291200521398 0.632893098874803
0.114484350538113 0.212333401076355 0.0592531439989132 0.543867805798142 0.928163482343442 0.00227255684117871 0.255865371612623 0.197670560621212 0.148278374795684 0.386375384295758
0.70001041375108 0.853135237602 0.265115725323472 0.867322163812595 0.967446686695833 0.00452026102088582 0.256328911885988 0.249656794137651 0.290541551830783 0.479184420671801
0.282909156297771 0.260114047837065 0.031218066299476 0.374544910975202 0.908062718453577 0.0105625273103019 0.26267183791073 0.254494582982763 0.104965031713492 0.433034217771577
0.803963725049792 0.479384832790125 0.272979760729425 0.677454444804738 0.995229536688693 0.102744005691123 0.556080518891159 0.459397524827529 0.927328883977063 0.544078922140204
0.75157178778767 0.99179548463938 0.178076896860189 0.943900648900707 0.998383958209584 0.269456585613014 0.643146547323171 0.647910139535282 0.838427232125718 0.681579223606451
0.513284834190891 0.933263726829926 0.440623768441441 0.959418687384028 0.991632807066912 0.519615954628361 0.67358069327557 0.390515233878556 0.909880406572589 0.68775877771295
0.640232520862966 0.758540382330442 0.131678219365262 0.955628390193936 0.997653234644662 0.50910982069125 0.742300747228917 0.529143367000767 0.978489337458863 0.552475353658776
0.763449834478313 0.511865115333801 0.0332614932073 0.814034926611156 0.995637738727292 0.0901029018584945 0.463342560237007 0.396906597200154 0.878660589617788 0.567627132323244
0.850618014127034 0.778626704384336 0.226659231816193 0.852139314930382 0.990829017110064 0.0626480099279301 0.52678509413123 0.415400945677104 0.533082390845631 0.678533648383505
0.40594519230612 0.550959289850268 0.16738858895773 0.272470209439028 0.990241329841932 0.0535076034158808 0.300995964583107 0.353859246423631 0.496225658423536 0.587294407645713
0.903691187186683 0.683308275071856 0.132008823909262 0.732918729756545 0.998541381637321 0.212847719090082 0.625611472099871 0.439487081717339 0.931934282776563 0.702372232119309
0.8128189264063 0.783773314887531 0.396013204836372 0.910162906506919 0.998472931259939 0.135147022357586 0.478710124549009 0.494053503800249 0.988382219528494 0.646143334746191
0.778282166628133 0.35802310074425 0.120555254285939 0.97793339890838 0.995578338315483 0.136843657738306 0.469252634822855 0.536021072568113 0.857857783048683 0.568436974078989
0.0529497515659129 0.102753213326697 0.0816186923845462 0.337671092084092 0.932144735464158 0.00881323341856293 0.27425720817811 0.21661441227533 0.0691057191231801 0.515178300002967
0.216471070617217 0.478565652634817 0.0642071524730539 0.215484385362566 0.712476262981897 0.00441516288543031 0.137113440161204 0.21561426060943 0.0691584795959785 0.338734974377723
0.916542863406372 0.63314635365163 0.412707021124652 0.971254911720083 0.998481959972805 0.253229396220882 0.749396250404889 0.408811993138866 0.980242542215613 0.691464906240551
0.676338040477089 0.761345319587071 0.223040493445443 0.83820487176458 0.991623357279589 0.288933614934151 0.498208367540261 0.461560852696171 0.773889557586737 0.620269906358173
0.867328784612465 0.129110275237968 0.4036796929126 0.573105153765557 0.979699852599404 0.0751777169421563 0.505705721308973 0.345854825326642 0.907824275384189 0.670956083105628
0.623744622473819 0.81205998062714 0.102586054799295 0.958922663505233 0.99640368161043 0.264201425142779 0.600847753886218 0.434252298870686 0.881774080596212 0.649187794850295
0.795996923226588 0.673218252578584 0.230812796201279 0.849111682037782 0.993749341413957 0.110536325604924 0.414373590095533 0.337608758579819 0.688858814538862 0.440739204275047
0.891816491549398 0.380174348944202 0.119939056391159 0.960298450101759 0.997821907146327 0.27704845174451 0.668062023183785 0.389888729965237 0.977264238928998 0.583297479081186
0.504736998985419 0.282087849755693 0.188905116791383 0.897474658777931 0.987304538036541 0.0537056189450995 0.394473045823381 0.347043343141504 0.558749365804642 0.695287571194859
0.403947894350906 0.599509884325249 0.0576752366875559 0.638926633832959 0.980105809170074 0.00986920700233637 0.35118919133959 0.241971106312533 0.0232255747934309 0.529818824384639
0.940392495750999 0.553488186792092 0.46842275666739 0.970256139794608 0.998992449907203 0.195899438624257 0.598123277371596 0.437576720394924 0.9398368524497 0.633387667160699
0.161698568606169 0.140206275144525 0.256036400711579 0.541354986281044 0.986738347956338 0.06639685226914 0.504557242552431 0.26627879476857 0.83162206427151 0.606088745555878
0.396556774517914 0.249095296604603 0.0603174485733548 0.583121503105918 0.857397926592438 0.0154329670129348 0.29330562724023 0.270313175431376 0.0409037564333048 0.536659210021708
0.333554153910136 0.77856941126745 0.281298814054494 0.597674099584169 0.996798249144753 0.260317529309792 0.567787817129861 0.43564690198591 0.766971543871204 0.513075765036464
0.622136636412364 0.78369521178912 0.230043342200139 0.690027158380732 0.987227975920828 0.0913273468663561 0.4142422480056 0.321340493841147 0.209679193422445 0.482082987541553
0.463045011010188 0.964351443411346 0.206139711560824 0.936829581654034 0.997103090434315 0.273881677942132 0.57768410679672 0.320586131081847 0.927345350921656 0.60969504683653
0.709282015409615 0.742117947092461 0.111222474499748 0.584774450163506 0.961751572178095 0.0274394010233976 0.323401256927916 0.242613404609706 0.091827386698592 0.524031135772863
0.259976722245163 0.862684746142507 0.152731561532331 0.250952818318037 0.967403347687529 0.0417957445750964 0.306594949432575 0.243391316495694 0.0485440005410127 0.468015254553849
0.92173794732835 0.947254852207876 0.307598328898246 0.910097288924419 0.997759461580036 0.182642140168774 0.718865210438355 0.520644169197684 0.921152975395532 0.63269935122976
0.836022454271744 0.775247419440435 0.244986755605834 0.964568511276836 0.991201851882697 0.598405024161849 0.735192497429037 0.570720403166483 0.969515080610499 0.624351586806307
0.825847750746708 0.765672675378098 0.309927783260647 0.900282076413019 0.981240759912549 0.161456683036477 0.571578064040781 0.428949327818795 0.484241833934419 0.667794401903661
0.719033722916475 0.356964229217813 0.229452901586935 0.66328125185525 0.993424986041552 0.0380154535320331 0.401963403708004 0.353831351405877 0.168445132345312 0.444928761972407
0.222021814584181 0.0747150068035712 0.07169887431933 0.458368207701551 0.864972198067188 0.0216343863544648 0.184352655884325 0.293729269052353 0.145535133413553 0.515471051729344
0.713549781421206 0.219043061080114 0.222951380993495 0.966378966489689 0.989715859587678 0.147225881042865 0.468109335250659 0.285461099534609 0.662036514904265 0.588015173571778
0.165720300382268 0.870144273285316 0.100715100663349 0.721778567102876 0.980909908308314 0.0389165695499391 0.324796835414425 0.251197476546834 0.125759932639139 0.474259906948223
0.294267982630225 0.36700972189747 0.0943434408002288 0.802260168458042 0.988471271533417 0.199163085821331 0.596234366805722 0.396592338215322 0.814575569381953 0.588056058281376
0.0387533559339615 0.471418709238723 0.041976291939648 0.158382553578546 0.942565569675944 0.00951470609057988 0.297977870260164 0.248289961893783 0.0126865194465281 0.367961547426463
0.973391349372984 0.968416855752051 0.389659798431916 0.892582207199928 0.998629146442261 0.266583149397218 0.595954231427535 0.432655386000566 0.996303209587706 0.73219984815873
0.862218087941599 0.52978543431459 0.262446311252343 0.598024210730257 0.99232466411135 0.14208499236589 0.398029841408365 0.451735772037999 0.968185996885808 0.656250316633375
0.806952764216792 0.550466742527729 0.0944335364072349 0.454848217032389 0.955870196669642 0.196269763609678 0.579905529101187 0.425604947442264 0.546418391269357 0.430756199956274
0.769012126799314 0.914673545886377 0.119331563243144 0.605517347680618 0.966029087368764 0.108721069449397 0.3438293778871 0.416790386776563 0.528511912766494 0.612798802886412
0.787355068755935 0.785795504304623 0.0986199407999238 0.925332305488418 0.991316728166604 0.314811257118352 0.587658658435262 0.414008462888337 0.419931760865927 0.50926243490252
