0.237959225077691 0.657645719448735 0.606814085944811 0.77666097036697 0.967988590109052 0.0463441232510414 0.346046921624616 0.434815156682466 0.424719094519698 0.476358486796065
0.672286113214995 0.10182553197701 0.116814352517858 0.876148589186045 0.989236172094481 0.208652685754765 0.486780689521198 0.425623002830257 0.827164105077515 0.55560685399211
0.961864513605963 0.88432439834687 0.167350425723025 0.995609423347799 0.999936310693732 0.509570446879838 0.747354469645649 0.527987067041306 0.996604814441122 0.810128069198779
0.746037214250145 0.405443037532769 0.183019114980798 0.850120344960985 0.991174896696102 0.32984049401189 0.523499070095375 0.415008052893381 0.882275670984951 0.504684258993851
0.808601124730877 0.78872807185536 0.321593138739873 0.843799612878816 0.973054550095502 0.103135442502179 0.467331935620626 0.33230069225406 0.263394400404428 0.459165989906815
0.507757553751374 0.281274272912047 0.0573965289256391 0.741413469456429 0.977714846037225 0.0217296852180701 0.461143506432173 0.318699171983773 0.19594507287674 0.542719079484137
0.832828426909157 0.128959534551711 0.167042180208962 0.878114627889974 0.996557777617758 0.222930275725161 0.571698323184124 0.408550540157982 0.910700221187754 0.620330724706973
0.750802657382362 0.356358811557764 0.383740173583884 0.426934043360354 0.994509985911004 0.1069553871289 0.615436480268016 0.424793420648787 0.50402189481749 0.545169353644332
0.27191926859398 0.530578063952374 0.0926665016445884 0.733371121894475 0.808229145108087 0.0404792948329865 0.223124772642638 0.240364290971222 0.393005058153871 0.422640397311135
0.368809880430065 0.00999688735531278 0.201794445926487 0.900714408885079 0.994614808240011 0.0999532248031505 0.431730161032937 0.358736076855298 0.36450490575201 0.559824065771476
0.826386670271508 0.885881844071607 0.358585081046793 0.817215768391723 0.998347964799072 0.488611484865038 0.596737871473498 0.422666836891999 0.980696220167669 0.681660442793645
0.386041536629414 0.4536445318876 0.292161108093435 0.244063085148659 0.964332664318993 0.0256315695272136 0.310402723185286 0.304727499366736 0.270837189914517 0.457635448806947
0.990813322161606 0.569864862011736 0.119564205202101 0.919838744589811 0.99787605763186 0.33946843360896 0.64991169686479 0.547357305598759 0.964187299471909 0.770035335010038
0.145496143702847 0.814220864298641 0.16039274056628 0.565760934669909 0.995222678989488 0.0517290429805155 0.350418176482626 0.28837460075163 0.414151178448009 0.564692972498163
0.633203677105151 0.301192331727005 0.0793339460122282 0.77544309798439 0.984641951589728 0.037831503258667 0.417604117570373 0.273683505335373 0.572104355035537 0.670030317887643
0.921204342957754 0.851006419689044 0.18101658369639 0.814444971021699 0.997035384523464 0.211103525388604 0.443260117224971 0.350752346317438 0.581818578993783 0.678824306212484
0.368828543603411 0.125028608541406 0.11193819932266 0.799970690901404 0.957926737636683 0.0646225571757999 0.319796086396709 0.248612310368295 0.0636760728572912 0.493582309151539
0.379821935300492 0.209257195198395 0.207534532370966 0.108060588403134 0.988696963124957 0.0429529926535124 0.391496265505923 0.308042892357309 0.254157469305526 0.606721857851
0.686672880587275 0.706193136335787 0.0768861511892911 0.89433521944728 0.965253906569046 0.0718561084391493 0.508655603477886 0.304120617694621 0.536334181567463 0.584430383066031
0.123540357082921 0.350643531138014 0.138481585551429 0.763945498335886 0.80033236387567 0.0096470157269962 0.218759610914809 0.259180558494534 0.0220661397778505 0.352319066019731
0.831654056145251 0.491931523002248 0.119408464579562 0.630122218651485 0.986234642802245 0.104736862794899 0.438371974370186 0.363758732612102 0.608680026488981 0.566524420303523
0.432653722945782 0.672329853863069 0.477752198178616 0.949874574800058 0.99354616669694 0.315807985968247 0.636428423524296 0.465393696882105 0.977234854500349 0.821302402190752
0.594489402599031 0.35261786748317 0.0954092362222108 0.794925100632801 0.958111156995433 0.0751498574316707 0.326113729366706 0.34458454040132 0.146589829108514 0.415071244538752
0.0410530246779122 0.429727964790194 0.0456045002484827 0.285953610356786 0.883950122549804 0.00959627185133138 0.232761774804701 0.25118167598914 0.0185751937097373 0.324353546234706
0.547250866218341 0.17236133688415 0.20721426861507 0.490525229228221 0.89241012576495 0.0280125666170262 0.346623800430912 0.191601826689012 0.0152882541736823 0.424864867681745
0.282474632650166 0.552360981217867 0.0557366275699976 0.394742597581467 0.913722614550919 0.00755870760280892 0.325794182919075 0.230036257584768 0.0334165283885554 0.441599228214247
0.706598816483709 0.584336271172579 0.154396142643071 0.960103854937634 0.998314163779638 0.290058075936649 0.589327568690733 0.430973936150149 0.948686221253053 0.610917476412559
0.15949389481104 0.219511076519124 0.150829446221452 0.317013905955142 0.662575959329196 0.00659952965476706 0.136422711627676 0.204277984098667 0.0105167141839084 0.451308878330015
0.662187189121005 0.370330393960992 0.226732528655428 0.554333396168811 0.750185014111247 0.00220959153907823 0.145581969349114 0.18314245710408 0.00468398437606724 0.349820652161996
0.688503889100507 0.28855662919991 0.143702102418405 0.87593117061295 0.971222508215911 0.13022489269061 0.415884944121243 0.336288028046532 0.362892134302777 0.527591513964221
0.795511779413163 0.620340553349165 0.0599259722330483 0.711128056969814 0.971475129515978 0.176911063387168 0.405872179253293 0.374917178570602 0.650283411711861 0.567038355081134
0.756759511970689 0.77619056401013 0.147062306251075 0.803009670507174 0.985115625685987 0.269843467182803 0.462764090759443 0.395724740494271 0.795352748468232 0.551200525332407
0.146879608933896 0.0125236782249702 0.0769977112703317 0.222026405290995 0.674851314413878 0.0197949869075325 0.185989874401524 0.338119554160183 0.0340526908901852 0.561788989669839
0.228461931352121 0.466372440700469 0.13097863671152 0.571939128375714 0.949433572814293 0.0115112362289737 0.260005439377978 0.318204191846776 0.0159803867079083 0.442504093741273
0.946414403414423 0.97783185494759 0.341523973010267 0.981462579517042 0.999059555225742 0.462346386158297 0.668893940975583 0.528352132502356 0.989450072857409 0.753434229190764
0.487964445047781 0.087064723829884 0.222432523724951 0.322861779792588 0.895987496825133 0.0267047927265858 0.314006048242679 0.265660566269425 0.124011940059768 0.378345458412475
0.0655722675211298 0.323175464656643 0.00944214572315956 0.208615593146499 0.886746547450926 0.0203134319075862 0.299706280293388 0.241338276428169 0.0225349429085328 0.450978202869676
0.238722476823437 0.325413880642675 0.176256399160924 0.946883855011036 0.986743193293653 0.0531348312036674 0.485659920598051 0.510099299622971 0.569654483086639 0.555826498170284
0.22182958451492 0.224998276038428 0.064034250299518 0.523044282965522 0.850392759604829 0.0425546125324011 0.331233927459961 0.301761117812698 0.421885333161673 0.514751767855018
0.649934872276989 0.366323026155065 0.374485993406541 0.465454035131221 0.945573474326692 0.0507988247258415 0.390592362606665 0.335537500480059 0.355881156080269 0.505417127370877
0.554684404503584 0.533445801175108 0.199653994759754 0.46499321523498 0.97919202057684 0.0761515305422562 0.37476000715694 0.33148030556033 0.380528148132274 0.46642416437611
0.595104296731942 0.636631080526927 0.135516872299733 0.927965303713591 0.998719349822562 0.261283109160403 0.569433464400144 0.525567948910472 0.471521460520346 0.533365899429062
0.542118974315326 0.359811918476588 0.17032085358786 0.740858752632922 0.994269697960237 0.169061617044095 0.612276964866029 0.42862363952233 0.924921811076561 0.622648076169638
0.582703780406548 0.19023888072987 0.232133018078212 0.27346988425528 0.99143135141484 0.0538763928865619 0.579121851375745 0.351826617312393 0.818248751028039 0.67504588944375
0.527033188657245 0.44850152776048 0.320090812634621 0.296256226688964 0.976295557198351 0.0597390077509681 0.402183538316681 0.286770254430385 0.0319858122170177 0.52275610388707
0.523684392938993 0.61385163937984 0.368084318871299 0.865908610306149 0.993440825759855 0.054848733209459 0.360087268316232 0.281391390567497 0.63194443292646 0.507784629359277
0.376080107902922 0.661450817216139 0.15416451818249 0.694934012069875 0.988298454886334 0.00650544522201365 0.328450129053977 0.278433074837058 0.149593758371338 0.517464805840798
0.815811781127064 0.752131418577079 0.294388203752126 0.684059384920375 0.996448427197779 0.0924952691499074 0.731397092144513 0.35491110910299 0.93727030764407 0.59939804483501
0.797037495047642 0.709243737047427 0.0637069531541058 0.779773129222097 0.985039750489775 0.0352061234831908 0.436956706627353 0.357584321793863 0.324417081216997 0.622350780404738
0.864031704035385 0.703543114133417 0.347110589449996 0.727625138213305 0.994645019636328 0.267670239835841 0.573417073756831 0.405203764816645 0.963758970222666 0.637801551680419
0.589432422999917 0.182618440283644 0.119462326721761 0.871539302120266 0.99536708171856 0.11266917292064 0.371088947980678 0.413184639570712 0.750061147570394 0.578268218341819
0.657583615684325 0.743531672516144 0.251810512176733 0.442390401968626 0.989922171893585 0.0198499054427214 0.378016440404032 0.315103450897822 0.0201777767425202 0.543745651818809
0.5884079943929 0.229312460854078 0.178383704251005 0.950533913138492 0.993420066978009 0.284117321652706 0.542963775999892 0.447099028846793 0.793859730492713 0.696443847116856
0.561164251513654 0.41628685016878 0.337744313897245 0.592697002493433 0.988409355154372 0.0370079279892154 0.237699915747266 0.310052260088038 0.180528381169638 0.538743650169371
0.279968791861887 0.205716030131495 0.112912621792953 0.709679351622053 0.97815529554614 0.0205091828183044 0.32818688139215 0.291236490464031 0.692657900456233 0.508225886269671
0.189437601934249 0.175205946510036 0.219722758141627 0.298506955334143 0.984960421311201 0.0256650808415963 0.191246388739007 0.21395218520891 0.040821685989936 0.544753831290794
0.246468114605344 0.0179030276387109 0.130410857356531 0.341032776706887 0.871670835270156 0.00419330724477673 0.228260375972019 0.302906041988549 0.00341045118455934 0.469056176803862
0.478212180071456 0.737187297398155 0.0497717637631615 0.696758421534973 0.98810643659044 0.146160319704796 0.336856453575944 0.344094423176172 0.812558210668255 0.557549616507536
0.316891624121884 0.218045329334878 0.105673578585237 0.882154486871746 0.975604794669633 0.102613956910807 0.3816921491913 0.387162488282468 0.840370623665887 0.591241711715498
0.298196120844456 0.964206231052756 0.311693085363714 0.893586765555665 0.999228991245533 0.277018784703693 0.734030191438615 0.523178507862974 0.997035325044459 0.630333984740041
0.315157356979473 0.346253712161928 0.113204996300591 0.247524243823666 0.922714030571464 0.0121459256982338 0.318145485387479 0.23751827641866 0.036692588391857 0.407881834968829
0.559536993686246 0.806917755421709 0.326783282936039 0.960260573452211 0.988911079654989 0.148041939114788 0.524176577185145 0.35930995494118 0.891970877778108 0.514040878020923
0.0405427383271095 0.436391448644207 0.172381881105874 0.702158427179706 0.865030315213331 0.0176585866757251 0.37655070463902 0.24998779840105 0.089630216977046 0.591081737032585
0.420254672971117 0.933593915027277 0.197939750478009 0.380540717117179 0.98198452265237 0.036723397827896 0.29343055092422 0.320372647217636 0.306902074488454 0.474889609629448
0.535758974330394 0.645837553713902 0.0603003488972545 0.243578498622072 0.851661481071364 0.00699362250146297 0.195322469060342 0.272326109635492 0.0132121973653566 0.457333872685902
0.807991052029298 0.432001512198096 0.390896414042943 0.967837710049108 0.998590924287957 0.276984595015497 0.585135760400081 0.553268076703352 0.981117038406027 0.5510482727129
0.171347476511336 0.127052958226796 0.0469201356646875 0.311606835977823 0.895964311378018 0.0138627827849529 0.179160923118735 0.255295897279848 0.00167617903527095 0.354482882647265
0.932316092718792 0.972908771384755 0.231949522979648 0.832393536680899 0.988547530016563 0.191300292164521 0.657852155054799 0.472436836412291 0.912053333383935 0.567689973690645
0.133657459780211 0.347178372338556 0.0967299206827928 0.921576420383463 0.767643102662137 0.010852600302874 0.234933366480382 0.257945811387319 0.0267111744295987 0.403464474483556
0.188428440149038 0.0850504356537864 0.207193633541491 0.0504763273996491 0.981299996154834 0.0101197872528446 0.239496176455659 0.336161124451442 0.0237137219489899 0.388117786241559
0.679393621008908 0.982299574487539 0.400758495519155 0.989708881434015 0.995383088940846 0.373156809105049 0.58681083803485 0.418727080248107 0.903696186881421 0.633668525694609
0.827747989515557 0.300776855488689 0.197652706854432 0.863166716612733 0.998397779048505 0.193109620644824 0.577800028854169 0.444491087420704 0.966178693337622 0.637504494537581
0.962265115741736 0.71811884633116 0.473726763536951 0.955354426414385 0.999746054557637 0.650471945893195 0.831811182246703 0.549623713223128 0.998169719704546 0.791001146395855
0.141286979854277 0.362332104272533 0.0718058568425047 0.351405567698628 0.992191309796443 0.0258997682555928 0.430209689690326 0.369190992796309 0.556460416673179 0.439926071101711
0.542129252409461 0.0617801844842393 0.0517731280361633 0.601177616247277 0.858266813622039 0.052094005957994 0.388300711068169 0.311000977084936 0.0751131710479709 0.519298964003476
0.836826502550465 0.659782092332376 0.376423773717676 0.962613036544494 0.991293870469675 0.276631442826778 0.483873881291215 0.33925623633283 0.993497377971954 0.645178028601602
0.442821974505184 0.5624297045955 0.217259193799231 0.588261429076479 0.991133099801497 0.0430623888193338 0.355727685809468 0.301510418973831 0.242422327781933 0.507484093152845
0.544540541263644 0.109984218453795 0.153942231599985 0.587255754329513 0.968892448757606 0.0518224819423174 0.382746590356307 0.389487727824266 0.429102509160331 0.609349089095428
0.225931995973651 0.167658869660585 0.158054845619464 0.44522170606476 0.757630127529478 0.0349773430275492 0.196227041265389 0.282094265355258 0.0300293675575904 0.440320219174142
0.551609702748681 0.864738660116712 0.0696362703660767 0.616078882135358 0.966893587540427 0.0358186603349835 0.338115554409495 0.278362718112599 0.509905326321095 0.564453518406704
0.848040022772207 0.449846639033073 0.376893416128573 0.86019387267277 0.99890203485031 0.486021305657364 0.665763157906985 0.3782515935861 0.992181154980847 0.721642907537474
0.587169724698349 0.958880949869853 0.0613838455471715 0.981931863197083 0.995170942026551 0.568344963294065 0.775234383582746 0.439162975371798 0.9808700459181 0.694110957870743
0.548940095183043 0.432647319235453 0.350220520588371 0.912372386008439 0.996058439128409 0.10630985257545 0.504284223495851 0.304052732192517 0.664214732395177 0.589605571593763
0.350982360604191 0.835006876704293 0.0465282772519237 0.298008452905731 0.915759898255233 0.022698916548473 0.34633373825807 0.2917409076361 0.155195050694713 0.467094565008029
0.329530194904063 0.780581436974118 0.106714858612057 0.619946487238083 0.952653906249565 0.0768228662510792 0.50685972199862 0.389900460976175 0.754169122450512 0.586956440118443
0.226909332641952 0.872284096727834 0.0867055743869349 0.726561393069733 0.964976762906039 0.0127633577535521 0.363860171251823 0.285418853388793 0.113029991754002 0.399241621794138
0.583994967699279 0.134889537753922 0.0773099289568676 0.770822018448727 0.93588626523497 0.0793198918658293 0.327580921739454 0.44015402456047 0.29318809164858 0.566195032009299
0.944383888688463 0.856203234377687 0.355504645573054 0.983607434041092 0.998776676444274 0.721883905744175 0.768782640110241 0.534289384652362 0.997255123163422 0.674268430953697
0.794687744176052 0.392946860107965 0.208088020999259 0.304023640240119 0.997103552913915 0.0899850862091304 0.554627108960128 0.340625910144833 0.973097259740411 0.623560383454999
0.412229603184084 0.651408860432006 0.242875588220978 0.892407829044135 0.997216374033839 0.107415902965264 0.611229330393232 0.381888798180677 0.893697474495329 0.678597413292998
0.812467285908696 0.377168044004916 0.0615610085213112 0.205089734215735 0.985441912069498 0.0610247473176359 0.547888601155302 0.545117307387348 0.414550371836976 0.549542526712278
0.307039684400768 0.818360047132214 0.38057491963 0.937050312210846 0.998945557830355 0.440769947601166 0.760759046591776 0.357603979752202 0.998808628607799 0.676382276818767
0.137785503431569 0.671730769994425 0.0910737133373281 0.298324166311775 0.912704905265074 0.00913319781884434 0.227668469890369 0.272361357196889 0.0555934924596305 0.540180075312863
0.574892797165388 0.495576561205258 0.121367173043927 0.950184129947298 0.986087091214705 0.161078974340479 0.509818815221908 0.476970817663094 0.792140750308304 0.653471122563608
0.465246147774929 0.484080121686707 0.234706017698573 0.98577847366994 0.991041129875945 0.178566217042055 0.554851676600191 0.528519420051409 0.910335001233701 0.668863172508274
0.297463686085116 0.319637574976832 0.257610498549025 0.860000256138635 0.996289681836269 0.23220730273337 0.411957048725194 0.362372496435605 0.706519924417403 0.631755067776518
0.24446013635543 0.298649770325471 0.119864958377285 0.81817866415692 0.97671603088391 0.0288981028072361 0.391105968253185 0.376909128092922 0.497560095803011 0.44228760662168
0.508668132957149 0.743231434632667 0.117556637460623 0.427227464647871 0.993840706422937 0.114813236554496 0.448604464755249 0.322135078329144 0.157164396077854 0.52229294414482
0.492490398756878 0.983659060748511 0.200923797807661 0.95220427679345 0.994990705497501 0.206727140845722 0.564364387157574 0.458218236338358 0.540266967480021 0.652107592307338
0.0144597043824055 0.137040137769552 0.0903504933357548 0.645396211966582 0.83892179542849 0.0366752517572904 0.290181626081159 0.201132986813096 0.043639515225187 0.370966151080669
0.738363815775824 0.746398267456 0.313874177871373 0.933526267348741 0.996440769781615 0.338950999881723 0.525794461079658 0.475333240060994 0.961387274374589 0.632064678194933
0.961369903894261 0.747565579204778 0.308365292486727 0.890092383060549 0.991291899655072 0.114517064492842 0.514790203205395 0.494049407691411 0.900844186599656 0.608070182891493
0.152421525099063 0.866704591674602 0.094528244598177 0.669862160886241 0.986346410314696 0.0113391802183773 0.428771232846889 0.249586299806849 0.570251135908285 0.562850975939508
0.68775743859944 0.218137000005948 0.0722286991316864 0.718161899387757 0.960333553757194 0.0591990850619911 0.387630889779018 0.391004178006172 0.386542319759383 0.652303812695313
0.509207556630413 0.0782594116009357 0.154522092618683 0.318468156270426 0.987360351432561 0.072963419903676 0.507863888011502 0.403627770108465 0.889597340347272 0.460061722179854
0.715973845109005 0.268005470989168 0.350789525014579 0.946483556783152 0.997741883371146 0.198693981516361 0.728402564637204 0.387876521553986 0.998085200602664 0.554971212093565
0.469079808225581 0.938147234649775 0.102231363893682 0.44199414690717 0.991724369203477 0.0364277738412908 0.431858767407116 0.462611187946824 0.798573316367331 0.551215373862252
0.646446141754362 0.58465442726718 0.239170679956238 0.865714603171266 0.998794203723587 0.181396068741378 0.373172499120972 0.361820548862425 0.880644532019381 0.670692823110342
0.163041764395422 0.22633579494518 0.24546629385105 0.627238574325658 0.981562153061308 0.0307407211488497 0.320384477235342 0.240746956478044 0.615534258485564 0.446628346560622
0.53282050255273 0.418287350804729 0.447310495603471 0.856027456691511 0.987895938031029 0.232064941332758 0.602543768299522 0.350477866217802 0.88360243068652 0.623846519843912
0.185410420145573 0.851279167792679 0.134184183692284 0.488649141941423 0.794366123409343 0.00982871282459781 0.344044600962876 0.203443410026402 0.290347554195598 0.486216676170791
0.19174303822025 0.929829712855647 0.134511398604777 0.77500182021649 0.995365089109712 0.0854752589575838 0.534813668602311 0.347596024362141 0.797856678237495 0.638560822584852
0.496558341584416 0.47534782002206 0.141280901963615 0.505700407839092 0.965043434655835 0.0439126676178216 0.367467195627464 0.353203675745849 0.31580416240572 0.461130702216935
0.906288818915715 0.380312361546773 0.339223909619844 0.869848124790761 0.982477509002292 0.201962836789038 0.422044384566961 0.328323425547574 0.424384846755147 0.572858983277193
0.982193864409738 0.822287918365431 0.216215095468307 0.930751302836315 0.999640555599949 0.480614762886116 0.832260999771068 0.480661294741095 0.996385252246774 0.715170184027046
0.780671153910742 0.141138028136374 0.108706425520758 0.979973927672782 0.997853611708112 0.261061255903931 0.505060766672639 0.446538704839834 0.904031482826041 0.742925846639621
0.592190895620032 0.524182219110109 0.0350463354007652 0.256519732398879 0.971912607407041 0.00548757622386756 0.260975552869072 0.298653327599232 0.030840871465264 0.429210249694032
0.136817990253421 0.0307740014934122 0.0556629299942307 0.875593571440264 0.967740702841801 0.0212388652593509 0.294136269169579 0.244483430851444 0.0195296906160904 0.500902802263711
0.510870316114383 0.169195423031592 0.104569070225849 0.382591398544738 0.993079534616991 0.0575279981063405 0.342326338311756 0.302642239629221 0.123406832571415 0.508081500808949
0.392914784904349 0.0452953963962365 0.112489976745899 0.8758314735118 0.982728122994592 0.0573192589012525 0.207060928337666 0.355511749469 0.538793188223185 0.610041842881019
0.41042214918936 0.140723234706964 0.276704237795145 0.889982102874706 0.746159297263354 0.02309842180638 0.299656502095108 0.28656285602783 0.210148901388809 0.390680929191235
0.316240898834827 0.334768587497264 0.118774498850464 0.491529619404075 0.99264669644506 0.0769875914097761 0.431172221876707 0.33966655398065 0.247884882143045 0.466730148627158
0.507393573703694 0.813375208444344 0.207002666801218 0.727741674160004 0.988999849898464 0.133089747915286 0.54690749338384 0.355105970805642 0.847454541891237 0.63733681788371
0.562558868956943 0.6544344565407 0.148654657712405 0.831459497178427 0.998058705633249 0.341938652187062 0.623957085909093 0.357331862602644 0.951694017886791 0.72464900926642
0.566977326675918 0.84577708815309 0.109493334662908 0.733332980286635 0.98584033565188 0.0527212015187153 0.37170471647557 0.472106897363855 0.855675559527044 0.499457905324328
0.216947129326643 0.398347355039101 0.0739561933553875 0.364100154626719 0.772992389211228 0.00515829391023096 0.233974092127399 0.175182742377019 0.0112008606751281 0.379846790619081
0.598800651634756 0.204875329417517 0.16853727148322 0.207540956420533 0.961869138213221 0.0207617772224933 0.412840582983699 0.306000239309686 0.158295786107108 0.56707680364865
0.593482163204889 0.823486652054718 0.147907898100028 0.599691121976403 0.999003676207862 0.52830330446426 0.625583102355128 0.340274383842401 0.937009782006033 0.728986396458654
0.91842509511874 0.943936174299249 0.268530310735341 0.965415884506297 0.998060572907851 0.349629177352823 0.684223870250352 0.585076691922386 0.993470463641345 0.710029547938798
0.627224103880338 0.167977492069121 0.408260797341583 0.592352415089887 0.979344448379815 0.0199674667436494 0.314202730197922 0.303844980057965 0.242042568826809 0.406335474836113
0.277900286721987 0.745310070488489 0.0374960740393883 0.518143363032333 0.628902497849702 0.00852285379474442 0.191851096656957 0.221744124823553 0.0047652284532076 0.362470447067966
0.973147795384893 0.459031353086151 0.241776846629904 0.931443181651516 0.998777272729677 0.555964005986911 0.634316219736504 0.473126580009177 0.984195391752742 0.625513512936804
0.106567591060094 0.462833454967039 0.0327497381316512 0.503732749495557 0.918573922162032 0.00755456572285168 0.20776121512306 0.171351621510542 0.0251982744680166 0.36326149048427
0.644286520444455 0.733774994252232 0.157865651401511 0.945574190713657 0.996908080291427 0.306286067042846 0.488365015635167 0.474379057073059 0.555050216413717 0.551898839214099
0.385029614334925 0.57961259460379 0.0556270497572093 0.300932114546284 0.943363310254571 0.0214096099303005 0.389465836838585 0.321769114078863 0.423546553627485 0.416729166561485
0.283068958647954 0.434020289986654 0.0873898141314849 0.608997430809871 0.981924907579432 0.127562745488397 0.631950551715334 0.314097180771151 0.814774794483531 0.63293378127503
0.647347091088691 0.760348446927293 0.319837349878806 0.817202050308381 0.996696980332386 0.096836177181278 0.484221098465504 0.370296312821087 0.540596047436488 0.576385696845773
0.538399061507749 0.806345530717158 0.227922993542308 0.563890663456271 0.943438786713716 0.137856582026806 0.480859934393939 0.41253833455822 0.857026444909355 0.585975242659614
0.594273604061156 0.32224388149717 0.349338815113763 0.378380690090469 0.967126519656018 0.232892058604293 0.559979510653851 0.353386001286287 0.693930665581744 0.647378093598605
0.524095089195603 0.662985583261218 0.106001746708774 0.827761157685461 0.996924221840335 0.149903043444985 0.624842268550042 0.498463022566234 0.965550844282324 0.706659215204201
0.262520211258066 0.348709491072656 0.185681394432278 0.356279351371501 0.989829000456319 0.0282471843126537 0.493555830642313 0.285450276833639 0.0998122193879998 0.43493279392845
0.71009620632258 0.195598192357853 0.236004426965074 0.691730554047191 0.990580064570482 0.0496657670357388 0.371965658364708 0.38231804385346 0.919051306701225 0.671163513096654
0.450755751992024 0.875700934739005 0.239146605230655 0.955410376400566 0.992080320518075 0.112348919998447 0.539566792902751 0.336008361987974 0.881055468130972 0.677648087376819
0.171111278932047 0.917488202458225 0.0814670669669675 0.625498820117151 0.979361343349676 0.0999290466428174 0.390795547882838 0.349244076767478 0.591286054577946 0.537079611653515
0.526511884653005 0.284298998815859 0.149040433355683 0.919518893191557 0.994448501993455 0.0784382282768765 0.553070507378909 0.253685637893611 0.541792343249623 0.564327806038909
0.718966017807356 0.827948684847784 0.141148178475855 0.842449580896865 0.951901261491711 0.0570768672143505 0.301657513650011 0.213649044063604 0.308486445220095 0.484355199826137
0.898535243266702 0.690680970030441 0.238914431079447 0.921047454331422 0.998943595109791 0.204153981584866 0.673590989239523 0.478714776577277 0.952056767748813 0.753966946730128
0.854715070217656 0.814826782393259 0.101354924515366 0.769499314088738 0.992075356290176 0.495375150894521 0.669290170700841 0.310988203839199 0.978654073186757 0.723656835201375
0.939523568479219 0.545733268804838 0.36826664475064 0.958241498505663 0.999931057353222 0.694934195445079 0.658300029896679 0.52660291975215 0.996577750592354 0.732480251201115
0.651693674226742 0.804706051492575 0.112758447728082 0.449848036195088 0.982080632656841 0.11251954311826 0.47882935115967 0.40991453810392 0.588942676312693 0.606770792125594
0.0760616665297685 0.511179910536652 0.281443331127341 0.428707070651697 0.886921373088576 0.0319894554688761 0.379284310427939 0.275233887084672 0.114816770318879 0.622432013594169
0.869573828479124 0.905522647646971 0.156573298435282 0.818290315254245 0.992739932395471 0.0292909652183631 0.451650532662941 0.46107159635251 0.66831992850558 0.569483620980029
0.901310707996003 0.803825093499596 0.128857091791595 0.887848859354742 0.997696818017396 0.0727189651052839 0.453853231585766 0.339896060976264 0.790222147647901 0.597147963013907
0.708299356471509 0.908637976740255 0.570895059817791 0.952720289306836 0.999379476049433 0.313657631988093 0.660480233899628 0.467629309161318 0.979650621154911 0.606979869253596
0.569259656254682 0.0720002512246204 0.122779385330648 0.818721460057564 0.95419836879354 0.0407199485312933 0.407297784552679 0.276503512285911 0.287949122564494 0.565465482775621
0.683373947657433 0.0570887164097051 0.358571092347234 0.710871851908253 0.980154068473334 0.114460701192744 0.359117984192874 0.292227355441035 0.848555731081896 0.568853765016946
0.472419835831105 0.778026257981585 0.156794839242403 0.862749721632854 0.968263096112788 0.206247445156471 0.524213448250033 0.311487897110075 0.517330683818839 0.570281736009023
0.41741831030344 0.763214114608653 0.203560271156496 0.684156415615482 0.994667754566333 0.126923007486964 0.341070553819356 0.298299622820502 0.424553064489186 0.421800072633688
0.847249007953126 0.919531943583126 0.282289438647348 0.94225005098855 0.996916826484943 0.171086670414 0.637049723477553 0.503640249660581 0.986746198169197 0.655950639013716
0.976021795270156 0.990708843583156 0.243389224209788 0.979221792214689 0.999959894826305 0.881182537473418 0.8263204660177 0.619893792310274 0.999647806198998 0.759711234239131
0.781163192444317 0.646908101795994 0.221464515584641 0.951687733596829 0.999517590851227 0.612075621921584 0.680182020590217 0.565177943937319 0.999249743443102 0.710027935700977
0.711429365857209 0.823180567903418 0.393476152469035 0.827827082775489 0.999307845082539 0.491474539576216 0.720557562453191 0.473900817311394 0.98843207822192 0.722116339367548
0.536993194575287 0.657141915068265 0.0974918709222758 0.836158260821729 0.997402837848979 0.240136241947944 0.565872002555187 0.455086082835676 0.983761716027847 0.546031122046239
0.708567957703956 0.629249139079241 0.208972212916577 0.979718310039694 0.995402459268917 0.03813804454251 0.621799458365163 0.341139925626031 0.433091543590296 0.620453864905971
0.955867099872979 0.822438899147663 0.316932570057865 0.796039320296165 0.999553074793584 0.308759618822429 0.772633144745208 0.566595418384406 0.987999689617995 0.675228066701232
0.636603903717754 0.469866096493303 0.0414568816388519 0.776183006822883 0.948127431285236 0.0300659548210763 0.382491818468338 0.309530095919159 0.237218495072716 0.541208104843857
0.375864102832893 0.932814605190857 0.126611251109521 0.690290769157295 0.991741430025615 0.102243452340977 0.397816059658376 0.414261058845522 0.512231802213461 0.425295003141056
0.417056494041723 0.940767929053278 0.218120604881021 0.755062494953354 0.963514459861324 0.0555188640677164 0.350303040569405 0.250525757537336 0.371391235898533 0.494038832838419
0.304358176802853 0.634952709098966 0.144640498943622 0.449058259494319 0.961729093706063 0.023553800611418 0.36402178821575 0.266978279384612 0.0502600417649936 0.480123381558684
0.510136250365787 0.723318971656837 0.107225240431476 0.941035663988862 0.992946922737799 0.0236941102372043 0.426402869396847 0.411232792517331 0.196737639436757 0.657717359837308
0.804694298341623 0.342248510780551 0.189391946866159 0.812405204866978 0.996033761639461 0.179831341842009 0.415475449598839 0.452293687225382 0.972325212790337 0.623485822543806
0.784560017337427 0.434244935112102 0.420288857658867 0.777389087923062 0.982619116999308 0.513660520221276 0.499645438445633 0.402422305672934 0.862814138844574 0.670955511062377
0.110121583218556 0.839227768795767 0.0998282152830152 0.755585804463408 0.965473216246336 0.0491134489045961 0.361129481085327 0.25012312956096 0.0527503977270494 0.523032589519113
0.624874667159964 0.937543871660956 0.433235333992605 0.957693768611774 0.997477359199868 0.139811083556476 0.528712698261717 0.393870936157918 0.965251081228201 0.737470244391948
0.556650603862614 0.542026930429396 0.14670454720482 0.768254101401384 0.99206264555127 0.121462329144657 0.543289165546462 0.423644652046281 0.840269263874357 0.712179839599129
0.36648176111085 0.702179955166976 0.164455247880749 0.77542136857036 0.997654134581598 0.148432989086479 0.43235314548307 0.401317854715354 0.910780422840414 0.560874756908563
0.754994398114961 0.814894472217245 0.199398550176563 0.748065771740005 0.99723295871368 0.162022507336147 0.569166720019892 0.309182590403262 0.925634921666884 0.658129815554074
0.976285033488383 0.551213889281196 0.153932884579355 0.86885090459353 0.995989467274531 0.168377585441783 0.577936965537355 0.401254981652234 0.969602360075989 0.593267723401774
0.872829691435659 0.69985156073257 0.173761104670981 0.983711388712132 0.996962518818997 0.340220125046481 0.667795667882916 0.516486903285157 0.87687576195194 0.603792800018934
0.512660610642903 0.210717140335333 0.129351189895373 0.893324023329677 0.988417780677032 0.0201258882784398 0.45831690952028 0.432799162072728 0.763960276233549 0.608876153069402
0.954457349786315 0.616089393081413 0.681134447574519 0.927248895320915 0.999792015413287 0.841123007104552 0.858372680195176 0.555307367247712 0.999244005992602 0.794550744512946
0.880989949693875 0.823533405178386 0.414170783569634 0.886067862531179 0.998057954401647 0.173480116909285 0.657815084433061 0.411554059387776 0.981130875571352 0.68112517235835
0.53831929822278 0.186785506648023 0.186274302502678 0.969598575213277 0.991315383648206 0.270865870672207 0.460811960785202 0.382049699393256 0.488235591668086 0.689683106879795
0.354476983981233 0.491628053301056 0.230167667016177 0.664528446109478 0.991672222691814 0.11556623012321 0.37538195219895 0.268416540899151 0.801412224841253 0.561132039330485
0.147219609408043 0.0848750744956242 0.0275476235264876 0.262304397204269 0.965244178146425 0.00897709361289271 0.270835760879446 0.274123662907127 0.150381780445763 0.614390582252101
0.763923783607683 0.333601863166387 0.498216492184205 0.953290898733936 0.997251122614359 0.404552426208549 0.627332975853768 0.493816455370807 0.983462204782565 0.652221762597563
0.955830026848464 0.806940771068827 0.237453962635534 0.995696814178704 0.998910088910574 0.483451942649655 0.71599581751779 0.430700196572355 0.907498677912611 0.703370159759124
0.973446166642215 0.577391209555968 0.49266177811811 0.911134284678532 0.999662305133966 0.357472630473683 0.688399764391677 0.436635142436014 0.953828175394735 0.636902012188116
0.633790593127784 0.932512715088125 0.351006464027677 0.332270142261403 0.975382973734042 0.107136891000915 0.396217616529942 0.378875463662467 0.915065199961046 0.490000743031945
0.551030302054275 0.379503911261687 0.117250435546107 0.616462921371787 0.831755880887531 0.0347261861536136 0.394625103528514 0.340540323360345 0.211192383791181 0.507142997681987
0.652266506972669 0.281139382835796 0.111873902771533 0.73612715218218 0.95155160259033 0.150252688163176 0.436612497664374 0.392612747390386 0.470817774228672 0.553262853617602
0.795444578809338 0.858463284390273 0.222673599790442 0.609974447764125 0.986421906403532 0.205476258585955 0.516274400544487 0.310885600613911 0.914744606212089 0.542144625307324
0.513429941695309 0.878155044664481 0.31639004513603 0.972856018587704 0.998425644863084 0.476606086877823 0.725253723970641 0.497869886268612 0.937481882928691 0.671833662419789
0.663548697087125 0.0612562127691181 0.132156331835526 0.85188865039096 0.964111348722882 0.0574400712036068 0.445022074300765 0.259512932959564 0.504085456049651 0.562302567262766
0.259084008798108 0.777715639830676 0.100132074798571 0.39717545541097 0.857688748453268 0.00748176939004241 0.308436473590754 0.256569061489561 0.189933660681164 0.558788444852001
0.24258301990122 0.28065981681413 0.125784166042738 0.853029822722731 0.975579777951818 0.0386024802771307 0.366439166175143 0.26467486759098 0.509045536373314 0.522342106097609
0.0882088632122931 0.590590593238678 0.0725106567700523 0.728830491002625 0.88397085271457 0.00939148364603332 0.209277372095983 0.216685223456677 0.06276012360339 0.489558004989438
0.848914606724041 0.660278796086063 0.227223122603371 0.988526970196041 0.995553717680156 0.0875875667397664 0.439440963740057 0.36882752400392 0.50937558171963 0.650465931448325
0.94465161387301 0.79756906405014 0.218906661869258 0.937757625052098 0.996846914235547 0.483693183239739 0.609255715792892 0.44703979137348 0.99776372582302 0.691946375870362
0.314006193381718 0.597249768148677 0.318040760552548 0.797912621295316 0.995911420888307 0.15667285845906 0.496058554626918 0.389170901792456 0.876521068129724 0.591486502062583
0.735381864042356 0.630203399715706 0.305469285455193 0.618813920877703 0.996558984448478 0.0892659065799898 0.389794081325024 0.308521284065322 0.581050047494105 0.502015055237923
0.123764386128269 0.147496195787249 0.0746837727669348 0.311705888690788 0.933559959168503 0.0188498597759148 0.17218371340189 0.291186668650995 0.100118760158209 0.400654817227008
0.890194314743223 0.641532971156749 0.102957443809594 0.815191057946005 0.992813049574177 0.161662426021526 0.453223846389731 0.37403754904116 0.659738787076242 0.595681458368247
0.203617929117268 0.252158484618196 0.376686410317063 0.625590612533116 0.988217096210627 0.139572337837906 0.558590180582945 0.298454928449856 0.562927409736001 0.508629379680452
0.512988372772265 0.914107707097418 0.200784692039256 0.592729161499156 0.997247178178206 0.0643074281557253 0.453821450822702 0.42632781135653 0.976173535073342 0.555199042307145
0.114083686688833 0.629164985501617 0.083068525440827 0.110153310758282 0.734949159335803 0.0199464336956397 0.25696585706994 0.220486158118667 0.183397564583807 0.412249678685359
0.302525247740157 0.0619384678345729 0.140547624484017 0.415068027792941 0.929803917049183 0.0107996694426312 0.326791515430275 0.204407208260615 0.127377352877266 0.50855637349147
0.0683919157210913 0.827568115250043 0.0837733078065452 0.492138554510807 0.904287718763163 0.0437541236241698 0.256452561621496 0.288301447664864 0.0666703680394574 0.493704641143483
0.456462042788575 0.224234042280827 0.166216802646271 0.819839616120362 0.973083467296092 0.289687809473598 0.511833003681032 0.465380455787403 0.541234817610265 0.556216213133301
0.93359186038305 0.356701987595754 0.466557324819029 0.885233518280125 0.994505412530587 0.187652815908277 0.624924831254637 0.42582057658979 0.911597295781133 0.523592560875267
0.916669905091209 0.418460528167526 0.117510086181422 0.945347241928308 0.997327050596958 0.305020082843306 0.68124585394771 0.537830496323417 0.980423034391027 0.768243823260154
0.634614173018013 0.538391000531727 0.403846019690502 0.967872708419279 0.994542232792269 0.284176137508069 0.666303882590774 0.531122749161859 0.983259193306988 0.574623329861957
0.468463977056758 0.0770877209283481 0.13629612859827 0.675126217328346 0.987218502099533 0.130860065469692 0.374607430252318 0.322451931460344 0.791861011385934 0.671820473266968
0.293847435724604 0.638435504310818 0.121554833830911 0.728198714482298 0.98818634323528 0.105630324569962 0.534799157371247 0.41799404607405 0.476209147436183 0.705664124750683
0.734376263822592 0.881083751392974 0.258735672976218 0.598161936755572 0.973620187860858 0.0468476782127319 0.491976060971252 0.330375008036582 0.53745539077155 0.490186798358141
0.781156696239354 0.979338880934476 0.173795447246711 0.946733902492374 0.995753757985476 0.201979432479529 0.615689826158066 0.462324286866611 0.979576027787038 0.63772345873738
0.961309054553703 0.434501514871553 0.461045975704688 0.450892891779665 0.997177631862319 0.301890348098307 0.695124484755405 0.375771503053501 0.731376376315987 0.654592361546927
0.344527653806702 0.331053005043277 0.0388154371781692 0.829375514621102 0.99186417379084 0.31000868637631 0.517577064160027 0.345801285515779 0.514307583145082 0.608137517555346
0.102888102787133 0.353710476101401 0.155873733114967 0.416546650654515 0.954336356973181 0.010900890290502 0.313620856250638 0.276522604275483 0.0702738033825821 0.317090716125576
0.348749537527356 0.0994027227762666 0.0834215299683872 0.395437907253466 0.749134839668661 0.0084284463063504 0.200539103367118 0.161745615001478 0.000889572480799349 0.423805173884772
0.961897523427151 0.681270999261915 0.139189060869385 0.90798418448619 0.999182990114993 0.665941328550515 0.747642190858392 0.572419274859232 0.995954421024498 0.760658805709023
0.944831058473005 0.892890866916608 0.0954819937471788 0.848795338857342 0.993057860003604 0.29612963606657 0.57766530396222 0.342840569182011 0.938419925907969 0.631994787597711
0.861115485449841 0.563143926972308 0.351769885950907 0.825522975799396 0.996034956180293 0.19505071414859 0.615021700536958 0.407566561623272 0.989376055717983 0.634916612233995
0.94557618028005 0.846535322207292 0.574479925657775 0.911827196837042 0.998458160533814 0.220952753647986 0.625541092006326 0.46615733910459 0.958971388724161 0.642713802033278
0.459439178348776 0.579920411332752 0.178464182797793 0.839791804119177 0.985325281953278 0.0863657729571785 0.587529115874906 0.266190000525691 0.538149500327212 0.581169316546532
0.605386242397837 0.953978172159559 0.396646723872067 0.85404314602493 0.995146340154171 0.225593799192801 0.577087556702592 0.410329677120963 0.985380712023108 0.668833306786954
0.37099545588561 0.588301974627409 0.192083658923794 0.550371612046559 0.985150397376788 0.0811695762517793 0.338094982292121 0.396046921397328 0.374900754143927 0.484354125238628
0.0331126423470077 0.650555027626136 0.15234038803989 0.56666983187282 0.917826778800837 0.0162577932822837 0.282808662342836 0.231257635031898 0.219709492606828 0.565567774779571
0.696196710295194 0.661515628523756 0.481071019176771 0.738521336201655 0.999803874259658 0.380486817916161 0.671803946997989 0.45851617841455 0.985630027360354 0.657830362719452
0.644858808980056 0.0616350699874146 0.102608292274249 0.781335025526868 0.988507254910594 0.0355190935555501 0.523528272899831 0.415151477428249 0.735797506537142 0.677840999480382
0.514938269998859 0.238311634937458 0.154887110549739 0.58917132319093 0.693813357448511 0.0218601148200166 0.24416464249679 0.214270840122431 0.327101009835113 0.438474113113283
0.830123586428785 0.64330278234962 0.216199724700266 0.926003434396192 0.995569524375974 0.468306532109515 0.569148238450174 0.400581968987082 0.590674973978941 0.47349449241963
0.788922360149466 0.586400397814142 0.340002505062296 0.488778182666209 0.980009496528475 0.056897626563384 0.428507555690831 0.446314993641637 0.244655577954318 0.54700902089629
0.760360965533267 0.59611186124084 0.243355092972306 0.967980333926966 0.995536776207051 0.134940148792107 0.621015701961331 0.402947609462704 0.851815626238758 0.670394846810877
0.0532924393293517 0.38130195345107 0.190837299652834 0.3503595134643 0.904739683638622 0.0318534981730958 0.319854071906844 0.22213964830694 0.11193352351775 0.47393106674223
0.191889752586244 0.0813739522000919 0.0719645813588899 0.848920966750991 0.953329403643922 0.0170578748826261 0.29350778636829 0.316232352494029 0.231164969442465 0.366541970187017
0.798953394076498 0.673189037678506 0.180017838523485 0.963150743354912 0.997776107409707 0.249950604557204 0.610784319994499 0.499791302689181 0.849275799461516 0.608043291199017
0.920244340613269 0.503253115563145 0.293576872534792 0.930944064893242 0.997008202152867 0.278879043006165 0.593489812082015 0.614144792728046 0.999386689476315 0.604011694060435
0.51031615169699 0.156571226258123 0.344967952549512 0.919750502361849 0.977490617295296 0.0988647594183373 0.622649376001627 0.379363780581142 0.858715252675942 0.640238977057652
0.424552710180929 0.729834224402802 0.0607255634972701 0.836739630945326 0.871163180055819 0.0442848554434387 0.378356386492053 0.341797829003464 0.145806122378394 0.63018689800098
0.14191700142559 0.596883384565642 0.156535676841095 0.411514868174563 0.940003290777854 0.0141294855508906 0.239571859856036 0.290790340823339 0.0634281934534497 0.431248271014413
0.495257201786539 0.911716897293946 0.0559916960709617 0.76716410619249 0.99417640253434 0.105856740695256 0.404883495890615 0.450390934752866 0.796299546490854 0.628876121763938
0.200857455462029 0.667118991234371 0.15375277703203 0.674147643415954 0.932688085253807 0.0153092840431583 0.351071702306639 0.280972120876425 0.0767791514896755 0.580237460455814
0.77947874505068 0.342642060437529 0.135282949057474 0.873100855529124 0.988057519352424 0.234156830115981 0.584116644935719 0.473107049436477 0.827912104918568 0.627015408115639
0.225130954326026 0.227003581020829 0.0817458226415863 0.759655242025884 0.894483852134923 0.0227063811449543 0.293877747757963 0.235224729152706 0.00502343161712555 0.447940550050713
0.819747558280358 0.737596645716538 0.70474773476133 0.82744649285326 0.995984117756141 0.236404915548774 0.651886016312873 0.453143136897452 0.879840824228825 0.623751362542558
0.392826373922576 0.731036600968056 0.117215930843441 0.917020268678818 0.990553919832745 0.203388098095131 0.396945561333337 0.351442186709734 0.726385107923763 0.582314846503105
0.636423433365811 0.206058136446024 0.432007787411102 0.684454422974921 0.987420136493896 0.0683129089113252 0.359077490970232 0.395268612084124 0.724628019277813 0.532682153463541
0.926217217346331 0.647284365531169 0.271601292964005 0.721184500429536 0.997469698572653 0.204153052052334 0.526551916969604 0.438077982639293 0.853309226874193 0.653584735178025
0.559853857188794 0.370277999280144 0.383305577527972 0.993715513183157 0.990861704009658 0.142973160848727 0.588560378998989 0.37738351212533 0.811494074409538 0.631223276810734
