0.312832500235565 0.661169882265879 0.0520684062796113 0.800106390952667 0.986152621497677 0.0677555016180668 0.41149117753942 0.34498995947834 0.308385246360923 0.52403876784834
0.568496845249669 0.726724870100171 0.0858794244932664 0.905982672522943 0.990546107531575 0.0903969084064826 0.390804258739819 0.435846154410235 0.797573430084451 0.472751114843779
0.987990787205139 0.99106747650054 0.557412977251392 0.975181617750136 0.999261737786129 0.610729990436593 0.801777927074963 0.561290974179325 0.998364861208367 0.802448342234237
0.877408205113564 0.221731776393517 0.179262290080313 0.874209503356403 0.991176595292497 0.269627711017581 0.526297677839416 0.501672770077665 0.92991340135138 0.54844799106763
0.836656655559227 0.990129039999797 0.218926008058383 0.712379207600028 0.987593576349018 0.0976829206821271 0.488871787625997 0.343967013732492 0.746304919203788 0.661015618351163
0.317009554344376 0.743258078218245 0.192823130461273 0.854048848335429 0.995047297775079 0.032202884558445 0.327960124988423 0.273046116569398 0.272870758103664 0.485741652955746
0.903182874925353 0.380221599080296 0.25244998979183 0.884648940490413 0.99917784249345 0.323035619028299 0.547790043334439 0.470448533217929 0.972550933030393 0.714979875056795
0.922689913338237 0.0665861614364275 0.423106243198845 0.871397323190207 0.991539904909743 0.143958243167235 0.675899219215822 0.462383126741107 0.754975496253913 0.553189970305037
0.236400144318294 0.258673704649521 0.0738690583337929 0.663387756495836 0.978859248699025 0.0124876870098721 0.30340019566747 0.175618503063362 0.148068408580499 0.449922299405655
0.447926521120383 0.729505421946648 0.170748898166931 0.851468451861735 0.982881292634009 0.0915488640167014 0.557666409175156 0.349965515897168 0.31303166724178 0.55387660262597
0.760664185819134 0.904212277248924 0.145511843724739 0.751422593450229 0.993740163517564 0.488333163052919 0.681114382457563 0.402594230293652 0.997457340694858 0.63244171992886
0.356607601479604 0.921252276980973 0.219790860415792 0.474047262235432 0.964697986188761 0.0265004248533804 0.349125544719304 0.370693097563285 0.280285320784141 0.577839563181614
0.512133329147822 0.770223364509714 0.274582982369207 0.952556121904294 0.997228154412681 0.384351981564368 0.705189753288267 0.573813853827529 0.847074584459856 0.655208376732665
0.313779881935106 0.438021529207691 0.168273127414083 0.871692583677244 0.986332806713921 0.0595396274774164 0.430201879316415 0.304606748041646 0.221364997537391 0.476446709753221
0.737985321604731 0.141999636871796 0.110168307386097 0.715058196369662 0.973388342269973 0.0530480777178444 0.451000925411864 0.355889189772078 0.545741474014459 0.580655510363407
0.808675487754068 0.158458200692326 0.28148053861957 0.900828952285418 0.997297998584858 0.0738133013093142 0.603324266835555 0.333928224254855 0.953458113822512 0.548221926010435
0.35590149103216 0.395611243506864 0.0319332953429437 0.557110709761505 0.968101557699738 0.0121535978604724 0.432148635521994 0.325422042684945 0.406874954223419 0.464452162197481
0.125695920557005 0.61789212576101 0.0367401109580711 0.805498016364902 0.978678546053139 0.0435841936192089 0.386854917223221 0.280115628654533 0.224146690511936 0.539883112208237
0.437703781920518 0.523627169033199 0.0910571180143728 0.98208416336982 0.982373161852323 0.0682890063792083 0.558042754052513 0.318338514583032 0.52624106470938 0.561659987369379
0.113297339051968 0.115223539478633 0.100104892797848 0.337070238330896 0.848019443696239 0.00572988861539776 0.225356609362098 0.198047997702863 0.0268667240333518 0.478610243590255
0.705945783699828 0.961373192061139 0.456484541915373 0.918181523328556 0.98859522923692 0.0445863448267593 0.455181828929176 0.308288589096476 0.940795640389093 0.54577885048148
0.220305029233139 0.742970877437162 0.20396550413867 0.901748710530409 0.998850989723853 0.121466692611812 0.582122629187517 0.364677143756763 0.980615867873319 0.585414940193225
0.354909174226653 0.860473646137721 0.108973850087573 0.822116709118192 0.931580035161747 0.00960451033453499 0.351682303356441 0.236311987352633 0.0415497020351158 0.464878182414977
0.0763595205196914 0.118185439955516 0.105732828239306 0.118874983934625 0.803295384713621 0.00495279824564419 0.171318822460275 0.222929837693218 0.00467900768738903 0.504965997428726
0.274775415612435 0.333855778704688 0.103996504495552 0.840678117365164 0.937124103085211 0.00442639474177564 0.212213574797583 0.295450966511438 0.015850958245135 0.390702577026661
0.234125074390285 0.325144100900832 0.125620318383408 0.807367722891735 0.879862459222664 0.0246006797105542 0.301833466814606 0.235461073493327 0.022758578032601 0.601724990148315
0.413816024576269 0.402627225911194 0.165957946391726 0.658827956885586 0.994777387160079 0.427710047516603 0.629984002955959 0.390385030438821 0.973833832813115 0.675483194779145
0.202272463739907 0.406752463972587 0.128402404659078 0.328486799207249 0.89108865805238 0.00785355425535142 0.228933401809678 0.24728725188237 0.00936492051569115 0.426885794558847
0.067529991989876 0.0462302842375952 0.102276849845579 0.33543684284789 0.914691772166652 0.0181244805474197 0.162108316197975 0.224080557337281 0.0172739825130636 0.387762829144938
0.76676012218217 0.844571727604266 0.130150002510734 0.684983079039834 0.991922908750696 0.0948779349140674 0.457228077262588 0.311992158102363 0.25235544215233 0.628739467813836
0.894167112461584 0.113610615551992 0.171338937379819 0.941373703136122 0.994730869908841 0.135440739061972 0.452481853240088 0.363467735198262 0.777830685605547 0.588348149282501
0.462201149949205 0.591134648836846 0.215652448332262 0.710226054258732 0.996360103433025 0.213132586701564 0.421634837723633 0.37410404115559 0.726134842205434 0.577137902742862
0.47015103294553 0.278471164138065 0.0261433544468152 0.131803793400662 0.895877010578284 0.0047726712496819 0.158718546478548 0.269260644408245 0.0183178976438738 0.574570289877506
0.0898483162352724 0.200004902244576 0.0955509796331141 0.624693659233537 0.942640576993281 0.0122209880916459 0.293406608454393 0.285900925792887 0.15284936185701 0.492911593051575
0.750310874726845 0.648823624344138 0.154855795206089 0.840647780592247 0.999420283810191 0.673250594164295 0.710414308429013 0.502158582633403 0.99636489237335 0.6385145200302
0.255884365939448 0.367021415025893 0.127841008308493 0.680679586104815 0.916071234784565 0.0132050108958269 0.234650055566763 0.345323225432944 0.104617505890027 0.484483964788946
0.75604128276848 0.206915042130103 0.0863295720537351 0.570390158269678 0.94261749839713 0.0155038869681757 0.309420346579896 0.28512811127799 0.112917940874427 0.449851012262914
0.930947307689087 0.76289532741423 0.450039944214119 0.9082529530749 0.988611375977954 0.11666087144523 0.459791450865461 0.283984950504056 0.817653472583465 0.555600516512308
0.428151053460183 0.56339388221762 0.109637528824874 0.635222648315852 0.974886500859135 0.02260954008364 0.292791579144619 0.252416811322725 0.188017268357984 0.528636143190113
0.53364347564103 0.104179042700124 0.164485465347352 0.39399769290539 0.983278916807491 0.0358699599243948 0.373852675877625 0.303709706935668 0.316796859655051 0.589848051599852
0.304486032379037 0.380560574015256 0.0531996951372125 0.534487474311089 0.990153910818856 0.0904179932721088 0.459880074780428 0.306931873487917 0.511540526657796 0.562211810360071
0.8086299373439 0.285309442564106 0.1329022807132 0.808214011014446 0.993154635706509 0.0605453258785036 0.558419764397472 0.361864415368424 0.970943492583898 0.605178982058536
0.86546025399022 0.40149772694787 0.156059241953585 0.878299623408806 0.998880027332856 0.217454035161815 0.604034660326955 0.414144544633414 0.802974020517362 0.626585440706463
0.523979016449604 0.918198827624722 0.465804325615619 0.897605603193556 0.997489321432533 0.133108507952284 0.499508983225796 0.351637164886108 0.181097899781755 0.498510547522145
0.392780321498796 0.899851794951145 0.149542272946437 0.690854990044332 0.974708020958719 0.126859090818019 0.359470005200554 0.306703357967887 0.574190426979084 0.546182075869967
0.559727048618627 0.189646383507735 0.0741893270722235 0.605506838065513 0.985689960138239 0.0292077993738542 0.421904992652349 0.385058742899429 0.93128413550479 0.531473857559623
0.185899471682293 0.529065947176691 0.1728200520539 0.546423985937678 0.869660122004001 0.0122517477284011 0.293639822121544 0.34387574621063 0.095952695458217 0.571312980353766
0.613171041068337 0.869558435478975 0.304306292750919 0.788382253115596 0.990568480832896 0.144783589434149 0.487111189768733 0.344583036100105 0.862823725560219 0.504287743360287
0.414413171059317 0.103547873250077 0.043148280374849 0.431040880902844 0.972274393886361 0.0260602537133377 0.405607889710896 0.366848377510599 0.372766656681039 0.528874757962194
0.956849585013157 0.904858979810916 0.269065231894175 0.96317479297589 0.998963953248661 0.244512894295308 0.559676569016745 0.514535258781369 0.895793047091115 0.653494180320159
0.418428666483641 0.888431795177817 0.23643288452912 0.642178035831302 0.992195431790869 0.196369126046812 0.352889347031595 0.393334143469895 0.677009892959961 0.545918438487343
0.728112823158225 0.80876456703903 0.411922398595113 0.840442284265787 0.984675117239901 0.0948955536256764 0.455947382692225 0.298832206480253 0.343676572263339 0.697684036729587
0.722305616736417 0.634017718606569 0.253180948716658 0.844985312518441 0.997069523395744 0.122079166173884 0.553762921141123 0.410483899390633 0.767459293569115 0.564799937119269
0.388940761478212 0.686741555084866 0.040554517688642 0.717229398019849 0.973998664246362 0.0960738779930779 0.344205307381655 0.30387619185601 0.0129646328732085 0.621778210755409
0.495152195532454 0.774488594338258 0.291155645658872 0.799475790025582 0.984047804961013 0.0992037695566686 0.364669250852879 0.286495019503124 0.490919180944334 0.440309899145704
0.226215705437113 0.42433595363011 0.11996689257483 0.445231849600366 0.904062706423828 0.0375123450201022 0.298063022352213 0.315307308671057 0.163070288178499 0.483129817183474
0.229844940906479 0.117808901898238 0.0360810560959423 0.193681822513551 0.925957471081413 0.0264363843458232 0.252563511467512 0.225368715203217 0.0240441415795555 0.382402170584835
0.66272291149545 0.0394741923333603 0.100876237084633 0.93935938866678 0.971942668998954 0.10505961416504 0.395303750895275 0.374641439611059 0.630401460628921 0.58590361295173
0.865328463724516 0.618317108647336 0.0215499299982762 0.787051007030465 0.987601615640072 0.0856555339486517 0.515361009417192 0.313873903216564 0.276520471296359 0.644010270111615
0.491167353389851 0.629076429265182 0.550141162076113 0.832399075505913 0.999068389575936 0.480489297065958 0.764181439940293 0.517697975656154 0.994757023748425 0.57832158138481
0.137874787222857 0.0813663850716491 0.0654425676943258 0.827152873734961 0.964922321742054 0.00632731978986394 0.260660219420455 0.26002412457556 0.0718520608899186 0.426007109429192
0.588564146072816 0.973485596543961 0.321277942251592 0.859011894721182 0.991046113089222 0.0336950063038511 0.442271956062079 0.296082509166605 0.857137317698227 0.6648002980721
0.201617415929225 0.411231134074208 0.0597352197161502 0.726499127626171 0.969353842393243 0.0314646380374294 0.322336137501785 0.342933996775068 0.0915835256612138 0.540516493981777
0.813558573835016 0.22243592441689 0.0578481428974073 0.384410512044204 0.953775482356032 0.0102587711868806 0.331888954277759 0.304580313603624 0.256896655287615 0.515124970858197
0.233547497228898 0.497743660982367 0.0965764967964787 0.107235482344762 0.831919496361684 0.0129475966076492 0.316016589982351 0.29616758387368 0.271736416960632 0.478846732212998
0.820168185361743 0.785776206335638 0.122085142264666 0.925739407404298 0.986755760863615 0.44266703677269 0.648918059700259 0.420111149729634 0.805447906068584 0.679947266975904
0.074969091723655 0.614454095066988 0.0731170812623983 0.258567641287489 0.863540218111913 0.00271752224612047 0.226168553099428 0.202411533868515 0.00738651813015758 0.378004936326159
0.335800924963721 0.927215086464867 0.264843107380399 0.381879788378042 0.991227812007324 0.213692030174583 0.467543102337927 0.345332241950116 0.898177366741302 0.620854838198216
0.500335514426375 0.553936786780375 0.112249552193622 0.543837265405084 0.955347540824855 0.0080906573797571 0.219900003697165 0.242848750827318 0.0697624222927284 0.488602513420683
0.0995652784167577 0.457795571526199 0.125618378327915 0.720665291833595 0.967593741260052 0.013798953183425 0.311656306635833 0.247756324409998 0.438156957859572 0.560145055189718
0.750254708075982 0.1216281416548 0.425450128302239 0.948244264473116 0.992617387267534 0.117018492795036 0.450396072360174 0.425867597630319 0.980050729954582 0.530032377890279
0.955083971525364 0.891107163938714 0.323946157435218 0.879634879958715 0.995556435389127 0.374559299205461 0.668366751873116 0.380001228775942 0.919506929294189 0.661922826767562
0.988726386546745 0.762710675157588 0.655318239478592 0.997509330275575 0.999754503576028 0.618129968167989 0.767406894836293 0.563519722741982 0.997794469018193 0.662146485724667
0.642461162285785 0.428497804551748 0.253101757188755 0.878277738782062 0.968022583656163 0.0575599469185237 0.556986422741121 0.356530581675083 0.389380001974769 0.569221903425933
0.564546732164703 0.125933076097821 0.199832263506973 0.131983120752721 0.828368620315749 0.0117193368845956 0.306355124869033 0.295457024966464 0.156139478215113 0.560331411427356
0.720113539761613 0.675531156567344 0.537471042106256 0.935108975924815 0.998110411261886 0.381526138742309 0.653476712833122 0.542083821571927 0.985706987336904 0.618534427239972
0.367546870806961 0.121092060786151 0.0876769474660133 0.409908806912263 0.957260331901893 0.0623369782024078 0.37421364503029 0.242816013228006 0.314860996506246 0.533981428442941
0.31469275500564 0.172078575679955 0.258608631037597 0.904513975468548 0.978681884441986 0.0790822453131997 0.504872397789301 0.43449038725379 0.368325720266881 0.607028439315149
0.113041330063225 0.745410580185451 0.0366573209900116 0.832672788625998 0.867195145064775 0.0215652683102714 0.289578164672935 0.271849185911004 0.132818288645743 0.392743433969042
0.427268757601146 0.0589116315471059 0.102660431230215 0.97416334473663 0.976654612954172 0.0330468335085523 0.35502121271983 0.286238062810014 0.1975572497664 0.536275663254
0.968630956956048 0.258278812737479 0.377508627083115 0.894574302444334 0.99802170830602 0.148966423337731 0.547374351919925 0.356967241840919 0.952058690644063 0.612296318153897
0.917974510855495 0.365912003799672 0.198107693246898 0.935785982031786 0.998712547881538 0.0709106415992128 0.6709173866931 0.386395979572896 0.85983818562635 0.620786614266406
0.794040105832622 0.229410485691219 0.105609479583162 0.781815930610067 0.992773246157057 0.134109206343478 0.640562625084121 0.393407075387085 0.744809134605934 0.520908770368383
0.204721635136324 0.373391118482793 0.552570681884767 0.422937920450941 0.921577583097543 0.0604643598974074 0.386297125108229 0.350389729987776 0.324246119031989 0.604638898737047
0.669227024386512 0.245237832624265 0.0540864203069622 0.93000140356857 0.965080531061592 0.0840266976552221 0.443080082197262 0.347092894865475 0.548198188082998 0.624141587373549
0.554461381661314 0.374410412249608 0.337545910989818 0.878075809743182 0.969084041178944 0.050178854780612 0.265660602268131 0.362399416252821 0.233638330061538 0.481237484685748
0.649277709004765 0.81461677675589 0.110717964653316 0.540785728149332 0.963964494156373 0.0471073591456443 0.347521460342989 0.304305993953455 0.472512847705321 0.570541297586279
0.974004251082286 0.685527228673034 0.383573665751844 0.932326380121815 0.999635529757312 0.809915148093442 0.809837740395379 0.581271203140004 0.99848069547253 0.703932654578742
0.820781185316371 0.982394364542525 0.102534615366856 0.957978069039615 0.993644860785559 0.153972643547256 0.514648899300314 0.404025535891056 0.369874898127016 0.539817335950687
0.851603526147978 0.932939299845303 0.289241302863951 0.803897939955629 0.992579987510428 0.320836688668854 0.477380874655801 0.460409208688761 0.960710388645095 0.658642665461767
0.542306836385321 0.672265504407538 0.0779784194501777 0.477030200778893 0.988256780080979 0.087713633863888 0.45912682618442 0.375922918737208 0.480118290292351 0.603518093471963
0.887443621614348 0.939749604524225 0.211933501481706 0.902379433262152 0.998786485323616 0.413409017092272 0.638689015994766 0.479387318766187 0.993766168127589 0.737305935335787
0.13642579440472 0.775192687328928 0.0344394223768433 0.315902778086973 0.922615391585746 0.00773404015645928 0.349332485426433 0.218939095231408 0.138481323940002 0.393215748129283
0.791076983638366 0.100726223021807 0.0300089054424964 0.914796803129683 0.918826097206955 0.165246628856167 0.524250369044461 0.266883058521378 0.827319119570321 0.597369156524474
0.721436187022798 0.900817542799319 0.341214055395271 0.971632894120055 0.995296861192248 0.0867140080393126 0.579085339443281 0.52400001179476 0.931675099144856 0.597676843428783
0.80714577669683 0.174185425805252 0.364281489382367 0.676151231894808 0.966787871425321 0.227403525107843 0.414390399188316 0.409571278859362 0.745586996717169 0.638812468052554
0.277039871220196 0.381533484446012 0.205762273799837 0.902599606761879 0.919696936248806 0.0378805437075664 0.368586763134646 0.355177993235628 0.266146454938574 0.504433033515219
0.708369446141209 0.65595517516971 0.0431614707986192 0.910021965034154 0.961483325998727 0.0697621738503274 0.396038272146695 0.34560032068981 0.677565282247759 0.557641211764917
0.84641313119606 0.340759995395154 0.309472551122052 0.973797538521246 0.989015829116837 0.146298783473914 0.536578841141122 0.391583149857226 0.978920730659331 0.68131172273097
0.0870504438302546 0.154019680775394 0.10373556784005 0.445341163384883 0.672220340513702 0.00866146439352709 0.225626235215182 0.192095042269144 0.112609008439894 0.622655710251802
0.477497825059221 0.59677539600534 0.271701546828138 0.83868056451508 0.997396224284584 0.470116956346494 0.639031935385398 0.527445272070509 0.990046349969929 0.664976745330779
0.845230069575451 0.487781206944489 0.475525899714243 0.918205331584517 0.993845115791213 0.338290620633795 0.624503639744714 0.414695079657983 0.985552541153506 0.602571821509506
0.414611643454731 0.0549589631647904 0.186026473855511 0.524394634570899 0.974082298286509 0.0508215186382841 0.190737290268779 0.279984986240797 0.0680919736743086 0.502213379475959
0.0443459046048043 0.825051839141988 0.0622785815847036 0.660177487005726 0.97472745987644 0.0445360622830194 0.34292385828181 0.350191515365895 0.233109757158876 0.472140553314725
0.856851867622753 0.307716221124335 0.234506328330454 0.822137669039438 0.993896659902452 0.0519612172492193 0.517060012369883 0.362109516941632 0.952444343771667 0.674907875929716
0.90218866174284 0.90204783782736 0.51051728677402 0.872629103953375 0.998020919470398 0.183546881887079 0.551650907572461 0.417259593845079 0.970189652356446 0.616525498022198
0.394851555805304 0.987571555063758 0.394288803994034 0.852300544529576 0.996379852383764 0.146277412564279 0.434355748989472 0.361542279239725 0.763427814826415 0.46163225728757
0.76919572020608 0.866371992008888 0.111995692573547 0.938492093717329 0.985608020178781 0.093885057005928 0.568323870358925 0.406485426265429 0.924637804382508 0.592499932846904
0.296320289468919 0.896358192703624 0.100138209612673 0.812736525995477 0.970680729310005 0.0890051569011037 0.411276944114498 0.329490559471599 0.237130981544412 0.629815109908123
0.69722714320294 0.671759381034814 0.601599918539496 0.789207263132951 0.983888400023914 0.151001499232065 0.557899227542296 0.367485470190256 0.766520438108851 0.697746655202385
0.162584186425916 0.411749481260247 0.114978569376557 0.346866135121154 0.959261091610684 0.0294098098151144 0.251255019126261 0.209347330039931 0.241422265377084 0.462263844541617
0.736528348349427 0.669024871889916 0.264264199512703 0.860599444381658 0.998391148897949 0.138166505652982 0.609028208223917 0.40907216424432 0.709943543341988 0.738224816326705
0.388832281144868 0.704060998084643 0.0496214601514628 0.674057800594156 0.946290740206363 0.0366332670712687 0.310123249421486 0.309824459740967 0.264422440082651 0.459516453394035
0.682994405125631 0.452837796014958 0.165543329630992 0.686627882484334 0.963291859572297 0.269120868895421 0.59316059839872 0.403298749098489 0.50669618175907 0.665711258244679
0.711976762836013 0.522444540205846 0.308536312599072 0.987213008503611 0.999483285427404 0.593197501256865 0.742960573321735 0.440800385587293 0.98852460778219 0.725996049018442
0.788691439719849 0.330586874117291 0.139087038960963 0.956794496416322 0.995823183201679 0.349614953594719 0.668880518114649 0.397242234963273 0.832102217042352 0.732953335269297
0.134943296024406 0.647899664643698 0.0859646015703024 0.428954097180781 0.909339636395391 0.0173512298821199 0.283694988125377 0.278186327939985 0.198379146627116 0.425120723706402
0.824401518828709 0.250418299182287 0.116645362412134 0.340403338362018 0.678127759043502 0.0228177913380994 0.280930748917609 0.262078848335682 0.0705626574173651 0.484572992257756
0.325556416425615 0.684488552020657 0.111372409555663 0.865611600730057 0.968863606725296 0.100651656845498 0.350361032320357 0.290182661709291 0.131354112751559 0.541685288777428
0.976227990414945 0.868562064526257 0.201313928332121 0.458273301625149 0.988823200078568 0.0398444462467012 0.467779177331427 0.398925452930607 0.532560240917909 0.413558433371608
0.185767050910603 0.0445847544044353 0.145523068567658 0.39164791471024 0.888368445942711 0.0153510503690745 0.281030278318951 0.430193738031766 0.122593552341343 0.496509840090917
0.699705779487823 0.70514689696113 0.11158604426167 0.744279398892424 0.995912650138535 0.0355941158964577 0.492204195323085 0.309481199186778 0.176853140228445 0.539092905556716
0.645582377150953 0.845487121208937 0.15813305751624 0.607461948177502 0.981513524008106 0.158209382560326 0.533200928896564 0.387329570902389 0.836294265232182 0.669227607087197
0.432226509731875 0.587315713311604 0.154059352161211 0.731912010016263 0.988203970557781 0.420675848002828 0.652572816664058 0.477347921285998 0.947929766241769 0.666103131022412
0.643575285561554 0.0563683934908294 0.128918862892014 0.158978742159217 0.980559783464327 0.0677226649597721 0.370291431178576 0.43677361807557 0.816491641901345 0.55353897157097
0.0435148376629227 0.335186841177183 0.0465322494462663 0.322867284910606 0.709587000949388 0.00805761712929981 0.270908026173437 0.249877312045246 0.024452905242208 0.419735843653534
0.263806708431338 0.592287770753964 0.0643383285848889 0.506605531467975 0.926796121133384 0.0238064779263521 0.441270489137396 0.27812897631068 0.240369905779221 0.586473529331672
0.80354792766811 0.633702547197135 0.191738156751374 0.832524068343832 0.994376336940437 0.431559519291553 0.560480978608234 0.489025720268316 0.803222860311774 0.68786054247189
0.873721174444657 0.824771618055292 0.349279439340147 0.835811205471223 0.999573622953443 0.55620763205272 0.70940609342412 0.483936510353534 0.923318770080724 0.649467515960787
0.78605883415579 0.098215581318782 0.0691300869856146 0.643132993343018 0.978416498714939 0.0115823232147345 0.330330898172049 0.306043100286974 0.686319325751572 0.495104664856935
0.10561244261947 0.0751395136981495 0.0532746223850609 0.24760674492589 0.975416907078072 0.00759917251073761 0.150139987063564 0.320449249772069 0.00770021156992489 0.450936304937536
0.789601062035301 0.605198992329342 0.106257379085626 0.982727747688903 0.993147477507491 0.435667835903189 0.57247887881651 0.371696903526372 0.943220304653844 0.689781325456388
0.235250597190364 0.435667142494381 0.0815709642067001 0.51741747914263 0.914706842631973 0.00744867147055044 0.208455670954901 0.228207380378602 0.0140319803473893 0.420320626427831
0.543805162059317 0.553299077209938 0.335020082508449 0.939276884347293 0.996478668754892 0.142679503416242 0.527870622510527 0.369636145559254 0.274263784736777 0.758636899856497
0.353556828451844 0.1414344036349 0.0836826626768393 0.381223579507331 0.951881436594839 0.0490769747268566 0.392064680406871 0.29033002707017 0.0842675031144726 0.51067813320151
0.978300521757887 0.368717469550702 0.302593060327226 0.645081473566341 0.972850153420122 0.226942457312761 0.514193865910498 0.311127936869009 0.958284472349448 0.712084941196562
0.708550920728199 0.740548631254737 0.102458193436732 0.84951738916754 0.990382767692092 0.0985844550693957 0.524996787059189 0.427898015569029 0.865668620526042 0.535282225545346
0.5547249019968 0.23738550494216 0.314207894055197 0.868294296268267 0.996177487698044 0.082826062877935 0.395260591138357 0.293904184450458 0.620522131330984 0.602740695099372
0.854284359882477 0.535306407247266 0.32928722353298 0.857635125595039 0.998038904463947 0.0619251037538894 0.365539040794171 0.397437006630249 0.418073121047801 0.575771803950402
0.753646229408331 0.818587140731937 0.301189814005276 0.970546382933682 0.997683866633426 0.297798082168404 0.651384406026193 0.371463626091415 0.957743870695882 0.698692408249002
0.180998179003485 0.573804920245614 0.206752991609656 0.938992875156104 0.992101869114429 0.091065779567023 0.42931390190295 0.267020660272922 0.809393400080246 0.636596134055763
0.602752897546426 0.322441182978615 0.107001188742904 0.773049028339619 0.994695802309978 0.126491671881379 0.510890737155771 0.317556152872403 0.843664246834557 0.6099330444976
0.542249911893103 0.27009110911826 0.162958029377214 0.801305299495086 0.984095035538457 0.088561100186682 0.431787207850338 0.364596271074071 0.218017798661934 0.517333214258501
0.602525589275283 0.181151449869229 0.250208322608954 0.879407849200834 0.994299816584724 0.0862994192352943 0.420346188096538 0.305714953700429 0.374735121917646 0.609753096808999
0.650336435384754 0.351927539167844 0.0640476214631314 0.670492152541943 0.99854987374088 0.129890160209953 0.490761383376994 0.331140977255393 0.834696270490207 0.644948497893174
0.446825044407457 0.54775614497777 0.115370032385712 0.714604229001616 0.934940257544489 0.0271033229988038 0.275313281405461 0.314151045884484 0.0891205933442616 0.572872853966072
0.916613169777083 0.970668633716819 0.141974182091397 0.931706890950423 0.999304256413316 0.306428518549014 0.702257716951017 0.446277509364636 0.99019507188343 0.619386656650665
0.906987482149081 0.776366734712618 0.339210095745939 0.872476494255662 0.99662462288933 0.220084200427264 0.527047611490089 0.453918121560121 0.985691118251354 0.666703959479467
0.992534912192609 0.939180724887932 0.322045508241363 0.9746728673254 0.99955544236794 0.502151868022907 0.796409097544926 0.550983176122874 0.998420449538688 0.737290289453376
0.626884885752116 0.305631571206733 0.0783501415325087 0.642754557689276 0.976726921912937 0.089399967493266 0.425257869082299 0.279674090526482 0.75960197366578 0.482915616587355
0.291944588292084 0.90246679237114 0.14035972965609 0.80782276348311 0.99170041513556 0.102444589967862 0.458206364078793 0.283325013986449 0.0354741853453232 0.516312107953709
0.882618232188629 0.519049861349087 0.0923551369228163 0.963117696393138 0.985008873841905 0.0615419960865259 0.458276914128234 0.382203869507323 0.450735629326154 0.485703589514418
0.576750092741445 0.549324084094998 0.115386897930662 0.552698478998811 0.966405809163771 0.104467514439577 0.492393854769831 0.340880098358742 0.64390488868948 0.548034217856889
0.657279598700646 0.587846965975127 0.641365525993918 0.783745207416477 0.998663950578511 0.605593500508345 0.648464800500675 0.475222626203582 0.641482986938151 0.665491314670555
0.395464477047757 0.520720877295952 0.435280821762826 0.614554087859087 0.950787126950348 0.0308445981925111 0.454166972172842 0.321066058498431 0.547986870436808 0.578718807718933
0.777913453070567 0.962061822943916 0.147781422088967 0.519378196094378 0.986890096682406 0.0627183064272244 0.359949073082246 0.390280359805196 0.767414053810571 0.563583211633285
0.543353921857962 0.308613257678888 0.178876011758431 0.585714194903926 0.970351599880898 0.0571180317081036 0.367659823780641 0.384623573327807 0.37369031691672 0.565509754868307
0.467610565354294 0.648608844703532 0.104526040618907 0.504341637511328 0.978413656197917 0.046292606974281 0.512863141291619 0.319258083571444 0.608977882322631 0.560739954852386
0.744761926228451 0.393412261712032 0.289732124410628 0.842634887080936 0.996988233098318 0.172438507696948 0.569209748822927 0.526758108710425 0.824372663838781 0.637628122691024
0.968471827194354 0.979403680316495 0.260693825976428 0.971517990540203 0.999680369171559 0.903325615395778 0.832855628016369 0.687510390196698 0.999903491325147 0.793326091723425
0.976912934453743 0.598084919339837 0.313849440190262 0.99016663699436 0.999824473134681 0.735872185827129 0.749275909670816 0.478342640277426 0.996992143618058 0.78659508020993
0.930587123916387 0.827244870574207 0.322636451731726 0.978626349771546 0.998225167706612 0.213153785378735 0.585856443036989 0.519478617833972 0.988116131352109 0.665983552130924
0.679345830714518 0.619841343040662 0.403821749620891 0.968205389883183 0.986476485811848 0.535315358114916 0.47261981508064 0.410087268653058 0.976322525626063 0.66430163592946
0.647921541642184 0.344237524873037 0.0580700338147583 0.57617648425617 0.983219618711552 0.080514199474814 0.445066032672788 0.411774137846584 0.340411786938747 0.604780352744574
0.88239897774411 0.970290279442406 0.386653700738719 0.951067389710469 0.999171625846925 0.773824012094648 0.738102586273347 0.621068241827659 0.984357401217217 0.717441784456807
0.196918156579546 0.875672518536995 0.0663659903113949 0.6542275023263 0.965055888720071 0.0201788922154192 0.40609899094093 0.300723317632317 0.167925754065826 0.572147489904953
0.131114683537524 0.632706581283051 0.0580354278829567 0.707019729881115 0.984015420498931 0.0970640488071665 0.515671825857755 0.366849231321942 0.340263259877245 0.562152107562272
0.30911211071887 0.10671781906315 0.0841736981503079 0.884361395806862 0.98418957329262 0.0600619463801964 0.455020656626333 0.35278699749431 0.786375062405174 0.542729486743875
0.402455290023185 0.711452924214925 0.355343990721726 0.521737149822715 0.987024391775414 0.020566663725971 0.352934911557874 0.232494420152936 0.0581713768191893 0.522203182371917
0.159503447550666 0.178604827373213 0.107457600866209 0.840002564260608 0.998602037084132 0.0662239065818371 0.399524661277901 0.284626969023101 0.357954020798267 0.599832390114432
0.51263158270953 0.83555504191186 0.179664999001247 0.976986057725322 0.971459276350193 0.0830540013691343 0.56299984930787 0.401349412502869 0.827205142789451 0.619994772231156
0.811875362220245 0.58113365795514 0.337296884231089 0.785902802379588 0.996172143429546 0.193843360697665 0.651591448807514 0.451568018801001 0.984327589830298 0.5845608856019
0.578061412775572 0.338959001562393 0.182463200654365 0.333119952553782 0.980413812798207 0.192682477268883 0.421012474381465 0.28885627775642 0.149076950168573 0.541692385796649
0.875155587552983 0.808333073738883 0.378813858408108 0.72377572160535 0.990502896490745 0.412752193488365 0.571164641005601 0.38014316061379 0.990974079724908 0.630754580051055
0.955013798011028 0.933112548610367 0.160543929058603 0.903188964918785 0.994938524705812 0.117828975985323 0.579214167803659 0.39443117117546 0.862087405960084 0.607467201210479
0.845079717437876 0.603911158473313 0.178342031492447 0.880427762314183 0.993523329435396 0.0666712636981529 0.604962055721631 0.27811010307039 0.66770926783774 0.58282661799752
0.618609863131855 0.675619712447476 0.233671067256278 0.660263324144206 0.974747455540594 0.23529522815777 0.516523280258389 0.417379957968876 0.768958270751278 0.622949765536055
0.4479338202197 0.700294698323319 0.191113026379572 0.928872946579236 0.995721150622184 0.184882411824565 0.627053224976875 0.393526842010852 0.784180309863566 0.617835533831808
0.733893078865969 0.161151885145104 0.59124413866732 0.771733595721211 0.998576208816593 0.375430339814891 0.677247922093011 0.366876975502614 0.99453184882197 0.562227990073304
0.407699153947616 0.308362506366011 0.307166811234803 0.829260041066099 0.993401125104681 0.0453851142212633 0.268518924406386 0.313707058991152 0.419457474022638 0.639646263258803
0.995076894339035 0.424423658474366 0.522465933271707 0.954911220966061 0.998996288605523 0.786770161175248 0.766374126338424 0.547303992735644 0.999695677033136 0.766038236859176
0.86260989765887 0.36142753179475 0.32937864506001 0.881191627704872 0.998998060417487 0.171687261928897 0.649540964239817 0.348630697624577 0.811751949143762 0.575349988037321
0.844509004145145 0.54894927975905 0.162867238377324 0.956974840798531 0.974652112599638 0.0839440616732754 0.483612427081907 0.398453726677698 0.858884561504938 0.642510992089421
0.645264887536511 0.179879858944556 0.387161189248851 0.520244769319154 0.98612594965232 0.131092672089379 0.524638537620642 0.382563313020623 0.312300772917471 0.614370716431413
0.508917522148271 0.13184519596487 0.106810874339293 0.255559184782155 0.935246231117518 0.00980982049239886 0.276038429031299 0.234724350949054 0.0397815822994654 0.412920269128062
0.902118592388658 0.758000852916025 0.214162263207259 0.914133692354459 0.998055836349765 0.36908654094759 0.704248329177917 0.42564060941523 0.960547341735653 0.685286546944031
0.938056157966506 0.908935965266477 0.12580534544381 0.812639467721139 0.997800840856069 0.250243437178847 0.725494408758784 0.499198914540519 0.968571839814348 0.64949688499661
0.934045055056309 0.683754822286773 0.397928836006634 0.94578173331941 0.999618181002428 0.299392062524277 0.662066363655079 0.454642863378169 0.950266213736041 0.672190027066482
0.201752996736707 0.237041712977913 0.131348605716954 0.622075903086011 0.9820061496983 0.10604055799998 0.41216769081436 0.285644113547382 0.15741155397235 0.596605946146828
0.154370262139843 0.725934624002106 0.211517485223962 0.437134287797768 0.943787464785754 0.0325244395248953 0.409282222420704 0.290066844390022 0.105722666165747 0.444138424590437
0.620044924478874 0.862990864808488 0.0796768969269836 0.936194306837682 0.987491174306033 0.110395949773098 0.389117769754819 0.328327653705835 0.457629102047339 0.49766947028064
0.630357252160282 0.7169389982608 0.316797013359659 0.702330457647492 0.986824289561899 0.0920589278943276 0.495760551226699 0.445648892650797 0.668202890312602 0.552788496173096
0.965601001900512 0.867300487446306 0.400164807837531 0.893593573860042 0.998918967331227 0.389325744758494 0.596134113942551 0.438201860921576 0.99732636468414 0.790021238957221
0.268247583770355 0.147580838656803 0.243564032310147 0.62444142405331 0.98018109928755 0.0218444905083046 0.486332536138641 0.404727791798739 0.657540195728595 0.573642952121266
0.123042803820375 0.653293214376929 0.236528634487213 0.808694096406803 0.873919283273389 0.023465245156181 0.340514856223283 0.296950627908173 0.137813186069572 0.380930606137631
0.717082074135805 0.313390716877825 0.240026153680897 0.70673713067094 0.91717302169224 0.0344695615857478 0.389142130532992 0.360315297438653 0.790857214716468 0.421030797580512
0.0372298039236561 0.194365262441902 0.182654670088506 0.376122732409497 0.959572559978879 0.0121413898369567 0.501798215041135 0.239501175455874 0.0833644596686287 0.426458102724229
0.887958717465286 0.755475474243292 0.517600974250446 0.930735941869897 0.997296395722498 0.150492520029341 0.445837844171274 0.297375208995478 0.24675117435477 0.591998246158142
0.45578038672939 0.882286502410929 0.363070441601329 0.861834907105408 0.997477170280538 0.480831026845817 0.610877060302423 0.49680794244299 0.990019726259967 0.638686614678581
0.933249487689285 0.691018779642021 0.328413505453214 0.962577335404695 0.997746288956872 0.0463154636736833 0.499213408137578 0.364386965977263 0.761324589316712 0.694378650996549
0.438171273059758 0.660520456650874 0.301672505842503 0.792239489458142 0.971174909297451 0.11905197635862 0.362839484363591 0.370789903111734 0.550979938665433 0.542219936383788
0.043756358887528 0.436126375569491 0.094612365656674 0.797323999523879 0.613807066992993 0.00839378806048937 0.222345700385903 0.270430004822468 0.0482254925402639 0.434800249954783
0.679399408497839 0.29916567988186 0.0502302807372079 0.605808567785855 0.994353376316099 0.115848172280722 0.39507325912581 0.347405700988735 0.706463150511617 0.66380622529757
0.47131704629418 0.840026700579217 0.209098003115697 0.887295637007077 0.99218669318151 0.0820166919988226 0.580508575902929 0.315456573740478 0.659720530728873 0.562938511958589
0.67282251180608 0.949643882395633 0.47480347439368 0.955391660590978 0.997896761710542 0.406923403617801 0.652206015682162 0.443146597487434 0.983321275270982 0.673027454586768
0.442984918218273 0.608797636028568 0.0892070789886549 0.711888694649501 0.701990126165123 0.0174114809182906 0.223934391254132 0.229632634791832 0.014333264982922 0.435488949990131
0.13732833576353 0.796817035669992 0.0372242553168681 0.326569550881403 0.975536533824825 0.0238855613387349 0.319927239370547 0.257754742851778 0.036640750504833 0.415689374256689
0.457661802117792 0.750137060562522 0.0484733362364603 0.300881852474747 0.929153970731178 0.0116970895423702 0.334331915223059 0.303700172746249 0.241167677734706 0.464876092327578
0.833035242861033 0.308332292704214 0.301588984399749 0.947678433671115 0.990247269539811 0.128648254180358 0.567764708893295 0.375688737446702 0.81169186947241 0.616764140181551
0.85002693379073 0.914818217076853 0.156105260589424 0.518448399729703 0.991727585463524 0.0857867340764364 0.616724782661555 0.46688114630309 0.798055732514556 0.734632689500027
0.990696190790507 0.508254108041346 0.234829440723893 0.875434616892495 0.998676358820098 0.531394728059583 0.670997504757262 0.441570707024032 0.959850489027029 0.675783796899925
0.926948745399698 0.316017207665507 0.413419630029657 0.565407704723684 0.996005512186111 0.475306339004713 0.633634632740282 0.540908543766041 0.979119248372847 0.690361450106935
0.521299137501465 0.778578400833135 0.11899475190091 0.888502936048923 0.993534910474335 0.0721817660059413 0.569150744778513 0.374164399007295 0.922569165019449 0.592344823644758
0.840070302076756 0.739815312030771 0.136232536822198 0.908233896047112 0.996182894823724 0.075864950504636 0.428040899748273 0.38061812241365 0.495846242333508 0.625163116530545
0.491348969390653 0.265900016267222 0.22863805532745 0.835557617919462 0.990049158884398 0.0422690781614523 0.285879673883192 0.342769713245515 0.324090528106816 0.604063367862822
0.805650358348741 0.618537925614562 0.262006879819889 0.959276963337812 0.997665323736562 0.251739847370174 0.538080544355023 0.393602990297352 0.96769723151896 0.627000102533039
0.566907609891451 0.865866451513011 0.399988643946491 0.928427725356437 0.993377248986958 0.231727523299437 0.549327610874108 0.467732354783444 0.8633616040568 0.711926848063576
0.854131842214626 0.971535282777587 0.21233482734108 0.936785549850687 0.995920706813542 0.0812825241018303 0.637039161028538 0.346113217401946 0.472256762667262 0.668855808079738
0.0444145495899723 0.0170183077853224 0.105855270821771 0.542292189541785 0.951889347222676 0.011675647292899 0.262933316490075 0.337876050472028 0.11434483974636 0.438058049408076
0.454252642649962 0.644330383577742 0.129893269013512 0.645709825939125 0.21915321703634 0.00720408039348123 0.162557051002223 0.267331529990256 0.0239489591966991 0.408615031145941
0.995857342526633 0.655515101147803 0.401673339753628 0.980258627650761 0.994889092192607 0.388185931964691 0.786858155208256 0.487181750158891 0.987549874589062 0.645032567215491
0.719012953278101 0.333939204411766 0.295896331523231 0.460228246598784 0.994844719130815 0.314864001777799 0.576594771777189 0.558233333068658 0.905205883098387 0.702630829450996
0.927863599469805 0.424095577158101 0.0511351100100725 0.711932008010877 0.997090319705276 0.229447663918751 0.473371714374241 0.433353706468277 0.917981017907143 0.537441714459209
0.728961072445083 0.654733852611853 0.393764758844595 0.922069234868097 0.99859005679478 0.214772672249297 0.460431893364032 0.363614323648086 0.911519650309566 0.553267549785777
0.287306326315784 0.147520853041598 0.0973048621349198 0.484858795001092 0.992445843737103 0.165262635845214 0.34458722824683 0.375151100512655 0.267203734165853 0.522804266437063
0.88855517437801 0.910864462065398 0.363752931686837 0.925745659437143 0.996046332475376 0.140951672552661 0.597849650309147 0.530783482045847 0.894977668023603 0.581354381627145
0.865829244074668 0.474468544321547 0.231265426382301 0.566613609971739 0.988309227584786 0.0686173905882543 0.375037119275817 0.302487916799401 0.720556474859513 0.500228012406609
0.226208970334768 0.0612716445994296 0.0462698394656471 0.432849851653514 0.916042837651198 0.0107132341858896 0.200043388225715 0.236264608594164 0.0355305625511326 0.541884711231219
0.963470607572654 0.523450250327264 0.35587491927795 0.962165359990472 0.997985748899973 0.405456345185629 0.703937770923184 0.448000154497376 0.986191873083311 0.71929417161131
0.596291395010025 0.151640475229886 0.16601761997193 0.89288268077624 0.98563485831691 0.0170827222587234 0.537080019559953 0.407749409553801 0.488006278599127 0.531686819575417
0.0428344046805905 0.504109584987331 0.404888909940159 0.0589377414415329 0.950249028809305 0.015910100381186 0.277242407904028 0.250984943911285 0.0814472779744655 0.530606382388133
0.469771598836906 0.218608497481424 0.134793593976992 0.966315674851443 0.995331449397054 0.12319740193454 0.490926952363099 0.467874333910994 0.663675731494791 0.541465977187295
0.171556716744541 0.353168252168766 0.203376194334262 0.71438204385955 0.915663659517999 0.0949349774247883 0.403690771498758 0.411166477304419 0.353911073950928 0.483290346296143
0.415953677995979 0.201824492145291 0.224093098361689 0.774388931553185 0.999251421920008 0.239327843256159 0.45453132605409 0.440396522598455 0.793193777762742 0.657125423483605
0.175780998422438 0.0249772773542544 0.0896510640853869 0.663274027273135 0.951387759904714 0.0207281086647892 0.326550552912689 0.226016210307276 0.714830076641852 0.382743469419379
0.415454921728103 0.296174985953635 0.0510266037980129 0.468732944613581 0.983255813765924 0.00682285009575142 0.342825947526126 0.263451952794187 0.0233450091438558 0.504322738131712
0.856217980374096 0.119371195975791 0.452542932702397 0.860313640346604 0.997655322079952 0.24697754077287 0.678993499212784 0.513202315625095 0.953323723521924 0.560625448086696
0.987071861660227 0.658731122361252 0.58419133338635 0.991192891733754 0.999329327690479 0.509794061724593 0.75485532499395 0.475567128338647 0.971245208401179 0.704621795329886
0.814014749988936 0.760274661195063 0.0843704144358699 0.958645852074589 0.997798811044925 0.044425972388095 0.518630254094262 0.436574170045241 0.772392122112089 0.66872048070438
0.648214393039128 0.949496684310382 0.276632859188182 0.687014369757429 0.988247039261543 0.0939830202310915 0.49806480487119 0.389719339508177 0.794249358116104 0.512749961766293
0.0641501605401402 0.385137905259517 0.0526006656584449 0.272398232194758 0.903710185639699 0.0361401669630277 0.36550161375911 0.251381660302553 0.223562668561003 0.522956615408301
0.477410691452698 0.523556280286183 0.0815700973290592 0.821439268352689 0.995828727454197 0.0582501963779568 0.56379400582767 0.371029280018326 0.807934132095973 0.573425909441968
0.69691296777512 0.870769817775927 0.216415410645105 0.824267438452593 0.910993879961617 0.0427068179290261 0.404165554376424 0.344934667561395 0.145151653403499 0.40436648261862
0.561775188071148 0.312926144385301 0.173838485454318 0.919113389170065 0.996141101399873 0.141320641843577 0.551130176976199 0.391894463520206 0.844386258101332 0.650511552764198
0.0897728936570498 0.642795288405089 0.101112362863831 0.604937064199183 0.913187732393409 0.0149726349777715 0.200747578744226 0.225178529703057 0.00180200254274267 0.412913701378048
0.55191016949487 0.562383529134872 0.491234414406819 0.911646938439117 0.998892081614403 0.165198261540603 0.703156115310312 0.488912387972859 0.948656264010503 0.656079936347319
0.494134028424165 0.774867339554772 0.117771470543665 0.922407972169021 0.953562045168606 0.184809605746548 0.453478688237515 0.388403461089265 0.553683009018828 0.626152331409785
0.205266933748768 0.468724531175287 0.147792265546008 0.525217066208117 0.99641852897908 0.129984257589527 0.399337742245531 0.271233068917413 0.451144885704356 0.594338603750875
0.525797679311255 0.222141388880381 0.061429954724239 0.887285043820522 0.994876829795987 0.0888813943925205 0.439718897619912 0.292970187386383 0.925340511069457 0.631503649436136
0.844650524937976 0.0830235571929505 0.121902150159809 0.882098889653249 0.987627896997156 0.18271602608114 0.611650698934346 0.445357137278257 0.909970416280968 0.409766560388868
