0.126231146167915 0.552431573341838 0.566941278039466 0.581412036384573 0.788175241623077 0.0806995269805479 0.121955181941606 0.39484026366357 0.0147973830837087 0.0391321496790331 0.121342692513185 0.32759325188579 0.0762684690093478 0.0761161395149877 0.478804109542301 0.4143364686222 0.700916779177783 0.727869578641756 0.0187515231049946 0.908977469219556
0.305749800165076 0.566143732258034 0.181757673923381 0.781946394689495 0.656650041469402 0.175009753624198 0.163379718055408 0.888353412838901 0.818835933864152 0.730863707963896 0.786904197071638 0.964434385727862 0.666355285222194 0.108848144669281 0.708636306569982 0.649338915176969 0.356055012855819 0.45783362009575 0.00483608604241306 0.00405707924183869
0.0217729402897635 0.422823786312225 0.265025456968597 0.302688887041672 0.0150325422825622 0.499919232112123 0.020803860837189 0.00360248145004696 0.0766828989487525 0.105589134553173 0.00619521673147584 0.188142317531629 0.0200433364509638 0.0137995092917542 0.165409814949843 0.226581637892782 0.312059856406124 0.177392817470734 0.00270947544013161 0.00308113947464753
0.165035800631417 0.699416489447484 0.593272752683556 0.575221202069176 0.955995822352861 0.518144385883114 0.154880246089476 0.811659815031143 0.0870517659592249 0.775407018747901 0.825416681235557 0.967353907207694 0.219530833948572 0.131154762760089 0.808900786646202 0.979634205816488 0.181571941712729 0.594958970577254 0.0020441646185193 0.115283819611565
0.173563233565419 0.60829208211013 0.758554875598765 0.773578698332609 0.290948389977225 0.247547049303885 0.0874337161766737 0.116786429063657 0.865961414867356 0.307020947404907 0.490613636119941 0.429634975445892 0.256780017599251 0.084280945688625 0.941104513923763 0.914684937732951 0.213377051957024 0.804167488763583 0.000141743901956318 0.959686069699493
0.166270593336802 0.662979716007498 0.315881479432992 0.553991146708248 0.571235171397039 0.178859382261153 0.0570225486500094 0.681083748470802 0.803276690239834 0.205712780315681 0.476196933758098 0.957396444373663 0.194534117813429 0.195204631775172 0.515072724629236 0.723848638265502 0.515914949706774 0.669833725882358 0.496145983887458 0.00014164970344362
0.101979984735529 0.610441165312556 0.154750099935718 0.607470466628606 0.509692097121048 0.695500454654136 0.0480446942110503 0.493683757992305 0.385395729428691 0.382240445113345 0.219701432473223 0.0370714728565711 0.105163179223857 0.100335026886133 0.656949881512151 0.998126297463747 0.354307336817502 0.279454557583798 0.823864569472977 0.999955904845655
0.170584045849787 0.612752547420752 0.802177764686356 0.701563676775068 0.622898025166998 0.396004103119402 0.0717593405112636 0.727890009292006 0.4040718506374 0.56044101913366 0.411714615085048 0.901095785307784 0.282464342300428 0.19036832536717 0.876793729608692 0.920581821892535 0.191688404372277 0.6757566720019 0.0194417474266055 0.0895188047552222
0.65556552164642 0.607239818369377 0.634977712234904 0.423720477824722 0.976493217873013 0.486659916437758 0.188478565374546 0.914948813469913 0.835030280546454 0.713577969139218 0.964673935587812 0.997719284578806 0.451257185085076 0.362070690443987 0.588573203153519 0.92922619784455 0.809027594134198 0.831171784512276 1.51666385476103e-05 0.904958828872064
0.0765814874392324 0.46854494695263 0.356902228658703 0.684857708210672 0.820648078327106 0.174137590709768 0.0425146413999592 0.203346173289441 0.917729100605776 0.055696021211276 0.479479815438033 0.609573052378933 0.105313640879517 0.072830241307501 0.757447071070514 0.917437861995049 0.519165469198029 0.579293699661641 0.000250954525868941 0.0192235756494235
0.381125051629598 0.584989955510358 0.336175301412732 0.697157676010604 0.143813418741206 0.463373048184044 0.114872517048506 0.593586435846964 0.427892622134852 0.474655628902721 0.217094771193489 0.703979368712702 0.199455957016178 0.21852862029352 0.704589247716082 0.904329748803105 0.559188693203724 0.415921450886639 0.785751947940281 0.999986844035304
0.272781079356958 0.647816007187483 0.422258936564884 0.788822995212762 0.451789629298676 0.379735750133409 0.333593687217022 0.652095669348053 0.758628991894781 0.640370987353304 0.294580873909751 0.488932071044581 0.226562800559032 0.133076389001531 0.533552228572025 0.992562493466095 0.451566542860635 0.728414907639475 0.988224171087629 0.919980325830139
0.12595483990873 0.523649912674501 0.699553629150533 0.777923597502065 0.45004799460043 0.336944801541865 0.176003046152497 0.26603184915557 0.191612615596328 0.137834759254861 0.349485383418898 0.937266046434972 0.122994140234539 0.072982287460661 0.221894545839588 0.996091483346821 0.28224585732914 0.51461429306351 0.0144838956869526 0.00364377999976511
0.384017337113307 0.739454076430072 0.643130252613841 0.76181962099674 0.858178757773467 0.173059165464636 0.193292775220146 0.977085017210537 0.63497779539142 0.782058343810225 0.838187944253319 0.392669513448971 0.333681598102344 0.204146444410816 0.272556954430411 0.891839197468512 0.265555592935092 0.6059005938865 0.300465691170086 0.999930917876734
0.433983225061357 0.627165466789505 0.591238437210967 0.646613578613564 0.881894141248174 0.379025622915913 0.660216346232534 0.995609754656445 0.992158586064145 0.91521009245253 0.808712091645138 0.874649521689586 0.33550423693435 0.35780564660782 0.879386867567057 0.976368593788395 0.563944400498142 0.484354712596531 0.529217147034399 0.979073773317976
0.382725915485347 0.684949941866315 0.839611325569796 0.792830917570878 0.915913486375563 0.813008627079995 0.465803683769164 0.991717131245818 0.951533022980091 0.819359982840915 0.817536872382075 0.963260426468837 0.644937300715825 0.249439615612858 0.916011104050956 0.997240664978095 0.382897672698937 0.576512604342726 0.977455442027173 0.999033210543339
0.279109626400956 0.663741498978977 0.808347712303804 0.359786168499294 0.290807602894929 0.0986709261515557 0.44178960923884 0.115500147325243 0.334684737739736 0.219165624697393 0.558325387704013 0.915910444499834 0.269594149934762 0.114134714221379 0.511409785776547 0.992865563001163 0.569768741665392 0.781397028137737 0.000271784035228394 0.109853471140252
0.0293890324378388 0.452084208350003 0.455557354377585 0.566943589618421 0.124253389923553 0.0890770571846848 0.0257013916424829 0.0174260173549397 0.468789887572723 0.0444217406064317 0.00186254797020454 0.946472037388167 0.0419497575276359 0.0565268859876346 0.419556940591886 0.181347325697845 0.499719585787568 0.105445911210447 0.000538127680189983 0.234112317601981
0.200173184170521 0.442184254909701 0.0579800903341017 0.495153503312135 0.185026834915594 0.229559728097128 0.0695787293922412 0.366237696909223 0.725426767384624 0.104982050368143 0.0943853870248017 0.367759050234531 0.062389144125378 0.0741589781383603 0.813967636781055 0.922988536244142 0.571864224120549 0.323017348446216 0.0944366089821829 0.999997187756243
0.248367103133011 0.662567966320427 0.89255988957421 0.800879141740443 0.906998052964273 0.515954723642786 0.285900016540838 0.431579915118089 0.966356029067186 0.839199406499201 0.672043552027628 0.9926126179436 0.417219672993314 0.16437943548728 0.417768359965481 0.976060791058959 0.750663452940979 0.736605808891526 0.00113330595434994 0.133049149695958
0.508740193487891 0.638302940178034 0.515702934136805 0.843825112384117 0.45237052726792 0.676338472110388 0.413084749075826 0.85892002832473 0.999186799097666 0.799689997581803 0.32431695060903 0.981421593612519 0.471198634124317 0.24600752897344 0.556123160000076 0.983279783949979 0.769156180095194 0.553982771518622 0.99246907115293 0.946329263580073
0.277616327879476 0.631833531679818 0.799232259095806 0.465869923154968 0.785415112269243 0.663720866404878 0.0914427805953465 0.489824154674756 0.10174909960745 0.745619783869102 0.613750389282751 0.988583600108931 0.416717998657528 0.27733047923334 0.785422909082511 0.992905486584956 0.518392802883002 0.750558643798735 0.275459486910895 0.00808774659786848
0.187876670673907 0.568897383650061 0.497631796647317 0.653453663789449 0.636386476655335 0.338561621499 0.296160082662224 0.434285478799904 0.407742649968672 0.255384560807683 0.612146402426558 0.934352117684369 0.44454147328299 0.110404046040381 0.679654743510001 0.986298750005177 0.606764134247026 0.419735056122016 0.872278917716645 0.999999
0.625127410709785 0.793385221325407 0.957186061083319 0.815416444628412 0.996654247470977 0.323024667079598 0.428376138616656 0.970487839099147 0.98403973957227 0.991678225747083 0.805392273726287 0.999230659468237 0.775436456037925 0.319316890675411 0.954293375479626 0.999830669954713 0.848074120854975 0.898832694414829 0.996422226791127 0.876930810337712
0.327367033591009 0.525552943625893 0.848174974899576 0.514743116719104 0.944151788315306 0.0918672674285068 0.0573797212102918 0.917149065716623 0.877879669334405 0.595909936703786 0.774763144599415 0.981937002142107 0.238800947579673 0.196865304087267 0.51412697933754 0.997113844140155 0.386274993587105 0.56607996338771 0.0118942829155228 4.22968428734367e-05
0.299162580035285 0.694678230204181 0.967800673605631 0.829345400218113 0.945686839071916 0.94293472870132 0.200369099036235 0.872365480499243 0.75460254987742 0.857867110649836 0.905576657605872 0.999822253279044 0.786158873863421 0.267424876063275 0.857092430045861 0.997303559129505 0.295165966881461 0.775902159476937 0.999984088063127 0.999247413195836
0.0360833807032725 0.370682742273345 0.0561057061317756 0.442215499211838 0.00909405582331356 0.334011653714748 0.0196691709283046 0.00605791022760686 0.00761946856258562 0.0124198308120492 0.064259424782358 0.60449314210589 0.0244099925189554 0.0204629527495694 0.0737694350370167 0.00852242578744661 0.233707575598589 0.522894179994607 0.00161697857453219 1.03107716663788e-06
0.646481543494505 0.717440782207949 0.946782531361533 0.582650810097525 0.997911370132136 0.819889211569077 0.900324725647958 0.980281663515444 0.993948383442992 0.967691983257316 0.989834544709805 0.99989453356337 0.803997168857186 0.441104787357507 0.922864556934524 0.938218831554565 0.423685461264723 0.672770817470148 0.994802174499672 0.997556065856401
0.094127886508175 0.506827072660863 0.0588517110026054 0.226414779395878 0.202492158663354 0.445355503462526 0.0140418799195881 0.0188279379635288 0.0092038234285729 0.142333549614479 0.164146482050372 0.748681553583931 0.139617057343781 0.0387797844062183 0.748026163010288 0.175549964436604 0.488070671149571 0.191907442748238 0.0212057940177117 0.343558913295653
0.346926957229276 0.684243467189444 0.944228800701665 0.613942294727776 0.649932825568221 0.373285678987434 0.504889682469722 0.564384213792676 0.33519380007378 0.173794910109361 0.652021012447644 0.999219528679976 0.175988868002106 0.306750697033217 0.563832426905931 0.917108305021588 0.529153899146936 0.621469467855038 0.998079574808861 0.999983423974438
0.594161362931596 0.721223861175401 0.899140695682318 0.782132332293975 0.927294366334524 0.240848904664596 0.23608699531044 0.676454953556377 0.808059266870342 0.757186878775783 0.774984896126525 0.811022313105094 0.290037118913947 0.318809041926479 0.638772796654313 0.998644720222544 0.527344084433073 0.322703031485237 0.333737816403 0.999956670669638
0.307192711885022 0.668565699053322 0.823686871715897 0.641031762473072 0.850507679882203 0.504128574182475 0.476781604508572 0.982474358334086 0.985174703909021 0.429117076969026 0.905130142709545 0.997147218631819 0.45247477377105 0.355218832549745 0.910349460404388 0.989003597241467 0.808633427729934 0.644660760141943 0.97146634912953 0.884629783782088
0.0523674391614637 0.453644587404523 0.296218113089657 0.708499023686656 0.201142383700093 0.873219841591916 0.0128325171446788 0.186002627306618 0.0175802506002914 0.0515083672695415 0.149647959058106 0.526610469258979 0.128081525494655 0.0486488299795538 0.714107788397394 0.958414694159241 0.596551250678543 0.324618028934748 0.000451808471077423 0.95241334906134
0.437860608268091 0.713501751704031 0.4001273522134 0.439698246689929 0.377605797896654 0.594367908179888 0.32207352297247 0.9831265796968 0.852896279200839 0.729389970446605 0.864077314464172 0.993783695372586 0.405334605588424 0.39475020439675 0.753405641601372 0.790060736849481 0.830045599518116 0.394932445819272 0.000327482057797532 0.999950274218214
0.0256985840171636 0.404178127860299 0.120457225810937 0.377320651566857 0.034435902358238 0.180431427279811 0.0345911963654689 0.119144828211862 0.0457342270257134 0.0120893580386719 0.00889492486722333 0.213430102085938 0.0228921996065428 0.0124087654330349 0.104226393640512 0.559806857774725 0.236481622924556 0.378304421982832 0.0014510656096177 0.00178891418952092
0.384545163012258 0.658493834442883 0.306909860052395 0.508945034689138 0.456381902156951 0.54781180177198 0.295706679579618 0.955178018905711 0.776672707264124 0.691787208660674 0.78350864738953 0.972114893183558 0.648434588969689 0.304273872829437 0.767258011933159 0.999206594901761 0.746300696338387 0.541119511741353 0.0011785081045045 0.969215409293907
0.0138223027638987 0.480582693612785 0.179234473363512 0.723542037872769 0.15360491042926 0.147692732473174 0.100112792282342 0.073712751328476 0.0041164872240635 0.0374986090018727 0.102167574361416 0.0714425175968692 0.0863791012265801 0.0231435559190784 0.491501706942102 0.698408257661259 0.690931228684622 0.152574939399023 0.0898595728990923 0.257307191442021
0.106759674154805 0.576243246772944 0.460130766412935 0.524518146833102 0.40894236563809 0.0822737710206202 0.440168126394962 0.288932038545028 0.94212776693556 0.0930845288602266 0.0802556241701551 0.871492113549492 0.247592799900219 0.09070924875561 0.293418583440878 0.967211716278774 0.486463439654716 0.488765419023302 0.826899450246352 0.00109623204160772
0.179235712662686 0.597376166783233 0.504194578453483 0.441643199015259 0.302159475191393 0.375106739879337 0.0176787364477115 0.201648282625758 0.849417508514409 0.242217915440815 0.0523940291717235 0.11258251818592 0.0780499131076827 0.146872850452194 0.159779431984897 0.872989042822942 0.561576687182553 0.58147976737164 3.64890094489508e-06 0.021716837273708
0.0195603420864313 0.479761436249619 0.542323636177161 0.467311055859393 0.0534681067047701 0.304468522316594 0.0532964949781877 0.00546256803899187 0.920942229550987 0.0193093065069161 0.0153848186339824 0.683841244010586 0.0575389341703757 0.0318637702979875 0.126044599584385 0.974909870173733 0.134979989549364 0.360450963641747 0.00477406852704092 0.61970268521176
0.575973134553356 0.741575265266917 0.912038432532748 0.612321856300116 0.958421403713703 0.72181532547802 0.379110557022829 0.993916067692944 0.996414183712528 0.883997906199581 0.91732367991749 0.990903245358829 0.700956722702607 0.381603155999119 0.944203953507913 0.99957317669856 0.659182918798049 0.917501622406492 0.995697189847638 0.806782543013996
0.378609732256678 0.752828871157996 0.783082703113681 0.891146815252024 0.621665749675181 0.570707235651506 0.210658567939593 0.907565345902759 0.453666630816655 0.764739860005464 0.973754955155328 0.960044413119392 0.553400702141727 0.237969309671338 0.795381580094569 0.999713260254201 0.50090050371286 0.734210121090484 0.00365687657205304 0.999991360164552
0.124743487707326 0.574556891007972 0.504445391217144 0.51956372194908 0.534520867413732 0.693395096398184 0.76345165120316 0.790454034798463 0.848227430646816 0.644100733003297 0.220421126883355 0.988643258021622 0.246623202462921 0.0634916167480268 0.705487669122075 0.941330495683411 0.286482178734169 0.479634805027881 0.346300239526153 0.00161088646478633
0.109293203182546 0.459362559913874 0.288703020775869 0.271369473910971 0.143225530347076 0.275011417206494 0.0222598713768886 0.682377539432405 0.0637703997548943 0.0316025315113195 0.00563429341393657 0.648132940726557 0.0622318066267733 0.0815216037162239 0.750273722487515 0.0649489189220669 0.24421427066798 0.531803881662883 0.0147719086953153 0.0636457003139688
0.710306422450817 0.814330842348689 0.968665796003671 0.688710358653792 0.999474591408726 0.658388150311451 0.772189579237043 0.977118196122083 0.858631222407733 0.965387670945112 0.946724926926858 0.998872955388906 0.876975816698419 0.593711720800379 0.923539056679391 0.999987119962733 0.689592082643266 0.869734671080974 0.999504407114254 0.975773904837223
0.367641983670926 0.767314288902861 0.395548030452389 0.671952764856392 0.824175739409569 0.292951057133072 0.342383141877751 0.886170307170886 0.170997231691171 0.795874550350205 0.623601451282918 0.945653610321433 0.388931944343366 0.267399841647003 0.342865233038702 0.992337400438583 0.78455903302865 0.710860230108234 0.666444545822472 0.999996109778279
0.108678301723342 0.562453159690122 0.0706260428013826 0.591219389095749 0.156269109918486 0.312243242301474 0.0231258368564691 0.0146940532649158 0.55682886206386 0.00993722827502342 0.291298485878155 0.886390668857606 0.0305646037478889 0.0346616559179609 0.292480472088369 0.915453957877896 0.285130142888701 0.444944401384984 0.000119389676796306 0.999800367711348
0.185645814107213 0.588314077971816 0.287708514438711 0.840640282173941 0.660800359453411 0.197306767297746 0.186015369785642 0.653058261681251 0.968496277696995 0.202767671216018 0.208954915995709 0.866602241231744 0.242683805959491 0.191487053601675 0.365773213278121 0.98660180154478 0.578315335393532 0.409380452136479 0.98374935802206 0.0588871896439239
0.335216385573802 0.764431831162812 0.981970365422985 0.613004354968508 0.899969156000607 0.327791837395849 0.464716433674886 0.635333606430389 0.671106856092524 0.681290090924864 0.911148260325222 0.7451571890107 0.553483662723324 0.283194238979304 0.894840552711592 0.960048978986433 0.708950937177883 0.69868499672142 0.672996518913978 0.999998443626122
0.317343698631182 0.688261593258408 0.173595800300744 0.49558694084088 0.528738155359718 0.191354097595022 0.0091774467415458 0.352204366898497 0.913941184813648 0.422866573885167 0.533799136099369 0.995801837504101 0.262463601954677 0.193337927708661 0.459451502642563 0.973286525028773 0.4175359737079 0.753315377086383 0.993739145193728 0.971047905812626
0.227662484676297 0.575832671343467 0.639556447494272 0.543447434151832 0.525134810390111 0.765518637692868 0.122333963846346 0.65305497217101 0.0569205215012277 0.170045173158758 0.266609816197145 0.279053669718675 0.0904348259405845 0.0856201675542216 0.32763848008844 0.981007407309149 0.258570917298914 0.686504535643838 0.879123035496375 0.413991209878364
0.364556824719852 0.75225492605913 0.536360500273343 0.877561732013151 0.821092938121628 0.536980235819273 0.38473435853634 0.879666473558396 0.686743099502285 0.821061903860899 0.919171721755219 0.998290648996596 0.5461843152558 0.378873870731496 0.891428732405227 0.997617042327732 0.40587202318602 0.826510181138431 0.420305321719763 0.999999
0.553477172713992 0.711780314521567 0.95071363966839 0.580349844012307 0.972206002103284 0.378376796013151 0.131422913928971 0.934386085983339 0.975579232705792 0.841883549674928 0.694200961326219 0.998883895263717 0.212242881277623 0.2770098235029 0.578759177495252 0.997594301928115 0.672749785115245 0.750542403688409 0.348854258172096 0.586242248829048
0.303015937595975 0.63392496059626 0.756869453564248 0.45463936537169 0.869130108579548 0.356641608341432 0.126326582282544 0.853048381255201 0.959179618326437 0.565786068013354 0.790465098377475 0.995703535554701 0.413457742182676 0.332841333490436 0.82217322466495 0.947364324387838 0.312774923139509 0.79883389966836 0.0316019110172428 0.119615335890085
0.204067903404818 0.631648924502706 0.770426290282153 0.565998869543824 0.962732996847318 0.442601931048565 0.64825932981007 0.722105644606789 0.159123427568795 0.567037992704351 0.778615637683896 0.989692827686054 0.574383189685948 0.304290166066016 0.878667531239642 0.753384873283261 0.540503423301049 0.550148263552473 0.414457924002905 0.977592680561185
0.299583246356319 0.686665094221304 0.874702248943965 0.453097796796044 0.951668530451574 0.364295525092732 0.418512547073832 0.940605891363369 0.996841439313421 0.648382533065274 0.670431618175822 0.997860164636598 0.503212902782109 0.192985123926741 0.890928095278508 0.886782461719985 0.511247775851499 0.680046278107088 0.00400099494110487 0.999786727964525
0.29678592516871 0.726546228190825 0.620011720485838 0.842642585857704 0.183483972602778 0.795363209353271 0.0388750302110716 0.398176102028312 0.986961797933407 0.894021060519794 0.934708142398861 0.808971920865502 0.437432498900987 0.243703036037662 0.942255463320891 0.788604888498536 0.521424872086857 0.549900939053146 0.00249419140614565 0.00460461614346636
0.0508624843113216 0.348185080610359 0.0803346787724304 0.645954317121599 0.061452699469061 0.371892831662718 0.00331250570329781 0.00933929621338077 0.107900260277667 0.0141188022428365 0.0534542592043046 0.941246878551322 0.0305358688511907 0.0235720274870203 0.484196728609971 0.826432512946884 0.307507111502176 0.546079242708934 8.21483343621444e-05 0.990058415009779
0.508035008422027 0.738093243098508 0.844372710367563 0.820378569947914 0.996537282329109 0.147737320675595 0.232251387862133 0.958193858409026 0.659338235550927 0.875076241516268 0.796382035306324 0.987822992846607 0.652218525540081 0.472241166998207 0.86498484202664 0.999641824197135 0.604784981310706 0.827988933044956 0.302816944058912 0.00162809065630605
0.644115004400136 0.760401670576366 0.312216643960509 0.645453855521928 0.98956870091046 0.431324299664348 0.698378320441446 0.993153105018972 0.999000027636945 0.984611592362074 0.990449708247675 0.999144477683062 0.670068884700408 0.540673557194056 0.828289353378901 0.999711337182853 0.765245296623473 0.873360270500993 0.96881954627498 0.160559206912249
0.179885561509501 0.68982119772635 0.276609215545416 0.457669021885649 0.279050411704299 0.435019500221769 0.147176972760126 0.534638208725922 0.0918183115733567 0.47684286004406 0.171411088031777 0.986594589515541 0.115857521577099 0.169300861098763 0.58350578454986 0.918988814962469 0.35719314413384 0.696636006732647 0.0691988465502366 0.989766943650191
0.315840293929429 0.698618248425091 0.657533696203496 0.878338095989814 0.907433344457429 0.822615655531006 0.729450340779023 0.652427444783435 0.0482683124763853 0.119519218271679 0.65744010533305 0.945236007251692 0.353381065367803 0.181380147848673 0.941073759556047 0.767588466003133 0.436802556591706 0.682002311530174 0.0011215970600866 0.000356342402411473
0.334918292198255 0.716300966566065 0.950935865235229 0.731841834609442 0.974711636965585 0.177249423549273 0.128697177571208 0.757090629146835 0.849682627849987 0.659012869014934 0.85667418206231 0.983095160290186 0.450505960250797 0.301961061626479 0.706929675791702 0.999842029096365 0.331227211208999 0.536275955238189 0.521998209280872 0.995883889307633
0.411843329679278 0.714095496654234 0.762985832714063 0.723970976542348 0.928418552797741 0.269094675681376 0.559376015276473 0.966671122035296 0.99816968136883 0.850095426935401 0.699746520629457 0.945024045472259 0.825276208041433 0.305110265576869 0.892355341497003 0.99900192580053 0.741188964534121 0.330259351949267 0.0357926088148329 0.999830764659179
0.368076964737222 0.597699899966207 0.242371420746228 0.702451987142638 0.771301564850409 0.170330696099634 0.0133147268583077 0.78231380376663 0.283425623251356 0.926538715610691 0.394049218918201 0.996825452608516 0.417051101903866 0.177911882171494 0.921433512719852 0.978927468578331 0.347545293708647 0.714799769537519 0.488374790329081 0.0238089042183834
0.270623828234069 0.585480862840972 0.4520634354633 0.442286764928849 0.791432070156358 0.199724154526711 0.200579825624368 0.767184501209821 0.261860140514132 0.253800288622227 0.147728094540005 0.96863755538474 0.261171574692855 0.0678545742188327 0.812700611361494 0.92335308771354 0.409049217078995 0.7354692716252 0.838261593411256 0.00111205882882366
0.0143206748279485 0.487424194998242 0.0718954083643308 0.560809636633125 0.0601594898626642 0.125098418037646 0.0381788462856973 0.0988262697200259 0.51603358745275 0.0354485269648688 0.00648044924656554 0.124108221935119 0.020963601289048 0.047159898996758 0.275466146936573 0.0323012272720029 0.468551773672955 0.240059179876934 0.826413351435841 0.0365442219793423
0.194007906865784 0.521647587135941 0.531452998302467 0.531649276332976 0.787780039619607 0.146212828389063 0.240834032173787 0.0997660667550513 0.811778376149681 0.531875207435452 0.307934849334104 0.951504364970358 0.10702961230194 0.0919619182313659 0.630455863601985 0.707360258702917 0.59470098463781 0.313715289206733 0.00311430424255935 0.00117691500950978
0.0381426789516725 0.413850626781499 0.799083071153165 0.328646253595385 0.0817813258447082 0.274153761900981 0.0160348291264706 0.222182521291011 0.00985199302764681 0.0305884246771078 0.0841727109995607 0.163203643749184 0.0539616703606818 0.0327770024195247 0.3268978290281 0.993105372935764 0.161889759698331 0.149629076049322 0.00234275347786631 0.824486350668688
0.180961001999751 0.571158154327128 0.450651057912376 0.652412042901334 0.791365841117748 0.882189625589141 0.194308732007081 0.459597472030415 0.971262931912952 0.397180427687308 0.0719781364547452 0.998308252789329 0.311195224742378 0.114082763678027 0.812059118997161 0.999107217668985 0.571316707598617 0.671544686265526 0.0187739127280644 0.99938273277707
0.0223616703116481 0.462790090422957 0.0885074091491643 0.622415454427196 0.154699067385351 0.188309758194195 0.00914621639046536 0.303525586709921 0.515719383956589 0.146181294975347 0.00808307406526847 0.200578292204814 0.0159036729198837 0.0370774795543933 0.338116928875384 0.0683627249562035 0.427001439790017 0.23065424875061 0.00119235913054153 1e-06
0.425431105401618 0.644653589857569 0.589693952545605 0.805882584320908 0.464431119078985 0.706519100282793 0.0686747076411929 0.632043065689067 0.952017470700803 0.891333150950654 0.860811762188448 0.973504539032894 0.298608478107943 0.219724209647233 0.715396450752875 0.999966876283245 0.496448358396516 0.662141667357802 0.0380667436275491 0.0310729175252169
0.232740140224766 0.543792231821946 0.652804876786133 0.771260444263574 0.839103644344361 0.0857007688683036 0.121058007468783 0.824772017430636 0.208105302924926 0.783060967156158 0.745643317099732 0.943848547693058 0.660878750296291 0.256404610504359 0.52737644252031 0.992943928122895 0.799030924009534 0.65975496878173 0.000155290542850555 0.00130105884526909
0.504644279354289 0.662498358193478 0.666880452459482 0.712453940070413 0.755468593379056 0.652479532741575 0.377120982645796 0.864580092263169 0.34889046780387 0.633874463358048 0.756621955004965 0.899098442066227 0.282938806903745 0.16560162137578 0.72644763011158 0.994995087336127 0.349834844229715 0.703892149056458 0.0773383786080696 0.0492747884258608
0.31763497796355 0.657077411807832 0.768561319436646 0.531849459379643 0.676288811128798 0.595676621315129 0.0847032623303416 0.923631811219323 0.73806459257287 0.848721358508778 0.915926684368977 0.994983150459254 0.280500808114703 0.13247803408866 0.674042003792022 0.993525838797011 0.522755734866006 0.612466392344815 0.0593940082408561 0.375884372998788
0.0199161686520315 0.393684573709256 0.239222495183272 0.305117121077141 0.0216097416359821 0.137373890623185 0.0651505423968375 0.0118057632376301 0.0256103609857437 0.0276384166993958 0.00445718031508714 0.121960082942402 0.0837842672202885 0.0320357961910055 0.218341606020326 0.164904224428697 0.227861018471281 0.319316718793621 0.000803385177397707 0.00232071879249827
0.0272081022529876 0.498335278064445 0.10518628260193 0.453267632561804 0.0124640896623019 0.520052466129112 0.121785154262525 0.130800296973167 0.0366630937917172 0.0354736268683525 0.0348230484292178 0.254831830236122 0.052974774145207 0.0180389365532519 0.150324992939234 0.779290100968383 0.28666248851989 0.522430760633891 1.45639335762019e-06 0.0701635446279351
0.0569528345845902 0.571049882892513 0.335589007550554 0.708689118459249 0.073632455351818 0.253545821510893 0.0258050875513983 0.00790722867244053 0.0416596859345552 0.331853121968487 0.0383752491651394 0.376846503358695 0.0460406420427755 0.0492285604757258 0.675263429442496 0.848500967560106 0.314823204153652 0.249976505094988 0.0454024048225203 2.91318925224956e-06
0.026647925367934 0.374996059081265 0.702792603394801 0.304238801508381 0.0224545906217764 0.258851854736845 0.0968611143346262 0.0547810185676232 0.326410121742416 0.0767685649461709 0.0661201949177852 0.716483334830038 0.0472026419168664 0.0722358715229293 0.344625504891136 0.429819854910887 0.131157577236072 0.297629558880156 0.00189261130989202 0.000756104874116332
0.0801944418925899 0.5320832954914 0.680043688830936 0.322265001369128 0.540792343347416 0.0574713643144765 0.00845942612699228 0.0145868531547524 0.00260610045751121 0.0961909786656761 0.0697922345253809 0.363194646789615 0.0814720832366177 0.0429474064683354 0.650469414500066 0.468940925178076 0.349219272515385 0.552490840151643 0.0244319258064017 0.00294040229507679
0.275038453911779 0.823237668821743 0.901408170591695 0.745598037990381 0.74876283435958 0.810822127974988 0.633886437991484 0.935345078421602 0.892900967037144 0.939712982720295 0.933652253615028 0.999899083388448 0.598944398346729 0.458416664601356 0.977521310066472 0.990416792899944 0.489601034163217 0.917244410144815 0.71849255363688 0.483850905787474
0.0837808216111801 0.520172008711925 0.443741515913434 0.702374707167759 0.0720844482408037 0.207351259592093 0.0459437763337295 0.226672307026511 0.892973569032987 0.0459651385539659 0.376487274393787 0.92620954091741 0.263113897854235 0.0539728529519134 0.379146001281791 0.949412083538503 0.386594004440405 0.423603330020839 5.41134946962078e-05 0.913324386533404
0.459414441508003 0.666391338132209 0.898718085729321 0.257263065327828 0.974543288976067 0.115134591035556 0.234033270998157 0.885613815947496 0.886920814582566 0.961000383618041 0.899014558678769 0.992439781024275 0.247815656229385 0.187226324378263 0.786185604887136 0.965747124086653 0.581949451709613 0.917500579001379 0.00121997284608983 0.960942848270527
0.0878677401709637 0.499381149365584 0.420490779291163 0.682354183246838 0.386263771944921 0.700369061000408 0.347878403868257 0.785474544957846 0.471661291912715 0.162424590606417 0.301489976810921 0.809566931780658 0.208891379958505 0.0954259523746426 0.293850186527203 0.565659704343824 0.344603578052858 0.453219370141257 0.00458954434478636 6.96076835285907e-06
0.298878458186456 0.648568469702219 0.845644401647295 0.422875618821778 0.170010720073847 0.68328681602818 0.313538133739312 0.0634204279882755 0.684863921246062 0.590338063866696 0.678533401609592 0.867785507784466 0.338665231639649 0.132034159050999 0.532318261963307 0.996532951452033 0.339323455009263 0.670203076065579 0.0927151775143056 0.000536809050119647
0.0514835479926999 0.389163450586059 0.0929714048176924 0.566340837352723 0.0707086491634347 0.562200580150642 0.047192877131171 0.763474624034793 0.397845330539765 0.162755946223642 0.087886706989039 0.592786125620744 0.049145405358681 0.031857438666855 0.229036783108911 0.755750325346302 0.466437900976777 0.434512036653454 0.00222287672054053 4.21371206171833e-06
0.0169896951676235 0.318759891908213 0.181019982309766 0.386665292110792 0.0699499089859436 0.245412757412936 0.059797034963988 0.0264121877215937 0.965411191395445 0.0123133166802795 0.0129268127590308 0.313599207796575 0.0322688221840741 0.032503078327556 0.29994042816254 0.376807924054785 0.445979460053483 0.280666140137369 0.197605477690396 0.000275907820864674
0.0910828972434769 0.469804514429489 0.454607497478749 0.658629551361347 0.203118016850004 0.721219791003338 0.0189324649223397 0.206475891255951 0.00877059879043018 0.160022953337337 0.268397980632841 0.366754224865269 0.146235767862057 0.0692703428937407 0.318697413484682 0.145944379256451 0.508243984843812 0.475494325516272 0.156469595452053 0.0216639951922788
0.662394437510582 0.82260458022593 0.848876943872139 0.580929837604618 0.998231309611634 0.754156322794219 0.580562804120283 0.993800435908353 0.998910036728236 0.993081331875303 0.984806470427845 0.996686201624385 0.945133132527594 0.660067034623621 0.97515225858206 0.999780136072625 0.777311578572686 0.836236259892528 0.98893258005324 0.998638650025774
0.32374454442236 0.654987321470331 0.778159730622043 0.646661567929132 0.910632062598245 0.546464925287656 0.0908148332021584 0.651810796377419 0.975100294833309 0.635470490216436 0.897571836593708 0.998752314025116 0.23972533039003 0.272303495598933 0.844210131003982 0.977688191077008 0.52916983909639 0.646194145676574 0.183781107821691 0.163782682032693
0.203505703492296 0.472615214331552 0.917597808661094 0.655154537545606 0.501441966811472 0.592092670172692 0.606313179944681 0.230501260693225 0.587261077827999 0.070723359936208 0.0644496522393207 0.808569351509366 0.13342785681472 0.0971537648421266 0.31070440014955 0.794577880391429 0.291466967109554 0.56237596817644 0.0759812865919146 0.998784121418491
0.0515191909151677 0.449135756526343 0.404056327780515 0.483616536028028 0.0854809582011724 0.0828988403997656 0.031514361410711 0.0696454516580556 0.560092654320566 0.0128496960917976 0.399934419004013 0.875650613103882 0.160778071801513 0.0816648568578102 0.113485286484965 0.705087364476316 0.28261873697723 0.270460322734799 0.00160528163872316 0.997729396263894
0.524747871473982 0.756332765785427 0.948217339923464 0.718957693294146 0.987746086671641 0.800373267945035 0.519053376506997 0.98607479709911 0.407669822021423 0.797593568421312 0.963780192012064 0.998788244189039 0.730442034478854 0.282395701136105 0.87165353458994 0.999403993419773 0.546405310613026 0.885261746839555 0.989877109452073 0.165675857706222
0.809368461389855 0.636084297018874 0.804102106379421 0.891035701834222 0.847078202998105 0.567905309054545 0.561646077856647 0.972418103702753 0.481565535164145 0.912755594282888 0.995213976793223 0.901413539739205 0.561314082691234 0.431300949871404 0.941430180122702 0.997523127659816 0.392250702417768 0.891790629642776 0.545074698052037 0.999990799400269
0.163438508319017 0.676004607048083 0.381970980526786 0.558084120055467 0.911438753582165 0.288962945329363 0.318796809030369 0.806478448745277 0.272634625933237 0.320924017848648 0.482568123764262 0.995403119166166 0.3257799812545 0.212521935324608 0.909127005538245 0.672494391987466 0.690744527747389 0.641807633059695 0.179372492762569 0.424799517574308
0.550534228527936 0.650327763268512 0.668202814733505 0.658090681815141 0.961913502471172 0.669087018564403 0.395556593604708 0.982211017481459 0.999784871123564 0.969565238472746 0.990761257955151 0.982690942520106 0.912615503019755 0.460012410269543 0.824176134051613 0.999971864638315 0.756475547829954 0.708508973339684 0.33546123045557 0.999982251730019
0.146976218820754 0.529804041082523 0.4031749468674 0.554528242281898 0.764180202215343 0.70590498318176 0.509697089257629 0.6970329097914 0.669425721708468 0.107280621880644 0.074351924277987 0.780183054666893 0.20225543177053 0.0283575380581168 0.748223652024775 0.992010643768831 0.344696825321515 0.504203162897592 0.134486378359226 0.999989774166354
0.11340397258696 0.60809563417754 0.253918805885086 0.781272043118947 0.18464733617033 0.028819876577019 0.014815470706895 0.401119803589115 0.556931266313191 0.546163207645956 0.39938873100157 0.935741441950648 0.218024566263939 0.0742136447218707 0.35536782739285 0.998917320575783 0.583585543947015 0.330881420059611 0.00387310076089625 0.136885500289992
0.329020239094294 0.597746808478079 0.905140082659004 0.733245020204714 0.888714788253622 0.605548229737764 0.100624815270469 0.988708193717901 0.235365261702856 0.826383798409539 0.802154367587405 0.998638251490948 0.575921171922041 0.461030701444067 0.964509304683773 0.931989117590362 0.563532544959921 0.628207701765994 0.531628959716303 0.999734590711228
0.550502873586022 0.712852281232944 0.980453245465478 0.677329368180045 0.868990167781252 0.216224115484832 0.411632541773292 0.962881615127584 0.980223334628836 0.94835887649295 0.56914768342715 0.992444837468736 0.628137762940263 0.416715283161748 0.953373652692124 0.248993742795056 0.587879863382198 0.865586072596449 0.0157917593848598 0.990325062148228
