0.153537372120428 0.519765769123583 0.335068970137143 0.349053290322847 0.45125753494759 0.33842172470062 0.0256855219707228 0.261844822646115 0.0942576743316363 0.0557120048683251 0.295088776602452 0.966127934404037 0.108799434854109 0.0694021248790353 0.527242717031255 0.890813020304946 0.367723081024274 0.461432894699728 0.675118120734374 3.02002280650125e-06
0.36976955900831 0.512219709963519 0.511834472945055 0.664911915834556 0.703102439579555 0.751054243366678 0.0384271226758517 0.951266974884816 0.116885161103131 0.854453765682984 0.787938496100558 0.926320017980596 0.135247908806099 0.232547245028344 0.732124182787853 0.954199891830512 0.632153854592492 0.573777683298593 0.975088979004282 0.971486227723355
0.0111653612331346 0.349120205367192 0.0525531682085224 0.62665332812676 0.0102865010575013 0.0936303308356872 0.00746532378068102 0.0348682732958885 0.261234302679102 0.0352598983367431 0.0184032489859415 0.111632448695198 0.0581611441693046 0.0138724788199875 0.139885560302523 0.145631953411709 0.457444556596513 0.319929483271618 0.00801501783798705 1e-06
0.0721667635365145 0.656034257422185 0.577282605634803 0.578491950108347 0.517512301593439 0.422496432133714 0.0418579322892195 0.933273838593677 0.607727890505926 0.358547144346312 0.0740625089462654 0.551121094758691 0.165689758127342 0.104024598081179 0.799287917819225 0.647606432214518 0.743067318043785 0.866739931327189 0.0141696021848257 0.000606522464641498
0.115540542222605 0.555509561862353 0.419869478950701 0.693571668011919 0.149803347074838 0.113071679020798 0.424655872117934 0.930360037748895 0.458509483718641 0.0964958405140215 0.236593561512414 0.860470483837526 0.216995003742232 0.192059218374591 0.72337622916104 0.928193501034759 0.776125945442323 0.350851219142472 0.0242939467530503 0.888804704937126
0.225529055498995 0.673481973015502 0.7801059500276 0.765903919631644 0.47323390984079 0.51111421607745 0.231136726482436 0.324227116926243 0.998931447185961 0.245793906436731 0.158962612207359 0.999709006607078 0.422695645598922 0.142226539657017 0.54288294261384 0.998530905625424 0.678644674739509 0.565992960556606 0.0676417925251638 0.945139861701461
0.164893313145252 0.553162010977396 0.135102832890638 0.512076451281716 0.773856926524506 0.25346244887828 0.129889698842035 0.242997754413783 0.248392509708832 0.180265476281568 0.445646201832264 0.956694804361378 0.0912444812315631 0.1659254047953 0.631321361226697 0.874495817637627 0.203404610624803 0.415699022243692 0.0998478735298309 0.996175763724978
0.172849995471768 0.521389439445959 0.39317691978815 0.620561891540044 0.728938590222348 0.458573755207833 0.122377299346876 0.3668572242695 0.89935625589955 0.393970320792595 0.418465547227793 0.849653071863263 0.269599740963872 0.146072076218673 0.663029697528489 0.986364048308359 0.281419030322198 0.515711462322906 0.772593141140261 0.999941343626172
0.644864390587381 0.692047778628882 0.802400716472541 0.432160848645261 0.93045690900919 0.311142740400682 0.383974269267481 0.864486853050553 0.898509722024391 0.80996460157049 0.804642446250954 0.998865650062087 0.47496897214723 0.333729599307458 0.86285801485855 0.997966889954452 0.752370494225102 0.687984069260609 0.999637445329341 0.288679801921801
0.045489842108345 0.483271559801318 0.249480809341163 0.615990572414049 0.725800131758962 0.46347612116975 0.163558406952581 0.0956893432544515 0.0596123451651662 0.226025139278886 0.0635287913889539 0.884394252345291 0.186837811321511 0.0645630987045503 0.188180275748828 0.102538236319844 0.417099027866108 0.621687094339256 0.329833049367743 0.0489639758992274
0.201198496750972 0.623039085356536 0.338407270652186 0.470656966863542 0.82968853433782 0.0621130146762696 0.341753038240959 0.163834014836271 0.718293349319908 0.384524169399588 0.334706885683613 0.993278299932448 0.104181642318546 0.195018852836932 0.863762059166186 0.984100217904945 0.39109161780785 0.541771845476339 0.506237964460713 0.917182893117238
0.180471293052342 0.545877746579041 0.449386687078733 0.587326274410836 0.686000256208766 0.125626918341099 0.179994357220187 0.766867890098638 0.504128874484048 0.214112741467321 0.380429490552342 0.725511913428981 0.1623631063986 0.152835033373032 0.424577763857454 0.507835066742245 0.375942303648904 0.298159503601294 0.0274543746083766 2.65821986610236e-05
0.0663048232335939 0.59391394409066 0.81496410646471 0.51251325206562 0.234933567329982 0.348150271152487 0.197774081734826 0.439638283893551 0.204485559291896 0.143866105895078 0.105650028648778 0.966088863320753 0.148577060843273 0.0999339436357403 0.256906365543968 0.996491137899191 0.758891721107998 0.503466301185044 0.00101085633881611 0.146362639245023
0.452448723136947 0.641997376616184 0.208191848337383 0.545144979497917 0.399960335222123 0.237380393068094 0.256275436127003 0.772204654291114 0.341725341289818 0.787449544223524 0.927072874528959 0.95431461799701 0.613931818783619 0.287826402360855 0.851218681841037 0.728867858293054 0.595467289724962 0.828193001673024 0.0354058491360449 0.783216430836658
0.503896449553937 0.735216178075625 0.873875345638744 0.51472905148678 0.989564891662902 0.277758937866556 0.282284854323376 0.992327250369882 0.955799826390713 0.930522599831312 0.94249068381989 0.999669349328786 0.629143696265819 0.284427499170471 0.86398045956576 0.999302063278871 0.639512395902834 0.772732967759269 0.996741598153269 0.915309212040519
0.504697211317739 0.638285026419302 0.800067673722 0.65154173735055 0.992583947441827 0.595157111053609 0.140507514683693 0.988760998109638 0.989168914211583 0.968192066045628 0.72337830646438 0.996366982528524 0.335235748077378 0.320668070578457 0.631211933896018 0.999199968916936 0.542596377161099 0.782536815659413 0.4245417181416 0.941015295337554
0.176282810511942 0.61976491452461 0.774441753688 0.512599845538115 0.261263569232501 0.727860364380018 0.11542762762749 0.898196018825241 0.958649967618072 0.100856187635058 0.708259282425539 0.981960578159763 0.25855961417822 0.110448777787684 0.808576518366374 0.642730973029488 0.587348092130678 0.556181007735057 0.00464532629818651 0.997662436203701
0.0408822250411114 0.340202265470449 0.461021598622521 0.354514602383589 0.191388102728933 0.0976503803709269 0.111280544556049 0.07006373076409 0.209536701346028 0.0558581749026253 0.0234601539461005 0.912130189800131 0.0142222777688521 0.0443015698433182 0.315952412797363 0.208963077661782 0.156786144319788 0.0820657150933557 4.80952636871941e-05 0.00035648336560312
0.0988643591503516 0.554288974866852 0.0553075143848917 0.664525851116503 0.111804115037138 0.571238483486436 0.0640118816865006 0.0474765137318537 0.0514315426187307 0.256846696558306 0.334919838951753 0.323758947971852 0.132657408014478 0.0674584819028979 0.226451229241132 0.184356543951916 0.177278641927473 0.27987974791441 0.00597395973594772 1.2442069115849e-06
0.409073864780092 0.634885729096245 0.833383947297228 0.536876759307412 0.447259619848687 0.682413287770608 0.311211928185852 0.919646769106506 0.573094061437038 0.933929226580401 0.933223654451891 0.999849120528034 0.412437910455969 0.32116414491455 0.705252562781667 0.990100320282318 0.578561346227806 0.615149892837436 0.166211654232482 0.999238715177555
0.339064957350417 0.590218694921665 0.706665570744778 0.564904537908783 0.69452316976225 0.302227362910376 0.185975574319835 0.964003980241207 0.762559448505607 0.932387257548452 0.266543674708989 0.998998634794874 0.331340991587183 0.212059164971418 0.910444098218393 0.905870989891743 0.29615161263112 0.604570030691202 0.772656706674747 0.999969801933007
0.30673524088576 0.636550086154472 0.421786169017838 0.766194796095296 0.389860119063546 0.616804364879428 0.150384249441765 0.837851712297761 0.0187707189743689 0.873438163991664 0.496014770195214 0.984234302855809 0.451214071689551 0.314108684280068 0.76956082738827 0.998307524223417 0.281492657768503 0.704609410715322 0.998328639923738 0.208360689430158
0.166333257234615 0.698761109856033 0.45673147627729 0.62921610182985 0.862387468996644 0.0618009249015966 0.23599176031135 0.717110485823943 0.218248089508157 0.23496228545182 0.753409002510225 0.971732348895629 0.105286545480653 0.195078827117187 0.772768026466855 0.99988054654354 0.389751121272011 0.59971295634887 0.00371176713958955 0.88717925398858
0.48963648534564 0.769926714630178 0.681087402323585 0.809118204961124 0.840748167599076 0.580166929754722 0.85855338309077 0.993323842029251 0.98963863682476 0.912047031634286 0.986309281047582 0.993062180777063 0.665320238690609 0.253140673160229 0.922448372825289 0.999966397300675 0.528287245391125 0.630886826792048 0.699054925589333 0.999999
0.239679091260134 0.705266841384179 0.589476407033284 0.837684829990806 0.66858243758542 0.215714727730085 0.20122699993417 0.886929198966471 0.966311531390165 0.553509247824611 0.369706130553374 0.891561292650908 0.524886086125255 0.163907476661076 0.581377957582659 0.981692081376707 0.570959473481315 0.53847717676542 0.116691989155178 0.000771905472924737
0.606245654947267 0.729166179000314 0.376524410310419 0.830195638313224 0.963828592822817 0.205243806120476 0.718127084912241 0.992235709736057 0.834227439724633 0.977301439150474 0.400298795984728 0.999414887391418 0.758880966622813 0.50976251488245 0.927706666153001 0.996709577123105 0.734460195426848 0.711562143750128 0.952592742236053 0.999015019230697
0.00728973944312537 0.391306447588649 0.143248447552282 0.333971894849458 0.206020230834918 0.417786366274099 0.0140122637790153 0.0545848968209274 0.561273333656047 0.0145649002243344 0.00558591641559808 0.985801652238347 0.0216755656894528 0.0309296014026147 0.594724310256374 0.00823171475612827 0.324774257664079 0.262686268865376 0.01847912830759 7.89291604844098e-06
0.900222108809145 0.747359660016439 0.978583727184186 0.708295145804418 0.992058336550429 0.404044708015863 0.309005060278903 0.999285964842115 0.973426238821501 0.997324086299795 0.984060101704355 0.991521628328996 0.866856614332097 0.540001079715459 0.772304599703669 0.999767700601513 0.774273041572208 0.793669011050976 0.999540148643264 0.999844908854911
0.148950843690237 0.47176574631384 0.195242429364515 0.46109964947076 0.0691902954407017 0.755211302695134 0.004904240853397 0.0908163269781259 0.101565170306968 0.0557864329648984 0.0142903686581996 0.0471156126071352 0.0503588032227422 0.0307382831940954 0.275199845622874 0.314287903723628 0.266710008391106 0.355684872040366 0.101987372477227 0.012702304753759
0.406763149527769 0.648146001899371 0.513696176660085 0.753117925874318 0.838064111867218 0.289336282070954 0.0567605221398158 0.563827334855235 0.640751934536326 0.364792349735627 0.285180824484724 0.673293234652638 0.347340338727673 0.13984544851375 0.460438140285758 0.905602723644807 0.748857012129719 0.45436036766429 0.694141295649635 0.999841027156019
0.416476611495208 0.6112044737101 0.602979750331148 0.84324756782413 0.713513645589785 0.631493755094192 0.454163946420503 0.93432729503849 0.965677721056059 0.739773839693581 0.857520925949911 0.959592900414857 0.336953771044615 0.201844039005927 0.646753033714948 0.999686892492196 0.459543976632089 0.538310125104982 0.0451525463235276 0.925228397252124
0.338490060773201 0.757781315380745 0.702744411779069 0.849786153432892 0.796134269005468 0.568969885147835 0.675630779097583 0.962080742137047 0.199340534838 0.516720356059227 0.919067939314593 0.965809779900187 0.271335674235688 0.371748877016328 0.752363771329208 0.989463448409777 0.669083913471054 0.768424759337125 0.760964402212214 0.942880229531411
0.0446540474297446 0.500740602674095 0.741164175692151 0.648121723892837 0.180749316847205 0.240540480686667 0.0455841535634097 0.246959403037762 0.411763976815754 0.0872398443579587 0.178855036725437 0.874153987093885 0.0430854236415621 0.064774759390387 0.181785687933476 0.231512706188147 0.360655767045323 0.327125703462435 0.556523615814861 0.99175619267466
0.288903743912321 0.683265971842975 0.839975129076261 0.652318732432007 0.85062419696599 0.214302591740337 0.547378016398793 0.894752950643371 0.338805656437402 0.854096390337968 0.979762486979044 0.968573594599577 0.53014519293155 0.268706080935375 0.928760830747603 0.97320729059931 0.480909429982907 0.535920706620476 0.987030226808733 0.066334573251421
0.0477587380147392 0.401262749842508 0.301914891959222 0.532739353494101 0.0354914489771813 0.475955474346574 0.0150898158065854 0.0196430894983149 0.297861041256382 0.037407585057922 0.0517974284109109 0.130723934405311 0.0374763816015781 0.0264576331799734 0.451658068785529 0.836031623401116 0.334328383464266 0.323635332460975 0.273632091075262 0.710921177446911
0.319009855551633 0.722188306660195 0.558619509517201 0.652732244949361 0.392784289791528 0.807668023648147 0.153323197448457 0.770974856068923 0.963148532303334 0.682710457746751 0.594274989018952 0.9862824310795 0.2237558949489 0.152509443239436 0.80042361601982 0.929333787927974 0.678327480416471 0.496202648289275 0.444201628309857 0.982419127260245
0.0231741844633775 0.397259527061757 0.312012601571278 0.424206272715888 0.0137539819389577 0.368317062764237 0.0131738697470483 0.34408621837342 0.010233288979509 0.0466054428495601 0.0117102249200036 0.0395406354159817 0.0377126484163473 0.0668346411270798 0.120685670581437 0.44232230065178 0.337583885123161 0.173403356419338 0.010588426895597 0.000159924872442892
0.122380775931022 0.537292560707111 0.258217279476653 0.568538891777437 0.753885944879137 0.572366677250393 0.23153821035201 0.126140795580383 0.847970896399253 0.206642307974284 0.288385579244542 0.751178706098125 0.202503980241278 0.0957847986063138 0.875468649084661 0.978219032100461 0.491021766177524 0.340537399137879 0.00030600825854889 0.000631839817840664
0.0701634815492587 0.490591202787745 0.429727709212598 0.58047322017991 0.684922755601253 0.0409126523173778 0.0223255349858681 0.183353135887878 0.924801002121634 0.212294981400038 0.227254022295589 0.376013164863707 0.0961641650641831 0.0723564367145924 0.338775609393143 0.260819531178594 0.282132020711917 0.543020815073532 0.249342406122588 0.986094952991181
0.0505375588353651 0.454097522385825 0.184752009154762 0.706614297986954 0.061027137827384 0.423721523249553 0.186750369355258 0.0543875199859303 0.00550130036864006 0.0475747756906271 0.0828547849591379 0.853380706031795 0.0189386610352367 0.0961312207156395 0.532156942480397 0.817893769845712 0.246275206675186 0.489907636178814 9.9247464896109e-05 0.000303047296417166
0.775799564033445 0.750631648561389 0.943902715627037 0.649211923466134 0.968473755473447 0.81118863497218 0.735022473152294 0.983702645972776 0.303693756212377 0.969937521521917 0.945005691554695 0.813540458083798 0.787639613585224 0.258185494550154 0.930880652250302 0.999955291609308 0.610733407027904 0.813845660519176 0.975802666765873 0.992156066964993
0.45294233649615 0.754300825820947 0.893859460723619 0.499233575254741 0.977395326283558 0.337331740751071 0.142239115772741 0.728101754753641 0.937613517131001 0.874899804327436 0.545464925593635 0.925115517021637 0.571903583999758 0.119855964075592 0.602244191813764 0.96423711512766 0.824420293391083 0.918276807754961 0.937259221291833 0.912330854523
0.173640233193865 0.473784074512119 0.490121054776511 0.66250135825265 0.329622856307544 0.173242386383008 0.0390684060633937 0.586312604625256 0.67631305107015 0.645975235318578 0.730551067707752 0.991116058640271 0.188898141150953 0.0582369423628411 0.548163094300719 0.998323255165529 0.726049036412653 0.577601193736142 0.315084575250934 0.995987640333363
0.0537626255828639 0.479050948748156 0.424971155541563 0.750331418498371 0.0231669655583856 0.68580263010809 0.014088703016448 0.263338217866013 0.87115759542289 0.0996940073995184 0.301748565385716 0.915915671076976 0.168143300282226 0.0385755932562151 0.418747700226564 0.788593613680618 0.346739042124363 0.449086495478699 0.0153310927624063 0.93732263386677
0.491628224414262 0.755897577612773 0.868065275404429 0.435640273290676 0.990615808439079 0.228391318558336 0.861761500750203 0.935801848333343 0.962426206213821 0.968436300085583 0.929141503899329 0.801320520663115 0.736564970621066 0.31989554363924 0.82654695762614 0.997392931523377 0.759427274632934 0.906081676428877 0.707439848542676 0.999640900453748
0.372244659486258 0.647892007937831 0.832187825634446 0.642686034414433 0.989350714541088 0.845954283545858 0.128506428438386 0.499731455258624 0.861455957183613 0.870405758018257 0.962861836282144 0.999636373105551 0.422571554266662 0.254999073282044 0.749411015358207 0.999892499591452 0.528888120424129 0.791147765285394 0.0267917321946268 0.580942330640009
0.0573427228540141 0.566282756316799 0.168499886258238 0.572017053337447 0.123709414437951 0.374565319471375 0.0749279916085847 0.0215952968153277 0.202255469059984 0.116820013933787 0.0384397759067943 0.0774351964134012 0.0927982801367011 0.0574424468907922 0.653188950411081 0.558289577215778 0.514540796023402 0.295486908160459 0.000399546547680762 0.983666788483692
0.278931951628921 0.654050433355947 0.755412114197861 0.725744358898285 0.575192371475537 0.890063696199243 0.0322580489097491 0.354977867847921 0.652271785341734 0.399286972684867 0.20065353090062 0.987168345422838 0.307288969722824 0.178611360474177 0.746873475696865 0.973079197972851 0.617927467979649 0.701857967338718 0.0279346846499719 0.937460085217205
0.158714662107983 0.680133800564826 0.851373148951822 0.685917025770963 0.862975012664912 0.761872131524726 0.559705432213116 0.755155873363594 0.972516463095317 0.712308829122232 0.584007293189278 0.941440183999509 0.278142338062537 0.214151429973418 0.967442087308459 0.977903027381294 0.785421235767345 0.465719772455599 0.0139142402787309 0.287587930741927
0.334545467744045 0.684164338768129 0.689530353354652 0.726771858572014 0.903181717283298 0.300853158953457 0.0373642961215194 0.78614813892901 0.246093391344738 0.703784136994308 0.738535041488877 0.307013867869355 0.131755474947969 0.22991267339541 0.539210042817644 0.999462449276777 0.405056089210138 0.813811606097757 0.853475848453607 0.999964378048733
0.184483631697819 0.6784706783016 0.473520102367448 0.675796034714732 0.0467460474913982 0.590810981209225 0.0805774730255279 0.0599825149797576 0.63813319953578 0.312646325370199 0.182468355185955 0.941609614217181 0.256858906842731 0.0747975834375947 0.690538747378739 0.997429918004624 0.711743096628751 0.798269242557983 0.179349535877143 0.997764353032355
0.437303556150553 0.796646095120553 0.827520765709248 0.579315662208871 0.98911775276757 0.652121998674737 0.458067729034792 0.618428260200636 0.895197797788711 0.850722627161787 0.754075236486506 0.972829796504799 0.589864110680525 0.401036752085965 0.97004334880613 0.996725641099103 0.839622313636226 0.734047496499029 0.00390654874008802 0.168706999865777
0.620110669206864 0.714108347692596 0.602409985372075 0.912463257874925 0.972870391713407 0.423803581583043 0.18217064332175 0.83327297008449 0.980147155794654 0.976457123230557 0.96775944128562 0.996695048903977 0.564572702500048 0.411907942335113 0.854177178395515 0.999944588168164 0.246417754424773 0.854443069180297 0.777078481507762 1.9183370721724e-05
0.627494415947182 0.665654706434753 0.761656123781263 0.617634837562223 0.963159637705755 0.749720725160142 0.338630255179089 0.810049369485629 0.905288301012003 0.475378925885203 0.972848377761661 0.994433800946466 0.445356004578977 0.297689146114964 0.832116262949117 0.819184525374566 0.418242304754028 0.590860997430679 0.0946553271479468 0.948796263440873
0.50889871580809 0.720930532807177 0.467848487820383 0.605574178319794 0.948873601864567 0.312990404199564 0.271936253683335 0.708660947510905 0.633547903025465 0.654001097269396 0.863960286749983 0.994911697403164 0.627044702417855 0.174863660493057 0.59611486371578 0.976917487598571 0.591724852279802 0.480118952701392 0.00995491982224412 0.156456710294062
0.312626636808289 0.730035321874013 0.799580285232761 0.643740632784769 0.944841150197391 0.595717561728203 0.0186175408722464 0.830597215419658 0.977823745033554 0.617328783063203 0.611571774444985 0.970810445832155 0.647759821560823 0.148672292877001 0.598094103139783 0.955302826342972 0.568592916577496 0.609944190893937 0.00907366871036854 0.123979743253723
0.243929944943399 0.666511656894175 0.857834728400451 0.61343661053502 0.916327150450349 0.371226113320777 0.108497350913361 0.835023287972298 0.440332937837261 0.527750088746395 0.434393301371742 0.733771006354612 0.43170450827315 0.141987476505132 0.621171893692569 0.650971451994248 0.734860007248212 0.706062455103349 0.805425424991408 0.328010698806317
0.0269840076769361 0.351499708347704 0.337764823027095 0.4666798191659 0.0661906939194927 0.267635511950534 0.227600285021505 0.134797880478039 0.162006336190314 0.0176947974967466 0.0278909634333431 0.453001936508835 0.0213399896852673 0.0407943384010212 0.388138651268518 0.952367528996122 0.42596375725151 0.228841618567 0.243974765079543 1.2996615099211e-05
0.751669352218059 0.729221802707669 0.975679278395955 0.551477506753755 0.996775573225513 0.633315209753109 0.664780024389128 0.758626912799922 0.662688528007652 0.976306399737099 0.871549762638736 0.989420404263106 0.755422993935821 0.404457831089603 0.934023211722516 0.99861343167166 0.518369314585143 0.816432776719095 0.273165150539906 0.811686970876761
0.864335057986497 0.789486476902868 0.760291261847788 0.628250760868923 0.974511335548072 0.590923200207324 0.954599790659903 0.994618906733579 0.992545284676993 0.972017427345215 0.963812524744755 0.998911887363526 0.763489721073496 0.603529988855196 0.96010732186146 0.99782953450761 0.71890817509405 0.783708523697491 0.981753516903472 0.974452781811495
0.426471265762971 0.568126224432258 0.335870635085971 0.783328110759389 0.220615212737809 0.0853174728014715 0.018911707711476 0.676127518828137 0.00982283544724377 0.628772907521589 0.342505237487144 0.776774196342667 0.113932362742885 0.0908315449832499 0.332233103570953 0.399940619089622 0.24934791501469 0.747814883895342 0.897248931930988 8.62171333275873e-05
0.438264067013257 0.648189658316702 0.799199403793325 0.763698152353134 0.93755321908695 0.0993664946877711 0.1019215123231 0.371131858805809 0.773210928209688 0.64584688626379 0.525639634319977 0.760209626393699 0.580106602903804 0.169942599521963 0.186439791199073 0.949814905871777 0.247090847670043 0.677818666397782 0.00363635143617059 1e-06
0.357229642635368 0.589774766649946 0.844930427752239 0.516123785534357 0.657363483754887 0.64894350552087 0.341038262878906 0.744188268162307 0.970521486887049 0.706309324965705 0.706712256984374 0.956315011275918 0.317682972348114 0.130278977505808 0.881118865959341 0.997156993844018 0.572794334911305 0.775723823527879 0.988904010026954 0.999911299354226
0.695412807181769 0.742706340248117 0.741463920027453 0.599808415601066 0.899786895171725 0.629096486797518 0.202879296924134 0.997667870990695 0.378229654180398 0.770341437189634 0.938524437980337 0.997270866195773 0.680336577906845 0.118767454144927 0.899853689382686 0.998932848791594 0.512354515832624 0.792074089423011 0.0325048150093628 1.03724211635155e-06
0.287933145216376 0.619544905469983 0.774691027792912 0.423013590958614 0.805619234804201 0.441994376198934 0.0413814085833769 0.847721400142942 0.600084393256593 0.514009448087207 0.632902472947195 0.932304491758617 0.267935475606272 0.103282949688307 0.795608851795883 0.938207568737257 0.683072177419383 0.73359335578423 0.226883116798421 0.99998080969024
0.203834655211384 0.57213454869355 0.759270835049193 0.363009084636814 0.131460455149586 0.246869902986463 0.173934454477025 0.604404942530265 0.9270984729077 0.124418547487618 0.221151791372112 0.893321940512904 0.143012726984018 0.143217067280302 0.605141159242796 0.980725279126304 0.491288079414458 0.259756127912037 0.0167000433070516 0.000960570832103864
0.0318328049123654 0.532824719856145 0.154805580761494 0.501922838051995 0.0557796693197629 0.124758143345263 0.0106892676589537 0.0109306668393256 0.458497566973788 0.0770578754018562 0.0396167863676844 0.257658278832556 0.0144105902811613 0.0162567159764631 0.309602512723096 0.113226795073468 0.120130678280091 0.156130841318115 0.486468324087367 1e-06
0.328753483805136 0.641762403673082 0.492792624940298 0.75326211496892 0.769022906653981 0.167988400689244 0.0430229798419364 0.907249347200995 0.210855660425217 0.536138463218095 0.439231099789054 0.926064957455987 0.0565023450715542 0.252864090819356 0.575973945744559 0.983307637156145 0.499509235408873 0.556190575662807 0.00158578136752746 0.000497483928851828
0.0279595973196238 0.38632091941103 0.362373595207215 0.517143640333722 0.457839889381052 0.125447914360122 0.013110688873427 0.0156107711893863 0.0324467819384865 0.0352604740726618 0.0420963402846741 0.96155221497733 0.0338248979060804 0.0294432719799095 0.104011640779623 0.954304644362378 0.257937651909258 0.391215676647021 0.000821038072704209 0.990398232222378
0.335233461355401 0.608739816970291 0.656422002953206 0.676610719159845 0.215795222210041 0.296932545673957 0.050663834458011 0.154604648421984 0.287246226799934 0.717747268031294 0.883097356809126 0.511399775728889 0.273930798236535 0.219141378088245 0.664062869607896 0.630149742368973 0.4548901999977 0.677350939385061 0.308891038619099 0.990876212773578
0.0864577551038819 0.546540035488738 0.153219343748233 0.511661637386873 0.165974467240294 0.375372338354952 0.0103232613965627 0.0221409421256494 0.0409446531556377 0.019520615681536 0.00579874041984167 0.0508245273510607 0.0365928563466306 0.0288170835564854 0.185589070875326 0.495262865497 0.292468691318626 0.290528453727921 0.000120178052566315 0.999987434083714
0.326724145694441 0.592529296255043 0.567492259458634 0.820232024064147 0.442304134421596 0.157819822191362 0.394281781328839 0.898955337491578 0.5977302426014 0.870679443549254 0.928678195291903 0.887634683656825 0.58637458161468 0.176792294800213 0.949127798890595 0.965449459817982 0.584575801813345 0.556121949865228 0.481264974495583 0.189298629033773
0.532528191586766 0.681969894380981 0.835984756496414 0.672196564610912 0.959912462211441 0.681865906577145 0.423932217529762 0.946259333983425 0.92179729602996 0.956786890841141 0.814861212641932 0.999085260381035 0.474269449257953 0.288605645028953 0.870359396531858 0.684632951332373 0.708556408221937 0.608504748820538 0.731817579914914 0.998354920153163
0.300740869032874 0.628306704682243 0.777168190355825 0.455654239757911 0.976316294848914 0.307259751485936 0.179907103309961 0.45665055842314 0.969408651864055 0.505595745212704 0.387113886911473 0.999056714821197 0.229622329162939 0.29554069987035 0.388526847082378 0.994811194864662 0.811045369630208 0.688061550771445 0.786019949131244 0.696311321703504
0.312773315782485 0.568978995170683 0.927348551817163 0.456269460843425 0.755434844485954 0.212060910338921 0.688235579493459 0.848521821898901 0.944872032688958 0.789158013127474 0.328155120986883 0.994582474561486 0.457189268683016 0.19639648228592 0.418352049939952 0.918935928149081 0.689675586414807 0.480554726653608 0.573142248328241 0.996502635247841
0.0186692593516104 0.399466259121189 0.887401817298343 0.449331509320181 0.0346384461631795 0.420647985220727 0.0137007882711286 0.0222355118496426 0.184319930053134 0.0175451003540561 0.0159525889612802 0.947793243517023 0.0220155103460418 0.0377952219043876 0.147164860151227 0.0638470194395454 0.407372442149341 0.275151893083558 0.000140968280992902 0.411797563299586
0.0623818040295621 0.39390401943941 0.141296161969348 0.598699739083346 0.0454494929450563 0.135658575364875 0.0503383960056411 0.00808692893976957 0.0557981540875737 0.0476116867245982 0.0353222178545095 0.180836752859549 0.0132532559684919 0.0235503261059005 0.178282886131493 0.838257036982981 0.207163774259955 0.17522719548999 0.000180335837935517 0.96852111450027
0.0401937923736614 0.521755143207827 0.431167680792321 0.687325748982945 0.683938961900764 0.0944969854886617 0.0028394737501733 0.065183913779011 0.713256061236281 0.0476766179613853 0.0228871125036085 0.996757463409291 0.0717385299238909 0.0525993905654868 0.519184559965307 0.0252854232279851 0.353765303367321 0.206048969692227 0.00549356469155862 0.061709116032686
0.0326625024130016 0.404991444536912 0.217836874400235 0.722058585948085 0.112428714580354 0.315939388818455 0.0161991606614459 0.0169295018291053 0.635519160378797 0.135985199033031 0.016913976890406 0.733953504771819 0.0445501228974143 0.0193048611887928 0.0792117293211527 0.0303244632038756 0.521370455875279 0.252051030642255 0.0110659547137065 0.309790468217343
0.0986128394209564 0.467840932021535 0.0695294070794033 0.424830352939188 0.161646582753434 0.081648296243805 0.0329740442414451 0.0432051812644047 0.071631983326996 0.0683555300913637 0.0368273143221276 0.768655313808632 0.174273694514182 0.0468092050542399 0.278222895308071 0.392007588894303 0.251364948787463 0.466410144870679 0.74272936318928 0.0107924441093401
0.52120808322665 0.773779217537877 0.360765105812503 0.533856315273179 0.911753075608945 0.200173418921503 0.454961733089951 0.828637014612325 0.834805475867923 0.944733364117915 0.987438540691129 0.99923345284886 0.610930417014512 0.381678810662234 0.890986046921804 0.989456194332059 0.678050292776093 0.767509054585454 0.835174097889381 0.01270398595652
0.12650216585668 0.55535457724452 0.134578696392191 0.384543211460662 0.735592863109949 0.267689480391001 0.267326345448072 0.414166687322848 0.03512020572045 0.205161796634375 0.316653747237336 0.797446959037412 0.175503899384187 0.0454721156370769 0.437694369699307 0.0310323462022877 0.332566746227797 0.376032254478169 0.936074782749523 0.0179151761774045
0.432593473433396 0.681222500374134 0.790015850795115 0.699984640902262 0.608995967406744 0.482218386212604 0.328953460708092 0.982587995293948 0.99472436072466 0.874107869069429 0.881822549445252 0.925580344735983 0.635078181756269 0.219903545944521 0.949772978481832 0.916454838898742 0.28346726644853 0.69947932168661 0.00123756854261829 0.144145597383812
0.234198798919131 0.627661841794204 0.563694048692787 0.696120654269572 0.748605118297134 0.705307607459124 0.119229896102318 0.516937928201419 0.734492632129101 0.400206413974367 0.807812378023184 0.958903873974928 0.327681108918716 0.14810643280668 0.470678116924415 0.777061809742152 0.342533717578332 0.212337747248977 0.174009907157756 0.999999
0.137606734578906 0.610610968184753 0.342268820922212 0.824893146499736 0.567561175972606 0.408715387255526 0.198941818862666 0.148901764121155 0.518221233140566 0.314666823148715 0.0660565682798412 0.921332108770071 0.153416500138848 0.146783938340698 0.688486278811099 0.970199071306283 0.380301548298877 0.390911690666167 0.493220994319591 0.99705993098197
0.0274164274529807 0.485098089773764 0.0752137294849411 0.54933235894371 0.151426608174322 0.444356800645504 0.121144893691899 0.0831658783876001 0.00107406901161028 0.016160190480559 0.0492716556998092 0.0424866260822559 0.0862771406622087 0.0535834717877927 0.429043261862048 0.579399118537462 0.548266815605285 0.143872042078868 0.00663481314716588 0.00961507006098016
0.0653688258640705 0.311512137244276 0.0997230612642809 0.457170353016709 0.0731734128906284 0.478182616657197 0.00726046488343849 0.0681400155081909 0.155567152249777 0.0218794457648597 0.0299915783490447 0.298521562181314 0.0387902466995811 0.0158718815131615 0.580643492928867 0.503674759054509 0.266966515238531 0.154726536746518 0.00096445430935672 3.40306628788105e-06
0.276553581437754 0.642040476056612 0.0767823593219176 0.547018366328404 0.112315065764632 0.526636468287447 0.60631957230101 0.0726919499647196 0.0884556464749488 0.126764201811603 0.120911240613533 0.853831021176759 0.0599710325693339 0.0450124023350107 0.0785007236185349 0.0709410446968807 0.327573574777779 0.378189892670588 0.00335249720306549 0.00274460138021635
0.797170555287766 0.82211515936984 0.821296780934079 0.767554448030676 0.964027158775588 0.759520857711037 0.699268578870384 0.996658147824076 0.970547215182972 0.864676874358339 0.99740626812933 0.921756422757284 0.846808958389798 0.693002729019648 0.956340499876412 0.99960451549989 0.804792599273805 0.695660198241303 0.999949684671684 0.999984101635302
0.128726958309224 0.561430495629021 0.687978752262372 0.732378462379179 0.946697144065399 0.688415448371444 0.0780131157253984 0.883509206585983 0.189263331646461 0.442956540943339 0.702958740942261 0.995392979328839 0.313912811005732 0.270375998008733 0.987425977755352 0.915654688613563 0.62040988201816 0.707451256304675 4.96443843849181e-05 0.796927300706279
0.272689428301693 0.586309111871217 0.465761603994716 0.655915218490813 0.486921946263261 0.357055745426694 0.150893901428193 0.2093293847453 0.16426236916701 0.50081945162679 0.437135397265853 0.888657902914247 0.106392236266287 0.0509080888116363 0.303073099321307 0.941594486341386 0.384654680516484 0.567946882809434 0.208884215640479 0.177636092074687
0.0421404838039101 0.652981191475728 0.526161029819689 0.555879958265437 0.11401084955016 0.497980620385227 0.0529169274424949 0.0175097001212392 0.179829413937569 0.030441374661894 0.0231642746362182 0.709656302318244 0.0763150861995436 0.0493996085680053 0.297985436640782 0.790316017695226 0.653442242923586 0.548980279574917 0.00636053965576529 0.976648125199368
0.699382820771152 0.707044179221177 0.745018773722027 0.837344029532765 0.883597138979531 0.456122063927016 0.848289224126747 0.996860679500846 0.917627589112409 0.984197238643783 0.861254912735065 0.997319880046462 0.563469657419569 0.332051863971128 0.921245568746045 0.999202322095371 0.543629238508727 0.818879599462237 0.0939302494515885 0.766014139927702
0.690195898646891 0.706973584130124 0.903216954843908 0.887470117964289 0.99759127754365 0.669480105736821 0.337559627313051 0.993469992521047 0.243082114596433 0.914261177679337 0.83959929509021 0.912480186872942 0.909152989499371 0.600399725149551 0.958282523871303 0.999955920663469 0.645654450738932 0.788041252977742 0.950138695305348 0.996997666558393
0.0953355780178681 0.590899509120298 0.722469725343003 0.725038221963854 0.981983263278226 0.627914091381058 0.648750827756933 0.896590923098719 0.962932209377295 0.896233036640127 0.265953858061446 0.997927735157987 0.32020733497039 0.128614548034802 0.654442801016288 0.956023443912262 0.596446935604525 0.765256314008993 0.0849148140989654 0.0492503529337261
0.520404692290991 0.736113997727985 0.656207599531428 0.807505416321543 0.98100761197369 0.761573871073553 0.645432667462829 0.991024686765687 0.994696781644519 0.58751114531327 0.968349727934482 0.995017367122609 0.630555080200458 0.663400159561351 0.941343225956229 0.999889706040417 0.816814291336928 0.445918991330581 0.0444140547456163 0.991728056566064
0.237610725211486 0.634318170293769 0.711712463156247 0.3848745102332 0.666251556474959 0.466907846616422 0.0125861455118245 0.19925410081591 0.538549698655446 0.398312750513925 0.664599365245483 0.979248583402579 0.156198100615235 0.0633635449788353 0.452864812113565 0.754624659462228 0.432355581217293 0.59469466170941 0.0724849376108297 0.832267383529947
0.130326272968566 0.557028894624129 0.388097454895038 0.637278947529093 0.439216599291141 0.279228948203569 0.265129099187167 0.0731290890879558 0.855575101712779 0.145065151977964 0.338933672111143 0.785122504554008 0.100950757221016 0.0579333908782485 0.577943744931797 0.534085512286483 0.601798859925518 0.64236143420157 0.00435684780909705 0.927683373375763
0.580746513599908 0.743583829433736 0.770867519210465 0.482940176028974 0.838936853143778 0.365525494822621 0.222462722829184 0.70386171068093 0.916665764226943 0.932703225451974 0.978288444292504 0.991719224678241 0.45890394928073 0.293044194197109 0.78347740204015 0.999957268025447 0.676633520202758 0.767367999537416 0.062680209601034 0.999999
0.556525331917094 0.77922480669156 0.552958792682646 0.855519680626366 0.927758330284922 0.820578998297088 0.248763643935465 0.92655109668734 0.788222729995288 0.918763663281769 0.936447459197727 0.993790712900955 0.476586937897677 0.337031435789347 0.922042933142617 0.988022692234022 0.555398096326068 0.735613059506385 0.716305757727684 0.998616490388724
