0.0597952073683681 0.54525745408346 0.883942379630539 0.559085872944948 0.0889275556513259 0.683039930666242 0.0208749364426237 0.152248618595579 0.148880250808816 0.366313440554888 0.0870532893625882 0.4282380371609 0.019680702659334 0.0486125190260102 0.610537377533363 0.577316992406893 0.483847625230505 0.548897144047776 0.31380210029289 0.00169692898364849
0.263789361972812 0.579930050279632 0.733416943419153 0.629012505927035 0.629717521810725 0.364022629118892 0.46659263045025 0.373535139949488 0.771206310283089 0.557448624104119 0.65526605930651 0.99324901952143 0.452004400771243 0.162224783438375 0.233188117080186 0.998423185767121 0.352807233778506 0.780737692078977 0.00193665504515788 0.999935959939987
0.0209268989971649 0.464970336872022 0.120405022515563 0.430377073030577 0.0131112258374764 0.522406686530734 0.0177341340128257 0.00861577458360565 0.00873807373489461 0.00968678219087554 0.0291941772967735 0.783323867146141 0.0319063235122902 0.0190869628281238 0.12696136229709 0.315403325381862 0.362294270132719 0.128976344608608 0.976420026218285 0.000167899555904583
0.174242721429969 0.651281101588544 0.761551603547148 0.393884631336572 0.117327951512688 0.304819452881488 0.155736346862101 0.991193272188003 0.690010113919442 0.223538441870746 0.156196409704377 0.909908840030333 0.348732734033424 0.0704257639123093 0.442811335280999 0.975312656517575 0.546131312679043 0.442048827034457 0.0336265243127317 0.410751316685762
0.16340194910368 0.522589114317196 0.705411275371277 0.475201984299805 0.336993485928332 0.600706599424223 0.029753809814285 0.453128597895416 0.345435599131015 0.450524769915164 0.141391555026183 0.983280960111151 0.237464723528285 0.166615715619925 0.402541504696567 0.056141624808338 0.243387271677617 0.518119516769865 0.000100474029191184 0.997715411364438
0.202011500956142 0.47781739103268 0.798266532733512 0.676895709106628 0.176414998817097 0.46389146334413 0.209454946249118 0.716117034711479 0.207051959596055 0.219534006322303 0.89468985048695 0.800972175604364 0.238291860402964 0.182285279060652 0.847523485082162 0.98951322982621 0.734193234135234 0.543633771171266 0.000260320221796945 0.780535092137677
0.0762294012125445 0.560070801394111 0.344520837687462 0.464590009055725 0.279178402347095 0.701624895555917 0.309455159203108 0.660804681940917 0.827196079803723 0.401120747316661 0.436512351186901 0.652720641201599 0.261120523083441 0.171467441974164 0.848335111683526 0.978427614851354 0.24549039174388 0.176631747883244 0.227507801999187 0.00400727259610056
0.253111215680534 0.647855204723625 0.553896476854587 0.476422530739394 0.537524572187021 0.86534163452814 0.0226298280476355 0.383281402965923 0.147290178813275 0.246603625706783 0.51158842020249 0.994832691206542 0.0720212185724422 0.204220519569398 0.642182322592971 0.799886084966659 0.460389760194034 0.554187291075361 0.773383718953955 0.713914927844935
0.702013221918787 0.774041857916605 0.988578361189484 0.719148594743461 0.973028032535788 0.670084190007468 0.234059842039456 0.812380970152671 0.978557379895065 0.792854859942113 0.870460236671461 0.996520798589343 0.398060886649484 0.472380021256756 0.963287190377015 0.999989027239828 0.325403455288329 0.768682510781678 0.646343879564327 0.956587107003667
0.0865184876322408 0.603841452299742 0.171430440280914 0.724907830931054 0.168327777023054 0.718343441474386 0.101940353054965 0.352834833373092 0.0450452364543662 0.0998524360531459 0.581782689631566 0.976686706624567 0.150936201058223 0.072752106990092 0.816889333925436 0.985622379647711 0.49859785290984 0.407112177414815 0.012376702510092 0.000122083264219802
0.307401942390228 0.49608652737242 0.305516036323908 0.501480821744215 0.335039127545018 0.321601965803195 0.0349960570954079 0.795956158372369 0.723742334502494 0.324191667211523 0.416249150153933 0.827836433160364 0.351170163030956 0.286942284092829 0.669320386995051 0.186899782510859 0.577034438367894 0.742767452247698 0.0463902064873739 0.993387272642091
0.116251638164599 0.649829021571633 0.408170630765018 0.418753108824019 0.341978032817816 0.455767881712383 0.495981562154625 0.316716575833187 0.81655059635981 0.512827758060409 0.187312380419912 0.985498113181213 0.151836520354354 0.172560408628587 0.392643335162807 0.728050469802906 0.653453870285273 0.699470114403179 0.0530240899679549 0.996231968936548
0.154270297039928 0.545694108080038 0.835959573617256 0.732258827770855 0.0857525733346426 0.582136012664932 0.259641307106407 0.589746242268651 0.164321169130558 0.0980800655904291 0.120336213924612 0.122388578903881 0.139499083965186 0.047830709918979 0.811816920295722 0.678617683108963 0.576075224464955 0.387791222072159 0.0338119911569914 0.265349863828803
0.310065836908138 0.680454770331306 0.549038159204031 0.455633758759266 0.577110513935333 0.85997097805123 0.666706434808835 0.891525878443055 0.576967479190015 0.682840294837351 0.907392813397717 0.994164346919365 0.458275417320117 0.162279207210208 0.879004542088262 0.458734607454479 0.681644580499499 0.779966795765081 0.000776917284546343 0.00378038566548394
0.454148539942739 0.691488051689779 0.916473224585946 0.350241296266367 0.889233197660183 0.506519145348597 0.636443486099913 0.96786256483639 0.794278519507969 0.761096765534721 0.978668935771289 0.999081798439497 0.538594610736024 0.388498488492239 0.60717123191484 0.807775055077418 0.657174959762945 0.652587583834116 0.8676431422689 0.999996069778173
0.647269343674469 0.722280106526015 0.854028672873638 0.688656738460855 0.927865709027139 0.679951380542948 0.088123417707797 0.895997450608129 0.945237539522264 0.867937952075134 0.95399845979844 0.980477599172929 0.757590995931241 0.343843364451905 0.748451372255773 0.999751842769848 0.49392138353192 0.462085587981407 0.420105567651474 0.0712922826422318
0.319401220117967 0.589519253489658 0.892551563057343 0.672689652298469 0.911424714319005 0.520548610430879 0.159677655443171 0.469805126121401 0.818796022000539 0.474397928328251 0.767315485596815 0.941500735369189 0.142971338186818 0.189661289171774 0.380764441351918 0.99250280900983 0.828341059639152 0.543193352554194 0.000251432555731355 0.0417109581307824
0.0317465459992609 0.496764531116842 0.334609210038378 0.517710955062664 0.0658333316762295 0.603149529898371 0.0234165484849011 0.0176200980070119 0.241047964896338 0.158211324198949 0.032652745550994 0.651297014304272 0.0631791544222812 0.0450616937733737 0.277598949225258 0.911482241709459 0.359617594433317 0.343388206211478 0.00100260603696058 0.954697880700647
0.0511325755922732 0.478013560984889 0.573784804456664 0.307905449306377 0.272665162711128 0.0978002281447777 0.0503189534540543 0.341524063267643 0.132196275379998 0.12772637050673 0.0532644582370003 0.98102398882077 0.0904013261762206 0.0675686313172644 0.573505486992226 0.438002904357805 0.38943613090257 0.468809838015975 0.0251650339828634 0.0148188553603294
0.177621328475088 0.685404630710248 0.647381260718765 0.478148174259354 0.81659339493097 0.50887363146637 0.0553908944376973 0.582519461107165 0.94052063983965 0.758298237392131 0.605474711689107 0.994539051365202 0.199525183320563 0.0747080399356233 0.891632378665808 0.995992024488963 0.418910485996315 0.344799018251177 0.449785249823872 0.00669232744175244
0.183924986057117 0.672436493311726 0.70769522586004 0.823313491441757 0.842418065371375 0.119341263229744 0.422783661369026 0.914290326590571 0.708133008458887 0.316743090901898 0.597327601899486 0.996937569531731 0.402145572728263 0.177206356682614 0.750778218105055 0.971380584947121 0.504945789703093 0.782401545697187 0.966337257305142 0.999757999002835
0.311082767571811 0.690437023543894 0.783300628734778 0.780206677765076 0.926621306007231 0.376531713352636 0.460855218907957 0.476834842149312 0.807027775715203 0.749879873586134 0.889685719943347 0.810286767698746 0.532891464766104 0.243437474774995 0.505190312930047 0.993282863660251 0.364445913051782 0.418113730491859 0.00917392728484124 0.673913808752288
0.162438936965201 0.529027111085787 0.965551279683291 0.723461481842338 0.831804191113614 0.475532425951543 0.234772996994604 0.446304037178135 0.342864073155321 0.171964088776659 0.319900199094237 0.993255842199284 0.239998415732693 0.0848014238359473 0.618523074855909 0.981676151855064 0.313615576662401 0.6846437823581 0.628405188171296 0.00109749947767357
0.529881575021508 0.664669066640138 0.776393492325722 0.721914985113607 0.960907821675189 0.226505948404648 0.54727979114623 0.997913502682438 0.998517168188985 0.814958699763576 0.926797514275104 0.999237378014584 0.932176301370992 0.352376434637299 0.979954437638902 0.997621706685314 0.848902923433485 0.81892489964582 0.97313375672013 0.00218333088917495
0.152809242550305 0.64966590825911 0.852022144295325 0.581791540503733 0.887033624866628 0.380492362885466 0.433855678181801 0.87276578247787 0.96664599876378 0.536512100165874 0.633509561304798 0.917541252032247 0.327752094710929 0.155624666830312 0.884036330901618 0.744545526135036 0.599436734649058 0.660914120578545 0.0735392326001615 0.999799004309575
0.4472033916195 0.754406464350151 0.800438676102133 0.849872990873234 0.984981413617979 0.349108257876535 0.358722999568286 0.996080803093376 0.971039661277211 0.622742276383828 0.965547041231684 0.998765037295467 0.666303876218002 0.540470709893154 0.755101040640729 0.99406338336133 0.621216190643076 0.80474085858825 0.0772284496660497 0.999983986296508
0.0578486608531367 0.370726548948172 0.806370126093367 0.631691652857657 0.0258689429475712 0.295212685928161 0.00237056994018299 0.0218306612890348 0.0381322774382079 0.0170794034035099 0.00910317553966131 0.849537526003912 0.0153658389713827 0.0292739177672003 0.255216511424196 0.0820522129144678 0.442086827439897 0.269680776038449 0.016995376473261 0.00744078306185451
0.565091004805738 0.805488707691661 0.700894012425399 0.6303054024809 0.991859666910738 0.847200619875425 0.901758973182721 0.979499414638271 0.981754030577244 0.972365730603352 0.986556952485981 0.990854127552753 0.768524959360882 0.498268135476084 0.967033995351603 0.998072525981734 0.649365305964038 0.737294204419769 0.980282401936136 0.810893332026124
0.0614155094671756 0.418146289267114 0.0582936307307688 0.538449780100239 0.342659624268265 0.0943433518561827 0.0320629839890291 0.243179377072021 0.949669516977774 0.112640771024441 0.0305201474159247 0.610166756621826 0.0391530092388024 0.0221737681039591 0.211877746282498 0.0920424381519558 0.254498167651227 0.145906006365277 0.00971768236065365 0.000239901037030141
0.348704318250138 0.528527150266595 0.215874551877898 0.50935998206359 0.745517399636907 0.0706978042139977 0.327133774600203 0.81489884274034 0.769511160555897 0.251239778270318 0.56120017644045 0.9967961753184 0.404506326411386 0.130139694960964 0.815456219873159 0.9843137728045 0.621215876888118 0.410283008863938 0.576558143102857 0.564745342415225
0.398293486236422 0.696532564857209 0.837906604067105 0.734308694723153 0.924045094714169 0.405916319801664 0.361456092248089 0.867759116020255 0.963625389138203 0.575623978821156 0.535628372440505 0.928359535315518 0.615644728072161 0.179625698227638 0.74332491472363 0.978944089584956 0.44888433859848 0.420229230852149 0.127930868130181 0.000137907852646192
0.374661767863088 0.746704173784978 0.74894996467069 0.74247324808927 0.91671810361095 0.513894078319726 0.0437884658985905 0.608447584900117 0.984102587518342 0.779587397748033 0.845499544094249 0.978211110988627 0.730445863812587 0.266224632606566 0.687329485812835 0.995526338686912 0.813222122202553 0.564817213613448 0.941700879325781 0.00044619751052134
0.0914274119345107 0.54263948336348 0.380518062794889 0.630100791651243 0.493563801937617 0.460408738350958 0.125111319420641 0.0834091850241422 0.00305747582382553 0.0788218243221902 0.00850310892917257 0.76638433527111 0.058552463733308 0.0835968650722521 0.207612719674979 0.908803115946466 0.721593176204769 0.364419824080115 0.0829348378011678 0.0778448522231297
0.540738206727575 0.772976416104773 0.853951187090237 0.533100648590099 0.937434701887572 0.359687543049895 0.227216259746718 0.954334730644292 0.992097927539836 0.913682886507943 0.9553694979889 0.995970284904118 0.645282084929514 0.284284146452107 0.365066380661536 0.946409642855167 0.701986824134847 0.453385505868847 0.0320098504179563 0.45970956282816
0.0410459936227977 0.354254524174604 0.130622124666361 0.466015751749747 0.021792144112924 0.181279656482165 0.00454673196913146 0.0168751329883884 0.0103410826753967 0.00754072626150472 0.0157341654627958 0.819579602446605 0.0128629368864094 0.00791967050841383 0.126379934119025 0.0855509555190652 0.380618270609684 0.264818671051427 0.00242002646986395 0.40394302488189
0.327736604467552 0.713337803722938 0.397628491573821 0.46965073454521 0.717689282605508 0.741264867790055 0.17892059689072 0.816721494212783 0.701051026269141 0.730797409353153 0.656156050306089 0.991862724266032 0.589285999153135 0.146868860669183 0.858337410014964 0.990404625567644 0.547653985379953 0.645543912701449 0.00167269575919182 4.5801097885215e-05
0.0376720594754861 0.495316575657339 0.451390693208075 0.637602585324757 0.113931142790803 0.400464814895132 0.0295801896474263 0.287020978201667 0.0440466613260967 0.0189495695421883 0.0152546305709927 0.858947494279499 0.0143979671647639 0.0167768789925608 0.351440598662121 0.0547301038435657 0.348233343025034 0.259105138082632 0.0011017706680113 0.000167362194876567
0.211661944493785 0.539515509336671 0.598864291584055 0.619170815035673 0.309463192240015 0.795852597081704 0.0668341892028834 0.0427697225113329 0.201829472207957 0.0387488658453923 0.613060572379168 0.629442082565879 0.101544285460265 0.0965929160551447 0.251770035969377 0.603183336941536 0.469978508137214 0.483821457164884 0.0058082614694123 0.00323784927181054
0.044389263432037 0.512351274585965 0.44085926321983 0.734072588914006 0.344892353505095 0.306098776144387 0.10381931451874 0.327694453411188 0.545304991858211 0.510105164014805 0.286500062091701 0.745735019785185 0.101318370763315 0.0489556738378635 0.182860695785248 0.893268921363987 0.642710675094147 0.382445934993721 0.00128227389595586 0.000196270348990804
0.0650830707242497 0.545414189883803 0.209138379265887 0.648939498668169 0.119206376343171 0.165425282307633 0.0517381311995179 0.0315650873853077 0.0593320571688267 0.0205901784102975 0.00938722862426191 0.676969962419872 0.068631857428306 0.0305679070368368 0.239702951603216 0.126605557877091 0.484078594978437 0.17231313596453 0.0129752667392293 1e-06
0.571758235118556 0.749006983726 0.719167118769511 0.915948331268339 0.965665593293542 0.399862710883 0.412596404250819 0.974103618214672 0.921760050883143 0.970466007235988 0.945124358347078 0.900360035006393 0.660660016020619 0.368245161421877 0.829049936286825 0.99992147185548 0.681265834196214 0.72442842708663 0.991145045718593 0.990390740917908
0.42740856063507 0.686988934396693 0.897116233771651 0.554408532305251 0.876429617163751 0.723710850311968 0.374490569012427 0.815988208126049 0.795232017451399 0.849157374915644 0.493063483614975 0.99136984886181 0.510182681227585 0.28805468963579 0.770091821019141 0.997010379177623 0.560766850434743 0.649566823085341 0.889525360097691 0.999999
0.0917462752473671 0.51342732735217 0.679174856027927 0.649626404029083 0.661955044337118 0.586263507356292 0.0975340741334249 0.878499331898707 0.867087473763603 0.314109954060299 0.154927893060484 0.97176515823285 0.375532552576869 0.0816937107786427 0.542323513755291 0.926346334696588 0.687966682646972 0.29508386047045 0.00117896441793462 0.994749727295529
0.022792895611519 0.553671978886937 0.147013896344494 0.368676585120813 0.132279484748022 0.306015125020265 0.0300620861301208 0.266982238439355 0.255529446078168 0.0274760261752151 0.083482923821574 0.849682437316378 0.057764145739194 0.0945089609602539 0.277812476704699 0.663123809621362 0.583435830322954 0.524521347407071 0.174690977322428 0.00749335825432005
0.729337785863773 0.727854858266671 0.959904291704787 0.730220346215607 0.998480625350288 0.423058041962281 0.539016182308715 0.977704066800452 0.997124061459266 0.896621372117541 0.995999780067779 0.972018724950528 0.610853304138878 0.433106429258463 0.949268944148148 0.999802098640287 0.567776639668653 0.631887517030666 0.78821007249716 0.290614320314211
0.332821232776836 0.632423974046316 0.51902564067024 0.414875240023954 0.869583418655998 0.165934445432249 0.326940985668043 0.908682979971544 0.876796213342265 0.739965341329812 0.877449474439489 0.98976658098392 0.524528748992175 0.365400704644822 0.522154259178734 0.993500595137709 0.252931259430395 0.628809268319931 0.0732766036430771 0.999915357248182
0.0217112009164979 0.519320674417289 0.225417165339163 0.740023667282975 0.0811425430328954 0.608711303973625 0.0324474208964041 0.0156762137152827 0.0566440270187143 0.0451751303872588 0.0249734966383352 0.689608876131389 0.0457791400105396 0.0688332313792384 0.389796279217846 0.0589571675567799 0.278064040158812 0.476200526053305 0.0223565034041561 0.0495694104627819
0.263913096393957 0.647590454244708 0.836620878956558 0.814872019306463 0.729363640650339 0.0418217754435777 0.0990096250647826 0.453348099506434 0.887584221156883 0.562151515238939 0.557565625868487 0.980020520159185 0.788464190902684 0.189954136934228 0.40908170162992 0.998326674822709 0.319267711653412 0.567155087217843 0.00922748668696663 0.000327879202584079
0.583939762078594 0.65091294382997 0.833768437567672 0.653086749668494 0.959138436774134 0.401252804664496 0.609559547156401 0.934365595813036 0.638416865855152 0.712533043303757 0.85451333708281 0.997634476280804 0.472065554598917 0.165562420074755 0.830747817992725 0.992416632288806 0.731211276742224 0.685828749284989 0.242807975163535 0.0127963299831517
0.24530944451497 0.524464820306771 0.874985164131228 0.912499677958709 0.965361624984937 0.349844537526864 0.252907677223917 0.383642484056903 0.11120236776262 0.650342848574468 0.120106985252799 0.994373321752416 0.575120901094587 0.157857017953696 0.482567800471991 0.974294800839177 0.53030298980546 0.623386581290333 0.923129930631698 0.000261314211339226
0.198927588559806 0.68796517118796 0.51705590266899 0.703564084782558 0.380271160791624 0.463780870250465 0.0268036735160271 0.927577469897051 0.178548146716853 0.521233155727212 0.176253971199859 0.332333605732521 0.21131029955149 0.156930270152431 0.559407276502937 0.984256039511994 0.313888899526511 0.521291475056246 0.599087577948056 0.0394248143971649
0.407863812584073 0.771441942404507 0.935957815052436 0.662445894684728 0.978436761232469 0.583919943543585 0.0571658501506299 0.996158258596364 0.734612229763458 0.833910585346718 0.909313484894113 0.852223467110111 0.75253431491579 0.21876278573452 0.706262594026116 0.914415711905054 0.26632995917771 0.736224931421492 0.117768832969106 0.99327580451821
0.545119865370173 0.624025134762257 0.332418033948675 0.675756613454489 0.964181734552972 0.261530558574846 0.488410532509837 0.86219376537207 0.882703436957305 0.777315446259745 0.855293925569228 0.999378662342092 0.569965024852945 0.314112193976473 0.750796279353521 0.999887305191632 0.82373670019319 0.695141086438951 0.00505689462344955 0.434342046112224
0.373013382551404 0.640142761383266 0.315918835295074 0.726097784556156 0.267535337875568 0.195698839724997 0.485389424158952 0.960925739428985 0.998890764838664 0.744091925705948 0.801830443730171 0.976992859754545 0.615090380516255 0.215665534989748 0.615370329959291 0.999893097171535 0.661074963511693 0.611288013565231 0.933347314597649 0.879690019413683
0.315460390323838 0.734027719144459 0.407504758176351 0.6364497490407 0.654936215496687 0.641678029878631 0.378708148976338 0.732201893110998 0.21896952678671 0.577725530980052 0.761696828281918 0.921557026690815 0.311952566516472 0.154789636576833 0.964929641570914 0.994909102266852 0.505499565499163 0.667626114557341 0.000668910400706957 0.000982085976565684
0.275553190632496 0.675015557647079 0.503863383563808 0.759585329393868 0.790506312011497 0.6259297857634 0.247280014483819 0.942860285988132 0.271641692884093 0.422288146537159 0.594850393057559 0.845515389634649 0.435125204434864 0.232458860875104 0.69618190992426 0.953033121373073 0.49596304982569 0.783029783226421 0.0366134294768611 0.00845560720987791
0.416431193782275 0.705835535033314 0.684761746711534 0.699804412990722 0.785170099780928 0.24146892353437 0.469759251083922 0.839755335399818 0.635605264786078 0.891151994604771 0.5375357372482 0.928747957200628 0.39303419892674 0.280594143698622 0.894076821979108 0.974338374248756 0.525689740976827 0.713378126171938 0.180526105045403 0.999998985074128
0.0726563134558998 0.47311580938144 0.261429028688047 0.728281088684081 0.750314824051739 0.440085434076874 0.060582203873377 0.139170320797015 0.535609142414484 0.0629841044480316 0.00419558340651122 0.910049987480322 0.0644850587924286 0.0345720910171986 0.369402621339807 0.0241620246210244 0.166037967233183 0.347945587998261 0.00169675774040812 4.08671548940855e-06
0.337083486277357 0.718683860266438 0.822015256846796 0.652476972304278 0.910478354700477 0.71598008174707 0.193559686685257 0.988158364320301 0.941228394029538 0.973567905244121 0.930565225818266 0.999939493772055 0.779933153405471 0.434307801543212 0.729684274725164 0.999776327105409 0.720074732369953 0.765125350405128 0.022369582661568 0.999805631641154
0.71595782836711 0.801336454084668 0.801794342040633 0.75768531672293 0.99558285044627 0.479998201979552 0.421261525663322 0.716295706394756 0.951517282193177 0.968395832318684 0.960187299890848 0.997591820895711 0.671020631040572 0.541292071962759 0.772479833846746 0.999299327412899 0.66412634983371 0.665097343854179 0.870277389258052 0.242967442523006
0.103367533379141 0.545303384136907 0.210264607532671 0.695676674170084 0.189692307382347 0.316534540016097 0.0318836969662024 0.339713483427776 0.0141287004942003 0.350353303103895 0.0703486962764834 0.288155830855649 0.295754128632162 0.107828070547646 0.826596860355269 0.25793485503079 0.337803583205118 0.508742663721675 0.00128261889490493 0.266475383552666
0.252785665105285 0.677314844965228 0.731006544586647 0.631596752067167 0.870658148634468 0.568342298989889 0.272798608695099 0.985537418558526 0.851948956559805 0.804798829906945 0.301270820853234 0.95916521743589 0.469161169469337 0.2178487516961 0.820711301506294 0.782489424905304 0.366628838980783 0.600154610468816 0.96642046023769 0.996945589358231
0.292817391545341 0.645310830770456 0.96546554727127 0.665678759168456 0.863233894539301 0.131343774336826 0.0737188099510042 0.978846684930471 0.995592256829112 0.773402616739976 0.831916065749345 0.998391053471674 0.519353589511908 0.154882459782439 0.823902746821768 0.948319650608517 0.601726063656571 0.645131099210324 0.941264051036842 0.85280054372436
0.589304529509819 0.661809322590631 0.900570537758122 0.579938150716648 0.957721946550293 0.315807879005554 0.200176140608471 0.932389437010973 0.978184822516436 0.78844211259891 0.864428949664948 0.295970152685675 0.688017125249314 0.238984026588263 0.89138301206034 0.995121681679913 0.744856894098473 0.633805795704082 0.0429900560365559 0.98882698172489
0.259319403124673 0.64914063166074 0.378028084758591 0.611560591197416 0.563610096668917 0.467477472200648 0.21584307270183 0.655967287403165 0.108381377464506 0.464993713202645 0.797101254557794 0.91707833743381 0.560478792670234 0.164427522239081 0.208834280082223 0.999135613301527 0.397624491840392 0.701820852130497 0.281679346723564 0.580741754185695
0.100801788279532 0.502898570095183 0.768452129169445 0.662561165170152 0.735269375061602 0.129936847219414 0.191060874307556 0.183396626597252 0.442015544683151 0.472935562023949 0.286305815497618 0.986391224664212 0.34677479459327 0.0686542803586405 0.751406844345528 0.989300258750136 0.681037632952749 0.658578321382909 0.159017448412428 0.0683904893251357
0.027171722952049 0.441467871722145 0.291330633186044 0.595602443847347 0.00351044836318539 0.229934070373923 0.00268641486550154 0.110992758538862 0.445972826977748 0.0198255149200838 0.0127493588789295 0.248131746833829 0.0428022950950591 0.0192486054376706 0.607883532407825 0.190843220141523 0.290165687910042 0.336399226194397 0.0872953491655694 0.999153783987188
0.0777858083587847 0.491133423414029 0.601214931805027 0.786153964865823 0.644484935375225 0.463271639221884 0.102267823543065 0.187658796892225 0.32275990679541 0.296697452433095 0.460933013623936 0.995598537441769 0.203934395544075 0.0401731397560316 0.641674389794574 0.986422927147943 0.471639979890788 0.150602976102883 0.00286981945868967 0.00850569983401076
0.0374017368881974 0.39916693024728 0.257291010513095 0.370740109057386 0.188356285371469 0.869569785379723 0.0637944993334547 0.0334639881163245 0.174406202854822 0.0122567014478174 0.0775598335631552 0.0356535494164941 0.030433653006881 0.0557550901418438 0.0879624328385807 0.982268506219423 0.483501479728506 0.389527091023012 0.000923326564171066 0.162513993199764
0.202847214117402 0.708679057008285 0.418958951822206 0.835050604169227 0.203088747341716 0.543965950526136 0.775187082084251 0.437178428713558 0.957403797054383 0.359297661973907 0.414812972279237 0.901351059712962 0.4482517059139 0.166712563993827 0.714786518287173 0.979662139491105 0.763827432341537 0.361711855399754 0.0457238540687175 0.686022529759736
0.0303974527934488 0.563706812862105 0.0354541187481445 0.265058217272065 0.044545800050552 0.368590104930863 0.0360527410908261 0.0243223421413468 0.0179166339476731 0.0309551521131736 0.0929179058933392 0.171274291123919 0.0191729781886574 0.0208461489396358 0.596785881245359 0.829927621222895 0.287300064082953 0.245791300023571 0.00258889484919976 6.92130001115238e-06
0.318032979337108 0.663185501612977 0.908745235936454 0.836156254862745 0.903742006787667 0.644702448901469 0.0591249206314539 0.939574035629169 0.646543784620518 0.909589457194373 0.670702119840079 0.998981334397369 0.335211126491502 0.166192027044965 0.899257065225572 0.687302274654357 0.402269035092037 0.764312025682937 0.842035102219251 0.99961249517203
0.279428274800916 0.790644116918166 0.593742773477833 0.673742074530863 0.888841081351991 0.782383475158956 0.100623336474999 0.850842473527801 0.593110411856011 0.945340449117032 0.94745671087369 0.999582091508392 0.688460862943776 0.441811190421482 0.935851643718654 0.987309152239172 0.564862261618419 0.722510789144839 0.106457424488774 0.909925130871047
0.363890942622468 0.567025532127114 0.404794553808774 0.531793823554094 0.488113734229522 0.332119450910831 0.280933213524385 0.459356551138038 0.989501051287792 0.453043983663436 0.861777224465229 0.957186960577853 0.236607166096224 0.168476465264416 0.579505816482219 0.984862388751637 0.539761227304718 0.745011083491213 0.998217411972049 0.00390395229993531
0.243836496580987 0.676679083233302 0.486506282363411 0.539043535790941 0.98126310838278 0.663545078671655 0.141273522051154 0.141176932302984 0.901621114379615 0.576464000429448 0.897056635631434 0.99411517523399 0.49114759872067 0.106830576292727 0.878041663128199 0.845616833675264 0.602590395138571 0.779595582091882 0.962415253410084 0.386522576296553
0.0196697782574383 0.457036909674404 0.153038684895258 0.242827991446595 0.0468167702245854 0.16041633003463 0.0266123612615139 0.0533823824060047 0.814097965301544 0.0154958392505628 0.0501057418881556 0.256353229496375 0.014353259183354 0.0476912554317434 0.110600262731969 0.425368079870171 0.524200420120918 0.399370364398227 1.25163511101563e-05 1.02127112804283e-05
0.0340418040649479 0.561153288534511 0.518690120153358 0.668892457476945 0.204679127622768 0.305844422648647 0.0226676189140153 0.0505585116129427 0.0988197877888644 0.0474906490874614 0.0152619344293863 0.567948140763949 0.0514887241567321 0.0482393480205418 0.356567905799095 0.271589083450568 0.333657521653614 0.410964799169475 0.270482343719733 0.300020113996209
0.0381620858906391 0.567089550771594 0.160944820211016 0.390117741996082 0.252399827884058 0.204792127481423 0.0489753347948214 0.0594394899554453 0.128392035244754 0.0828685060108919 0.0551676541407054 0.932295489030362 0.0452297341011368 0.029846063782734 0.456349799401206 0.549714065095971 0.239064858192034 0.527391080464334 0.107451120062238 0.00238291826466448
0.0277836837177056 0.371542571026328 0.188842814980097 0.58680122154939 0.157111408464957 0.124958528405523 0.00943828416943067 0.0150269462784287 0.459572529478932 0.0681524154586598 0.059302554550976 0.112508870144782 0.0246380913795582 0.0128903610604379 0.230523279420422 0.0458479929266781 0.521809379911333 0.409074350518477 3.204333153205e-06 0.990269665052684
0.049769106119002 0.462265038116296 0.104051332570446 0.536482717823384 0.156671485815687 0.327008750650121 0.263028387739029 0.00592141440383991 0.104845242287097 0.114513025588981 0.0123115541037041 0.941801091966296 0.0708486149594564 0.0684367174616842 0.806353533597394 0.0877890384517062 0.234952336762051 0.254067291705158 0.0448362841103572 3.31447714380589e-05
0.586450983606539 0.785133495128493 0.598538544455354 0.641742807060855 0.887537515916118 0.645264655099854 0.261574553115571 0.979956712343689 0.781850133117725 0.957227628209122 0.920214931927794 0.996532359634026 0.663449854055882 0.293419953810697 0.924104498045044 0.992487234224147 0.486838513059254 0.835206444316638 0.0165031336314551 0.0205218407064684
0.0496222006569693 0.429773786213091 0.440724384224433 0.511411415962513 0.534486369196959 0.282432014202777 0.0736154510408921 0.147954103286215 0.780531419071879 0.23125758535837 0.039147184131986 0.521474040689697 0.0779306280050485 0.078817461488707 0.399887402078739 0.795640696815597 0.59327517650504 0.537480126558166 0.0014486799588819 0.00236922156738924
0.401403389185954 0.74885031602282 0.859548766608471 0.599883900314614 0.929495459430674 0.358876354635493 0.549322764608402 0.9284367129231 0.118112815725946 0.7465391847548 0.510244895530299 0.997819782029491 0.533288252418608 0.35695675143828 0.929159610595191 0.99984633267372 0.25895018600314 0.735346846538854 0.807819175222413 0.98201680403982
0.0743486597542629 0.682865846686046 0.839518702050139 0.644987741803287 0.568251919085769 0.618800802707311 0.0499486804488676 0.652435756070896 0.595425672796471 0.123079588149693 0.688609534083665 0.949682471977399 0.19992032748102 0.240429628040527 0.918138884307107 0.998984881065517 0.594667841495942 0.401692321967128 0.0210746849577464 0.907428013520007
0.332687455708449 0.608067660427841 0.967957960209318 0.711891832751644 0.861961852470263 0.609032372479582 0.186941684762161 0.406302255073136 0.970404224942639 0.202631016730457 0.0922523927392385 0.938910724936526 0.317745014672385 0.179662692758619 0.638414209413741 0.987529065356707 0.74983508899837 0.248167351665702 0.0889575460963729 0.761927227073358
0.108039225763085 0.293767606767647 0.673307408888451 0.587261586465814 0.0106388297969125 0.703225684897773 0.010520014703053 0.0747873179706413 0.461869882768555 0.021758263049913 0.00279072606333453 0.690802360960557 0.0376044738276751 0.0390948356198546 0.508518762096171 0.279798365876155 0.373967834747351 0.491075361858123 1.62533576022248e-06 0.000235303880921439
0.0567606627172285 0.511229381678724 0.169718973889421 0.476458109733344 0.364229900698187 0.425235794863449 0.0160446119179324 0.0680926065160746 0.0109138008007661 0.00660771518174632 0.00187959432411162 0.129617339663293 0.0257490324342206 0.0482616269476611 0.145737377474813 0.0958935432905234 0.302463692749864 0.323632989935344 0.61622100749915 0.697081536441511
0.0422413014576256 0.549467680606614 0.383991196821496 0.581209614096986 0.387183032412761 0.712343915582739 0.0192971626310665 0.334338724440297 0.641918455733597 0.113927765653179 0.141265954761568 0.866772858660168 0.10073639110514 0.0388883837288031 0.317921642136458 0.173758014844341 0.103305501695289 0.706524399760729 0.00136010892799301 0.997674318542651
0.864525080501991 0.745798502424788 0.969605775031327 0.687419403331497 0.996422324633548 0.87501374676585 0.794028162322617 0.998793461422174 0.997887861979315 0.986529922463284 0.911169727041866 0.995711184107692 0.61851570604966 0.445103992066581 0.953064582059772 0.999975702061621 0.710161757741019 0.958436281232632 0.116609756313743 0.999999
0.195895214392713 0.633137155730173 0.701144247158928 0.437709835359658 0.599942321533818 0.697031216570905 0.158774195595615 0.350452722717151 0.363607115270876 0.705883143971991 0.887166104294861 0.989773102111166 0.362977146470734 0.223677853935821 0.806961515329642 0.99965786789227 0.500704019098886 0.544507109303837 0.00919169318131859 0.100843572110348
0.0847052206322144 0.500618955462192 0.2977410004654 0.683476120777465 0.631344925399007 0.466917558274679 0.045788744328715 0.216744799681979 0.234129175844802 0.128557511776057 0.109097637479036 0.955807662980435 0.107094773965989 0.104846949648813 0.552590771140675 0.00202871271310258 0.497022457021862 0.351838401903301 0.205294558465544 0.999974569050869
0.0298076480965953 0.5245634997254 0.485431272414692 0.632544405550919 0.150670930373155 0.0959410273239522 0.0186906400696982 0.0209145463646197 0.0218738264238863 0.0305704608536085 0.0420580114435572 0.664861158725052 0.129137680393401 0.0634749413914657 0.679425939544714 0.57498898829667 0.257638628670369 0.202521876883485 0.000662566111363656 0.0878938855816363
0.619955908568141 0.739783401913156 0.977343130756719 0.877457857008205 0.957820700795368 0.207913406710434 0.809678777657698 0.907251172613881 0.951050221341486 0.89820188455626 0.977550368378792 0.997678615616901 0.696693287427847 0.281909135025576 0.84927621088321 0.999000028293804 0.706419068443543 0.75618787821524 0.999599643191172 0.889210155089759
0.490212693166809 0.783905751531932 0.88883542140573 0.790270195982637 0.974354991262501 0.387457161361344 0.429566673942757 0.982939359987215 0.937386193498948 0.934237785490675 0.970340555683522 0.941034364707749 0.721805174330042 0.42683798945635 0.971883530440503 0.999291023715375 0.700321387007126 0.771326308887723 0.126729108729303 0.938052014366964
0.413743674432503 0.597146735437239 0.744266959904395 0.463118132977497 0.789977935496086 0.352865917313419 0.0634581210456216 0.730326999918331 0.537626156310672 0.502869645291145 0.93676841405083 0.893547162948135 0.239125289105862 0.187198864419899 0.728202366328737 0.997846810105325 0.411194498532496 0.883529444044631 0.983174427297121 0.993675649352703
0.358922098139138 0.649064608108059 0.591158847920345 0.749775650372366 0.971794753448023 0.626110834316999 0.743536663045351 0.947838952877136 0.726770410124015 0.966806854105779 0.965830806348405 0.999308859330695 0.808617622921408 0.339310225674262 0.787802910271909 0.983745027385557 0.709717929437577 0.882764818428137 0.820895276420616 0.999657262040184
0.285178641163643 0.523555614725531 0.583806231545988 0.626327378038769 0.470077428249161 0.223428488790974 0.0414105171611313 0.828832203699444 0.812585033604023 0.275361966191447 0.169913509329493 0.941464859496767 0.239382121911291 0.0667913928699354 0.609507935247376 0.129269165829614 0.751905917054808 0.211627649506152 0.911251709899835 0.856432982383949
0.0607115889373834 0.59784078550442 0.315793935527235 0.730036775113138 0.32409298865014 0.326491904555358 0.0777484468345216 0.416780937649291 0.212028753622676 0.521452920614793 0.157332804476684 0.93102036149313 0.24026618573265 0.0631028605654839 0.361660275935794 0.044042655248413 0.18258067363476 0.345028350173234 0.929442734928904 0.000397435592552397
0.504079109023195 0.641289442949836 0.777252927596851 0.767895445618949 0.93690976903495 0.114811318954472 0.694407943669308 0.968630538629635 0.927574091091704 0.897657772558683 0.940366082596553 0.985162900962705 0.537253302825533 0.246226431172706 0.960806912776655 0.965030965229548 0.643943315193743 0.794790076870542 0.876585626980024 0.999951561816629
0.686463905254592 0.718099616153039 0.848869027529556 0.845509381755484 0.995101631221382 0.732570043178159 0.292863478122385 0.797154325987815 0.909293184232874 0.92508221288844 0.432895194156576 0.999151614903635 0.711907859311544 0.274922738285611 0.917903669958861 0.987408471806042 0.708572001632853 0.648757340706713 0.653608467824759 0.000983100776665307
