0.119029393839578 0.365822260397355 0.182367039817633 0.666721087127964 0.051086581379503 0.398139037096328 0.198142204434317 0.619611441483008 0.20057599119943 0.144277343945742 0.0243661957599849 0.471977205331866 0.22491615553756 0.0610277912416402 0.673058666786132 0.439259274236325 0.531307961034429 0.598484303054386 0.00145493308973083 0.999998788634686
0.266537315304385 0.752087150199158 0.917389281997958 0.599052648179199 0.810778935061746 0.686390718881892 0.355925678866422 0.252035325141632 0.735763642432971 0.708392203248813 0.552579986811423 0.970324748713257 0.64198646892786 0.238983227225902 0.886023950141624 0.978198090743607 0.810449981662251 0.512212519775665 7.97541043796209e-06 0.996381107874898
0.0179584702403128 0.343683549690302 0.0763147712253257 0.486602732748994 0.013925616463801 0.225334414371243 0.00248061248157313 0.00233876292507997 0.00369796237995183 0.0117264546843073 0.00127109078562052 0.406770720799696 0.0186563003352742 0.0337489567062466 0.223182306332569 0.544772910893789 0.196585551999043 0.264673587165746 1.1341312277459e-05 0.890898704478698
0.137020143804849 0.688636928257826 0.449263766503439 0.597236468595727 0.232449982820938 0.361849583469767 0.0764285071959085 0.156107495634669 0.037756522916867 0.511758663935397 0.725306267254485 0.991660685192362 0.456335381029397 0.0919094340145496 0.697401626261695 0.835541790788968 0.34180401522855 0.529156579792125 0.782621165098344 0.999999
0.153316720653059 0.611042952562522 0.460187224314974 0.686359763472053 0.463856195347706 0.460558113156549 0.183778618632321 0.238045520781777 0.389182831205257 0.117786998187233 0.126040390096919 0.989873436065486 0.131582697190209 0.0598786049818331 0.651298116286859 0.580100122136522 0.640411465468586 0.431980314429585 0.0107175291993681 0.009842023123879
0.325816112523164 0.622702626313136 0.76934700409462 0.608232867511905 0.938212905500581 0.290048477301194 0.418339883932496 0.570565272241644 0.434743035260345 0.249274118095208 0.3450328175122 0.949894390969526 0.190010166943854 0.124096902785609 0.613051382553832 0.98881484578504 0.549805881462727 0.614752707091759 0.0066870739192177 0.272430255252719
0.108722902397762 0.596735564927819 0.165862054368625 0.447887961240622 0.900500273430571 0.198571100069305 0.206275707923565 0.194572214626864 0.205955771260245 0.0919863267860962 0.0811087423963859 0.971621024381301 0.21725369489335 0.0744003208807595 0.620835947838704 0.998797924763243 0.302344868565422 0.358121796256219 0.0419831106348071 0.302808984279026
0.212727730177821 0.586719279858353 0.378332123378292 0.725559307455664 0.310021937564214 0.581938000155889 0.0532820723526998 0.761231927411474 0.737949532940315 0.097565224502216 0.237763591016698 0.890713604067529 0.345464906726905 0.183458915822799 0.491859104101393 0.895090210814637 0.673284902827215 0.614075297301281 0.182502502428262 0.993663279494792
0.664739383563003 0.746629022907975 0.939184861569874 0.459666210950639 0.902651482654902 0.625697943134962 0.441375506139044 0.906488440860649 0.933892732382791 0.848830178855883 0.902281171654611 0.997145989432139 0.828605605543506 0.336265852512222 0.899281946282561 0.947464455828418 0.559371649784193 0.694525429089701 0.0749916141453574 0.999712654015041
0.0825244115865579 0.544172750313668 0.614081830467012 0.444144943555933 0.333250571138521 0.35641641382107 0.177439067646034 0.0157589842413893 0.141014416159883 0.0849023594797149 0.103884219977005 0.906897301541162 0.104922977306235 0.0706963272936603 0.766146110905247 0.758724413446635 0.218973982581403 0.637605593726538 0.00185147837229187 0.999945082031587
0.320527638745584 0.678117020494292 0.300736328956858 0.80028879237111 0.966377655209629 0.19474557678305 0.0994467643336468 0.688120104536894 0.489392631081683 0.343417651241377 0.944000414216344 0.982576764900772 0.237548799021266 0.0601021817250977 0.85557573966534 0.123363140337092 0.550087341813604 0.755708963452075 0.549961515130696 0.502302442516968
0.347634041661083 0.503640875356618 0.150422596261587 0.383322338286894 0.292675396144179 0.501150068034851 0.216209688359516 0.272946828663428 0.945737483657092 0.329054044993438 0.555556833391756 0.85034805056029 0.165332703052976 0.105750824828493 0.721467098091719 0.750022441480311 0.393516512322427 0.471384745149923 0.115042629964826 0.000175193338292515
0.145396870026304 0.513330134218263 0.378188891638002 0.569883864111923 0.263943039387879 0.903400971817164 0.115359009327273 0.381036784238054 0.657083617364618 0.184287615126802 0.0560030777806115 0.966622846259053 0.0622712788802936 0.0644786569769743 0.726027652679315 0.922791655511224 0.349290108231993 0.719950268330743 0.00166351156668731 0.861453184066501
0.191928151332485 0.697245569384665 0.923259183044825 0.587070661896729 0.0496588485882939 0.0945728045101375 0.121366692315989 0.755556362390299 0.995290438793767 0.87664718086099 0.643053902931213 0.749855279591957 0.221114791727358 0.191152738879712 0.680747534172112 0.958036631988382 0.576079411984939 0.693999344281519 0.495759551888244 0.999225958140265
0.422985066490577 0.762874396772241 0.509879615114001 0.59826654221631 0.881118877312421 0.308071564273768 0.274392123732617 0.752440241131472 0.94457378122259 0.628205769865903 0.920097003844129 0.992581318530109 0.25594179741965 0.212112843308177 0.66450552599478 0.994895470091691 0.569608872922231 0.535026604140983 0.0808181222738982 0.0366514010782131
0.451249703544099 0.686355577080626 0.727142649642548 0.826746266579676 0.979690433037206 0.823621004721322 0.587649543201095 0.894301509147575 0.590733322659814 0.720420945203981 0.937587713365626 0.957373566458957 0.678971850580473 0.324020687177214 0.744073503150668 0.686326446489245 0.815848420621822 0.555301962661585 0.0243676024639719 0.992287885904452
0.382228586637077 0.672796846253517 0.797593258461412 0.596342326139252 0.563862321727612 0.555626441606486 0.275488404781169 0.904856324585345 0.137208968779892 0.249278617017261 0.802231333135101 0.944871716473602 0.140886993914266 0.115692913380451 0.665815298874613 0.540335674587794 0.555493659885154 0.635515705372588 0.0778220635686589 0.000693298355721559
0.0382876320850117 0.43919140009101 0.208761850203166 0.719242573782414 0.0323382676815704 0.194162134622334 0.03354041485718 0.0373465071797265 0.836419128738472 0.0354194769367489 0.10005726671794 0.628407147836921 0.0566640417054864 0.0292970219804628 0.46382551320875 0.157418663053049 0.532834183051843 0.445257976524709 4.145730144604e-05 0.998036339688892
0.0497907183310479 0.457382471885085 0.369648583939947 0.232011656498506 0.0120469803938653 0.107342949649779 0.0458737749077905 0.137631109643195 0.424810709351259 0.16852952088687 0.0460374960563155 0.885051249663451 0.136958329396139 0.051946544291676 0.276001079300658 0.806917150515699 0.454541455763038 0.202169489944904 0.000808278947711183 0.0283933347189995
0.299623537575509 0.727510510268818 0.514450490610618 0.540215370760261 0.679447451441319 0.125303714764663 0.500708582632205 0.656804805327022 0.977730492647846 0.512881443584771 0.558780231482724 0.992927717427833 0.326734550499055 0.203465988074226 0.790104759896495 0.995849411418788 0.440719459203071 0.632310597381223 0.555095613040522 0.916668639614287
0.360883650192726 0.709731593616627 0.710639061917443 0.713184030616307 0.901108599519508 0.62057161895872 0.340130935516799 0.357812297414248 0.997941124711147 0.64057504236551 0.402106084880816 0.958658692218809 0.27952737928499 0.186381692383259 0.631310916317485 0.963399235723011 0.536028794630016 0.417309953783512 0.354525916042686 0.998014404572119
0.23314375712238 0.673080410078224 0.8980089546868 0.702195519415221 0.446220703831957 0.68418314141272 0.192552568134113 0.425089108661052 0.642591090100667 0.833028145271473 0.832206400464305 0.962732334198685 0.431582076649563 0.256036598683545 0.56636257737568 0.970847517091449 0.593014866263038 0.736728642820621 0.948772945342977 0.99967384455131
0.172536838530184 0.693834808692011 0.115537555916789 0.492248238500963 0.919362782829251 0.789374410349036 0.404789921685634 0.164878727281352 0.925066775869189 0.296849095726292 0.114942681613863 0.983668925707789 0.167109648437323 0.102038037524657 0.344413224542132 0.975771607935231 0.542542492183508 0.723244757737386 0.00593012034606953 0.994766388483464
0.795767495610252 0.748422980615948 0.974011564655838 0.696631145912531 0.986861313537385 0.912057656904699 0.566668273389071 0.917613460946984 0.896814590635185 0.974137906998799 0.927267710067143 0.970790254009875 0.371768581872149 0.556274634251276 0.925681148351978 0.999987822150576 0.672930484690263 0.689085864146713 0.805509330209562 0.0432546339443541
0.338765710469618 0.523624399099127 0.805284700295231 0.592094716503897 0.802524985536974 0.257970981365392 0.329995678896962 0.971268589089008 0.0710802337336817 0.54731300444157 0.303632928515445 0.995790229055505 0.29062193976081 0.124806160245071 0.910850936299646 0.997109758311016 0.305591462581509 0.623264182479337 0.817701425407815 1e-06
0.580066529493419 0.733729623009756 0.793480664083077 0.729511101699225 0.995526869148902 0.765178878383659 0.691485787718003 0.95079691829538 0.978109386188471 0.957461991924875 0.983572022975064 0.998426290776029 0.599694971800038 0.328829596433754 0.935394307538371 0.869913031529847 0.305461021975516 0.679594364067782 0.304518662966776 0.00046335603613257
0.0407809992070901 0.342628137484546 0.579217996341621 0.748516923832324 0.22748121002431 0.129338840537999 0.0148983628242882 0.00623811674286459 0.211481925662889 0.0414992275472482 0.0023619788105812 0.172705001265925 0.0301926145052474 0.0121474158850449 0.333322376826032 0.152687407150331 0.315725384469546 0.165995010678703 0.0671123118351459 0.999941465545956
0.603609725006072 0.785596078920525 0.916923797976983 0.728738126955736 0.999335168595031 0.126288659404608 0.402647164659197 0.975429182538227 0.997430708701682 0.985076045763116 0.981436034640693 0.999650608276125 0.682556231152548 0.55503841397655 0.920719328256051 0.999764996091195 0.831913970739384 0.770656759979233 0.0353903331778785 0.999636256866209
0.023662200872267 0.502594990221637 0.208101674772805 0.454207609553689 0.0252451887012298 0.383564869814398 0.0113574828757601 0.197364422186631 0.138286175720488 0.121357471762715 0.175128541061705 0.91461798038713 0.028672533220469 0.0561831058249636 0.154292035633067 0.968942890710238 0.552071836530288 0.309371866660631 0.00506963663034045 1e-06
0.369384350900883 0.571128002232641 0.295765863245385 0.55916608042244 0.752737467502506 0.399353272483086 0.181994431613938 0.446394731977427 0.963440409626621 0.663483090634583 0.348357062682422 0.917452949164197 0.248714975963091 0.0922262953802159 0.777507098352865 0.931092098931455 0.691286059157561 0.589290799326689 0.0381634565997992 0.929606118210752
0.383412730539765 0.679062389798264 0.850661094724284 0.651493087365812 0.461351459874362 0.481509988587737 0.159064689756406 0.0829152418266212 0.697657161109624 0.85147819801511 0.858868856061782 0.977372034819776 0.404818233483168 0.207905802821296 0.734724051477753 0.997333909630442 0.536152350154979 0.818213406731652 0.231271875880679 0.199639875478803
0.270166399328985 0.665074993099599 0.768506395973957 0.444888902219033 0.929259870801417 0.414756089174477 0.0819992106338736 0.976610866626829 0.468675734961928 0.80023912713942 0.781092256350994 0.889430089428391 0.185867184616354 0.323266163417564 0.806994701026028 0.964104132922346 0.735193115645433 0.618650693739051 0.10384789507006 0.530222765167133
0.0723312942033428 0.401558668362865 0.0947058812871599 0.386769419756734 0.186782500089334 0.442703211738946 0.101784891728277 0.223388610925168 0.683270179181269 0.0378473401676808 0.2626923598298 0.946423923463063 0.0831166378828306 0.0203143618983458 0.274943028275179 0.88466114383971 0.284832249864584 0.297731360693632 9.62134351375156e-05 0.823211119270773
0.325527442347797 0.72511496227392 0.966400729307453 0.67972668891797 0.650007244516613 0.154098808882418 0.239563728298415 0.985432025979224 0.519181329190648 0.889705867618198 0.979914598879817 0.998896548292973 0.651469994307677 0.193843901367922 0.96321558580584 0.92703917420619 0.560818939995231 0.425600254163491 0.999525593112664 0.999657674754822
0.025591930192942 0.335149631100069 0.120531507627624 0.562251054323577 0.125599344131555 0.240592828698486 0.0959834010368983 0.152709033131784 0.288597524309687 0.0246736662550178 0.00861522740035192 0.077005717672204 0.0669473708275349 0.0388837424350684 0.0902303317323821 0.388289698883281 0.246345674676006 0.332841838657493 0.00110476343907609 0.0972835707377986
0.254167553786285 0.782458992739577 0.820025383517133 0.725053807163063 0.818060740555351 0.393668778594849 0.494815380413026 0.620826106850586 0.931110375430673 0.910386632608623 0.965688299782153 0.984037773128104 0.233132649547895 0.244811476734475 0.929992665469743 0.62821035607696 0.388694695661575 0.716156621190276 0.401664731956918 0.999594025310581
0.0507684460108889 0.392058865932784 0.167804283384972 0.431061501964905 0.0327090028582884 0.160389700161725 0.0139526673473219 0.0205446158759987 0.208166102589147 0.0345062781891245 0.0139976357497508 0.0632934393077734 0.0448086265057757 0.044258109370927 0.559978304168159 0.00624526163250367 0.413664170481919 0.242911981749429 6.74836622079148e-06 0.999936684372128
0.0558785096034921 0.538403023867821 0.722101889551987 0.554324075607786 0.250899909499053 0.885092898736781 0.0729215077474029 0.327696721433836 0.411560788978545 0.0476302245078682 0.0452449316811811 0.986361418624451 0.0659571840046413 0.0742037866403629 0.465697633102927 0.0799371089167137 0.246222926790709 0.51447459265182 0.00147771707174208 0.679298816856903
0.286280820255395 0.531365408245775 0.447927120506004 0.633358401299513 0.259914591541105 0.117983111095203 0.0450084636271516 0.589404771068527 0.378545473867375 0.599737045761197 0.148777408600727 0.970762655101025 0.131321288835316 0.122788360182836 0.508053753007733 0.784052083045148 0.123148740024828 0.738148211006337 5.12807803950618e-05 0.968663868866079
0.101284583720408 0.451612933628397 0.216575510427126 0.785179333256182 0.143932965909765 0.475135652139644 0.0202801936487824 0.097755357107885 0.0115695418227416 0.0787088086889551 0.0799758810703656 0.720634860308315 0.0352548868635814 0.0416449605207787 0.40861132843017 0.154257061369525 0.525396071334317 0.191946659639463 0.0594448396802355 0.0544957472209956
0.612983746192661 0.772178066819984 0.821926444061294 0.872045384373642 0.986731583870942 0.708737205262511 0.628928339447197 0.990931347070715 0.996276336332117 0.844789342964046 0.908968852566342 0.999944564809546 0.618760142676316 0.467535439413819 0.967946173602363 0.999844928165598 0.417561297195337 0.746391650123234 0.954348431770471 0.999900350542508
0.18325496469775 0.68778256368309 0.603495519104324 0.423066652542465 0.943317338296496 0.681711648025721 0.466594078548657 0.834022289078992 0.932012070148829 0.833253851164195 0.483131433872985 0.909638383174912 0.623209854697942 0.224454287026888 0.899974492735996 0.999550818272395 0.617296616710392 0.546304497447077 0.159240429545149 0.720790967586057
0.245798201248464 0.566924391606959 0.301468031904883 0.55674782356135 0.623918327055247 0.65655047836712 0.0860085140224067 0.0271861030702954 0.472711898357326 0.547232875892032 0.3645769092079 0.545323903690876 0.414399921922404 0.244233529501446 0.151233512457859 0.957647771260939 0.554973254638216 0.628260422856489 0.847280882408792 0.0654533174467583
0.0530135944322424 0.436284620000481 0.324397992494469 0.764541916688278 0.0254763311808802 0.591269291463457 0.0219124089154652 0.178720425139944 0.602769694706572 0.122169727586487 0.0262353253192012 0.977069383563883 0.152016457152768 0.0777583177447918 0.500964766382446 0.589722978001384 0.3287239855678 0.488431968854666 0.00011054661956898 2.00967979062936e-06
0.64277341316241 0.761418648116754 0.885000511188833 0.59001980838367 0.995072308013936 0.877393638558721 0.394010842969872 0.978106753228343 0.988937551430153 0.965726426437229 0.967178585198933 0.998571912003229 0.490301259574447 0.574889844342031 0.952156911635301 0.999372099716497 0.501492898057333 0.919778231700909 0.170863072720271 0.41375657840558
0.319676093780078 0.731709642409189 0.433287380216247 0.642217843564835 0.84064899581288 0.406863267795653 0.158662572827543 0.925707797961438 0.700969858500801 0.303233035860993 0.955057831815789 0.998513300337434 0.242080549664542 0.201720168363373 0.822590117232546 0.994576243678526 0.54201442234352 0.56238182687234 0.984491753079172 0.984757447739251
0.0408380474988901 0.44502917324734 0.114170250803901 0.422117388545808 0.0648185788600487 0.448038531661939 0.0227843534298079 0.0984650650467654 0.727415452822333 0.0491122358427009 0.00992004646492799 0.385142809060026 0.0209427571797026 0.0180552215874228 0.28203114044108 0.0759223748170281 0.41484010524014 0.348202015988851 0.00276386154290643 4.54618354472455e-06
0.25204231405094 0.553372367337507 0.356285494839241 0.66911475631678 0.174302727954942 0.605388581982984 0.28223054446533 0.250018624146004 0.0978036566545303 0.59027738622291 0.538107092817434 0.970634935176922 0.470053668450307 0.109991159234573 0.870799642085018 0.972509527023829 0.530085030020606 0.777718825875262 0.750590194999853 0.982214128360266
0.352665646682133 0.711711966578019 0.420792970155292 0.74573851804061 0.586985101717489 0.318819675685158 0.0922660364925604 0.551989332384968 0.813052919520616 0.743158412275604 0.941926992327017 0.950655025800935 0.404284463410355 0.270262454001385 0.934025260359072 0.933920230237344 0.626761230321044 0.626798964255763 0.768550271782736 0.875201684014965
0.210535485281724 0.65587100220763 0.474319049103638 0.534085428238526 0.694145652575306 0.877032485894758 0.504048893217376 0.992013266663084 0.689504944546601 0.52776910898435 0.678499381410371 0.999934853516517 0.196647272688059 0.25298622393663 0.71968305298761 0.99763405073543 0.689185326993956 0.53059475930269 0.102284963492236 0.933135527446597
0.416950182241295 0.663785028689197 0.403151905357721 0.576123586831351 0.477679450009704 0.378522868359867 0.48775491282224 0.490858875431477 0.480865967716496 0.764987709163548 0.775076165045352 0.938855479022029 0.143030834931479 0.0867466350627982 0.585262131353116 0.993272441544556 0.387385923227229 0.786230493953226 0.992773018041126 0.0172183756471749
0.732563105642746 0.811500273167819 0.758019744925267 0.605463053451429 0.906196762963144 0.399456575353453 0.305047495760246 0.940399138221557 0.707783864803821 0.87456315641239 0.778834802624265 0.997929508222237 0.791906128727609 0.440932952842434 0.953339208999939 0.967345031924851 0.501128023348525 0.829702971371039 0.999242021106737 0.000415931961727217
0.659626760722034 0.709311049759185 0.690712810004559 0.644549354293801 0.989033176530361 0.431527863896755 0.367175052636071 0.975725064292567 0.967396304387359 0.920564292792906 0.701277316079932 0.998167014721047 0.479860764779822 0.508532059640962 0.971921571683281 0.670059445060177 0.666427185962759 0.430053723324404 0.946828964223146 0.737529353253466
0.457823168315307 0.78885482727683 0.821268473409013 0.605043988529383 0.786578677958209 0.749454930619653 0.536930300924367 0.972807880661459 0.919204759626027 0.950116535308644 0.453074208197035 0.973194501360931 0.417651506830372 0.209475130757392 0.905953522365563 0.988516789066308 0.354945690863606 0.780848527908489 0.642474508889514 0.147693066335074
0.489972187907844 0.794159284975175 0.597353655023698 0.56794988462177 0.599143047821116 0.507559226420022 0.28877180951485 0.860325246395877 0.951978828859366 0.57832399245559 0.887028030270082 0.999690844475464 0.263557139518786 0.217316234365236 0.666751501589919 0.672946051429727 0.695476372450709 0.712661399437801 0.951907162817205 0.202786503631415
0.253321886449286 0.655973589347744 0.613464681894904 0.625240053970441 0.853876170209253 0.546763152404219 0.468289873323145 0.845284578126834 0.983997497954033 0.297764732601452 0.533964631669926 0.993474709338195 0.409087548665618 0.194488639237892 0.816880101118712 0.925016243898124 0.513182832956396 0.65295028090449 0.986642339218388 0.999829783582816
0.162288218578758 0.660023261819334 0.84969103120588 0.823557508626331 0.980187174961621 0.18984362105555 0.0382191199109743 0.615019925149364 0.85323500971653 0.659684900109399 0.457228996243052 0.427175476344896 0.303128900639676 0.174078263165145 0.591569500494028 0.966674539657583 0.670882202358412 0.715347877874895 0.121146453717626 0.990061791492876
0.0593685570357607 0.471119836551151 0.432285781675637 0.50678440463168 0.154900746558056 0.247858330120362 0.0302910557631799 0.195893224613415 0.0723027594907557 0.0762677513595269 0.0137240674115846 0.586904770102024 0.0546518250385203 0.0370991589891123 0.497474139578721 0.434255869010577 0.276668099802986 0.257375616485883 0.000631091978629577 0.986510851884357
0.388739081328765 0.794050774688636 0.759482143895644 0.855638894378446 0.997671302547504 0.668888644163287 0.246187482269994 0.988945819552645 0.994618660679333 0.847819157961859 0.955834932682797 0.923625695188452 0.697415375192764 0.487177267621114 0.709923332020584 0.990569944050029 0.717673299923728 0.68191538217729 0.579300499314808 0.290195886244719
0.59090014826121 0.822411679927668 0.491970149896641 0.652003258354895 0.936211315247579 0.525951539286241 0.939761516312584 0.997773474187441 0.78652524159172 0.983714710961795 0.81762975441524 0.999410344275104 0.744159793514593 0.343980975734009 0.720331583166101 0.998129489751079 0.732303362219312 0.698768168921264 0.633865329017459 0.988605559328625
0.141605374182231 0.4949981893934 0.223837480657174 0.691907988614899 0.0271061926667157 0.345170446873651 0.117170255595649 0.0951231747923969 0.469016114792467 0.425935112127074 0.23561368777225 0.836496649993331 0.195409217418967 0.0956221611639783 0.856310514868568 0.797949793996021 0.306717432174879 0.413776542464175 0.642333034202254 0.000325967195974537
0.564117674051485 0.630585572459757 0.672428195061915 0.573594408271092 0.651327736970823 0.223607771356822 0.323018090955147 0.514951123071444 0.991360623317901 0.69752179124189 0.92880156258577 0.989923607380294 0.239313190754031 0.390797096680726 0.864754980304904 0.795538902360025 0.625842311438425 0.47583838194669 0.980521697848247 0.999236333563191
0.309571040706568 0.636963170755404 0.681434173953573 0.477132275636999 0.801745763278533 0.401051382490367 0.658874828550042 0.81113486865961 0.965055306183144 0.422011395214464 0.513488516215091 0.991807321710221 0.403997316401253 0.0395945581518467 0.304653465589501 0.998297018767648 0.648647364002479 0.612583157916404 0.504794606933144 0.644633235711077
0.651272979622895 0.703903543168743 0.636697030120816 0.632161069206227 0.966526812488732 0.432482467797513 0.498289379662659 0.902506208334004 0.940401688614891 0.743379287495599 0.496221671529194 0.998956385592066 0.567897007795926 0.278072524328056 0.957487686779017 0.911886078101878 0.646077240549972 0.6876103379736 0.0268734405884072 0.999996452052398
0.223532362726015 0.482811490637527 0.553448820025962 0.750569535390362 0.212204471231042 0.684156752948758 0.298078287306214 0.689791136828965 0.414670273132097 0.587441216022199 0.472919468963065 0.977450747852846 0.207134250701437 0.0873694995403533 0.146089628416444 0.36055129296897 0.233979105972398 0.576853993607226 0.457249626718708 0.0910300466074759
0.156198460496927 0.543084737196731 0.422558031909728 0.603920414943321 0.786818691756624 0.553188588723104 0.102178016143711 0.499407915918492 0.622350366574315 0.383682693632269 0.130125413659257 0.908513170837961 0.245637403387433 0.239086644023018 0.217450520085268 0.982553430926199 0.623448325575786 0.628190824603415 0.00503949353259336 2.60147109339772e-06
0.0697202039668156 0.394588259166256 0.525708224849677 0.639124068987075 0.0607040013234968 0.740907672159728 0.00784612803387977 0.014882867052889 0.0705608006121898 0.0449050080764534 0.00925218022403881 0.338721272788101 0.0490946283377829 0.0192973871169575 0.44509886404262 0.0595583146475632 0.277951605360426 0.399114892518095 0.00125635509713513 0.0583705479592717
0.0902029204529928 0.648987270287455 0.69052609972803 0.620087603715571 0.211034932734976 0.377461622342919 0.114404742605916 0.198886069188455 0.00948450370009277 0.257307564747145 0.019866018769589 0.513131685960069 0.23074167912203 0.0798957773326385 0.818291547806058 0.615815658793454 0.534051854428578 0.526984403537468 0.993451662275269 0.9918976269783
0.0328260761392057 0.533261535684296 0.0938328130256651 0.415616993769929 0.086320737907278 0.0779667799594507 0.0241336489530354 0.102093615668843 0.0774685085635838 0.0383458373040416 0.0500555852617248 0.152502802759077 0.0263987507214482 0.0318176149169296 0.388347649351748 0.230015673047366 0.307777455054245 0.222381029275942 0.000273157217142506 0.918821589393678
0.14750921022787 0.66916035646108 0.717407806482639 0.523776330318185 0.783317469036751 0.245961214069988 0.584750409943509 0.436686017203648 0.898792785500454 0.479177147624974 0.829199835403563 0.935779084482836 0.447370276240335 0.230941579837239 0.658224102075103 0.998007999121715 0.278210001556709 0.820527274280667 0.00771937858814278 0.999999
0.0613473751035463 0.409978833065452 0.744363654204284 0.491921565579049 0.0164152084680569 0.177388043871246 0.023717951999724 0.00384569429891458 0.000995458925419121 0.00742129547181928 0.0386796039017432 0.886198754383259 0.0907197802049363 0.0260128074264862 0.580664703383024 0.319306591965623 0.639379640597637 0.341325434988874 0.0776021602138919 0.000102555192396037
0.280587469247123 0.633167014635743 0.944029517905247 0.569653811548591 0.963688923464694 0.264844853072718 0.041342376539363 0.837986497866436 0.860865239984174 0.902241311685081 0.975218074066555 0.990151494353686 0.489657088150735 0.167639118587939 0.840166556000599 0.997297408159562 0.575734197833897 0.58022650443874 0.908432667873554 0.880617084042253
0.615763940873113 0.614026576247979 0.944439996956936 0.471887027734927 0.977223313909219 0.153330895311894 0.53720729658629 0.946870400817489 0.30155973288547 0.466125836279787 0.973842885274499 0.806795521199942 0.366267583444265 0.21038406115528 0.794294080862397 0.695055473418568 0.524320606904176 0.609080477006976 0.0397563219296731 0.444057319338199
0.145934738482242 0.704175123314998 0.8193239237862 0.701599409458407 0.937171023792394 0.596938760750234 0.0874951213427819 0.848242838712579 0.854889607922069 0.492500686828676 0.920886866295731 0.99780068926639 0.170196727704196 0.156017430449998 0.646036484163385 0.978570619796205 0.483588468118749 0.592021458745368 0.657401589998055 0.160871488833706
0.256158463490592 0.6652539922572 0.838169467712349 0.852633643754901 0.709987292435408 0.826774394216835 0.164346252593256 0.868448413170033 0.524234466373636 0.282139912251588 0.957859652204484 0.994685171959089 0.58612595724302 0.215475155562288 0.540713723708488 0.868246469543567 0.609452749565122 0.59442519338779 0.118837265500084 0.00323455198808758
0.0263742315955507 0.352751631965543 0.0691333605702411 0.693964008735667 0.0333473386049664 0.36698246167606 0.0566295287014081 0.0393418727524206 0.20405814904843 0.0168397002182901 0.00356544055926206 0.903097932136475 0.0560012954958512 0.0234819492769353 0.474513478930601 0.154835314026629 0.508179933458748 0.108665993379696 0.0085860215365135 8.04873310475557e-05
0.0542411026646192 0.551259315609686 0.561765048051372 0.476628765267254 0.116798919063857 0.732150317189462 0.0546659330485118 0.0887480831023868 0.434436219546561 0.0294939650786952 0.011730838314127 0.0690638986100946 0.0625411877630318 0.0445260153619831 0.310042585432872 0.0116958204482238 0.187720609195331 0.40164222946833 0.0825638386553582 0.999963289697615
0.0993648735713362 0.526573490383333 0.182096634041596 0.549940169332289 0.12337304441045 0.207393571260553 0.0654722883755929 0.254846609200769 0.00115316156583563 0.0575825272113302 0.0195695025131759 0.89360155867754 0.0394446720105678 0.035443625682259 0.242467956607917 0.847836322680601 0.41015898782169 0.304856515699985 0.00466430583772478 0.136244584023021
0.0186822705109924 0.440990361563306 0.182263890847234 0.496203619509959 0.0455297761105855 0.509567055539439 0.00289450888390098 0.0650326717000572 0.0237481464259973 0.0228041839326102 0.0215206354665454 0.0787475147500658 0.00949042738043417 0.0495902609571698 0.0615269634717269 0.374550798460995 0.271814562863052 0.391403320762674 0.684289963631833 0.713438635485013
0.0732883193464231 0.430152355484974 0.11988199271887 0.732132815414174 0.505221243605826 0.163891211482327 0.0280156670916825 0.0385079309773904 0.327714697421742 0.0643737350877649 0.0659236665307408 0.100131734391817 0.0835889780601575 0.0183251209527997 0.229140835945709 0.00378722152177744 0.423553979817429 0.333755826339317 0.118228814094749 0.000312773914391712
0.591907123707329 0.710107657381567 0.94655714519438 0.669319247583452 0.984501742456495 0.366332174013809 0.441764879342151 0.982402504734201 0.978107406673794 0.86465125658648 0.811855417533081 0.996153219305556 0.611756424852465 0.177191752423525 0.760799899648173 0.999126558186662 0.797895094168251 0.662349397722919 0.998581597379855 0.0580003527813387
0.173153075553698 0.442611239567441 0.459301718562219 0.726469694607886 0.478489014667574 0.0784249055126886 0.0771685359165733 0.542013319697391 0.05973304786978 0.0374521633440221 0.101457917815639 0.901267537241747 0.158889203096182 0.0581069787106087 0.565197233745458 0.539052612816161 0.483452893412443 0.602506169910819 0.305241659209497 0.186058974516687
0.34683336398432 0.728600521949485 0.687633016776042 0.721088844266008 0.983487445098378 0.554520288081283 0.230072257647922 0.929280634429333 0.976582959580102 0.763761490569112 0.728025668825982 0.9792642192625 0.24084957632757 0.275203780715046 0.961909671249023 0.983263617504855 0.757996255585379 0.786644646253797 0.064545125061845 0.99998277268807
0.149245316184184 0.611271757314474 0.229701075299516 0.48174231707793 0.344389089062613 0.0713390695840884 0.18971817690259 0.84019668619683 0.739420168907907 0.276947445555746 0.116133039251882 0.964747895746001 0.142970512209883 0.0917495018048295 0.521547105259074 0.977375294914329 0.169723884653683 0.490236358355017 0.0179224733972299 0.00975596437417637
0.222064069260905 0.626250198826831 0.552525407292935 0.580067913690553 0.949466878479489 0.144517904013949 0.36889624644575 0.262568264646481 0.150741213415205 0.110243069059022 0.360473673692117 0.977225934934687 0.191256347727969 0.2093170175068 0.301255229574949 0.881556391843354 0.495931051943353 0.521163969447169 0.000882606075959426 0.999518727915083
0.0666306298728547 0.440153536075748 0.331022282582715 0.388393896760656 0.652286893445478 0.749723195713426 0.00980736697510828 0.128961679986863 0.023975992011702 0.0811509699608055 0.0216816690007073 0.741695529872564 0.0553751838539044 0.0693199899908513 0.143723072616375 0.765749413510574 0.415073568131104 0.469149335151224 0.00102347258526138 0.000357034002524095
0.0741040798485526 0.372759084661841 0.0441612033003961 0.387036470611317 0.24024694231597 0.535933353456574 0.0814057493531801 0.00133224207584428 2.45171398083678e-05 0.0165103887793317 0.00193292395464478 0.3998744176398 0.0304822686511453 0.0399989633617728 0.520834847509332 0.459077674633294 0.352309426342475 0.200280113688449 0.000622915524191483 0.000696781492634765
0.105001710107551 0.460230739341396 0.180931627994053 0.531761332277168 0.0243932035246653 0.0519665598171678 0.0419341476708221 0.126668062995032 0.183321274042506 0.232959922707431 0.0544181005040726 0.627311935698038 0.0439036188497371 0.0527253365989635 0.354098637205844 0.9979611080198 0.32850692627537 0.555874965149653 0.000458673581020702 0.224178354255425
0.841698595730493 0.789599591716883 0.972511995901991 0.725134923115723 0.938883314728212 0.613104437347334 0.938481597231344 0.989791793112066 0.882984339279529 0.983634082816992 0.963865276965221 0.998161862790251 0.842676319268422 0.562466959047395 0.821271921489838 0.999795346094825 0.738547003055937 0.796134387660279 0.733458983869833 0.957515706556898
0.462622151386902 0.669159825704424 0.836097420296002 0.461351091287134 0.834533066519983 0.289280890818493 0.126395708419254 0.435219149749883 0.810993151279143 0.652833851460094 0.74285768960547 0.992341799031668 0.519226977094585 0.207646281536502 0.753910614270397 0.961587904528689 0.799571310881901 0.422203193215737 0.862966572706046 0.330221707963228
0.107318931923895 0.517030708510026 0.312375722439016 0.744287515026414 0.043710697600171 0.0965323049546684 0.173909437419217 0.890826979631885 0.579433390790715 0.647818424546175 0.0964711425103355 0.407796259714465 0.122526666621781 0.049132175908085 0.379754122168487 0.888785085115527 0.26453417138249 0.507639810810487 0.0650215283407043 4.43502828476494e-05
0.0524660331346858 0.505600566740489 0.595560361573676 0.7432867890236 0.0558969028763787 0.327325302619366 0.029075256900134 0.614223939639126 0.0319252182238846 0.184719065960375 0.0201030378469646 0.431710167203568 0.048407748505608 0.0709614873605003 0.388116110888175 0.709405514256093 0.47933490342743 0.200645276778901 0.00274276265930942 1e-06
0.828454525119896 0.77204119362616 0.867985579914673 0.772913177186122 0.992582421223094 0.400114073570647 0.179551098138175 0.990722262179418 0.902105783541622 0.679819701958216 0.720704570921426 0.99545812462817 0.511894487357884 0.371617429228905 0.957398872646141 0.993926509565013 0.531945332475497 0.881094904192246 0.882097602477119 0.738486263383997
0.682734790316694 0.803172716483847 0.865316680851094 0.739510416197448 0.984591171760595 0.465972460078017 0.786245255171143 0.980339047384334 0.979850489201906 0.93452901829164 0.960001751116544 0.992904495726836 0.495598840479711 0.444413880853745 0.95109911056572 0.999895923972039 0.408191735158014 0.555517232274149 0.37069029350815 0.999999
0.230881828624058 0.62054168357044 0.884982820257132 0.592242003595842 0.759850872511647 0.355156156929056 0.093021392368861 0.796674326349923 0.984045249572319 0.804204696771819 0.44530348246831 0.988987769607112 0.339999809366518 0.266194872711094 0.796005477858593 0.960572526625709 0.396199643392737 0.704454744323031 0.184397453017916 0.18079058856622
0.520645970237046 0.736993600987315 0.915356697099556 0.72958619793731 0.961713543966932 0.216510813876316 0.718537345488936 0.986781503976801 0.835098575232113 0.941387321560295 0.97572543507518 0.978975687048934 0.651324324791177 0.460513325710222 0.873679848370001 0.99999307265061 0.464260894180469 0.795434479789254 0.968531164556329 0.997930793362294
0.214253884180233 0.68643705397571 0.481658947615966 0.886663959110962 0.280985103298626 0.551452135818843 0.123976102637045 0.199290778939039 0.167360906329067 0.380776644463663 0.109945714406004 0.963213904093038 0.193086828831317 0.177828498969934 0.769960401813191 0.96998593495044 0.394795731654352 0.384909674642334 0.920550113642817 0.997180586713712
0.143593629935693 0.579082804570159 0.362493942966627 0.430194682265398 0.213932969541292 0.81473897922907 0.0325366626773815 0.724976169711397 0.889537342625244 0.166815076243791 0.299263279773054 0.990363972360523 0.136354066650882 0.162334125153652 0.535770601186365 0.101397943776214 0.800697768850178 0.381787795889347 0.14867935624639 0.217836241292492
0.296881382677179 0.64787526547509 0.299002625792512 0.699167221333388 0.906600521212665 0.266926884979525 0.394190222266825 0.703571148759882 0.943002309041839 0.977970235605451 0.835532629850249 0.979922360470534 0.836095278966468 0.338793006510562 0.942658979363052 0.999696443370295 0.788297423954765 0.610458094870539 0.121958556496426 0.110920201452641
0.460859403523973 0.751865479931882 0.946717055328217 0.681511845545299 0.993697299475367 0.353546037753569 0.204760397378768 0.867809265250229 0.836438965491236 0.952514932963394 0.906530961078402 0.997164750520901 0.667380985288104 0.331922367722003 0.986068893594044 0.995145423000689 0.641586547323135 0.828375724297012 0.679935938194544 0.999635396977509
