0.0297264384096437 0.483093734397597 0.150807600923101 0.721155331652345 0.118249706393894 0.398366221467007 0.0593775913731872 0.255837635296513 0.584908728513111 0.0873607856914651 0.262709154097258 0.849266876234795 0.0471015048511068 0.0636399587422801 0.467897995314618 0.95822305981467 0.300271413627311 0.369774272367578 0.0180595968445658 0.999688629150733
0.328657846052324 0.653508577916411 0.509410899884226 0.633870513011837 0.144100737206122 0.826850461633402 0.349125441290969 0.483160058029684 0.363572788023814 0.517626569774609 0.843083855929052 0.948282917690948 0.491902879267963 0.149586791304948 0.75374988674576 0.27497746634521 0.434522836283498 0.518757790470629 0.992581162383783 0.0137307313451726
0.0154145348912878 0.434498632117257 0.214788632785631 0.621741629969871 0.183096397820931 0.361229019276664 0.00743130012873225 0.0440367108988928 0.00558249449959748 0.0209633840228898 0.00119969974072122 0.468739664401479 0.0148403650430522 0.0317051523658243 0.0537588302868448 0.0858352290817017 0.326264719036262 0.356921897478288 0.0311009791245808 0.996481790808213
0.192007092472562 0.528010517176994 0.154197048172259 0.438350663795403 0.232730464130852 0.74166080658909 0.267898989193249 0.456755533865846 0.989096571806096 0.269981637467 0.251410090538509 0.920969464036815 0.216378532976741 0.121672630667785 0.876191150089515 0.997058082718981 0.270580401919039 0.290085560579701 0.491337927213947 0.910939052574426
0.139692724945791 0.59764062128191 0.79939974070123 0.556303884897057 0.386503019643157 0.233064937326236 0.537965495810367 0.119022619929227 0.10393189845007 0.107958377013217 0.0957594339826674 0.943007374547825 0.0791343287615121 0.0858449511383253 0.851206419309891 0.689583877890974 0.48803299643908 0.475682683270517 0.00175447454782129 0.998947011700882
0.172542900775542 0.70485454834478 0.357784780854837 0.600988365465152 0.889216060796792 0.354027510214172 0.377900300806318 0.565856507159802 0.748869132526997 0.149925596989359 0.56058900341119 0.896935099063846 0.201383914244918 0.124207443398482 0.604610141140942 0.995843778663422 0.537551291427971 0.760386889465894 0.40920245435642 0.926657560046067
0.156735794954047 0.524566891161273 0.192841664595953 0.579394127769462 0.159037621790364 0.500038645757662 0.136075021019079 0.306244256982984 0.459099611569692 0.204365902932915 0.101132727747283 0.994279773569922 0.121882617380383 0.187514787753365 0.429721599014638 0.994526130645687 0.543928852373534 0.349040238044998 1.62373949644581e-05 0.031301846525879
0.134772452346845 0.565659866337798 0.370418740252296 0.673657315026089 0.750289866168797 0.3480785390037 0.202559328360933 0.422331960949118 0.975152403424878 0.551929401272393 0.296839001366986 0.857790691239147 0.131515457723014 0.0914711084411969 0.873460296932935 0.976497307150773 0.451199366322444 0.68203420124599 0.667806892231874 0.353228470127347
0.766683405412658 0.624140091697981 0.904890704062213 0.826700194377975 0.994458359047685 0.387780297092774 0.409364566364386 0.951743356514262 0.98640146116687 0.918720039825842 0.908552878844467 0.999890029767261 0.449456553647991 0.321331241374416 0.968435212041258 0.938715433025111 0.56187578275688 0.670204859859742 0.163685501849616 0.999991978929092
0.085322386046506 0.45706092485653 0.259823917625914 0.73804093078359 0.671288623831141 0.262771221903438 0.218218504939282 0.120863182205712 0.90064587824969 0.111583183142766 0.222611192659394 0.761222510264973 0.099270371606431 0.0517759433206684 0.50012954203722 0.441179114105013 0.591860393883921 0.352737189928143 0.0698370997750775 0.999361699497244
0.105590564673377 0.474614298814031 0.296237715945596 0.542584167916473 0.357254912625573 0.360314830084927 0.220016146304083 0.0914439501166572 0.985489516558044 0.396843791400541 0.872647876321201 0.994464721975792 0.150871753334655 0.0808676572305178 0.829563603731349 0.326591240062136 0.640190347066495 0.527150993057135 0.989218383075319 0.0183028927030806
0.371358601458631 0.641027042699399 0.0415912457937835 0.647572782029389 0.509513100770499 0.337059459134264 0.0528783814103569 0.586868895985222 0.0214375476044383 0.285252465012101 0.310490066568206 0.73666928373369 0.194525333870278 0.133590261163414 0.621116040739205 0.888456594183934 0.530620754009697 0.637341007743083 0.0641168079167922 0.999769312439411
0.16351077803681 0.490204145475743 0.247071326969278 0.649108380290952 0.645711927726664 0.496272811736655 0.17857519318157 0.175554621634556 0.341610163670996 0.324363373338367 0.215997714373375 0.493910691903624 0.165235650948836 0.13498182843983 0.578172680432774 0.182195632729857 0.522596983023363 0.57694988451339 0.683410135977557 0.501374800632347
0.231503337042452 0.773890571054748 0.618629175002498 0.791326646566324 0.729581203382607 0.565409343585732 0.373987362924254 0.34241271964218 0.648453382949747 0.697198579962142 0.450820318563092 0.996260348668491 0.337191346357155 0.313113791967583 0.950361050810678 0.308638943867501 0.495517203913172 0.595119361638202 0.0333806253163086 0.999723114336634
0.47192769188638 0.713608852195713 0.974847277576002 0.789856491617847 0.982839157969017 0.17123049904935 0.183204733779906 0.886742764963008 0.935997573383167 0.78251473513981 0.906924968883841 0.996546504894386 0.561341150419442 0.286547587677124 0.715857342644332 0.61987576324944 0.93724967309179 0.752018797937511 0.857307037102492 0.998380838228748
0.455354782424594 0.613557060573819 0.812175620149749 0.590836109500735 0.998474096742069 0.563933461738643 0.160979674942776 0.842953113644797 0.436838913763647 0.774109247245394 0.957111845244855 0.983430835558568 0.332027768925237 0.201717956440405 0.959628766580423 0.92356832921121 0.478319005724934 0.810350489206002 0.947698319103659 0.775705151915515
0.308381258735102 0.631623034470474 0.439307931830473 0.647220292084199 0.973273057194426 0.655149785377903 0.103186938222967 0.442647755516373 0.0189379828674279 0.345466495118454 0.127560823266726 0.85282378070088 0.43873873982166 0.268286188056082 0.689843705975344 0.991792531975336 0.179866151178539 0.643332702816243 0.984631184137989 0.171995017831827
0.0618814048640378 0.407668856911219 0.453914244476608 0.436555440279886 0.00843327643715062 0.18066939558936 0.0124007885617781 0.128955146076977 0.337398228226452 0.0545085159470773 0.349766538678057 0.146805906563244 0.0382928618816637 0.0359573237782391 0.251563898867609 0.425341379336191 0.291053123576521 0.273310243202057 0.000248250065082402 0.114244895699604
0.0971478250103593 0.529981677439283 0.86724996836294 0.687728905188929 0.390971845894972 0.457423604712365 0.176870163556404 0.147631370593546 0.55840310121675 0.207278687446059 0.205713075345687 0.211413607466534 0.0499262838114543 0.0778094491604101 0.11412435832251 0.850539402760629 0.605461387070927 0.307068915792693 0.0015297233668899 0.983896941354694
0.364320967480086 0.628702777708781 0.868820627358901 0.23778667670326 0.967862606594158 0.157752977057657 0.334966608582279 0.936747179431543 0.561682697260668 0.312267789077031 0.777198889188791 0.827263277678139 0.542011018327563 0.2268682489761 0.606648270851314 0.799396380167496 0.723166989450077 0.584850838004687 0.399111557266448 0.999998343195268
0.249410929645308 0.657843938611299 0.46138121415415 0.630571340764251 0.774509825468889 0.825182691846051 0.0367527633433422 0.324455667713914 0.590378101961927 0.523771597993198 0.316573608851323 0.994077236761427 0.374678763365749 0.248618835452962 0.843677391769528 0.999651075933223 0.765750763335501 0.629723986887327 0.267989351317299 0.987766026536131
0.30529272925282 0.676339613081672 0.675964671730275 0.711989335557 0.806159917928757 0.154084554973144 0.0258262538742267 0.499771735047616 0.950979890249061 0.781287261087331 0.888065526960732 0.728565893653097 0.441867651784584 0.272747241034368 0.503811942875973 0.999567385809246 0.431627965999089 0.687748325519222 0.971707800778451 0.363078254074302
0.202721241323567 0.660799081613336 0.157956497394104 0.704306376995056 0.530350621790304 0.258934783721121 0.361132541621981 0.671934301947256 0.767347908213821 0.455644954387371 0.0371322273377328 0.805268436915065 0.238467176542315 0.235822017177903 0.334595737055679 0.951612843822233 0.819709372138949 0.636943583595583 0.00128755431019017 0.998834869057992
0.494356361391456 0.722867456428197 0.424064108102 0.540111630650558 0.9054156532057 0.700416309718428 0.528173720667412 0.99112318506839 0.899666971443715 0.891941415427341 0.923062215029461 0.987685223606698 0.630814135381359 0.436719331520026 0.953860585492674 0.998785032249344 0.658793667683538 0.562648949328968 0.0287444565712724 0.148448569263418
0.399088596420424 0.627043286351262 0.788019851102123 0.447174255224666 0.813292215512846 0.27536957537765 0.309830911356157 0.0835950983657291 0.0640617708234587 0.564339193150617 0.497808357032337 0.999201348895698 0.199175654941032 0.237227675852437 0.888062753108288 0.974024855106182 0.434110338860014 0.41032594200953 0.0374484660511503 1e-06
0.466725999185701 0.771808157294949 0.929087833695368 0.717922158858037 0.969026822471783 0.5092405470318 0.618666537170942 0.920209817614078 0.730219111192741 0.851712119221021 0.920523263237905 0.997867156846576 0.818121849607849 0.359899581222378 0.574457424463041 0.993521573687977 0.643615298208843 0.800329405151889 0.0149848711733057 0.142576798022886
0.0304950325361365 0.344920288658999 0.141009830262054 0.561637951538046 0.0184339868578072 0.785713982542613 0.0180609725987259 0.00721416972132791 0.0652765627558849 0.00789396329659236 0.0123639659264462 0.455172278801967 0.0221637498337587 0.0178190236050338 0.43591073676101 0.180451778597896 0.280914971125595 0.267458573407141 0.00142577863897153 0.0506269588078713
0.829725691396567 0.79972296099689 0.967561396721639 0.763938047772392 0.99611910781919 0.460599039356952 0.741098118480738 0.932134718618639 0.999193537762169 0.952366521761337 0.974954257030171 0.999728243733069 0.810738547474897 0.510291843207391 0.96626465533961 0.977565607145383 0.539733928880106 0.903792744304532 0.287187827400103 0.999999
0.0261973386063534 0.554016424477707 0.0715821828384654 0.754294591667927 0.305030457806444 0.0931606326348035 0.343145770924486 0.0296758637813488 0.00777111559734142 0.144613140158918 0.0240972749615476 0.329994467143374 0.128531560250967 0.0282314146665207 0.23069541293627 0.0782078937323523 0.200773767727267 0.146250282489859 4.01359274704342e-05 0.964353409490551
0.215046605205002 0.563610448187485 0.928108139558877 0.487804772780529 0.84200686876108 0.411877010279658 0.115250399211622 0.893545553006813 0.171642484321414 0.444078971886054 0.66083342505733 0.994504899850501 0.228548662301275 0.11768866727525 0.884267012291238 0.995514334485316 0.754943207173045 0.780042416637052 0.0479795465324596 0.999291881097199
0.133265339469734 0.643568873152907 0.712412919316343 0.502262499089222 0.909231503990061 0.664003196628741 0.506581896111599 0.947900336256014 0.985099676197653 0.728398245198533 0.71801491005107 0.957629586666589 0.41767591422826 0.276273216972666 0.889292998681439 0.994072743982404 0.569243846619504 0.565433484714128 0.698165172896781 0.999779167723859
0.431725465153638 0.759645741108112 0.315857431005777 0.419693088294603 0.863118753842378 0.329257674537333 0.0836472794168017 0.445948511710239 0.951539969670323 0.403720650110952 0.96732142999442 0.960887943070147 0.563533630036097 0.156470636847972 0.4855812163174 0.865041516498064 0.52370741824095 0.583346370400408 0.0638540113666603 5.18778993734766e-06
0.0675928530295195 0.51870404891105 0.422326577879407 0.62446842958671 0.198770598588593 0.118806514114904 0.159083913662526 0.254537077512864 0.257151685680939 0.0633762051212004 0.0730567571382942 0.789323733510343 0.0850838106987578 0.0788743184257612 0.138252122136549 0.925802414514721 0.620614157655 0.570906014840195 0.343451782484048 0.617133956130112
0.331393323345519 0.700625332696241 0.975285677371942 0.765978489213728 0.98076294562497 0.221000768277058 0.343008417244209 0.947389244199784 0.763399480785273 0.86729836019802 0.810263899984194 0.998685124231326 0.444328413058972 0.130738765926147 0.524209471030939 0.999714686587115 0.786062612222755 0.734599277576869 0.0961329905529467 6.14072060169473e-06
0.0499412510043913 0.427016956656253 0.413249923169523 0.432675175720035 0.108466052443673 0.279478071086362 0.041126325110113 0.0122925606864645 0.00380307969007167 0.0109309430768408 0.0204935756072576 0.208576976439607 0.0196626137691587 0.0275973069756468 0.385634005563716 0.471063284571635 0.283735073194511 0.292805434881466 0.0002117186042981 1.62913211174025e-06
0.293760045621077 0.771699962833814 0.305202365252949 0.575873445939122 0.893773759470989 0.388955656484049 0.0610695254111032 0.416218671150973 0.601125570722681 0.778483384531407 0.348876860776667 0.991486040123146 0.432151779986066 0.316792426384529 0.752151017619865 0.670427663064944 0.324968673545309 0.650391849929353 0.420329114601878 0.00453406988087293
0.0128410389451236 0.441151646411651 0.222523630505322 0.292762933645326 0.561459418367038 0.207789979089795 0.0402031473299882 0.105233190772893 0.535605523058064 0.0305510608072215 0.00266180100599359 0.631130034825789 0.0442603933893571 0.0137627971681049 0.353366453522989 0.14017244179668 0.226313498576263 0.414292617046967 0.0686254629120077 0.00701667089750304
0.19152308099422 0.475005343331447 0.0583516984687895 0.518087805637396 0.539421250872905 0.0722031373108044 0.131537635952856 0.232135866005471 0.865262664172782 0.318108486637019 0.333396935652867 0.935783712951567 0.101481338136626 0.0751523083468643 0.58282428740533 0.0226907222217598 0.314669162624192 0.614223842869801 0.814089929217276 0.00820343882604111
0.11043892265082 0.545759300258292 0.191260476030168 0.725778803867257 0.0177024244125408 0.19695256502582 0.0311969799316145 0.202750646124645 0.99244651243664 0.313487546026035 0.0745005854118305 0.0546406014626892 0.102012322536959 0.0885003118825548 0.334946926469121 0.950814647610575 0.536943928782175 0.411657868834287 0.000484756556981848 2.96655056156216e-06
0.0363538700673774 0.443756049731386 0.0191854598527776 0.600556883754809 0.000432449011982725 0.105774703996314 0.0199621018242594 0.220689703797584 0.00830920776754442 0.0204748763964081 0.00983514380557289 0.175461148009649 0.0255170168057394 0.0428290426463921 0.335512115122842 0.847089541896249 0.414282778142517 0.197942990454291 0.000204090443986625 0.00457551831906667
0.514258308101359 0.627153887082086 0.945393412038946 0.751474328300827 0.597069787342489 0.468230146193433 0.571216563770609 0.982348776920914 0.971174630043452 0.938319684804691 0.998225330075851 0.992736632753321 0.757473160976813 0.327598713807111 0.971012114260092 0.986325147998967 0.859943147222864 0.870479575398026 0.998941493833731 0.999088320941283
0.470972906902225 0.780702447339056 0.361401400610346 0.83568196136197 0.867633480424231 0.785521400641099 0.0925674474209807 0.698526834964742 0.105546543202924 0.78845062830598 0.864737781994738 0.952215286581695 0.565823469438727 0.211441796112807 0.670872339894855 0.998623176573698 0.595829087408869 0.705750091037061 0.227496279211861 0.999490277748538
0.0598829980757209 0.645222146525919 0.487174847810218 0.718842868980681 0.853984246624644 0.347283203924527 0.502492620401561 0.0528969824153792 0.0307647316422406 0.166302191855235 0.20696930297207 0.946921293691298 0.0938801368605314 0.0621769467968429 0.327930577881239 0.999450251588501 0.710380935288237 0.685101991455001 0.888539161005865 0.999989396713576
0.0472512222001524 0.602337338078452 0.222444347881136 0.661980641763083 0.0183397809741315 0.254524390285303 0.026398125428318 0.0236448470816148 0.363569064378071 0.297144351751036 0.136689536202904 0.979115972727659 0.0617754359208153 0.074715124942978 0.0632486335701957 0.0182218265077106 0.218292981128242 0.388952854309798 0.0214801140325563 0.0173271985410279
0.829116049138158 0.768288001185814 0.971063554145696 0.842272423359621 0.989155539059761 0.67315180804185 0.593975663926317 0.996139469043888 0.974446162705193 0.984084092840844 0.963617336877478 0.998774250291476 0.797883398525718 0.592723823237285 0.799608286829428 0.951741584122864 0.60563166959258 0.741812790717133 0.997934662885149 0.999759744955087
0.477848591842682 0.578483284039576 0.688935865734974 0.904071271590066 0.711587422229291 0.717814039084121 0.20720620398713 0.819237164295317 0.785586844851247 0.82805628191797 0.880585566298246 0.988647712988719 0.513052930274681 0.164720130657973 0.946894870314495 0.472155988773921 0.580237996841544 0.651973779216448 0.951013792908668 0.939718192670531
0.0265752355833561 0.377334219736376 0.0713870959967221 0.517329287697741 0.401586229563964 0.613599301409785 0.0221061941467541 0.263845554468633 0.0297956358948747 0.0560892739324532 0.00625921285666558 0.88628248115063 0.039528121095804 0.0568204976346518 0.0908059249720179 0.213014861655162 0.475942669936409 0.336119558317006 0.0510280859396193 0.000244276823297732
0.253125549392451 0.580506133059296 0.463091115818765 0.842862041887069 0.954149315583718 0.520604365990326 0.0428371120944393 0.417027636903635 0.157579928518798 0.680352369066359 0.610659813542548 0.995320279400545 0.626527633163694 0.135816019085482 0.792915589824948 0.973345372834654 0.660125646971209 0.590179587263248 0.974450244618732 0.156303169571079
0.378316409303624 0.64747509003811 0.76340821947298 0.583127728522265 0.983235498476763 0.726557599694854 0.141656064027341 0.817335385431373 0.372277557810762 0.810520309795257 0.887474775974796 0.998761245246391 0.374649235314717 0.234911674249744 0.40926299734959 0.998439966795624 0.73027740441884 0.495553115906365 0.999854189205585 0.993000583886596
0.170508920060288 0.70646283960754 0.706298050966209 0.554337354884831 0.82310521820882 0.385422480961827 0.425377346073534 0.636606805577351 0.580605874188989 0.6638907285686 0.338162707224562 0.98961789248372 0.088453640798574 0.226001151169016 0.529110152537959 0.96960509504966 0.373042667084473 0.530607280614106 0.0540215275184242 0.0190302650404764
0.337540905574381 0.505389859813299 0.39778308153098 0.586452834791589 0.364133018903715 0.335661106169231 0.120893989156162 0.247235208355591 0.988755155361102 0.0909688537126176 0.548128345165895 0.983509828799117 0.460497638094784 0.123620346758457 0.72652465306498 0.904318809824141 0.428556750064137 0.470602407217893 0.906950933186155 0.00220336448307415
0.411460839695676 0.672649988577277 0.968834980405271 0.815328167081534 0.958935630294048 0.597554819373466 0.688529639357379 0.982540250175767 0.898730462023859 0.580523312562797 0.857285205201411 0.999015842449183 0.378899899051494 0.337269016115841 0.653563982414315 0.982328776494068 0.804610823022018 0.834862265412148 0.00851293375859215 0.782205727809107
0.600571861860481 0.681495623405359 0.618146708997845 0.88441861187305 0.986583023087819 0.150169139976144 0.709064944289395 0.996281678226639 0.824040572565674 0.903255119459362 0.985340113815279 0.997017360514818 0.664776487957071 0.348838983582032 0.892610970025691 0.999049020063581 0.731470591999498 0.805206090002812 0.515483666240798 0.999999
0.441527272810119 0.720310387250548 0.591506195823847 0.713374306702474 0.911625924383787 0.281720928460633 0.487905651659135 0.751789400885119 0.903082873881002 0.590840958802322 0.832722460115269 0.971124857948846 0.687965088922427 0.268311143149814 0.863966901240313 0.944659260335807 0.170937842217028 0.68007676405011 0.998770660075735 0.00189675181098562
0.270833655673189 0.616772002884583 0.95835466493403 0.675461082215179 0.750846009259373 0.606374427659621 0.0655875615832819 0.863001848577673 0.960399827453487 0.209012218099968 0.873931392534186 0.984378768869193 0.358632021258489 0.36923480500949 0.962953689577843 0.710630031550989 0.585820159000148 0.674323324994552 0.999860471896188 0.743040738556321
0.228291410718758 0.62087033715984 0.704365888763209 0.603813967628367 0.648690486895485 0.247044478383231 0.127764964908517 0.550729079324012 0.909041995252757 0.67245375904467 0.649606653427923 0.966257189550977 0.346308977038091 0.129784418587099 0.850993005245785 0.452973263428333 0.545425705924692 0.579527826327434 0.730296226210855 0.918113098436972
0.405703425371704 0.572932925943813 0.576455235099738 0.678490386859775 0.984305366372749 0.384605079859936 0.40135436870579 0.770992105845473 0.901319451322089 0.712913817449749 0.788559994955114 0.903229239058937 0.52655760645963 0.359546581959137 0.738834207303577 0.993320437309724 0.568415538499639 0.69395534729494 0.952733737800648 0.0619770186791415
0.097901359926513 0.436272525821678 0.15660696901153 0.447148323530565 0.0821237474938113 0.640534437753552 0.00430353420441221 0.0544491891233961 0.134732942004866 0.0565547394062135 0.0999907044051621 0.868169266691465 0.0666970740198063 0.0337564580074044 0.273147352933603 0.0507490737930793 0.459725748858928 0.277743285004323 5.22512230920828e-06 0.99244820468378
0.746538843258903 0.769566938963444 0.806251229084448 0.707850189204867 0.912774485054094 0.354087352270454 0.194600514586647 0.891276724968196 0.900485308485871 0.953906513193468 0.987665047530037 0.937967737679763 0.633231375237709 0.234506192108521 0.888067626662855 0.999778387834531 0.689122341891094 0.691634736739302 0.306361120181964 9.76811296559294e-05
0.386470013778178 0.748273509021694 0.694571319917991 0.735373782611878 0.950907384296449 0.946388774544599 0.891742569248794 0.869108464126486 0.993659270045127 0.945987070539838 0.943549455530222 0.998534981727052 0.670478923355425 0.451757379475827 0.685380538129143 0.997903421305176 0.618989366955987 0.75333824483643 0.267243088373863 9.57670105832076e-05
0.170473254251448 0.53010611203181 0.834943570913076 0.806534558769093 0.753086552042535 0.551906077602777 0.311998479737413 0.151137659410455 0.533823241110739 0.140031834451082 0.177445226439421 0.995422739366318 0.0980241369354507 0.0894892060560727 0.489761923643045 0.365737616169913 0.295318312461354 0.589299959924291 0.00345972021649809 0.0022686061253924
0.268027219799805 0.557095159366261 0.534780844285333 0.570403109762716 0.866625783258842 0.486418037534603 0.139380603658392 0.850607173670726 0.954722758044989 0.838678797225635 0.551405037403851 0.964383115788647 0.510505150625024 0.187488254692682 0.849281535765359 0.996768330823568 0.214300829988249 0.579630364696766 0.974222849964578 0.999436163283576
0.525255013489036 0.710249325784437 0.634523848307224 0.836444792514122 0.968114381988719 0.776814704189986 0.2383118147779 0.45831710509509 0.181461592284346 0.933023060660331 0.821992693607978 0.996356883085611 0.402615829161578 0.10766328725684 0.951500304030993 0.997711690349875 0.807125549443993 0.494490910817305 0.58799026249473 0.723441112988201
0.486169609510701 0.641671355090292 0.767407698103667 0.663868030920678 0.976991084857329 0.338494934179904 0.289842916384567 0.914626323156548 0.944480835764084 0.905429135914313 0.848398803002454 0.975876683060147 0.680718633979046 0.372565827616871 0.793467588944222 0.997449491769048 0.747134013554157 0.7145988619959 0.000495943720573715 0.00411798060850249
0.32351565929941 0.517237873317311 0.792732159414699 0.738647464048547 0.976944244142791 0.154415573240968 0.519165336425751 0.897527708362158 0.273055858545966 0.655502856980879 0.624213252788077 0.934378715980442 0.417283873322242 0.13619264728081 0.68310223269961 0.979882031944292 0.718307088084191 0.554610775811772 0.000573968728551331 0.96163035231129
0.0612902064059062 0.58108156828379 0.538945262550586 0.724263163980895 0.0810118066280431 0.359760734047656 0.168804679284454 0.116102647614735 0.187441458408341 0.262588939077557 0.0883515022009222 0.948448363141488 0.353232221326621 0.127172480557424 0.203087601237893 0.983092787977246 0.235409534065587 0.336387889003435 0.0251792223717562 0.0218007510858494
0.018308592131102 0.444587615870526 0.248826464916055 0.296116698237203 0.279097784121692 0.249754339644874 0.0565199387823865 0.0396354492250379 0.0708608280348895 0.064990098822249 0.00983698659453893 0.928024529915973 0.0210085117411398 0.011843348783319 0.611342690551236 0.934611092903132 0.337046815554431 0.345610542302764 0.208624647438634 3.02918171314336e-05
0.0763924025964549 0.635583691915164 0.780283546110246 0.764546217121631 0.67933641840229 0.733375561673924 0.256663616469464 0.179611393179703 0.382075307871528 0.251311974070621 0.0339059362295358 0.996829715861536 0.224279137119037 0.200276502632173 0.433234131526325 0.984979717307646 0.479098602610827 0.385043652695064 0.0046846498846505 0.999173173031402
0.0281664580665542 0.412521868826059 0.075932297916426 0.442056505573884 0.0123064966995349 0.0801433403721327 0.00674548583891754 0.0737930855866776 0.597387969475328 0.0320683113976417 0.0233753130975473 0.952151064451837 0.0436856843127536 0.0176234889520257 0.215868000544615 0.0656083488541053 0.409867749528171 0.112151267688586 8.12725846005458e-05 0.276280263490579
0.353768375375363 0.609131269413539 0.225703401539691 0.822452907292843 0.983099399120988 0.224824706995598 0.106968153745564 0.512674591996659 0.758547838977181 0.343634643180669 0.8098548273151 0.966195213660835 0.222706810940219 0.224743354575325 0.565765786948114 0.141969160456369 0.447555617809289 0.629886712711612 0.9992640958577 0.592492501804201
0.0456196549055008 0.509683508171969 0.162408682247226 0.3519154796523 0.0141840215755547 0.183246747098221 0.00691510898092906 0.00695062936273074 0.703132584945696 0.0262318088303242 0.0418872907967095 0.195657348201407 0.055146007055457 0.0610985140500188 0.180418374040817 0.980930713392833 0.305096146710944 0.321415681741616 0.00270748738500755 0.0195075019736069
0.358250285830786 0.694765787801016 0.818933095733163 0.857981554536165 0.892924886855447 0.184956872885356 0.539404712328646 0.716887363963341 0.904991301714856 0.88023143222007 0.991118344317147 0.992030149434539 0.470482481885878 0.237123851095255 0.960701057756147 0.999386099882516 0.484031300859064 0.736500867868925 0.930507422734487 0.532623242376347
0.389564808536783 0.632327934562875 0.755454191717791 0.731124777319922 0.984011540333341 0.510794288565434 0.297236208535649 0.309948600576076 0.917850634503225 0.782930098247162 0.957885141254099 0.990250723541933 0.484092480698868 0.247783322259795 0.88931802698761 0.98548873274732 0.480443052220132 0.537234649769374 0.905299182073719 0.224561543517566
0.265177099896921 0.681942205570905 0.624899144907383 0.673327704784068 0.918625210658919 0.674765957282215 0.642520381168975 0.882440036805473 0.311076476275905 0.290119139330413 0.728782335189983 0.935586667822077 0.341564144618871 0.434239715211128 0.790201808191931 0.974738424537018 0.67292176096808 0.579490983780778 0.00188578327323023 0.181058025919658
0.243942606295714 0.652314973959045 0.378044139890398 0.730993829886804 0.949244404447456 0.229616785739882 0.300377006367419 0.483289228441555 0.979819817581029 0.246427764018145 0.799153798329533 0.994399783506167 0.269028258546252 0.146005481226473 0.836698536248281 0.987752912200911 0.439519860247179 0.448992142759132 0.00686941691060611 0.0779639323326411
0.0357365402864624 0.323323610981934 0.249959980962999 0.427792722892216 0.115322058421997 0.569865175849138 0.00318450157466936 0.0297364166044058 0.00872712051667739 0.0458369092867182 0.0389711362981486 0.71124117523693 0.0642572144407173 0.0176943709727652 0.0718154356154315 0.471458811523167 0.40058724924119 0.230215365519211 0.168408309293937 0.00114125028040869
0.0274978580577508 0.44249579665707 0.298320059912353 0.43777030637245 0.243984630389304 0.474084017882183 0.0934777578105009 0.0527426752554359 0.103014620646019 0.0496696833186982 0.0616946498120273 0.867614686887084 0.0280259380718146 0.0304057630069918 0.105719177987419 0.019796970522031 0.361070674054086 0.661120152025568 0.217554465807498 0.948947447581357
0.061646531865605 0.473060231494941 0.277325674444394 0.385148367051216 0.157327056422956 0.189675798549377 0.1199117164075 0.102085200306212 0.00414121181086353 0.0672323479065846 0.0159769436742816 0.811962738930506 0.0849036451901542 0.0503424597645334 0.129771701350922 0.249832077767983 0.329093070496753 0.320827112085325 0.0365528983562287 0.999771530602085
0.0124639536957285 0.478868384431327 0.0608751124916362 0.6069051968407 0.335058159816983 0.640299632903948 0.0123496519750856 0.147030461767109 0.105449621834916 0.00786363529087751 0.00129014734521417 0.942802484868492 0.0420974412861328 0.0450330035242821 0.222475345199562 0.354318187302945 0.259334367387832 0.185971130375086 0.0129356329011208 2.28617390294442e-05
0.0244720225864531 0.502058173796552 0.0987051389255332 0.452974017293087 0.282204816158632 0.244709245499368 0.0127900952387482 0.216484010424227 0.296931013798875 0.0507860012600821 0.0360890945597112 0.996195088414962 0.0702224047980512 0.0616864212897295 0.32245815062864 0.86193180185936 0.301874207901778 0.528315204405508 0.265213052236432 0.00408404960889544
0.400605879197991 0.662370657138177 0.8904957450865 0.789381606914327 0.992167493570897 0.496298874497164 0.767183775866461 0.959624897652554 0.547232697822311 0.955782355708223 0.678123913542663 0.996131292279183 0.554257094297295 0.40489955946708 0.891087480563831 0.99086103454882 0.518570680982091 0.846840058876585 0.977944651704962 0.999967579560529
0.0610672985789818 0.586073143028324 0.363527187064671 0.54332731901528 0.137045991234971 0.348667446505912 0.230160743264992 0.118345848344684 0.0387974949100421 0.0672908507758154 0.0572465445653849 0.443746625813075 0.0921829045262367 0.142353587405728 0.824313910794382 0.357965677948657 0.17979160637623 0.524443108979145 0.000387314906687886 0.999941058365325
0.251158594349192 0.634699775256302 0.719423503781561 0.677776250873908 0.531123016678573 0.727424350444603 0.76213056840813 0.835703119827788 0.906247332634421 0.883255185315105 0.774668984660986 0.913932492959353 0.643099219406672 0.196866445295025 0.491053372220714 0.998987310259365 0.64102830625434 0.613532833896353 0.95312053497905 0.00107534182588736
0.172906691349452 0.494568403370088 0.504497210768433 0.732390880101489 0.259401887577558 0.340855057660557 0.0543370041740272 0.382789183869084 0.616895503965694 0.373140710521172 0.0609551584281326 0.977161400567071 0.179670261861606 0.153510387243639 0.482817441363621 0.818735788898781 0.534053931722697 0.457520815814666 0.604652937267886 0.519129911942484
0.0811530599973842 0.697366119639962 0.886519292600269 0.600169149908873 0.504190723189165 0.329450020256226 0.274278828230914 0.65353730719264 0.93319734869383 0.106094688098166 0.673456695610011 0.46993294932015 0.208292470750469 0.161140934584453 0.748670629023022 0.937357289879147 0.334508565785045 0.42594643470783 0.297348284163246 0.187701700903414
0.0380161421648528 0.409858156739038 0.325014426234822 0.404262980681815 0.0475830985892813 0.713847102093358 0.0490322326991747 0.00637431330314815 0.0272065591831283 0.048166140902779 0.0292303067483743 0.543467373660972 0.114250282167432 0.036669895668761 0.357304584404606 0.8394154667074 0.402888091603661 0.585731497928075 0.0373601450517993 2.93223977581557e-05
0.0225074996913883 0.40324652509074 0.593711599631604 0.672721370531853 0.0814444146560092 0.0828833173663665 0.0115857270797769 0.0193128640006625 0.146039097022485 0.0193920246418095 0.00956672512666241 0.296086567828159 0.015366413766438 0.0268447002156435 0.349273484005158 0.0711695215887483 0.368446953513087 0.295721927729515 0.00163166882034695 2.11780429221004e-06
0.094725501146671 0.508173990337855 0.0856821695893184 0.386145629659084 0.0936983986019178 0.104031845648089 0.0193395310418047 0.679760175621041 0.0338752655169224 0.37593499436428 0.0536789504038106 0.257489909343042 0.0637045826662308 0.0594830894788546 0.239793938005714 0.171520530684544 0.60839960114119 0.405714743296641 9.25470335787068e-05 0.00183207422576594
0.619124245119968 0.763156307948682 0.989351265519347 0.749059271063269 0.995324175141253 0.186287527341032 0.774812513976289 0.95661329433217 0.931994991826354 0.9850656596035 0.987073722004519 0.999219858519023 0.635220811987182 0.463516155410465 0.939535581456626 0.996642490367503 0.726053802044164 0.935818575513336 0.851787832195848 0.774288997357871
0.224676470010612 0.589920993010516 0.9551974467191 0.488378308183026 0.653852337470463 0.108711675801996 0.0473180961102081 0.2270861392987 0.794976895526501 0.51328066612186 0.514067060753412 0.989483166690347 0.188821369069516 0.238419107101315 0.974565539535766 0.991000725372995 0.323154666053162 0.544749440669927 0.96412815264856 0.999897338663832
0.147551015484206 0.580351627069129 0.0365370810954641 0.299460298948566 0.769683922376101 0.503541748533651 0.192922988542689 0.00938584261905844 0.468983416228265 0.15867533248353 0.119925279224802 0.996126519650684 0.051963653749544 0.180942766558452 0.466873351505436 0.747439163743264 0.244240739562366 0.385160398108128 0.489449636371426 0.10515367862561
0.0877377728822461 0.547764466926 0.105873893536884 0.753472846665895 0.0404244051880572 0.215327191522595 0.0424656463847868 0.0988113814957788 0.0108570585484294 0.160937937700795 0.0103291022760868 0.0160911327797718 0.0342129668009395 0.0512605646111289 0.127485714248254 0.938152441743052 0.226594068815679 0.303677623159921 0.0410810966596101 0.00234006897560581
0.71428570601314 0.746742821985074 0.83974698782284 0.710568983629574 0.987664632532372 0.547475487581039 0.310553486631528 0.340135183135883 0.830947626600762 0.937155989628599 0.853955442331914 0.996724559734226 0.730046589378015 0.561367554243534 0.471880653916992 0.994705660472351 0.662458039282657 0.62930656677023 0.00293043473618002 0.770226075008862
0.373820971619785 0.764516083844248 0.919944934844634 0.748337644703021 0.957066579991041 0.468466116782662 0.604048323882725 0.906505389865493 0.842020417481357 0.95202033348041 0.990488722736473 0.960941403723646 0.905762302234281 0.447856313967686 0.914247687574193 0.958734184637559 0.627817062119652 0.817244936844229 0.996076641088234 0.999920224602493
0.416564131153159 0.658402245253795 0.926075651662421 0.633176587271192 0.751695085975606 0.520167221162108 0.455867619359679 0.986010329183144 0.959940710762554 0.694780579067932 0.23546682077125 0.992741538797931 0.385064422148758 0.249832081285783 0.782940825017877 0.990804969648257 0.699734433555532 0.658323847269813 0.972570568690629 0.00257678796899243
0.481618425327701 0.814106804965704 0.349234843419866 0.669073040967301 0.906842179918846 0.473950576557623 0.348601244250262 0.863209026976104 0.998381097648042 0.862195959500504 0.956724882343627 0.998412474736565 0.720055412707777 0.204395710851143 0.674380090678968 0.99857748862305 0.505235833339001 0.844833105966933 0.748059357117048 0.992312397639892
0.066186087577623 0.544319207597437 0.0527957313053821 0.606434795379244 0.297469996160937 0.360403271919214 0.221834680231464 0.641018384414822 0.225778696348518 0.295582492968106 0.397455223338983 0.964099949433673 0.223238378086704 0.07906991817711 0.560961871762962 0.998360401234017 0.743930325689405 0.681634234716068 0.157957356388032 0.563204675758521
0.138576089558171 0.562503037034598 0.670544679213251 0.565457178658794 0.140728622950617 0.571385321761716 0.172126557930755 0.112568004233975 0.194147266371218 0.449401835736241 0.598909170924591 0.919506374291264 0.134010616296865 0.114843791123474 0.232067397367498 0.840456471338972 0.695521259658807 0.335163809938803 0.173168209649283 0.807140287564341
0.386558909233314 0.743357808483696 0.630630802274549 0.785208066783176 0.988295765943762 0.702347667537259 0.699494958119232 0.728142788452115 0.484527771572052 0.77052153229527 0.965451992159695 0.980421960997882 0.377721714491264 0.27202926883476 0.771544075534336 0.973048237134819 0.740663481274256 0.731270869930082 0.995943524037199 1e-06
0.551002400253694 0.750813557359159 0.930810573166676 0.442258521411849 0.990565582624297 0.653313573761529 0.351553742166744 0.98208007262061 0.999710474073056 0.900385335927958 0.996801381418204 0.999860801667938 0.514795351969272 0.300144966975616 0.85771587212145 0.999920409773607 0.815355075672626 0.884843657816438 0.996308119337273 0.996699647915697
