0.105247154094069 0.523304570797342 0.283985954776212 0.506433700509194 0.0207032604357783 0.321440890977161 0.0788726234152931 0.454765907225534 0.0946472694020597 0.0503816279856022 0.162065491221026 0.253944028914547 0.0486832947154693 0.175939111918719 0.430336892479897 0.187624438983142 0.745675113860669 0.464113257363073 0.00482345755212631 0.000196641105889411
0.294263908744324 0.462585035263002 0.807246999579618 0.550559648101397 0.911239376132383 0.307224606488543 0.275539466635369 0.969947565130914 0.322934819369243 0.661371755708787 0.171290626311534 0.937399626389916 0.330518887774558 0.0623132428397124 0.889051549152758 0.995480418981568 0.476386543938137 0.702054995243207 0.200638434091972 0.964652384125617
0.0271737911817975 0.359135667265979 0.0117733665185403 0.368106178030597 0.00309707713240306 0.590636777677159 0.00563217242876379 0.00834960090004921 0.11573596095256 0.00706461964627881 0.00752758428557956 0.12631248213822 0.0109092681647097 0.0235870966865864 0.060492870219855 0.170678709801001 0.144828173806839 0.22953656841258 7.7020923932334e-06 0.00469078415176474
0.231369290957301 0.606260066682968 0.45862623727084 0.626322306812493 0.859326807915307 0.27262616361396 0.269015405907017 0.271798822197767 0.60465811922246 0.594150270068643 0.638663701086789 0.998803183299053 0.417649867213084 0.160337439264063 0.444497760192261 0.998287133840559 0.50599664871388 0.578426820924224 0.748559654727017 0.996752456350453
0.16655935659851 0.55996707803553 0.358760500741356 0.357594761173143 0.115076692361186 0.374161065355215 0.0805285973579329 0.428085131751837 0.265811590064197 0.502708865827847 0.264393296393418 0.827111015518631 0.157498408241546 0.0799084476522709 0.471614151447689 0.39190725813644 0.380887903974175 0.394715803087895 0.00226112491663427 0.0536014198979496
0.318337035828396 0.655573796273067 0.604994313487428 0.541869763217383 0.904496011095885 0.355878495618419 0.375655919419128 0.596102115489051 0.929465572185394 0.242777934035989 0.3010197582754 0.541552561392516 0.425541674376749 0.271543146961215 0.690501982804405 0.741000199287866 0.484374839256029 0.381969167366399 0.00237463856962382 0.183382560714961
0.110544629780103 0.523812693924724 0.791097553799917 0.347142078659872 0.305295638425436 0.389253147046908 0.0248927023447894 0.23608095007971 0.344977324259559 0.284342365002138 0.34060908803914 0.99756788358005 0.122518942119099 0.0545997183148383 0.724507740692529 0.114513125309301 0.732523933523566 0.37883560140858 0.963512391123654 0.561769424289961
0.134546917086478 0.55312743824798 0.642772520943323 0.523258546708287 0.679351685955405 0.11781469851605 0.122329278348254 0.630244770948514 0.843756046308782 0.423264161963238 0.204172158313662 0.186801528254222 0.188709481697043 0.135733211477872 0.745058747744846 0.461397447302607 0.573875996663131 0.380215590850439 0.00261945145207251 0.894116989418646
0.704926517547544 0.751696918558321 0.637245621052504 0.54344539608315 0.996744833771796 0.220323267752842 0.227139653694309 0.855500259709415 0.99422824751812 0.790510832302138 0.970039318230952 0.993555991317255 0.663545430905432 0.523508591327436 0.96636050874773 0.999623841133249 0.747585163086368 0.468578776946467 0.999461496515559 0.999937495819244
0.113880779894359 0.480463616269212 0.615896426144374 0.743863385577959 0.683866208656873 0.233712509533657 0.133863799416254 0.211207798411499 0.0934439160928251 0.153288091474413 0.217118676510396 0.959639222608001 0.110280748831884 0.0465098500653127 0.557351508363754 0.319319232898874 0.390773135570362 0.440562677178435 5.33704617222361e-06 0.00573886485141328
0.225355496842465 0.699509665651943 0.895198721312752 0.437130735613606 0.173440592205357 0.494052383418331 0.358412359952821 0.384955308378795 0.904820538748345 0.201029796520779 0.592702692000964 0.943561334422782 0.317887844509651 0.13538958271941 0.952035118972589 0.998626170421448 0.713712935321003 0.781251930923404 0.687672026752364 0.0288884979082883
0.0836360181818682 0.649630771325383 0.684569213747746 0.849361352725171 0.270232859491496 0.0552902057013282 0.0849113418380462 0.32754856293251 0.394407379614375 0.543342264847181 0.280077003403798 0.560770676206123 0.1344528806484 0.144538859639926 0.36190432023467 0.176143998940792 0.6440054182109 0.523870618512871 0.313300547303506 0.999991873066894
0.111188357611888 0.587814710000649 0.372374343720801 0.457364709393796 0.0883743065975154 0.222918083712166 0.069109021965053 0.846415554774419 0.427303049059644 0.20700977148152 0.144347066568026 0.344648888528555 0.382111313518851 0.0657008112309423 0.392778411300195 0.705643357594497 0.271721248507832 0.547186995582514 0.762490196953022 0.999944389564545
0.298338996562301 0.616252413246246 0.353643621127333 0.796132193859448 0.775543648259883 0.356048368281062 0.179649393719213 0.879825381522103 0.982708406336913 0.677113714979025 0.855572227466528 0.632227198218201 0.574288337048594 0.260196113602532 0.865333336410916 0.999734316081829 0.634044814693912 0.677804923707761 0.476712218331941 0.995824062504044
0.542626458302034 0.754300738473526 0.780875597379328 0.344793301396591 0.599400458795443 0.37065995778813 0.610415963989795 0.790134089228863 0.927214331218046 0.7224500825664 0.985671474039154 0.907603899643211 0.579962614087865 0.191816198329189 0.928135422446028 0.9947072388707 0.462679675225158 0.757111250114444 0.0390828495501872 0.70288737351729
0.545194866811572 0.787355165261859 0.241952593154326 0.504419815866952 0.864416138493633 0.499254702664718 0.05817564514258 0.773836043811322 0.88686129392928 0.714870886280715 0.792043396327847 0.975283478750234 0.666542779495848 0.368845332230645 0.714827205045309 0.996891378766626 0.682916141846914 0.683077247254773 0.0111328511683993 0.996238970708909
0.411535099779483 0.593157416049371 0.759515228510015 0.744783376029002 0.361679615308781 0.86996282665706 0.162887434239166 0.572611296845663 0.00355262578403255 0.597336585849349 0.531606655787358 0.857307526992473 0.517923350603715 0.0894354446054273 0.63091563307096 0.935484704241295 0.638976199618456 0.410191100052587 0.955520735638884 0.00266972153057812
0.0608281379038049 0.478544710182775 0.254880189324412 0.568746128713533 0.00357781104777311 0.552443980534135 0.0095063685633645 0.0558911957243535 0.253499875842728 0.0913039961482614 0.0754617088881481 0.535067059249248 0.126638224821986 0.0298567269281143 0.0871533021498899 0.595970533332197 0.428186141494501 0.288409201558714 0.00540801456857075 0.00156194710100163
0.275260305839237 0.557041139601068 0.402854667480046 0.410701150678239 0.363485888817205 0.458935432638018 0.130264175196847 0.30081403069501 0.251653682109488 0.0884371281610146 0.0738061964980848 0.169310863147542 0.0546587515859101 0.0333706078139106 0.442929784888186 0.934697609600782 0.297657734805182 0.320862957481648 0.00364442675879662 0.000371838356964709
0.530751159751067 0.52628947006606 0.740293369913368 0.668906164893828 0.595296056864966 0.475393863705425 0.208521697267463 0.978568782855717 0.962692223037565 0.531359966736871 0.340734812180115 0.662535653331077 0.378590870184336 0.221538231746631 0.503497841406787 0.964191234200404 0.687751232583301 0.479720224144232 0.000980045141698372 0.608258403059324
0.38927833688897 0.55110443394302 0.249706035757683 0.893349966394536 0.910050657912768 0.87595136184987 0.333199266984443 0.533684603576557 0.851910490026394 0.387444641446139 0.339012240984516 0.968127434060077 0.625199611174402 0.208807475663633 0.831187128840673 0.998974886293133 0.491193888352451 0.765998177662774 0.145684383629109 0.856596370622252
0.194249451809437 0.687251292892937 0.649315652937274 0.853463192895274 0.688386136246046 0.508910181227809 0.294479967295071 0.847893452033325 0.5684926471676 0.394208268137024 0.852677799333253 0.361016659596661 0.567720291544073 0.190386560023202 0.909991755784725 0.999343340582966 0.726541002865729 0.356878460938159 0.228967861244913 0.0169597616931057
0.17078224297319 0.65035714231592 0.896822844020525 0.713869025186641 0.936548821343429 0.354744635484649 0.0153844494758126 0.32102553994625 0.403133209899557 0.197455592268696 0.0891068071853722 0.957952447330182 0.487965347242188 0.308588429110932 0.639941054038901 0.945564586460138 0.664456678807701 0.659273609243695 0.407839917187014 0.99959405235856
0.322017609025179 0.67350878264307 0.932014748201631 0.710991617877107 0.985115923705239 0.487104336207789 0.598427956890565 0.978635576216785 0.973314652580619 0.984659380821324 0.934708403447717 0.875917965255944 0.831174227820902 0.199629118761269 0.910575098131067 0.996473422355399 0.650444639585959 0.875844373188335 0.896506020148444 0.018302876348118
0.293943521465761 0.695954168501601 0.441754425675082 0.811413406344219 0.878453000644433 0.579221673802013 0.503382013327771 0.947588345626121 0.918890338163511 0.420473132659635 0.397555784445609 0.895135071896041 0.498355897827743 0.0819230449746426 0.695114964507103 0.296638303862366 0.502047561997737 0.491203154742778 6.50791870844087e-05 0.267786396454269
0.550530086319378 0.749200367702254 0.564555545084613 0.74568920616418 0.99427874033673 0.331945079832226 0.57232875669543 0.867333067807008 0.0165629040506389 0.937418397865836 0.508172007993684 0.995773696488107 0.611822971647639 0.409912115720251 0.923088060954624 0.999670057895583 0.589564957380386 0.773565893177118 0.0259810226007256 0.290690758784719
0.019874779651891 0.419094492580266 0.175225092010343 0.254623524996308 0.0359827294942985 0.69233929221446 0.00424885673504015 0.0214283714408934 0.0137780038554492 0.0545237881447827 0.00553622481027809 0.226993179925952 0.0200171880611386 0.014154256462086 0.2428487050079 0.516457638394696 0.537867137963 0.289910989717182 0.00598270495760899 0.135523477100499
0.813738668306361 0.722802494814374 0.939861084660582 0.873892224717147 0.996934167299579 0.514050438510923 0.598240033670134 0.968758517107886 0.882493123234081 0.98192845522153 0.996744445586212 0.999928180529473 0.688498321119954 0.573737121385462 0.953136179395741 0.999946049382386 0.76736548179708 0.926514814170502 0.995885106683427 0.997202015307958
0.0342096052552798 0.517865165956594 0.207348718450737 0.792428104849622 0.112349911210612 0.70234525166577 0.0844544039172338 0.0891228549253792 0.119993458064491 0.0392158323351965 0.0100050498903924 0.526769043399592 0.0271642415013347 0.0308943672411964 0.301255442729366 0.674982737777448 0.217548828390188 0.285674612790688 0.00325484351938729 1.02875556671084e-05
0.175402743814687 0.615695978331731 0.453448466595642 0.470312647837396 0.275638329399921 0.332661409111304 0.1106709421931 0.260838396705946 0.313006941995896 0.813538597634361 0.31869936031128 0.983675871514458 0.375942783390148 0.249238678656754 0.796974650168965 0.966937185581612 0.729382933982316 0.263247944779739 0.856019974288969 0.0188505652429469
0.25981521120973 0.644023083708512 0.825243630496793 0.807784008575753 0.89129873614339 0.24867009203644 0.241201105295042 0.346120318890984 0.622738912735335 0.652480159327005 0.964881416267396 0.978017630832293 0.462668548808522 0.293186492544454 0.931629957012071 0.280196298962038 0.505128553000125 0.607836450659155 0.355107828652862 0.999831126558213
0.379826584506222 0.734427787849408 0.780878086154347 0.482112119942679 0.954733437299828 0.0922081776209098 0.475056099391388 0.948191317283161 0.983597120822837 0.570698346422037 0.533884673278578 0.764127065776418 0.410823985878703 0.18916082276119 0.828929964514049 0.506331094502182 0.733067600567541 0.570636206982241 0.986976621092678 0.999987484941571
0.0959783539208375 0.476921071491383 0.413336191693224 0.596250052755841 0.203371630097018 0.499932363862693 0.00988228577972742 0.45106231154932 0.830044032575456 0.113887008248319 0.117507700388902 0.11679284582191 0.0674733954114885 0.0251151832593997 0.533686489902326 0.0170652698720397 0.190576834583191 0.305571618241049 0.000106944474219559 0.00189408645388505
0.202503655561277 0.747478154209466 0.65431993228335 0.623002839456067 0.972553625528665 0.566894340129473 0.0851762693523808 0.808200072353765 0.383296112609104 0.956110285776215 0.991670679160152 0.994257153819723 0.510207468569978 0.335479515059208 0.782780884832417 0.530136550026018 0.624777020009642 0.654371882450347 0.263521070170213 9.16471461651427e-05
0.0307570630570464 0.557263469154921 0.559495128495821 0.667738598467391 0.182402331423367 0.288391545984475 0.00807520980292924 0.00607876884015689 0.534240956554899 0.0300146726190322 0.00710179737128766 0.913032208327064 0.0277786814589088 0.00835594545300275 0.355882847584933 0.164826262688009 0.22227621635633 0.169973868322078 0.00141758661365902 0.000261622648000614
0.474023417101327 0.703523690000144 0.896918625471639 0.333429977286154 0.583620097188321 0.606864622995481 0.0311863155780209 0.872489384784734 0.861370577059324 0.760728036729534 0.445789034207218 0.972861334125285 0.555362264956873 0.320825975068671 0.591467436997771 0.998767557240375 0.720258038747063 0.453239131689117 0.877344414002171 0.992535174895548
0.0424421963200847 0.442559941015265 0.151058150620419 0.475515147749689 0.0120099887509363 0.114399355266094 0.0548178584502267 0.0706431585731943 0.417557312415534 0.00610780173880997 0.0235885658269659 0.59645153770013 0.0389609694686396 0.0415956347692138 0.238317719531343 0.330051358937037 0.177429830525839 0.182383249071464 0.00668360493151962 4.42918597954137e-06
0.104214845319655 0.546099580569503 0.223850404674009 0.514687111886407 0.706321225722814 0.143594826732241 0.0424113830315617 0.450448419578162 0.171524478977351 0.148050290768884 0.0193733467575102 0.975681148993678 0.0918743434208828 0.0421689969065517 0.792754834458201 0.99911346688043 0.382847811457028 0.396769524823483 0.00154678409554852 2.06479876050291e-05
0.114179553284832 0.51129803178138 0.299770013532107 0.689508610702072 0.270918481902077 0.545362542925229 0.075834414517415 0.934242056828681 0.666241399174133 0.292070934039259 0.285924527008693 0.942102650751076 0.0667324737564304 0.0401093619959936 0.0798665619460215 0.998810252542554 0.405785879271516 0.393113320200284 0.0104509867900652 0.00409447009336376
0.0569149488603099 0.452300287786798 0.450833853963567 0.639115252424688 0.0717892533538945 0.733106200672285 0.0518138950200275 0.028510273942566 0.205246561676577 0.0136089072407325 0.0155358801852048 0.611115232928963 0.10401584599946 0.0462564721802777 0.241262188669028 6.00547063950587e-05 0.158029309061138 0.437989229190497 0.00637170685385039 0.999936072931197
0.501203197101785 0.7398231152679 0.963688059971053 0.723832841083135 0.995752381791937 0.72991887041302 0.834716283806496 0.99248939711733 0.96324216726913 0.973316090076526 0.996266500909656 0.999329819833909 0.750361433168416 0.520610512318344 0.985924042062303 0.994279096082987 0.730255827020401 0.710016402633842 0.999925044441331 0.639431525627717
0.521480807953251 0.714152089565882 0.748815029427841 0.848523193753643 0.606015400384744 0.434021609787755 0.387002520655184 0.981217661838118 0.919680168346244 0.84269915731114 0.892905264464638 0.902640101052156 0.615157025109667 0.348288950548674 0.708023544388427 0.999573382076934 0.516375792745041 0.612598269527315 0.640865038508051 0.99971532575128
0.222959162925416 0.675184811262845 0.832591114675217 0.513816335636099 0.956385576462137 0.501999043561664 0.24760773834656 0.544975414123398 0.361773091364434 0.569681364091358 0.249165455416311 0.423666100012533 0.233845352031434 0.143580781087895 0.622884711777188 0.902164768385544 0.707121354749552 0.62995836014798 0.00145840700713914 0.999986338238618
0.0470509294433098 0.439978008180158 0.493693619298714 0.728072736467412 0.781581363904196 0.17784159763847 0.102009395912994 0.0524553119574706 0.994513073520209 0.0684459040285184 0.262470025850237 0.976416345202285 0.0426429096911261 0.0489700640772953 0.427606585686691 0.218969141778921 0.677709335581915 0.406490564110146 0.00485143056874457 0.50482500211317
0.707294057714084 0.815555758413192 0.379567928270721 0.883864978107255 0.992324968894623 0.493014074398939 0.349501157604533 0.996760713184699 0.964034994112924 0.9681116709695 0.983668074112973 0.991273014097494 0.850883930679692 0.557593386716842 0.99041342328862 0.992827986429382 0.841323943590507 0.880460393793337 0.275173952920559 0.999998737417378
0.369521659879693 0.613175359917686 0.829539668097786 0.849256096930654 0.607657847452533 0.176502986553992 0.110063828982117 0.654156231875654 0.824277644656162 0.340614403558147 0.718635009823488 0.99345525327078 0.469602703811074 0.203866849502786 0.56979371670586 0.984407749878927 0.635328326441484 0.552427797480273 0.152181288132131 3.84234641115996e-05
0.0292482203235323 0.385557554705434 0.153801099862255 0.309060149411153 0.101674094373589 0.569327599460485 0.057839157268032 0.0298845622712059 0.0477465981588764 0.0300567059375507 0.111448973133674 0.257545126176005 0.0585441767676095 0.0771703365645186 0.224307347848587 0.10952471982856 0.322128279329577 0.423891917248853 0.00560971764607768 0.0321956716496981
0.527362929885791 0.599824312036014 0.552550171004732 0.521135841710184 0.740926727937594 0.516961774192347 0.201208391442182 0.850012315009204 0.447755401841019 0.595941772056502 0.141917255559528 0.914712090438839 0.315752689706644 0.0976293311448656 0.880939515368731 0.997146466948897 0.641535145852667 0.435104312510093 0.0217205435154692 0.00980313295255868
0.202579566408563 0.582132728443687 0.874205390078447 0.640646638511761 0.955228148497592 0.353080101937118 0.326223399947673 0.94703322051333 0.9043644516514 0.943847627603563 0.974621365536435 0.95379928301697 0.553138204425531 0.336566230422238 0.866018259870197 0.979285432140265 0.568920620170777 0.635414562390461 0.00958852215481415 0.00880773672749692
0.336990001391556 0.690094110519722 0.660071650163305 0.509842759479467 0.932546375039945 0.585050095678587 0.446558812165937 0.361184279610821 0.964789001248445 0.38224171077469 0.713736667391546 0.996515975997368 0.357426864758081 0.113548902330561 0.856640970232427 0.886119111572168 0.688576364595561 0.511148683363603 0.365720133801586 0.999995720201559
0.363912403860273 0.591498777983964 0.369340764604011 0.750483700108079 0.111129814942294 0.655909512122505 0.0681154220203681 0.599745690126682 0.0210287683015677 0.219967818811508 0.344535585662723 0.997172736454785 0.200562514650335 0.0905374822328893 0.896559354631313 0.987336073643481 0.361120289151897 0.51240756802457 0.11954645302431 1.3451049954048e-05
0.392114822126104 0.689002302750115 0.839760073352486 0.801690142581923 0.971819118483605 0.406390373289224 0.855210070965049 0.922874084385482 0.798440234786542 0.84606796541242 0.943022022250734 0.998439307332017 0.548263925815286 0.344701399930658 0.910288267101615 0.933169613400211 0.775819087766852 0.758790444191422 0.902062291397584 0.9994876849772
0.553273410166074 0.71224591697386 0.557796001521784 0.732613130966451 0.920615479142813 0.15313031863584 0.204925724858225 0.808122475476176 0.81638677470132 0.813414436874318 0.769497873422591 0.983622496707885 0.427488211598732 0.453298981221705 0.784174386406855 0.826496296144359 0.355900877227035 0.922175891828585 0.950724167389794 0.00802480338534909
0.497858835559021 0.664720368721031 0.701346939744839 0.667825271479978 0.991023620376376 0.30461618688474 0.36578781618412 0.916300403617959 0.920697757220649 0.840577185582414 0.775876502519159 0.995948255039545 0.393201600201649 0.326370352956536 0.89082815283908 0.944577759961789 0.614608268051565 0.605532213556214 0.691460019516558 0.000103598611792521
0.266709748085971 0.624503606192941 0.673231832867481 0.781910665505477 0.567777620572469 0.475465318717344 0.142277254899559 0.987643110299146 0.920275534770523 0.531927491749025 0.588916391790227 0.979209324380247 0.337190839761747 0.218027429846126 0.943731548306897 0.991679828641657 0.741964888667101 0.57091088597987 0.120435216122216 0.00266363962137892
0.11155760831585 0.757978777967364 0.3828507168514 0.677024849786667 0.754003028724364 0.397610763753499 0.130380776783685 0.622533042068377 0.965559762171641 0.415030553807873 0.886809258337275 0.868763489709232 0.156438228830467 0.16118497750795 0.891911007392522 0.995408916634367 0.623416795225652 0.439646930194922 0.00363086270953835 0.949396200058294
0.237503073269669 0.690184727913223 0.666956872266723 0.686671162260168 0.72208926464586 0.613199746012844 0.61676780086913 0.454255229871104 0.0413520566267912 0.504967773131331 0.497911268662037 0.987460333927457 0.511919975454733 0.163617194032234 0.702630862721614 0.996905944226572 0.631371996596625 0.766012845939613 0.954231526716781 0.00045845704475214
0.0712295040208096 0.50747911395369 0.593256581429462 0.741544707848638 0.427059176484064 0.354173836744204 0.0214050262114794 0.0687462263173021 0.557476498101189 0.0521048233601326 0.139874645685605 0.695726898946346 0.0662917158063529 0.0337920619840321 0.224350851654094 0.404047857241492 0.292862176166985 0.513258127798651 0.0406512640784303 0.0531643046239291
0.738707674516434 0.757234934725182 0.894803424656378 0.722725865985962 0.950238658401888 0.279725915204719 0.654782341122997 0.957116742815468 0.934678117558303 0.982157678952483 0.960214112009987 0.884128138279001 0.665494364116757 0.493659639525273 0.778889403303112 0.999519999472819 0.691414085912342 0.938858291056893 0.988299827958529 0.155784082107578
0.736783274207113 0.673653863786118 0.824116336878918 0.721109134006725 0.986687403098445 0.356253367009701 0.689198599282928 0.998190107004154 0.939612068607421 0.958792191329566 0.962876356146816 0.998547206737552 0.746592125778689 0.587408457878294 0.965245791127375 0.993017505261349 0.839691145244967 0.872071052267602 0.0351687495348514 0.0866253949844777
0.168211450275235 0.57697467808345 0.609432699397551 0.509201122737854 0.773100886280776 0.276361309241429 0.0679521686876232 0.666272170832132 0.0690172789401331 0.269876856012895 0.392031837260547 0.970284340903398 0.145406467036843 0.0561799006248278 0.636390093078711 0.572459364840911 0.581482820169832 0.393716278612222 0.0191495486013647 0.144198848707574
0.392757733002273 0.690982504432425 0.779736780045374 0.719607183864444 0.949379838294204 0.327133712056914 0.211912344673149 0.9271099859768 0.203220310576784 0.709764973071256 0.821847057133919 0.415317745679758 0.224220442626155 0.24630340560179 0.939127636855913 0.904243391668059 0.62185453749191 0.659807828662222 0.0046459543432181 0.953654139713008
0.262744073743565 0.594388915163489 0.771655275011904 0.680055482972638 0.96951201867125 0.466321329741568 0.0595864497410306 0.812210672160994 0.818510640449917 0.596534055768748 0.463931619955775 0.950210068287965 0.703240348632234 0.32823605191781 0.940134584014253 0.909490906300064 0.75700227589827 0.675522024436038 0.00435590814470477 0.999981288244384
0.392750743052276 0.713326475485336 0.919306075506519 0.584241322879233 0.960016895149412 0.0994084935762893 0.404973080113541 0.90458176535559 0.299279259350123 0.810182667629201 0.941955567668114 0.951614827902754 0.460472517742047 0.172319280989778 0.758028810118709 0.994446802323678 0.761606992804178 0.56595442371057 0.993114849264392 0.999225610642995
0.117706055070887 0.58234867104182 0.345071566258328 0.492232862993739 0.146660819781293 0.579714709576825 0.343387590559088 0.361445529017782 0.518406699623433 0.509623348732818 0.714738680740643 0.969099416688391 0.115482968381767 0.131476490560268 0.357821086386291 0.855380136029878 0.469120271343765 0.374994505149839 0.0666282603149418 0.011909896832775
0.115118832017909 0.684579836620192 0.748125096987701 0.727811550789311 0.141057327476855 0.520337813554723 0.108287162649449 0.106494643189206 0.0187172601650963 0.101107020045452 0.372559786176036 0.992254115665273 0.257286549984116 0.144682630594195 0.81614656388457 0.999454685012072 0.589658103817376 0.495489456111722 0.0359969499508578 1e-06
0.0222132474518798 0.524516777335642 0.450938885136417 0.511489012845178 0.392297199041195 0.200320781501137 0.0475568075330878 0.101313857056407 0.0147232048510416 0.0429908345244575 0.057122087875255 0.587436728207947 0.0382420398423321 0.0349844829322626 0.300500010071162 0.00426891411432024 0.438132999758051 0.516607825706769 3.41052325731076e-05 0.999531561211463
0.105044038541809 0.564308688193067 0.319676809288702 0.650701747766301 0.301215619354188 0.316557106531196 0.0503408333117 0.208454288886141 0.886600520983326 0.174115471345927 0.524124699683697 0.995695162037846 0.201816680507749 0.067994928759205 0.430131519766916 0.0627260077175111 0.45752425717687 0.321947900331058 0.00191710755619437 0.167721410645024
0.0214711150068355 0.409403958882794 0.294713605276455 0.293166751830079 0.101634580680548 0.082752298699072 0.0267347025976201 0.204593400702602 0.0568927327369876 0.0154704699355242 0.0129401340030925 0.312794118685215 0.0257119612937318 0.0190708560066525 0.122474665861948 0.0614044121267922 0.220177354905801 0.393795299749695 2.50681750334121e-05 2.28116053362733e-06
0.278312819537358 0.743292381196172 0.505437434421543 0.608243189438441 0.644614622975811 0.325806526195545 0.317723255405982 0.825836704970196 0.289091198157345 0.468312535489994 0.916548131615424 0.863571600509856 0.382354306348437 0.176550134975384 0.976541155294059 0.960711818496174 0.716029178185337 0.161637998831327 0.999388796845689 0.136025662358197
0.0227215615133991 0.377034701259187 0.337189689269897 0.626399774353088 0.0616873935821951 0.402233479500954 0.00665206575775604 0.058657679155911 0.0579552283754103 0.00624813086831649 0.0211990627532581 0.107118960470477 0.0531393258070599 0.0369489414849164 0.159955082437537 0.216802424761304 0.439452677511729 0.447623402855 0.05096820484636 0.00491411747653297
0.568264468037545 0.678044524901238 0.896867059484125 0.514136404361379 0.934628396062569 0.215604645931126 0.358057952770879 0.844087544260653 0.985611382014041 0.985726706220487 0.767464749924661 0.997879988736249 0.317880326007704 0.186525188691665 0.895050451473896 0.961009823125286 0.621554652570977 0.721522593708861 0.396907699997934 0.000384188673446454
0.318686534228735 0.701791463709946 0.655663592633535 0.829707743958758 0.932388537966943 0.166088960255654 0.434409693446697 0.930902881237767 0.184868636713642 0.771899295429355 0.32520117363499 0.924798477144078 0.673606844958158 0.397665606141149 0.826764389717456 0.999241587136425 0.581905714481729 0.7463720919409 0.944251985742396 0.996096245543622
0.353025990219273 0.617768088215934 0.475717792214572 0.500099519558372 0.958789893094772 0.436704658810975 0.136825146546962 0.373795600569331 0.266293175851707 0.814114813047696 0.92763358185795 0.925314781907734 0.515074575889446 0.171411861536586 0.943305032910887 0.942007760154926 0.449348713825887 0.513833964264113 0.013838724983992 0.123368645263282
0.396664137946262 0.649811585381002 0.527609103221792 0.774595529918227 0.785850354596616 0.213627419749186 0.19247971804874 0.787520213056963 0.982433468807144 0.5912711029869 0.818134385827691 0.996658287701353 0.26644650552028 0.0888297044152269 0.821300434446324 0.99971924912616 0.756463844419667 0.675378264996878 0.983101872811262 2.42179916350431e-06
0.0131953001394068 0.506201075099975 0.127119865263584 0.283721173836776 0.00328550017573263 0.141162038749724 0.0163040619106106 0.0449298128435255 0.00639474400107588 0.0100824991067704 0.00133870605126449 0.293901624050478 0.0442375718801992 0.0326741551748596 0.0695722620720943 0.0122017123985672 0.32313931028936 0.387080787731218 3.13967820652524e-05 0.914921155950098
0.0274228370138793 0.49891304754523 0.437102829261262 0.596684953187631 0.218791762106424 0.258330862838269 0.230372813670341 0.0600432907570913 0.275968358731935 0.0683441798817258 0.0323686944863118 0.677147159058961 0.037368062309326 0.0302597762877048 0.131480675490695 0.0290417355650096 0.0697174912237755 0.331982283314962 0.051068159927995 0.160398744614131
0.0700039956672425 0.481323813921236 0.176300961386713 0.361345064891372 0.0699025317643196 0.659588598582458 0.0272511175584059 0.031246945529287 0.728904299225003 0.033547899013496 0.11070458734022 0.0853116084235634 0.118914169985719 0.0617967770800898 0.534415046591195 0.0894336137192445 0.332919906849787 0.592404611695118 0.00142588426405752 0.998415824641143
0.0340351926068962 0.381275805592047 0.0829594001491445 0.222151272088127 0.0624724538702548 0.188293650773583 0.01030546793806 0.00732159852148795 0.130131869832044 0.0814797454101321 0.0611420643419829 0.550667237629035 0.0484583732064651 0.0332925081687615 0.433875938739431 0.440046121291627 0.26757390589367 0.297069141663114 0.000414752413545697 1e-06
0.0681494611050565 0.495364109080557 0.200615552070493 0.551789192984926 0.0537491469284014 0.580147137620752 0.0216285313359649 0.0470093958854831 0.608829595275017 0.0130764527046477 0.262147903607008 0.378117373532089 0.0801538447688336 0.0473535476309016 0.4561062358811 0.0281875261856551 0.762622295220494 0.222663633591564 0.00870249998749231 0.00114589835963875
0.510800098143265 0.717465727162799 0.471257357387779 0.701975868760359 0.951808705674566 0.918720118035455 0.306328961074287 0.900570290825379 0.988790548336028 0.873340501061231 0.951720498018695 0.953863808177859 0.701577873726882 0.293981757645092 0.973836010968853 0.997648870924791 0.722950777404499 0.517907800165053 0.895826133235228 0.985165852049639
0.129305701538344 0.448667391816685 0.231859973411239 0.282634873897732 0.280181894653513 0.497355663473286 0.104269102809069 0.566305544746115 0.122057534178015 0.301486273379468 0.395968685424825 0.97695125484964 0.0691159171974012 0.102697057454749 0.401208023376408 0.6889566028306 0.502891940133257 0.252682806054928 0.000673762503070919 0.98540048689333
0.154473991822116 0.700098693387078 0.896458836887217 0.724211542029018 0.604013532847373 0.40202222986468 0.331390526829535 0.624246465606244 0.829143977477373 0.911240098519354 0.862174461352221 0.981293479166862 0.745030541259758 0.26102376130086 0.767235103184428 0.963529775942614 0.62994344455183 0.729826560779352 0.310289756454304 0.000208019086617362
0.179626329455431 0.547613665516766 0.5943873609515 0.327040788224518 0.834819299708717 0.559450359036874 0.0651877017910632 0.164608601900028 0.831769746667302 0.0864277277622284 0.156333414829657 0.620223496235107 0.157088411719977 0.0402062878755258 0.783718399325114 0.620006036740453 0.478093199351444 0.698781239117924 0.97564661042714 0.999908199612928
0.314456163750797 0.652481147622246 0.376584133301722 0.642077767348596 0.870410807133296 0.22055565509063 0.206690499933841 0.534482634981748 0.97630840816332 0.24249266452534 0.301025452606258 0.930372163586414 0.310558965546809 0.0661379426208662 0.18884556647031 0.990467532819014 0.445039243663489 0.569336353377325 0.146452416103964 0.340643532060003
0.0203201506540245 0.600225362113636 0.182816837497119 0.414605809328356 0.16693812250442 0.421689462157341 0.00829358943105924 0.0361804842019068 0.00339535152036079 0.0455893002148317 0.0189088567837925 0.964837233616738 0.112389759520673 0.0702132890009636 0.339482205751174 0.698298232794413 0.437646690040168 0.433069427210437 0.561040937583066 0.269814172064803
0.0220746495059823 0.385368362161568 0.0836573509351234 0.488201754498032 0.000910579142846367 0.0929281244794756 0.00776613710584179 0.19424880144237 0.670316984823631 0.0142183500855364 0.0268132182107443 0.0618854622770795 0.0234891490295888 0.0511441984786214 0.155041697538888 0.280179372522174 0.332019795011547 0.211511298939116 0.0401619841649038 0.977431144911555
0.117497420769457 0.537568058900061 0.49030607670204 0.647314855802928 0.0635356231943386 0.253598914316075 0.0358056493198044 0.358677300696952 0.729184325356116 0.395050732170434 0.0743384008761146 0.959854095995069 0.0763853786777555 0.0377642665341553 0.276995899081785 0.471077759453848 0.362039403892621 0.326964538042239 0.00633365243203837 5.73373544139873e-05
0.710957198177738 0.832457751509439 0.871621401895257 0.544439858072346 0.990226404631474 0.781450828215714 0.945130366834347 0.998463829523863 0.966013941712518 0.990765121103085 0.941575412628188 0.999308963991994 0.814431698171753 0.733666222631748 0.89525456629914 0.999917844877062 0.755246365188266 0.831025622715543 0.998808667292854 0.999009185027402
0.250290966565418 0.57623547938277 0.554535851499154 0.726540076590548 0.841254043764668 0.488141028229247 0.700625945452512 0.877145424910421 0.952793214236925 0.474866476517038 0.936510371641456 0.971805729223665 0.468572905432712 0.263824997013968 0.698781317570555 0.231844259786113 0.228583163919733 0.439960733641569 0.706502727088505 0.999884057271572
0.170358372733032 0.647195327517679 0.810673081398384 0.429891460412973 0.0911188619697579 0.359865263564676 0.304917393800175 0.345819184828168 0.0137115274916624 0.0659919101405419 0.325702380205475 0.767379161713071 0.0979269190360913 0.0630270832353009 0.457801857943665 0.696160770609398 0.260906380804687 0.424711926571814 0.180642034264051 0.00374341435861617
0.0595580585944287 0.653900757649964 0.420086993411503 0.621492892317375 0.252299654083861 0.774702642593176 0.106556889752055 0.0517670812937871 0.000899462742013403 0.0406452891114144 0.00992982244085546 0.988242518391524 0.0709059185637351 0.0735095736016556 0.188874231001016 0.091450122079702 0.396733500401544 0.405423258288433 0.00147411409791633 0.0128004006368869
0.636478092537401 0.745620774611578 0.580861646571087 0.474542066136582 0.945823003373384 0.920984515052454 0.228542294070653 0.95447757762293 0.998125688082873 0.910390956939323 0.981435339320365 0.974069097246507 0.819550459481703 0.358554056272929 0.91244600797616 0.999404856373517 0.607490922864206 0.833844802161103 0.701939685957542 0.999999
0.697227878715858 0.763089301539483 0.64830043733342 0.756596418272594 0.998489932308536 0.117731611443327 0.23373640575483 0.984093043537744 0.896044753733463 0.955621819558039 0.901001699974691 0.994874812766067 0.65351558678283 0.365577552155355 0.885191194322627 0.999345822168908 0.660952133488348 0.797847278957692 0.0351675148256521 0.00642037362446036
0.122105614266954 0.670567247700818 0.507855019998618 0.540728613703632 0.698004571322656 0.489131203079564 0.346913955445756 0.966688905798594 0.924583661611902 0.730457807485503 0.264651042802688 0.985783200270319 0.153966546048557 0.117112714788839 0.625565451042832 0.994650039795137 0.509261702394049 0.477867394703799 0.26839804420627 5.04946193283493e-05
0.604290120648096 0.730478959697465 0.723724154449723 0.601537577498381 0.988156025466868 0.198783700386615 0.495659179523888 0.94939884685173 0.831817112296091 0.961463162852529 0.857441734938344 0.951857317641072 0.733958159427399 0.464901254758568 0.947273660244968 0.996105048850601 0.505933603215966 0.793417552894669 0.994755582300134 0.888908596928946
0.13125576127689 0.532739991844898 0.250477089047575 0.738878902593362 0.624383863115555 0.51155419229344 0.145352078958775 0.538919586766423 0.395711844894635 0.465073811571929 0.172456290740349 0.937627931428628 0.297975747754116 0.129561788160564 0.346484336004785 0.998484441529834 0.576738447672059 0.435320930431315 0.936700975650701 0.0153100582830203
0.063873445128073 0.489240882256131 0.400334591853033 0.597065892188707 0.0406337220470568 0.311516284698359 0.393571690526122 0.968359495192208 0.0558776545385408 0.313923664068467 0.197071531696287 0.941563213714813 0.0366241818362513 0.131805593273328 0.780942863338868 0.952494910177105 0.139043849746158 0.494521190337916 0.0027949182983407 0.738697357970632
0.662677033116332 0.756297890099597 0.380629095421489 0.366789148137134 0.860516206482956 0.129951507198173 0.434386002367448 0.944217524218731 0.327924438957021 0.920152253917836 0.910517282927137 0.980017281668009 0.324322276786247 0.277789402912413 0.962097619936758 0.891350490208138 0.686131165826404 0.603052185362412 0.00264787979571697 0.217687928937844
0.452556518847669 0.728915248332321 0.41577731828602 0.488179631684658 0.993463691664323 0.554972798002423 0.482254057247055 0.972069477096216 0.845798526395359 0.873366832654304 0.931984954545676 0.991681537831664 0.798405265810382 0.64329349437303 0.93686984248897 0.991753568730835 0.594456640676034 0.766069791635543 0.293446533914493 0.999914446897724
