0.13358352265351 0.497085123130084 0.228438798801654 0.514875406175127 0.163259016821412 0.0961948784459465 0.0240904384834588 0.211929035549681 0.404144141507672 0.374611596783792 0.0548634641847947 0.450791217036731 0.16146437986712 0.0301875786492308 0.149113306546292 0.250264895484678 0.441369895977014 0.457767548079853 0.489793420824913 8.91767932878465e-05
0.283204891856181 0.59943088843311 0.40031894310137 0.481866831150759 0.775854166095478 0.414215016888409 0.154102209627149 0.738268826831918 0.765285048647545 0.719094856899818 0.365178999449049 0.996119563017988 0.353105816875971 0.235118745818915 0.837385695441202 0.998922403758458 0.587867889276625 0.739612197765447 0.0472969542849154 0.950584735833012
0.0151469698498854 0.326111737127163 0.357429132032616 0.322187331969777 0.0221247693910663 0.370172465444952 0.0187602019035496 0.0013651483999262 0.0115621333580886 0.00750317501240218 0.00745111607119854 0.509994188020673 0.0290023752231393 0.0401024698879247 0.069747853364526 0.402742311174743 0.111421957935494 0.102274155432688 4.77010707675371e-05 0.241121479805873
0.181429787915135 0.557112323782953 0.234260521444385 0.612283238221026 0.0850133106977838 0.300235081112233 0.0330254711046352 0.157953072827215 0.967776899208605 0.261823360109361 0.623582829609956 0.919283454808967 0.132708913545686 0.0767717394476624 0.816272384103323 0.99128398616323 0.348389374921978 0.413837312268147 0.0194427281928229 0.999999
0.108401188597128 0.49571047325157 0.873832412817145 0.589658629003812 0.745201920836207 0.609795118801552 0.0592943865090816 0.118596979505532 0.369781083096268 0.507193989226933 0.125775621064129 0.997111191061475 0.115954771636722 0.102815598356531 0.559225511391254 0.998067272184997 0.484036021698676 0.432893786499748 0.773334283805612 0.985828999661138
0.330291786135038 0.563005553781082 0.493204676657812 0.588491268077709 0.263257809103259 0.382600389053811 0.0644067041431888 0.535912932624278 0.763420055164073 0.396781933551122 0.12797610975208 0.970501892414763 0.120102192945131 0.183457563220948 0.399829927307462 0.790628089942045 0.232002141146498 0.679517665714035 0.0276546172476811 0.00156309410163218
0.0648374307596071 0.539908803288135 0.274173290384844 0.717129673283074 0.0921063732046799 0.338588149415686 0.0236819078405809 0.204196760834447 0.226240032068859 0.0999960751927639 0.0520734841198291 0.717192691526127 0.161001772003435 0.0818698180325464 0.220074834375236 0.7124566847658 0.728722174874234 0.195575120666984 0.0143029924750152 0.938496331107851
0.252302312818492 0.558936810092919 0.842441564033576 0.752999037244306 0.441584153496154 0.272715681039913 0.0651130426239099 0.686838111671031 0.453820180336264 0.477656901072019 0.234971338458934 0.956953108122484 0.430113541933357 0.101659948479173 0.756287493594919 0.968470972454132 0.5885064485514 0.770636440249663 0.898872882482489 0.99999689476484
0.487741552523934 0.803996034912754 0.796396878626032 0.718804590928695 0.997513781380251 0.61470996705204 0.611504511038277 0.911628672442228 0.991060036614061 0.980444991941112 0.914825014697827 0.985360267417336 0.766298503159211 0.277473323461555 0.836762829257861 0.954028703592123 0.826866449001287 0.917099505974289 0.121564455532793 0.994544492907056
0.05920032326813 0.606527763196955 0.52754297813972 0.735829767831755 0.585533262183943 0.144232951811964 0.047970810899914 0.469558834173735 0.290174905459128 0.135896676814087 0.104031475758415 0.851367522408823 0.124235313128562 0.0830544703205001 0.644627221112019 0.395314850862001 0.403949969101838 0.566951069737031 0.010594128932989 2.48584695474121e-05
0.151696895523854 0.629288578352307 0.527380617397953 0.705342370722638 0.586261328212908 0.667615131390069 0.175857128567854 0.642005832962011 0.98192362138538 0.264557590310403 0.317986062464431 0.997195155320984 0.11104417945486 0.131369956751907 0.74790091147989 0.998596619778834 0.347908489932989 0.409740985175565 0.73837768376824 0.999740288194681
0.118104648043485 0.549081431947014 0.131366572628241 0.508172436953298 0.492098809786261 0.335862769992061 0.156266026392618 0.828081423565317 0.093211707838823 0.609603201340622 0.664969974419928 0.986803890227604 0.258833041164733 0.188938230999584 0.905814964214979 0.736912119134756 0.618053893140708 0.735274530084218 0.88160967783525 0.000280627545443969
0.140648917823332 0.565269419656306 0.887989462257828 0.612667544504267 0.500340417352303 0.117805538609551 0.103557349588083 0.0607492412726572 0.86029578512304 0.0603322152488086 0.0680648090172532 0.62366604947453 0.0855759603658815 0.151909793918327 0.671122194633802 0.825472136507742 0.287742484916534 0.35600166505553 0.00136731778463465 0.999999
0.365765651193403 0.67316324492163 0.643800083840185 0.802418399452551 0.957624255217526 0.642614964411889 0.38115814281969 0.830798443500553 0.873331948791958 0.81083135874643 0.407172811216198 0.999655385906016 0.0737101258600843 0.202455092622705 0.575665712620472 0.943199191445285 0.191568716193016 0.655050388098825 0.124527937980868 0.0202165083414076
0.426562593712443 0.737679606531819 0.847042874669656 0.604726730410351 0.991492592005678 0.226839989585739 0.0344355173297583 0.945024588766223 0.985191057029735 0.839621400173651 0.831102978082465 0.98896649220515 0.672716758401372 0.158771807484309 0.916522641840104 0.782164045465401 0.702035869346093 0.655832949230709 0.017035165204999 0.926302161248249
0.469782435710434 0.771016736824435 0.517148447653718 0.531837080568359 0.620202266173739 0.565045464444189 0.298898317157753 0.910978346248075 0.887155783272651 0.84906954307694 0.787887680524794 0.99219590275489 0.581695439636076 0.286838524318017 0.880964561878291 0.998722206119364 0.475670459029128 0.673031461098141 0.870736513421444 0.0539105504100844
0.108208764887423 0.692781429623042 0.413908319506258 0.776877666361819 0.84447929755773 0.698073026281037 0.0855540232563006 0.607959587782582 0.704804200960968 0.270815738128181 0.42883936026214 0.959111039499447 0.33162151616877 0.123704209752862 0.654423239566715 0.968019637029359 0.848898502290674 0.529993326566551 0.42791125657336 0.0227981452271535
0.0926076938514284 0.350207318509493 0.357798404377052 0.36835524122122 0.0448703988232572 0.254441389165626 0.0284226638339379 0.0301175170983552 0.085693572764271 0.198936504594166 0.0688654600211874 0.104248799474946 0.102875599610857 0.0282098649642818 0.21627589225305 0.601522723022937 0.599945399620778 0.405615382195371 0.0719409871594277 0.00041695230727524
0.130520480699954 0.511451579069459 0.0878349299526545 0.548217612458911 0.0724449601895728 0.297489698896442 0.222703508199483 0.429097601596383 0.73700470473439 0.082380835886399 0.133518939449257 0.994676180429178 0.280213322703 0.05238475618961 0.607558623866503 0.0257758026077048 0.383810736120067 0.466628588832748 0.0111360720030237 0.965904412854768
0.41101376540716 0.543773303269582 0.550236644920628 0.651946834614275 0.896735303554853 0.212980886575909 0.26035126737246 0.606750900024393 0.965494874443465 0.810483544314791 0.801036737820651 0.596211037013879 0.410402879374533 0.218530382633696 0.658560741427018 0.999775305032651 0.594699412355558 0.78130709744497 0.0385671841569559 7.02673859886155e-06
0.343696652379535 0.649407611897569 0.311900813526099 0.550278606271933 0.926526626306301 0.58285181450806 0.0763882042174005 0.653967202750721 0.982148778072988 0.371421820384679 0.712967030835779 0.995851352095574 0.293225287539007 0.312905907925672 0.658120568943936 0.991383407579319 0.451724232240204 0.662376559202495 0.991553846695786 0.922674671269799
0.213568518535192 0.579864182919098 0.609847092628033 0.709481324989383 0.417666831269592 0.669126374037169 0.80059045917236 0.81249217026029 0.170108963697474 0.607762717072219 0.686409831352545 0.943808806232643 0.263085673134709 0.16881452169831 0.687075762003988 0.879661135530593 0.754170207767844 0.581970552774258 0.00341636747815302 0.000838692437614177
0.16115354709136 0.645862833500365 0.580706015011009 0.517620234647954 0.777011664969503 0.684377183597066 0.044395778949377 0.866993409101027 0.0765940577791833 0.468137766523625 0.343948411405489 0.982706767893961 0.261122010330787 0.124608900685944 0.806125979242776 0.728682420810696 0.337786875154478 0.531569139301422 0.99926982947194 0.0355711818264846
0.628711206756268 0.746254146374079 0.921897742791847 0.637350787561009 0.995289883021593 0.706749115254592 0.64618108521398 0.979605099454073 0.540796985716768 0.934744132759839 0.970944029131837 0.969694463889347 0.65157278502197 0.487596158451299 0.92475558477444 0.99136562994761 0.642963303235093 0.935442265112967 0.537756268510414 0.536217681463555
0.287711112727692 0.696390714563933 0.574723285611574 0.587926569525115 0.928273204861713 0.13631684896035 0.235007793748701 0.0676439470674749 0.309858999455062 0.436921972592822 0.361222301319908 0.429888611772158 0.358124917929054 0.107948240359863 0.776822602355966 0.993715356311954 0.298644688417738 0.569293995954774 0.994232576342263 0.909995368330531
0.473576700429559 0.729739992207111 0.991280060874624 0.841652224102325 0.864445283362963 0.280672659612277 0.664302571376532 0.973062559569515 0.99481538802347 0.945366660283052 0.891762953160654 0.996967002163499 0.59701167075115 0.256885328897473 0.558188362722341 0.90602528690822 0.68857990497247 0.856628333602339 0.00282817490204508 0.998792188917599
0.0336079043895894 0.485968357580255 0.501330858829071 0.3679797124257 0.184694033825734 0.294469245693609 0.0125389837112501 0.0815956755500874 0.0295060513879786 0.0412464377848859 0.00996341667994766 0.793011929822701 0.0515844348946284 0.0249396701152632 0.0983404216855994 0.910243119476158 0.386574691721811 0.1632205092122 4.20835782162151e-05 0.00564829779351825
0.633449626362035 0.784119789621417 0.950439497453514 0.64180574531633 0.89141076409398 0.472646039086376 0.717687953451948 0.97924945693609 0.996768464135922 0.915773319492747 0.976871219176432 0.999936650077687 0.656921466426365 0.60938051763897 0.988038395070074 0.990712881048328 0.558127203363335 0.700786352296496 0.448503692633007 0.999961571040188
0.113544578547084 0.470070143461285 0.0511450248343278 0.715141848668873 0.598345849385755 0.899936605839439 0.0252688434213964 0.0843275518668479 0.811333017423581 0.114625539900886 0.121049074332179 0.504500963817649 0.0943301631251438 0.0597655515689367 0.170981023562971 0.952754649370635 0.596746893582678 0.220747027320202 0.0268998407594533 0.929018370654384
0.28124074822583 0.620406185496754 0.286871279298158 0.510175243185504 0.883268131621579 0.725670059202939 0.10655912509307 0.220179778143307 0.981560292336144 0.792141725843265 0.829726334655228 0.386811266784969 0.454705177238916 0.191728360596984 0.914284931991413 0.975895725993199 0.606373886477276 0.417210158116902 0.00135763786431095 0.00285830457631039
0.468501708755539 0.616704580802852 0.532618740925177 0.612418606394142 0.994701256912659 0.148614941261087 0.555253616080369 0.663155722843731 0.918898328175414 0.721578257033375 0.513183416248726 0.67457398619998 0.288280603724388 0.302485430480237 0.9787489474093 0.416879693107952 0.693433070465437 0.544083094361389 0.00944531065331829 0.976424462937757
0.280522014384973 0.624526312916393 0.776880488301264 0.438601632139794 0.856905764720571 0.569852712720397 0.66059957530074 0.79046289700241 0.490948226455114 0.661135389304253 0.506751561225702 0.998904984714229 0.170909247963181 0.157672865500643 0.721067419094588 0.996349342847992 0.15542692396402 0.789245177279838 0.995603398420166 0.00159189053666171
0.11896946394407 0.582783902597512 0.343048209510515 0.462714415631622 0.273610754689351 0.378198247512657 0.0519375640017338 0.0950568613681451 0.0430812133139019 0.186963511934169 0.0304710175562881 0.979927448343703 0.119027878894917 0.118862524052216 0.415109205347949 0.714177152502981 0.182727315610108 0.301011734221191 3.70746722715343e-05 0.146725058246735
0.557408245358544 0.659181516859945 0.885746441926125 0.558019625275606 0.809811985428613 0.717573983467069 0.665244305073083 0.971383980417461 0.92755208810699 0.890491092583106 0.846062171173782 0.964807256985317 0.584411004224029 0.424230267664943 0.89342133523009 0.986751153321234 0.501449790425373 0.760792173191331 0.822941976419935 0.848109424768444
0.0436741210772862 0.388081840529767 0.0867302830015625 0.276736721150255 0.00668879288861285 0.649318412444688 0.00624013196915054 0.00159152227656701 0.166920515459271 0.00966643195315998 0.00639992274412487 0.114359607982837 0.0520581609692042 0.0175127821336584 0.244316051617277 0.647670315361219 0.389193027986193 0.448998536108754 0.00503798328804671 0.00421473660642087
0.297216796181986 0.734392775286791 0.77855324966807 0.760877478008749 0.643884640768251 0.913873690083879 0.723655309330647 0.939404384468487 0.974674092836987 0.669681477649916 0.769493016767802 0.964003132092691 0.592854477340013 0.322992567410367 0.835838331250696 0.997080813287866 0.880776071117924 0.722247097716629 0.982970222204693 0.275829383387134
0.025023686157356 0.414753335697789 0.149294525429095 0.397125359959021 0.0937164143832197 0.52000642900656 0.0114534148246428 0.0173036020251955 0.637550726345553 0.00747864190547164 0.00145286009041797 0.704793847123822 0.0115664920460133 0.0410343047489557 0.0961742655376872 0.0100911445053742 0.441434697536186 0.349681095412448 3.1151359649517e-06 0.957884262353432
0.0441071538755576 0.554232486863643 0.665534216729883 0.613963219010816 0.675524111182207 0.197951263932281 0.33133119856851 0.113985906794744 0.421196369407167 0.400022316389922 0.252843158597781 0.99207940855185 0.157347805965641 0.0861780472869888 0.556048952340038 0.86314155765447 0.468914002798712 0.212158554631232 0.0169689448133825 0.000132101179566658
0.0463825836924421 0.576406780679836 0.571847339448069 0.710675627257278 0.136211058554939 0.399961894901592 0.154878855902657 0.080162559585505 0.0256203891513021 0.143987298123654 0.291247086308179 0.690236048406095 0.115046728917855 0.13106919737373 0.449836423789833 0.116406632768452 0.421286692699964 0.402467755907977 0.126991646690758 0.999991698869709
0.0188378883099716 0.437707981305299 0.100327730517965 0.599221248399798 0.0929190300358057 0.419461485436879 0.043513892619909 0.0039414861584519 0.535677108574603 0.0633121632351872 0.0460739120794007 0.889394091994423 0.114302964331614 0.0219198703425417 0.741019475161315 0.0125114496027978 0.203891658013088 0.236392326895516 0.0039728729293797 0.999988301062024
0.665916304519474 0.734560329851326 0.933157980044733 0.696211171250856 0.978530595152862 0.729098093234426 0.131307336636593 0.994822009289512 0.928788185692205 0.961706127462285 0.971497158611229 0.997410352334924 0.735876773631149 0.359228034624919 0.898313165388427 0.983848913889305 0.75503240170553 0.787740717450994 0.996936109789705 0.974811906738319
0.519080338142887 0.692299982869118 0.260044469880429 0.490770058995631 0.875517722290416 0.463063632514179 0.11114474846605 0.690077666999713 0.306535214113679 0.540351365829752 0.909486307634494 0.999088466570813 0.239821667496288 0.200227543352034 0.852726556287815 0.99811281303906 0.504574876950098 0.647438375643196 0.291841649272555 0.987281905131201
0.125717183947573 0.597310367292986 0.737564617408107 0.669382523973421 0.846246549877158 0.2907025962952 0.236133153457283 0.234043234723026 0.390607228259636 0.186697631559785 0.670825636823876 0.990050420503405 0.115719504309477 0.106645863129082 0.444409602873075 0.332919891564782 0.533617853750528 0.599674403213751 0.0632045567119655 0.0173803150647817
0.0916440904489049 0.516433957222417 0.787979685740238 0.507622074126717 0.249017288869266 0.36047690989637 0.014979229550672 0.0972209703905669 0.968574985593061 0.0958860923126041 0.00801887723750439 0.3156532786872 0.0852441189872289 0.0414777977923278 0.375705818042798 0.205350720904146 0.443794784993128 0.357455607553363 0.257488858515207 0.155290768968325
0.746990301715258 0.803922923582667 0.951597185118379 0.80871398757575 0.998146311645249 0.408526029950722 0.36896164962641 0.994196317521071 0.991213485351141 0.899651761400051 0.955992944160277 0.998046385788172 0.801135822070965 0.56641485393901 0.715314032864681 0.999496697774446 0.729040519931336 0.775848512273455 0.875997452935606 0.512582639838799
0.312749745792741 0.730155259629342 0.849758823255421 0.84203106811438 0.997097939709404 0.189482828188404 0.299734771644728 0.6182889553647 0.975748318456669 0.780055388392787 0.787674955571715 0.967163308651584 0.612643912400303 0.289830810694233 0.875428662639263 0.999270234667828 0.43969788802115 0.745939792226052 0.753611051530093 0.0146355222736055
0.0694206618454494 0.345181083691345 0.0617738328749826 0.544152348445844 0.108361524723082 0.191577614572775 0.0104201171793971 0.0133377813198406 0.110841238415529 0.0297002455682718 0.264561678158007 0.0549295029368149 0.0245403614789682 0.0306051930753745 0.548690412505007 0.119875977694163 0.167037262394326 0.296033199423563 0.650319080518358 0.0711988735849615
0.18946062884498 0.729290822115509 0.576277485481253 0.533882627374577 0.894032034048155 0.488073746529398 0.15940980708673 0.436841011121338 0.367217493493738 0.592766512417781 0.722527400260381 0.679653269576788 0.349156145190962 0.175528767704757 0.894219581234783 0.951069908488058 0.62974319110086 0.676449430620213 0.0163559914668143 0.00469664656573788
0.35403675529196 0.748555115093531 0.90524607233117 0.657377991929979 0.676253159736109 0.471124103876975 0.21061854084357 0.895107346135811 0.506227349379283 0.673082538474056 0.446979325430799 0.986491047352808 0.540850513250525 0.219536760685629 0.579416929025219 0.995771785666907 0.672256517402539 0.710000799109272 0.0711381165487504 0.909136508405501
0.140049909193543 0.634366206324667 0.600958827366161 0.509792926881532 0.841264660560134 0.0734812294492778 0.100425642065689 0.682141121453946 0.999119383815525 0.922110506305703 0.717851927656471 0.979680961024319 0.311302564395385 0.158935265105472 0.595260559706333 0.925680437023874 0.479594424152976 0.2828525255313 0.71172537736392 0.763589396808542
0.111967301979591 0.592669155568081 0.476761782437364 0.78002026966456 0.584471648134159 0.535111277921003 0.335799641409173 0.400533712177504 0.897309668146468 0.376855768241428 0.473773516329323 0.357066387488223 0.404448317667592 0.0756718073223435 0.801002590031726 0.98870847228516 0.564366662553175 0.329486741326366 0.677667648432955 0.000253535936559578
0.522507322085932 0.718634173720427 0.755781906261408 0.763858536213255 0.931951788216733 0.550545027551508 0.0270548202849402 0.966762658305382 0.997017954061451 0.883604572369207 0.977840974880299 0.997928132650338 0.618973507011898 0.334753870196284 0.862888014093487 0.976994046931749 0.195813576187655 0.744462734338432 0.991714506584416 0.417985399958419
0.491056494217189 0.736381204720511 0.841391497159881 0.70978813621916 0.989233440879861 0.520617664809871 0.50245603370147 0.977193088832737 0.978249596188573 0.692763819081701 0.656355659041635 0.984326973021039 0.442518045090731 0.268378397922954 0.957913503162876 0.888819304012413 0.738536352755424 0.842823997804603 0.999830008403445 0.999945288835004
0.500667670891853 0.704465473291048 0.871712301725838 0.703849269205848 0.896822582948788 0.547545911050664 0.276848137987963 0.980558382299316 0.852203974093073 0.639073418256466 0.926328716731225 0.846914693009044 0.632271604652986 0.316691269377603 0.960136041902388 0.850275745088843 0.544607555353916 0.636289581186991 0.789312614824868 0.999984371403632
0.189551172874991 0.6213186489471 0.833969444575671 0.40668951047789 0.898099903514699 0.449100849315934 0.456607543747493 0.922397835811717 0.0350473918585107 0.642525686777422 0.272769664414785 0.985781626985693 0.199455260999339 0.247309439514014 0.924197474091146 0.45602583076976 0.214640344336916 0.679906694238563 0.895441680684292 1e-06
0.297789075562153 0.62502500566168 0.517323904199565 0.742189618748486 0.980578644337867 0.5876773908985 0.305751787149173 0.738938544993624 0.278696041007653 0.802164582142064 0.741571640520615 0.960590018760511 0.362604294960234 0.272279404435523 0.725351088821463 0.949633354920073 0.740821254558128 0.535078905065452 0.924246660108733 0.691807929258347
0.319106037459276 0.584827195192093 0.421950761130843 0.606518804244141 0.90039385172096 0.277433671656946 0.194836044039678 0.884311849257578 0.676164978213391 0.808376489269974 0.909070437492767 0.979493329989253 0.544960832593304 0.272225079224536 0.759029870267809 0.976139122416789 0.424861648312411 0.527074148803158 0.603213271245672 0.278558191254378
0.0980021302528579 0.530331585898686 0.0886614270544988 0.322519195393577 0.00907577857137809 0.502916307896806 0.062234741924115 0.018171938032755 0.0300558824719798 0.0811906020241802 0.083249082052185 0.763801268220641 0.0456812133854369 0.03001006537788 0.406693741538862 0.192510202493077 0.475839637353176 0.377895279919716 0.000422084026597597 0.147200611130685
0.788764731343847 0.729597826215544 0.892985005963214 0.690074423018902 0.880075658494988 0.549171748115578 0.733340231462232 0.992774333954925 0.985578655065019 0.921310716786104 0.97061761098876 0.992103266193647 0.400645443464567 0.526092296995261 0.829873157145599 0.999903033132777 0.708896257838443 0.546700316397193 0.0348770176023545 0.999999
0.475705132086106 0.788915741457549 0.709284210631988 0.882540488510218 0.991274638056795 0.131627076498287 0.41806259424682 0.991897408920636 0.999882396387414 0.992679722034654 0.800954483671666 0.963797608493433 0.77392494926807 0.487774080001043 0.961776540561045 0.999989578825199 0.768257061332905 0.800821020357639 0.99941089569509 0.269505571056173
0.263873585768778 0.600331206098883 0.371651814292996 0.638777297906371 0.219330837316705 0.383014029664361 0.0276271885505368 0.098006141261581 0.361210042193109 0.104724039211284 0.505120873206465 0.979023177164267 0.188155683011252 0.129641261200329 0.786105347455521 0.999405426389414 0.505461347769088 0.375705872330373 0.141345605275729 0.811947401898891
0.40299361207642 0.758919449801233 0.554582398196224 0.678700992939758 0.672518178912471 0.625737828679091 0.628743291162154 0.944385026142964 0.766261248840735 0.541835966782088 0.418894914662698 0.984464954710018 0.183283151345772 0.131828771246897 0.893440812397978 0.999654959005219 0.810734025319399 0.817336291028385 0.26217889224599 0.918257279410141
0.257027499622679 0.726224336396147 0.745659258874428 0.615787601996665 0.490544684664127 0.417170405901809 0.609483736673328 0.823850255250186 0.956259726254597 0.896229242913461 0.572869545218036 0.968805681314639 0.389909793773011 0.13639962619129 0.634305133939838 0.986164630431773 0.769843901718975 0.614529448389036 0.994101092265424 0.998375439474041
0.44922306620972 0.733896482654752 0.881625536969605 0.690927044314087 0.874488850016678 0.512548991744509 0.229411792111615 0.954850550723293 0.723037107675843 0.948062782083896 0.840971255826125 0.99754735852585 0.899989739058312 0.282707152029214 0.798420242444215 0.989796308102069 0.747011320187593 0.727173127448777 0.480369150023951 0.428280723466837
0.262696348846719 0.469482007146346 0.569407325970857 0.316907865011438 0.751734529224947 0.167797771526838 0.0704463735345185 0.333076471407395 0.0887263060193576 0.208960153890979 0.660010057942612 0.962605409835432 0.372746584443853 0.120766956839849 0.643495524037253 0.987496264914452 0.442177197739186 0.43270540336365 0.027201696519949 0.00621566328394592
0.0850220444989532 0.462605828671397 0.871955861499768 0.781922557354412 0.365879189991928 0.519672855041112 0.0246500047521089 0.843390005533264 0.803234782340496 0.135273159977544 0.442027095962532 0.990339400064268 0.0952781070194714 0.111780055202171 0.682519839843829 0.737290910851719 0.628690924010307 0.185040661492385 0.000405192939851394 1e-06
0.0730395587731445 0.508205493125541 0.210017471719276 0.720577662772778 0.0769509610331716 0.758153910673708 0.0149947134852002 0.066394374742221 0.626069758966725 0.0134926296973395 0.144426020797458 0.341105075888862 0.0407011210517513 0.036508507953384 0.10126160879276 0.443126187605033 0.475122355956872 0.571341179816282 0.00110557191636065 2.13468195276434e-05
0.203456098446018 0.477875560667261 0.212800946436563 0.820954489625554 0.231598683384487 0.738392258919504 0.0468633233129671 0.765607256347457 0.976027679412238 0.122078137779799 0.437644458038188 0.645401403818061 0.128346030108936 0.138691388567314 0.722801511393331 0.95839625874618 0.201450992268672 0.21820459100457 0.0013899225070419 0.0610413173221475
0.061413524198682 0.445827611143839 0.0508344654880061 0.506296471963084 0.465486615180164 0.640764984728476 0.0893891143748979 0.00952017198628582 0.0143880344136643 0.0107986822877166 0.0471379426550314 0.801646410770922 0.0474670258455041 0.0577385278270406 0.036576463799733 0.289524748230945 0.310984658776764 0.29558776331651 0.00168434746648568 1.32778120278542e-05
0.337334942630047 0.545973663207676 0.153447474063673 0.756195966232511 0.425802516565057 0.686583599599884 0.40186454514033 0.498549912966024 0.288522757101719 0.213672760170634 0.775673430383847 0.657891124356235 0.166832415540312 0.0971749233136294 0.544649546351685 0.991101081652605 0.56409827834095 0.656481406020743 0.000196232204901918 0.999992793527785
0.0222185592821841 0.398446727603688 0.24982765352602 0.688995858873707 0.0610044103694409 0.685461570205065 0.070729878620289 0.00101157232169939 0.00686640697568243 0.0442108428376272 0.141021640416852 0.226843237889968 0.0381501382593365 0.0427668984418576 0.145455566914923 0.985411847671547 0.363093008478534 0.272836533049075 0.0332074219318316 0.00660068261918512
0.225308030681555 0.634727873151706 0.818042099480982 0.492137167578372 0.991411459494705 0.587560287280983 0.242342348632505 0.629535444364822 0.977227912445967 0.6541109933725 0.929009368778535 0.991636423760185 0.382843063026031 0.419334591863502 0.440084094427058 0.779166228094704 0.611082887363531 0.481974895188083 0.024663633799244 0.999950960698234
0.254564876400681 0.712864619835173 0.827473771714344 0.711151851257148 0.914266080333198 0.709057394559872 0.714545760479844 0.882946371124955 0.943630936513308 0.859228931858435 0.82475088106501 0.974401676798151 0.555454259180136 0.370382679729338 0.683303123500804 0.959901778932015 0.493565926351511 0.666964840299446 0.941753769806889 0.999988374817867
0.40479009242514 0.750515384706578 0.0386541949633805 0.616557445035472 0.832658770268055 0.727756491279048 0.32583650285629 0.343793650627708 0.0799602720528271 0.730185289777975 0.683522459417965 0.979550795483635 0.447912797542001 0.142333937084322 0.809453215192069 0.999340170974112 0.56178457471468 0.535249357087312 0.997777916599264 0.0901052029233411
0.338917775215759 0.642897443373778 0.678841113048186 0.785352143908879 0.808134081534403 0.604609116803599 0.244755074657054 0.965316386302629 0.733959247230566 0.76973984177769 0.941330940200589 0.969193421516009 0.752826764331559 0.195839077348743 0.615883768153996 0.975090457329664 0.599074883490043 0.256358762709551 0.282823947730569 0.913608520277025
0.0331226248052708 0.365425866826159 0.150364771805205 0.539686697168882 0.156207908308968 0.0888078406162921 0.0330916095848371 0.00647695892502775 0.866230904648206 0.0160563122128626 0.0190978447694717 0.1122428687954 0.0315492193302956 0.0172620091968968 0.231492705666329 0.979504713910909 0.282072955020671 0.189652318700362 0.14523603230037 0.998516983014931
0.0484614169711321 0.411301609068525 0.579808412622402 0.834828076034711 0.310181220383418 0.253840184425732 0.0316457981840647 0.145130629138462 0.878035242512612 0.0456869861050224 0.014865430812839 0.254513307016196 0.0557035948079419 0.0316142295699432 0.12307392682289 0.235167020153068 0.515755951792086 0.378071128495087 0.0387677583382659 0.980286532316906
0.0361279920843783 0.434914971548412 0.293786106585362 0.412511084007235 0.157343097010081 0.41982770678118 0.0305491060726151 0.0453766707184538 0.185265908995366 0.0776629111462851 0.00940959316581422 0.638747572877546 0.100890825649269 0.0416924003931446 0.102248354294114 0.0915113741977203 0.25622614438518 0.392519571164771 0.000664906429053994 0.432471235328032
0.0458437048254745 0.426123980909359 0.265217545444383 0.583080826639315 0.00785846448565663 0.19161269855884 0.0423050081005075 0.17507455573971 0.00968065245737506 0.0205897748274754 0.00251038156738972 0.0190202342880489 0.0239526703543663 0.027481104814733 0.684880791576478 0.501507055165748 0.520919530184507 0.474398918238704 0.545086558046056 0.411029183940251
0.0484769199981582 0.517037001383234 0.173019691620286 0.605588812845249 0.185649830832084 0.508034587797809 0.0184598218599963 0.0959200359622777 0.0609475216602992 0.0304252589098606 0.112410269179669 0.593417906011148 0.129705023918008 0.0502519319193322 0.261847408287117 0.887171662214222 0.406360061460589 0.173658846152834 0.000720430866832856 0.000248358677878868
0.42161182508127 0.684994068823518 0.593703383596902 0.802684398350469 0.959795013372115 0.400441398724707 0.381714946388313 0.98587281969031 0.963335866910868 0.881118740267597 0.83680455276171 0.997794210939528 0.733157378180234 0.566271647385511 0.975646079107213 0.97639098680558 0.429540487418241 0.694854461414788 0.996598800027067 0.0427873335384982
0.109943263755251 0.502152852865001 0.514484956540919 0.478871263731655 0.560723190865908 0.220866833723852 0.0505773172962137 0.0387219083361623 0.695175601167528 0.125072617212787 0.417631658675513 0.886155840371761 0.115437560381574 0.0773118517933731 0.339390631803783 0.912222748145887 0.523725763524637 0.399273154675232 3.53722668229348e-05 0.0445187488860962
0.392184976228025 0.638990588776768 0.948505108446034 0.841126441663508 0.921029682413485 0.182729869389904 0.170877938233215 0.976769850019812 0.793719876604078 0.892710989232798 0.573113493960609 0.978283747159263 0.671205999092429 0.321927232198569 0.86410248605863 0.997280518534048 0.618100883582821 0.559797601897742 0.326347635979258 0.841056106235422
0.154090915080785 0.578850085557851 0.410774875724997 0.298190690926531 0.626066865350176 0.411406719468465 0.0240692727415475 0.228132424638773 0.727887951041855 0.51725823051295 0.155823330088898 0.785366961467938 0.258613994498527 0.148795600854473 0.805543508263203 0.604667306988028 0.414445056877797 0.734333147718773 0.292976544063925 0.929809942662436
0.111378512413261 0.551056539463697 0.921470824387648 0.580613520104083 0.624636493756341 0.779654301460101 0.316524577121234 0.211960184147588 0.347314721908672 0.362544904048152 0.110708081052684 0.966356649882346 0.201099768015987 0.0930986609383051 0.658677610626843 0.987791355316475 0.436051512170657 0.370088382819054 0.00241759027844959 0.999850620717913
0.0574856982030756 0.512422862882298 0.511757625609421 0.488788211363572 0.091282483729148 0.250583920408746 0.0270939561918519 0.116338776451455 0.0024662392347745 0.0502893984566429 0.138964489951418 0.636297911879562 0.0134363455848417 0.0176222400156295 0.418866529730014 0.0906616260217496 0.714540662794284 0.258820627220985 0.00991400592441629 0.000369457251647817
0.0378217816102187 0.481954795011985 0.0654996687578295 0.409990529110465 0.0027015526358354 0.180229326432021 0.220717306868149 0.081757228951206 0.0257362238401399 0.0163620155524566 0.0108601564744394 0.799490852104107 0.0337422139452787 0.0621042851194785 0.143121555098776 0.223528788814711 0.343360181643606 0.210305385649477 8.10152434581072e-05 0.000944469441956609
0.0474284817235076 0.628357813106037 0.248707633865401 0.475192411066311 0.702227053212137 0.0107864012558227 0.0121536626427015 0.0175745693337786 0.688113343010108 0.0859844228000674 0.0319444314974832 0.161001932756142 0.0919818359346113 0.0173522268412619 0.327008776063963 0.287470569984069 0.217468120039927 0.358533649373024 0.000342066176356262 0.995732632074219
0.777424588265928 0.74970282592953 0.991268327559236 0.649860612993426 0.99442646798136 0.614214275345179 0.472232408337507 0.998108524830874 0.800080616060619 0.993349364938336 0.993223896295163 0.993508720296362 0.917011496403252 0.490504657159397 0.963004294929787 0.999796852104137 0.735769302596919 0.904919482573052 0.994661054076444 0.403045396918864
0.198130632592478 0.624093172792144 0.978193697353361 0.68403333081405 0.478314711679106 0.433233132701289 0.504888096190732 0.907819056188663 0.81709462447784 0.691817605298424 0.819476454816411 0.995961016231428 0.389852365836005 0.369001725501094 0.656452623255503 0.989882988143576 0.677711815969777 0.601091878109776 0.0961839210091561 0.935580607290299
0.11215458504292 0.578086794213302 0.288573864586528 0.593391208824767 0.598150837733958 0.38250130099072 0.0943336918729489 0.224996294082179 0.542180983559479 0.171341767735438 0.452749254953012 0.977655382890625 0.116322690938292 0.0625858093836912 0.717157203616287 0.298765351838023 0.305673699802179 0.305754210868033 0.0245212493330775 0.441187072279599
0.026059204675251 0.355481677456764 0.170339768839889 0.5597109631387 0.39983941536728 0.412010867208461 0.012521184995049 0.0778443319721183 0.0704843136111895 0.0690590131398392 0.141276033352951 0.60122109256147 0.0786023896806634 0.131849131515614 0.459029087647627 0.212097034907191 0.505326649306588 0.308114928533279 0.00186412743070846 0.9802175226452
0.502511255087348 0.774881234824914 0.81533574465556 0.737841043083652 0.975728760581091 0.610426799088338 0.60451800001658 0.960810563858345 0.966110363288264 0.931127482013721 0.935380657108902 0.964200808274543 0.499883882560846 0.368064761585687 0.862161432540869 0.999949172222119 0.587075615616104 0.554632536625852 0.840195275820852 0.997335386117932
0.487368613396429 0.663366364818154 0.941555022484448 0.591941990690311 0.978877010672553 0.725801221775753 0.495009153398641 0.9368935789793 0.452937087974078 0.805801004839808 0.964025941269267 0.999721449406042 0.585516840627678 0.512981246904124 0.806115415142353 0.999409401941885 0.656933813416156 0.625010472141465 0.0416375465913773 0.999923901280552
0.276865839710097 0.620537117056283 0.446830482022894 0.618244511393222 0.906012539918265 0.334151329978763 0.390915474178009 0.587887447557593 0.977888989353314 0.598719260311816 0.127771598572459 0.917616368878287 0.269287868768735 0.358229726241665 0.701313792605051 0.59735231136161 0.43151373090693 0.582950568755742 0.0355806396345839 1e-06
0.73616152359498 0.698344610594824 0.70128150332489 0.814810512844159 0.843487153876007 0.443341590954525 0.844190933488039 0.99105296927179 0.389083659303451 0.820916278326198 0.951184511671161 0.993214090504076 0.497858663683123 0.550071800535299 0.947255279888651 0.999900794380657 0.729004131234829 0.712298836643755 0.572785004722014 0.99764263956344
0.136790947972501 0.588680831028175 0.174616384392321 0.744716848576705 0.272249686437514 0.467258720433463 0.0111487843078254 0.443988137092659 0.0267520608522976 0.215274632810012 0.347090717284169 0.855411346163934 0.0815504375214853 0.23786990674509 0.614967190369379 0.974141552255218 0.635433255619513 0.586139813303753 0.288516628359477 0.220579788726507
0.114826053732775 0.615290927573498 0.495393087166814 0.606674703238935 0.149352648579493 0.167625621489029 0.0651461892562002 0.165904276266413 0.085158210139837 0.289302754361191 0.107589428929291 0.998731169844535 0.126445233753495 0.101034722256159 0.366398360022908 0.966620843936803 0.631567383596067 0.305957649762276 0.000934232515857638 0.011804982628155
0.564666600522553 0.771080675784462 0.429435377790579 0.661638487486267 0.807727642908476 0.634735939227862 0.796870745129009 0.958778951552422 0.905918114637369 0.669872972519998 0.824838407178965 0.932447476884727 0.636986349249985 0.520638780810464 0.872912880157491 0.996541243220155 0.635096882016942 0.499554251630883 0.997662990524649 0.961838569662159
0.612518592884613 0.688270748552582 0.926368279679209 0.875004716275265 0.916840911944837 0.542415007511588 0.492432533349794 0.743988240604276 0.560297886119922 0.907451761003738 0.945495350320092 0.998192995239722 0.825408992395076 0.318488797468463 0.955209811943744 0.993837884084038 0.865936665788813 0.783091353383342 0.638908074756163 0.114507952275076
