0.0711731457541979 0.504212279295046 0.347677553163368 0.712921502862251 0.1317291416675 0.423819778248943 0.00814824962854831 0.338623470973105 0.00494293939925083 0.0743666484896886 0.299701612827591 0.987552687684256 0.108147801729214 0.0647608230656453 0.35280778776405 0.855630644496186 0.517515457796283 0.228039811393207 0.00455431891408176 0.84177189180489
0.15465871506444 0.659402494455987 0.93853224363043 0.335371148850628 0.690982428373689 0.707760216389047 0.196980273073946 0.893941883061482 0.202317920960149 0.75280588011119 0.558109271002335 0.993881156844684 0.478264345446757 0.258747717488587 0.799691019183223 0.86688454929705 0.65319549572927 0.70767783306116 0.0792056106182584 1.81085990827449e-05
0.0257796756815957 0.411852416012078 0.112966705745753 0.412489971653938 0.00502778278850986 0.125908168975429 0.0515731448811516 0.000591610924340873 0.0227728581231577 0.00956998692516382 0.00878141213480188 0.44336281668658 0.0125174884042503 0.0155178592327407 0.109878892032957 0.954306226830896 0.271602598958589 0.209649001725497 1.50550601742023e-06 0.267226316302742
0.353169091997013 0.648305215431611 0.620576305691952 0.46349957944533 0.775796089491215 0.400486780516539 0.499238315477324 0.590969353122275 0.693158332041971 0.282872109064983 0.288324970972636 0.793195617890624 0.202464022699994 0.179583822689249 0.852360237384784 0.769085998195633 0.526620316060189 0.422887267418287 0.0548576014185529 0.059970046311556
0.124170392586787 0.576409174040515 0.574721324201385 0.71018240945287 0.431688399918936 0.427801533757759 0.271950481788615 0.290730794636756 0.971944810064326 0.168711604630662 0.289116539200302 0.918938851602208 0.0559480106061201 0.0579003667993483 0.812537813357491 0.989857452673666 0.517732289003048 0.310250726726142 0.674628453193653 0.00039272249449911
0.0536315643678334 0.662020024027873 0.261235035828624 0.496205910730439 0.886260393081607 0.302077436852223 0.231351104680225 0.0938120338935368 0.96295379251646 0.513289494118736 0.8015730159209 0.873960550133986 0.445416405687243 0.0497886529840785 0.287668595735979 0.994792678347269 0.32726837185885 0.661644714757895 0.95228061484073 2.35223399432339e-06
0.0784534500122419 0.664050999848819 0.807597735701514 0.312966508844114 0.547807949463999 0.456016526172723 0.0842095299682417 0.680184195391917 0.032793305149317 0.139804337427417 0.27640690911251 0.905040182970014 0.0458525507456479 0.1096514334912 0.437219533182935 0.421581409419326 0.172140116734552 0.622176687273477 0.00308513549956512 0.00565390518269058
0.108228915213726 0.647081292041328 0.316756145514076 0.583236109815749 0.346060619242704 0.658888015237653 0.446644307413804 0.724303960239484 0.564087258694419 0.577204803036282 0.550080954525836 0.79045694394809 0.338425847352524 0.197743087721643 0.812706440645623 0.921136617906369 0.291950428125038 0.514527700248909 0.0013786472635679 0.339431333574286
0.811275900836716 0.654153467311572 0.862209828528063 0.646002471273529 0.965499672001006 0.228831380649352 0.741510413128472 0.920036630591341 0.973354382377955 0.920877910947041 0.981421952059437 0.997274907961965 0.509392765648929 0.449240239484648 0.831847735959098 0.814262438089678 0.679989823853564 0.78560279615319 0.526146096970218 0.999988407164992
0.194468882784262 0.410636826735265 0.328739601020864 0.546195986851858 0.0119216501152513 0.0549505258279045 0.112291937606693 0.515842161565309 0.571143851623351 0.196675603234955 0.182404300464249 0.914429630251632 0.0600058454689946 0.0892228720998537 0.51785249307221 0.960203742857866 0.195928995943539 0.473512892026462 0.239196396863813 0.0431449409852526
0.13359498772819 0.617892661728316 0.370254701128447 0.709197544753539 0.204131865655282 0.621372788387493 0.100554322739844 0.405714419860608 0.827182167460901 0.645987775281288 0.323061416478117 0.997163104430793 0.268307687810722 0.235363342869741 0.773069151619388 0.96572289235478 0.477069372390773 0.396719854430718 0.0130779676763437 0.999949048761581
0.236692348506678 0.599187247215105 0.865970690117162 0.803871695228919 0.179924648269757 0.563721894592564 0.138702093264367 0.929839405898028 0.177739347458993 0.245773299115646 0.160447185078577 0.521822698435245 0.259381382949212 0.192733431433029 0.572332891795463 0.636891330942496 0.63496149233136 0.447472869595465 0.0528650342350055 0.00250662461173081
0.104987296392466 0.491763160576344 0.53249779895899 0.787027068102169 0.712183298567633 0.178263011868116 0.0257541041927734 0.0837456893219677 0.723034346943432 0.188094806232146 0.407987409167418 0.954001907337212 0.137127635880618 0.0642692122509479 0.883613304796166 0.833455977056028 0.497572735776706 0.550099869227053 0.00201223485931295 0.323065748248587
0.226039897293112 0.805692278730126 0.783300870960263 0.387652832766072 0.585052668151413 0.863605151246517 0.377987519136576 0.501637930692191 0.768900940921253 0.523962091542117 0.582048238946071 0.993764910650105 0.302687581647175 0.253508533639273 0.850392557685458 0.990341919576459 0.607359024569033 0.390535130588324 0.023974172940935 0.000915635434024037
0.623636806085391 0.674004017807949 0.784968644497944 0.654053138552804 0.984590346956666 0.764995661959962 0.438695744985193 0.969683125556741 0.977187707258893 0.937125559393072 0.942880462791072 0.992916382913864 0.494896736374467 0.16424320596653 0.966838826538364 0.984418521719186 0.458118674636944 0.712007483664131 0.988391501180201 8.31035507207979e-05
0.671796685358317 0.732422736360956 0.937707940981587 0.554884097165825 0.990414188823025 0.48093116582547 0.298141683717616 0.91109370329333 0.148510863394633 0.722959022234604 0.963513316244389 0.991900552560832 0.425523683120511 0.309543299323603 0.919751301614484 0.996006528583938 0.412371231649049 0.638582474278596 0.998803054754257 0.212195252368467
0.236261519289631 0.601866261161423 0.550024661781207 0.683296799007834 0.833695534708776 0.650903857848321 0.176357159454091 0.277763924472409 0.0889211404514624 0.674847940512622 0.478159395946519 0.967907388029761 0.215813927387393 0.126438966134756 0.470220787172843 0.921086863119643 0.383484019374693 0.302612316203597 0.904072588964191 0.882963677536278
0.0187798411792602 0.551247522074341 0.13748402863627 0.397040649874389 0.0308860589893602 0.385171791808945 0.0107925939554588 0.240402638468533 0.418312916361955 0.0452467328201571 0.0190134183164121 0.249911866126863 0.156757418835376 0.0182553566766292 0.386236255619951 0.00489609777383945 0.128939693095591 0.400001171843948 0.00170521386527386 0.0345604623943627
0.0573561176689041 0.422078513656095 0.376338827856315 0.44561750297354 0.142691420317752 0.456984621795079 0.00195359175933401 0.024605543976233 0.388093187970661 0.037595966027077 0.158009629696686 0.62173891910686 0.0531272542370637 0.0475507914831759 0.502923646021067 0.33611628605925 0.284408160774668 0.491550211921442 0.000670282766427537 0.715908921591305
0.159057328084681 0.668084349102225 0.822740403621779 0.540635227175783 0.438374796737621 0.945567400570773 0.227271418368552 0.963577201962461 0.35357431081054 0.788943738025025 0.916551586047421 0.985332291619176 0.338783483321349 0.16336115507085 0.747175395545329 0.779980634776459 0.277703110887463 0.547468956672846 0.000736171731208728 0.14850927204225
0.350866777132117 0.653887794869779 0.461898474812728 0.795961150402805 0.448389230255295 0.699229798434507 0.375528712819455 0.142850243893273 0.890506982686708 0.929610956270684 0.779601862204948 0.983717310107537 0.518098976802451 0.15771665584076 0.947752432732592 0.974532199321078 0.596665195600548 0.882265915744498 0.200389745208225 0.998951841399147
0.307193689919982 0.569821828526256 0.0532799513178934 0.745217382291607 0.370542313586291 0.527868887055142 0.0228652054049291 0.951887984057548 0.790747617780433 0.485029645471892 0.866574025722544 0.985521626289604 0.199198617130117 0.170872692627728 0.466858997517289 0.79424357787744 0.456340048665544 0.816991224504603 0.310737164508161 0.957330453324894
0.125355927219604 0.631003925826247 0.62488049900432 0.602934015539117 0.662137328371228 0.758279642789784 0.202552035088113 0.53037933683694 0.280123810357766 0.278628943814264 0.163166362602728 0.95156943391976 0.293092892859659 0.158824682568026 0.341197075821393 0.993375095635316 0.668854655825897 0.569879758736032 0.00957749690081056 0.99997926038948
0.546234412975613 0.787974211240666 0.76620981406687 0.51017163352195 0.973947312939676 0.413657028841517 0.561995648678962 0.912347252480162 0.999430795165626 0.969410046244922 0.995209343285172 0.972573867606806 0.60149931599379 0.262018375960362 0.768383541794486 0.998625773830981 0.418594257803459 0.665219850572259 0.540460361871676 0.999653742712437
0.316858002037688 0.700976658487949 0.839042388839063 0.846734812557859 0.670799459843131 0.373902505942078 0.17011411121473 0.845003814022069 0.552995303118315 0.738264557822988 0.330019336792035 0.993998574385587 0.115955618221491 0.242405713866212 0.283576189926284 0.929213762873612 0.468680403649342 0.63278460686174 0.850090158531374 0.895246777944363
0.359330453058041 0.675217005868798 0.935719568967483 0.563491054112145 0.996959387097387 0.605188105331475 0.739453713151001 0.566019554453992 0.666679141896628 0.949032720154986 0.984131091431831 0.984529860879405 0.483638616444978 0.465973514591666 0.967720737655637 0.985648857296537 0.488237616534261 0.790043589862424 0.161514452761094 0.538736582975588
0.0631570367107967 0.38180474484333 0.247360857770286 0.705006973737646 0.0348244817930201 0.258921597574308 0.00326389993871805 0.107916437849022 0.718170545624111 0.00296135271828381 0.0601517697779341 0.108033329540852 0.0168775054278333 0.0375042480731172 0.352440590313175 0.00814195249453498 0.166784445863056 0.150313756490034 0.133121402673081 0.000207373420313885
0.533939567414693 0.797386165234094 0.911835762195892 0.838430403776068 0.993625910445307 0.350305142358825 0.408589027710996 0.882971741171631 0.596573372912488 0.927922986288507 0.994612694201848 0.996696771301768 0.683913889576411 0.530775458024138 0.764086132365928 0.998720505506679 0.80660014520945 0.81293893312226 0.822811729485215 0.999999
0.0524455471425316 0.485239070350268 0.551993081498823 0.437915502830245 0.0144785255457104 0.191546242570427 0.0308380841838282 0.459357906610495 0.587779843360033 0.0410871587213278 0.0473175982836897 0.6581692089429 0.131573802618398 0.0700971950685626 0.245510047479623 0.104191684526511 0.479951667040269 0.293307797218349 0.0702072279891552 0.997288907149214
0.237537856785908 0.519965682261265 0.859514789004852 0.341054173657332 0.261344191421816 0.229160131896225 0.133766151019195 0.920581449784229 0.0688403550978271 0.616445068566073 0.588468019218545 0.999903150687779 0.235186051158922 0.246904522548111 0.791020152979805 0.998803088348481 0.57176221357869 0.723536433623746 0.479541727854368 0.999999
0.43680764094104 0.683380327095081 0.684187239599603 0.73164661485624 0.960737987951765 0.771186172674977 0.528081200585487 0.769377110540374 0.962639835090375 0.682581163037399 0.257869203589661 0.923320269187787 0.294641707282502 0.254479832150597 0.904115200621754 0.964393576648347 0.845147068529516 0.68582985535364 0.589377809872252 0.00634911179325464
0.294045317307352 0.708953611532545 0.654285696460417 0.617468278681927 0.468094263758988 0.421140532519229 0.185848265940855 0.681928305782894 0.9917371930767 0.895833584096716 0.632503090175782 0.956951355673128 0.346167866224153 0.267604060123014 0.826797163196974 0.99298256698873 0.738511847901588 0.700627065553658 0.992704381768676 0.518372402211264
0.0726150644049193 0.430525674623745 0.21424065254433 0.236563904466895 0.260605361055818 0.128563431310502 0.0412044157120627 0.0390126130509921 0.064089726391792 0.177329534260482 0.128194623446872 0.599047179241683 0.0673652259192724 0.0458908774146023 0.494441426238354 0.014455077645512 0.498609189685698 0.399385672720454 0.0148472788437053 0.290195435795196
0.234348051497103 0.63819332379741 0.829853375641606 0.374079100956645 0.910955223815247 0.445586880488755 0.255248982099121 0.89101043834062 0.997330120865261 0.958392265454899 0.802410940028901 0.99872716691191 0.59564584102101 0.271318900562988 0.948115980520432 0.99155786301751 0.486845908678625 0.493981610799044 0.151543851646469 0.817876244532111
0.0311342424423723 0.374653317589045 0.0269497334500288 0.443642135447688 0.036070262588362 0.333512962272844 0.0046090883342351 0.00837701329840835 0.018048420040446 0.0176685969254589 0.00950376054847734 0.626809671581819 0.0287992285378275 0.0348050157490468 0.115240780509245 0.122435087424027 0.169371439837121 0.340242662661806 0.013408157821891 0.000447302154591915
0.312896215440888 0.762169624557264 0.746409547569917 0.87246473652647 0.934121019024319 0.242974604624104 0.0569278458224753 0.681441212334777 0.958258958138786 0.890857051484926 0.850439194592419 0.995553539818119 0.633279012179008 0.147040817661292 0.772588276616268 0.989995078889161 0.694041882797628 0.591056552317148 0.338252441208272 0.999246564833601
0.0200156832490047 0.42110564920043 0.576905603939177 0.603784292616402 0.0045718525672388 0.283995294266409 0.0112523659355572 0.0097083373075204 0.246006384810456 0.292866776413674 0.0360848297415918 0.510950583832843 0.0096436980309565 0.0274755056022725 0.0729146943589824 0.364182765001147 0.324588929527129 0.305612748703888 0.356397030821205 0.0163691218124969
0.0739165953762869 0.565428092846594 0.283456242629367 0.569833449115506 0.499121610190516 0.144856976572463 0.254173470251076 0.0504145225707751 0.804231205614505 0.102190363789567 0.145039176502377 0.186224063291834 0.134215112028586 0.0599268104439834 0.4632805026657 0.260028586065089 0.600103346862112 0.380465321390285 0.000670134421831539 0.999593885227285
0.0587234818392185 0.534053718047489 0.419929667176575 0.423666454883239 0.86919238724645 0.283571141271286 0.06363398576205 0.709875825884348 0.174221641257036 0.301947930956638 0.0199850378914847 0.334001632388837 0.0798919402012529 0.128412617928908 0.231772258668488 0.0827878137165172 0.513430859805642 0.28668268750953 0.088549214859441 0.00663649842475138
0.041226496461977 0.340596632584807 0.167399014150507 0.596332690241899 0.0528450779393094 0.125488188249812 0.0162223287178594 0.0547990157676084 0.515071213085486 0.0313790489207075 0.000844683481892829 0.0681079918816579 0.0339747742801002 0.0702579179931921 0.339610714805491 0.258643195957142 0.380703431662378 0.455451021182653 6.87767335367123e-05 0.00464049521939825
0.656612472089091 0.688224021052553 0.943789252447183 0.88756629828084 0.98529343501745 0.325273729918371 0.272233223008471 0.764295104408855 0.996165808901272 0.933840213241172 0.991029527779966 0.981743924786986 0.620041172440652 0.267836676713392 0.940876566360978 0.998928636808762 0.823971370489618 0.748914807481051 0.00600315034510418 0.998301818910994
0.352753502531871 0.641043434451128 0.562409977455029 0.74647580225681 0.94450826005907 0.433183634310955 0.604171041444011 0.842128208410468 0.759012463209974 0.577218128617707 0.929655125280931 0.956886610982756 0.480290177820458 0.280796726493918 0.83122432016001 0.990618729310698 0.846441385511322 0.559095635701185 0.680237643335852 0.999680887823167
0.194985036942013 0.629133354588139 0.465110676218706 0.69667490003348 0.752457721860702 0.495869125583204 0.0366655147866659 0.665325050349569 0.12328563930686 0.22591844222076 0.297103596400384 0.854390373971374 0.250144210171835 0.0860261698962869 0.183989591948259 0.927338418937081 0.355440232345928 0.924219994071942 0.478378539716712 0.864009002386806
0.0721784971321302 0.606367543615273 0.106012639259927 0.400695121968987 0.834433805233463 0.631115176069154 0.0730361338400017 0.0409505305733799 0.844850924473106 0.0395103934477551 0.0577477386332996 0.974933944384631 0.07891153402504 0.0619202283932291 0.253104236098933 0.0778729134903646 0.43882161296308 0.24388877397982 0.0181006557432967 1e-06
0.533950490197272 0.784887244847565 0.81844875315034 0.722393524878207 0.98743223786716 0.398769463755337 0.497160530795192 0.938495504493768 0.950029140920206 0.983530214502825 0.994457718078883 0.99106598201261 0.812300065862635 0.494108948192176 0.762692553185788 0.996137042808219 0.617729897909658 0.547790386762208 0.284171049358469 0.0486995231783454
0.207357062635877 0.749405491492356 0.912523296173866 0.704418354664621 0.854196405683742 0.374806671554346 0.617853743686079 0.969865601530857 0.714644271011847 0.746818301727723 0.59135420554977 0.999937588103982 0.37122196585031 0.255166441642215 0.952068042566774 0.97104872695356 0.659957542762873 0.618088924161578 0.155335577747558 0.999863537962752
0.046318931366659 0.535557442798247 0.198087754245631 0.404879201101686 0.00626298985707253 0.309949335430657 0.0429579538435067 0.221124469336364 0.390584901496431 0.0657998164862664 0.0229031294517649 0.0407757515144688 0.0433422781592784 0.040049039093087 0.227174358717628 0.573040506221182 0.748432400971652 0.392841452279845 0.00235733603038056 2.48138262216606e-05
0.425822396445339 0.657557341316671 0.640011154749811 0.42336914887927 0.689876663375721 0.27635541118706 0.0520155466428316 0.737418199215144 0.997496923449272 0.470330875117953 0.22751342963918 0.98829330567961 0.361855548693094 0.167557391875023 0.808828690474458 0.926544779618259 0.540148701272256 0.493749911029058 0.874625453479831 0.0232060548111702
0.413800616437271 0.724783860840834 0.449597860092523 0.601217479068136 0.564027823025228 0.405252385796742 0.418521424812832 0.960958182063245 0.999202497548375 0.947991944473916 0.910997058476118 0.931842555218482 0.256943701100072 0.293147834596064 0.470259030048523 0.99287911695262 0.194042419792621 0.649389267241243 0.614805015712138 0.00155675283317798
0.119428306832371 0.742008590168029 0.821171117713599 0.637100248088681 0.736990679832786 0.175069710247423 0.188821053605784 0.706690167119824 0.5490489740998 0.764766164118825 0.344335712873781 0.994687760317418 0.280096448600658 0.119565487010907 0.812712239976608 0.966056174336651 0.633637044883187 0.492720819390062 0.254667251553739 0.205798813913567
0.155324246591164 0.474742703332254 0.490373710922418 0.370249293364706 0.543018562665677 0.259046498571126 0.0730322428918157 0.37274257409098 0.352652935863819 0.726164469057013 0.233789517746983 0.522082707065731 0.116866097983851 0.156534754458004 0.176941078540468 0.0790284463687673 0.534511562642417 0.414553083737605 0.00302345896706113 0.187430012877032
0.64618648120855 0.663287528061585 0.61359078214754 0.785567779822285 0.965884680451817 0.845816432994938 0.33230338562419 0.957239382623228 0.993981220712079 0.879832294701553 0.983080931855818 0.992105562788101 0.683238482807169 0.327224144424113 0.927964734105535 0.996304491918479 0.587913566178297 0.615611874524321 0.40318281643215 0.99997625486524
0.528305936241375 0.752318480562642 0.76795846805455 0.747825186170341 0.988506336089288 0.881751362682235 0.368245997193508 0.973091818908173 0.961404844373243 0.773182872200605 0.923218940143672 0.546969015777482 0.565622379129666 0.447831292446412 0.670789343079786 0.766457316878036 0.739444844549604 0.90470704484535 0.968266680542327 0.482653679497021
0.164863894800926 0.687289650169179 0.634000318137339 0.473669212047875 0.856351041580898 0.445584535615875 0.642780695944879 0.947485996494878 0.638469529008739 0.640861605326477 0.95094726467425 0.911911318286374 0.424364083929061 0.295654478258651 0.892095432712145 0.998670420335068 0.573899194777938 0.710963938442661 0.906406033468171 0.832285705712441
0.165746595748536 0.669940915973216 0.844984258079744 0.37168510801738 0.941051965277363 0.160370827869192 0.383042073004826 0.751037098420583 0.962596844008695 0.242071877058949 0.947332210089204 0.693815792681873 0.366906702186346 0.169350803516388 0.841001347773654 0.584582839078752 0.756004144108142 0.740810168503941 0.18370491858998 0.0282608903728544
0.224207957347473 0.680182793956983 0.788183673883287 0.49011011611685 0.562044410800124 0.397070698030205 0.530394338822685 0.0499820945182437 0.982701719104906 0.647382871601856 0.518578800041334 0.976830914271763 0.482303760527816 0.199635840532626 0.788814993642767 0.998440542119586 0.458736470548667 0.690273515013583 0.358091932594315 0.435218053976595
0.349017561370125 0.607425052091548 0.84872685288484 0.811727432522051 0.254111343229157 0.840308610821521 0.436895432135762 0.208715672417251 0.0371249093239935 0.95137867340567 0.314282139052532 0.988900689282403 0.179029639232915 0.136957018470384 0.674733519712468 0.909559306359871 0.69441735671586 0.642217799376816 0.0433984468793821 0.999999
0.0545195997877113 0.533951195489387 0.0288811697987091 0.830707603055681 0.388113912955873 0.0707310565096228 0.0311933137710042 0.258975534590188 0.643056896029927 0.149195937321092 0.00439729168319972 0.111093793821729 0.0171130212096761 0.040329676343398 0.197473570298779 0.0954744517868621 0.723236479132167 0.363890288472406 0.0945366091830052 1.41716355621044e-06
0.416575895836262 0.763394320816236 0.861800811088193 0.646770888159691 0.962276604109624 0.112440179370551 0.389039740424307 0.986987096339277 0.962500364479007 0.728314775331116 0.98301770533861 0.990004616977399 0.501000271568249 0.280720315228181 0.89603654154199 0.98394698667662 0.292896309651155 0.74552656586543 0.986119827427516 0.776677372334875
0.570307241278198 0.76669737565227 0.749028835743949 0.633898853784333 0.996162873968081 0.501101322048738 0.776101365372934 0.862824420863185 0.93436940034133 0.869813503393334 0.99770250090328 0.969764687204945 0.740754838085442 0.323578123156816 0.878308926988952 0.996812645531774 0.323161725443199 0.777877375740665 0.956097483862387 0.0107596664876858
0.130434117824246 0.530620890641108 0.237408020662837 0.618409960613543 0.580304434428988 0.159013445274548 0.142159824795546 0.304760769741164 0.128874510494863 0.0284522357944545 0.135144573969384 0.937517794534495 0.0576028537227556 0.0302380757422018 0.825425567050694 0.997668687847746 0.355737483340876 0.605798476915776 0.996110728345505 0.213165094105996
0.470389972282996 0.677361579456612 0.517260436247017 0.668529366750548 0.36710900887367 0.569315616797884 0.0228940565238078 0.572492568644158 0.896598562204622 0.837478258026834 0.608531101272125 0.803256664984344 0.330755512650588 0.228836111613737 0.751835648926001 0.664702030855092 0.524793980807092 0.830919875115445 0.00251473281746037 0.960127509552796
0.499659822790438 0.763166090486575 0.483146739621764 0.503590149596873 0.856666085355486 0.166021742282389 0.337262144133707 0.284855055049465 0.991755154964902 0.816450872405634 0.993255746432868 0.988791688251267 0.342936849048823 0.152790968709536 0.826493794295707 0.994688197684618 0.466024282982075 0.619962625072691 0.970773347080432 0.999978725649488
0.292327610911678 0.609107262652014 0.550249257935372 0.74817448200345 0.778012874601656 0.22582834400441 0.439788602160435 0.973854896591374 0.921681579572766 0.461367028927901 0.858797800826127 0.895965252834431 0.591922598994938 0.365563585987897 0.709108282065373 0.992064177143668 0.542133509152425 0.597336077287363 0.56334072186316 0.0105196025017845
0.335355168524275 0.564062587193644 0.723366858237141 0.711870419957707 0.475242693308533 0.456740254306857 0.183907748744841 0.425036693566239 0.377410180167136 0.337601231204276 0.439684742734604 0.496070660352748 0.326836584426873 0.199465098810943 0.248888345728017 0.999290612985648 0.292684440258259 0.571869543664487 0.123359506458104 0.598357136964985
0.173903418983456 0.624720426128718 0.391166049177859 0.701230424459992 0.436734552320745 0.322050435819525 0.114296712187702 0.456915480745742 0.775665709329355 0.160581131589732 0.0299531006550042 0.99475164965959 0.144395841383954 0.0903041886537534 0.649886815172387 0.943400824294727 0.389709806271084 0.646523262943199 3.34282217669581e-06 0.000614758409505401
0.0236734438171564 0.467779807297626 0.177220341938475 0.50361940178193 0.22235194362275 0.673767795037151 0.00855195436130171 0.0200344274605156 0.100283137179042 0.105301793631644 0.0308434094914272 0.657868740221081 0.0311836645609719 0.0223231518447633 0.625225481003421 0.0360388953275745 0.336458413156692 0.387875710033589 0.289288031574989 4.83420611415064e-06
0.312999582060405 0.562322762559138 0.769751187948181 0.331204927921742 0.130758463319553 0.155099174126235 0.137006673318008 0.567394125332854 0.785257433543941 0.388046223709002 0.0994221431605414 0.969571358062521 0.0592845720901324 0.170973196323557 0.535818119763929 0.941345133897662 0.397789848418436 0.45514638487236 0.232132759379824 0.00847746689951114
0.0710079401622056 0.420946778292009 0.344735148758178 0.451799428993154 0.0139393667940087 0.44818257437788 0.0180863355359111 0.0625684183845903 0.0481063264037015 0.0269603957589388 0.115509247517475 0.847861531775051 0.0326507998427842 0.0478801278427193 0.190597147135444 0.0110768818872075 0.272749273343429 0.43306675287085 0.000323257646702678 8.73811938235248e-06
0.339639844194702 0.630044971613427 0.501816992291358 0.731537858309923 0.938650063473373 0.828985750535125 0.107827122610834 0.727785099326786 0.59848159191851 0.567905079226919 0.588049774440446 0.998788333002446 0.170410678621673 0.210060227655433 0.786433986716918 0.865645636527667 0.507077551165865 0.433303245630618 0.0169275423413997 0.957824896946218
0.0231059786965036 0.3602323541717 0.14554192992088 0.606009149659283 0.0328714053752976 0.179449621159952 0.0510033500886266 0.0405670130050804 0.762454033870351 0.0134813817207447 0.0178712285220643 0.910088989274786 0.0510106518580516 0.0358563795571347 0.075409570709116 0.910984251151364 0.568705914463433 0.141035696831513 0.000381430414391773 5.85995774189366e-06
0.244640676786071 0.545728778493229 0.870825727899016 0.761497248174041 0.848814822433113 0.811532202911208 0.450053277283652 0.714600221798022 0.979103126531973 0.79487183409799 0.846643704977805 0.9959291788269 0.499451212306222 0.307086099786148 0.766951238035881 0.989140478607137 0.663996583916607 0.766635577669972 0.923933886569045 0.458893066438829
0.483191477925051 0.784158042746876 0.950594391968651 0.822912473431037 0.941085373313277 0.621683170991726 0.216296969697053 0.940140566747584 0.984679116299103 0.845684586342649 0.929082739525665 0.994893708741596 0.412294313242596 0.304785755976831 0.791021457137784 0.994857134411759 0.202763323253557 0.54532676287416 0.454708235333704 0.986674993226684
0.322327384073175 0.573980142480777 0.826255118661823 0.659658458268563 0.704685763708219 0.456862889091702 0.148129173541816 0.652321882727135 0.577846251287526 0.911984331291489 0.710772320629661 0.999608696002399 0.560896555602913 0.196070403264595 0.464823261504854 0.971640015783315 0.498220665505008 0.63569962176699 0.895646003381139 0.000311229397495637
0.389566991598018 0.684378116026931 0.589210441553316 0.823619374284189 0.872973897914897 0.583992723883298 0.0553128183170649 0.91490870250613 0.776052413025925 0.874261785882629 0.297466224677811 0.996321648079505 0.216390527960169 0.275417859110436 0.747034573145743 0.888966258761114 0.586708740169554 0.513176644126485 0.29920021698981 2.92251200728075e-05
0.0138567355082119 0.36019505349011 0.390520698802806 0.255070288660611 0.0221990652389937 0.467101677904976 0.0956632965230943 0.0118368710516786 0.188091419655108 0.0017231818850511 0.00764978399646826 0.0526612184220186 0.0158928917338274 0.013496847858006 0.115740037233654 0.816091416905066 0.403627587801556 0.172250082449601 0.004008450187934 0.000260030234503119
0.0373447325440527 0.482733534080393 0.217796782684373 0.538778431250118 0.00721410655067564 0.375399705115877 0.0976082420611221 0.274228014095902 0.0834010425249936 0.0258398102862514 0.173888224762473 0.350347932485583 0.0763382573318031 0.0408630386913234 0.290278339378754 0.987455364271528 0.455389022737482 0.427920420865933 0.0105051809809138 0.00124279796500246
0.0769366311577012 0.416449794305889 0.0828867394884318 0.561889685572521 0.0455850485735832 0.254598885035132 0.146168017663028 0.159784334040208 0.084999841198551 0.079554183140023 0.0972341983745333 0.0607894445908907 0.0510681956210046 0.0102633575862728 0.254161492920096 0.966325001831043 0.379568715511299 0.417887008660304 0.0384984935653825 1e-06
0.0401402762954377 0.467796774449391 0.260518636710099 0.490055965318374 0.0523254152105752 0.279979181584998 0.0360454983215325 0.0191508488562853 0.275178737402296 0.0304447150561322 0.0245844049800024 0.688449230317639 0.15181593298719 0.0905060417203011 0.183410139830639 0.150531299124047 0.421499717744884 0.280505588558781 0.258421733184826 8.11131026674632e-05
0.0524878104051776 0.484055933650178 0.585671580227886 0.438729883067163 0.31599482582588 0.274277416233867 0.0296051815122338 0.119756526138362 0.00703060199979711 0.0473461267090362 0.0652720224388775 0.896006498295429 0.130262923266369 0.0560753888013984 0.266176421173866 0.564616758947394 0.49180678918539 0.150000693886037 0.842481971829365 0.000215709228653551
0.676638359689105 0.833151375760934 0.670767951928683 0.783657623566038 0.977874872608458 0.364890500195833 0.392033176914004 0.969393335081083 0.993638268086964 0.631955830649942 0.909767037236107 0.99007260569297 0.616977561595793 0.368606601213454 0.968046181188457 0.425713857483839 0.418926781615467 0.809495230010352 0.964001281837137 0.99816759254899
0.206706491579944 0.525963119514752 0.740536880112863 0.41099159830808 0.773693705662378 0.20341017436331 0.029279729663976 0.15177496896635 0.252146945856162 0.19670903749188 0.104714890331102 0.967586640084116 0.101190619483623 0.0566428387890238 0.566495416617716 0.335563566874878 0.421580623194421 0.522168969485021 0.0156112086353425 0.014470203869473
0.496832752344285 0.666514181294015 0.776252480599387 0.703832448872779 0.974746365049778 0.260426393918795 0.220925618110999 0.788708467672391 0.830889133787321 0.33119311987295 0.622181443658703 0.917091232583051 0.687314350238175 0.20972066384638 0.962435446784274 0.795554815310783 0.766369302222839 0.726658653294643 0.0319895921742813 0.999829035161017
0.206837106310608 0.549461860478092 0.620595949192402 0.8627050043813 0.806374485613421 0.272207699108616 0.153016457859645 0.389882187973268 0.314929928657663 0.261216719409013 0.176807489364234 0.982599934562983 0.2663040381753 0.213675888491501 0.864510133579777 0.882248018840288 0.172629663436713 0.41504972417365 0.00130205751061293 0.931605086781571
0.326045125348631 0.629854404093339 0.454247950585165 0.367696507024942 0.0968466265082831 0.591105322013924 0.032899132569128 0.964858231342034 0.74827130626117 0.414399857624166 0.448831493900876 0.998833063716506 0.206239590140722 0.0455326894966879 0.204871073622876 0.945745672615339 0.344121494338426 0.634456664171187 0.599193657498361 0.0178017440488075
0.0475709985112837 0.502182596753331 0.24368562763631 0.675812958684102 0.0263890874406976 0.561760870669534 0.0145766704040533 0.0184488422480801 0.00952642868106843 0.0328701891649351 0.0474506399858648 0.116553596646386 0.013077752047552 0.0301844304975453 0.211741854986864 0.674369303686892 0.776754631103058 0.600202533651613 0.000117745497178275 0.00446370639558175
0.0349737694111102 0.301952062551289 0.266556906150422 0.644817640447185 0.0453631643680939 0.326311532120614 0.00565447498109115 0.0125625385428427 0.293862932618626 0.0325640658379071 0.0336855944561508 0.158643130737965 0.0376900389772004 0.0248435384908178 0.0681959459135358 0.575454224516267 0.353794362319646 0.203864502434292 0.00365522035156304 0.0812387520254167
0.113541551165428 0.635024594227457 0.263815639062122 0.512389063795014 0.441060689093074 0.140313500024443 0.0207128114383947 0.0408183875989391 0.497956462513141 0.050263252294726 0.0699854960217195 0.931694597238122 0.0628216720441839 0.077523415523527 0.411419415435524 0.229267846434412 0.204394161846893 0.280729707920625 0.655762464807325 0.000139210866459315
0.804906863748369 0.820969577639075 0.969269336947939 0.830484185149624 0.997399410569521 0.495318040709311 0.750773191188942 0.979324062504569 0.947416078287649 0.989340611637965 0.989211754658632 0.997350477084524 0.919707653873718 0.800120734977286 0.984610899257485 0.999805586772623 0.81517860014298 0.860354679506871 0.0636910318075377 0.00230022983860377
0.370076735106888 0.682391237835276 0.768653924662922 0.532990275524448 0.940032633830179 0.2723584211125 0.203330216039835 0.768886977446932 0.99515691977417 0.660726227694119 0.546075006642493 0.993376242763107 0.363874033915732 0.0964474894390075 0.561918181684449 0.668386012698614 0.526198362247544 0.579421414448587 0.460527334450865 0.0152504581663883
0.194399347871858 0.408843295653755 0.147863377874919 0.28159106338733 0.528271049081152 0.30048280274013 0.0969774511802503 0.587748616095336 0.97619693558682 0.212931882379319 0.208852054561129 0.935945221266661 0.087718619494424 0.0818008091612725 0.560397228270807 0.987329507186668 0.221814253336202 0.515072696543251 0.197068110138985 1e-06
0.0635917483091188 0.546906545826297 0.374485078905977 0.52410465604129 0.312588624434375 0.49835570081954 0.0484128020646835 0.0413549726377547 0.578073195506363 0.0408245648059343 0.00511365369571548 0.90698654586787 0.0605932702647178 0.0482763553598555 0.220125155225395 0.815504639906292 0.257821871012584 0.461711948212455 0.0123048814409604 0.383232064365454
0.668194821330444 0.751681175538163 0.898875297235994 0.594388059483308 0.983824017794462 0.56072632830136 0.457591531430969 0.94183343297256 0.962540537938594 0.980381437139061 0.42224132897565 0.998820113288926 0.756465994783943 0.480846650635505 0.908668096884292 0.998666316078607 0.509683848602704 0.798463750483347 0.925202460194118 0.999998324082514
0.511972039664784 0.664213326423476 0.864908114662108 0.816163642104816 0.92874117344259 0.913602371348033 0.354357570020987 0.97995463236765 0.925367378248307 0.973179498131685 0.963796709816689 0.967738470522966 0.636646563399952 0.419900093298034 0.844128663123894 0.999867251652872 0.52593462792998 0.818837417066665 0.00972976766079239 0.129425978505655
0.208492273615131 0.643538536110698 0.89195313558444 0.605590035679629 0.622380530194422 0.383423648399916 0.0815424136300304 0.463826339459477 0.304591951111588 0.508917370224532 0.941996348636964 0.9998722664477 0.140223685781494 0.19045302275692 0.622815131406249 0.99394745579953 0.434010806420965 0.352145032015348 0.0224225898422415 0.999843341878863
0.630538576574381 0.715525788745846 0.943801750935277 0.491825964348989 0.983337330812942 0.583752563547252 0.342168664989888 0.992777471772526 0.430326748372608 0.969771995035691 0.95478792506738 0.993151075774199 0.658222309468581 0.538639318619503 0.853861810963061 0.999935118031307 0.624777751059532 0.636804159917988 0.871908130023463 0.700023441336187
0.0533333432536295 0.598686228490416 0.317124096778713 0.535681676054485 0.890194263203489 0.194563764160445 0.322451818127037 0.340079011219266 0.62468951593602 0.200269739216388 0.473569774203294 0.649139806564664 0.221537579786857 0.0771032449710772 0.40314904524774 0.786831833488167 0.603515492530544 0.453651853870015 0.139073916308262 0.000187773486731498
0.187715437934441 0.572620113771854 0.42695731610388 0.4357698673612 0.697226769895952 0.270528354538936 0.212159920409509 0.390451791112116 0.815414990454578 0.205708269338773 0.152950475242274 0.371220097230387 0.0612776558086741 0.0664518755157643 0.361630433447802 0.941696725980752 0.388491820067403 0.606477860259836 0.0374462901777276 0.0938714662712935
0.560071992007311 0.726928708556282 0.721997704358913 0.5550939941415 0.899547073282877 0.848657391365418 0.740164575834377 0.898755447258303 0.725280863430364 0.798832533922302 0.743508798740887 0.99853831344102 0.629911309932874 0.302344705490417 0.731847168354411 0.998957135356386 0.51002855890741 0.626244053773125 0.993033926619746 0.986039390544696
0.67452349561204 0.742689091584438 0.759065592156021 0.498979293546991 0.997360240849711 0.611386686837719 0.520130805138065 0.478612330110383 0.67410752132046 0.960541725891027 0.964020703151982 0.999039510649273 0.444326342625084 0.298550850524743 0.922412760915458 0.999058202613201 0.378955922768193 0.871807594046691 0.282903532180447 0.347325158770797
