0.0958051325708266 0.507438017806808 0.456536675677363 0.820372934195912 0.379385607979233 0.183874206935562 0.2433466590364 0.262026946189553 0.0673880958854797 0.0737175692632053 0.199455288339194 0.806072545785718 0.0768176286266633 0.0818752695588986 0.485932709654208 0.999147111771917 0.481237341633271 0.441835985787519 0.0104621424888933 0.0226420170733161
0.0991838605679971 0.506985720647558 0.375596393296064 0.776888763061598 0.529113354267617 0.698080405242128 0.132997162093714 0.668385806145868 0.940877346559279 0.377430486477282 0.47830445597347 0.952123360664746 0.585941553519701 0.10558903758663 0.825480259816604 0.891084720861755 0.307494303903365 0.717957565046175 0.00227615491415919 0.345226912945716
0.753132404313808 0.862969143098887 0.848352095168361 0.739016197185643 0.998783468683638 0.703182345777948 0.874837747010217 0.998694942890704 0.966269152462158 0.99030284212242 0.998477080852015 0.999345466932063 0.77744662115054 0.701148380694565 0.985728578500856 0.999976711252779 0.885562987000331 0.949345135063807 0.411248022321354 0.999974124773078
0.325800871361712 0.704962929393113 0.393079191877117 0.496193754966653 0.669519382072051 0.198172331152321 0.248082392633418 0.82597586254992 0.810429989733848 0.689136230832448 0.327849995594609 0.978490930263064 0.250940079474566 0.15894559229146 0.558567684247985 0.998419698456917 0.729908155110658 0.450805536068779 0.645113133545133 0.0861442240866689
0.121158699991535 0.593644623961788 0.561576208175776 0.646252933372935 0.610731215994131 0.525245793037203 0.192485340708393 0.383792343693285 0.177100370654596 0.223671638844478 0.792207753985528 0.995324088613783 0.316684429110893 0.188348644670946 0.873671740996128 0.568377483216554 0.440930888531841 0.472148605356392 0.98900798571444 0.783677101340584
0.0463347874773307 0.462339070416445 0.501116191900935 0.536478716333004 0.0171072730868476 0.12370355755304 0.316145630886095 0.395420933093691 0.00384302287944614 0.0784991510040947 0.0751098869540711 0.857412400455095 0.0857054652051833 0.0699477730108548 0.299094396452077 0.955431627228245 0.440929995566596 0.637806546011072 0.597274231619784 0.99755518819641
0.480341439663859 0.624503743564066 0.868102137924993 0.677052628490405 0.906212949189573 0.360369765859732 0.348210173253727 0.744673407937979 0.746839662711189 0.792210091887342 0.497298950209891 0.982788573840192 0.257616838102027 0.405320597215068 0.552009245636967 0.992701161724894 0.438275046380048 0.744761928480749 0.915409348614281 0.999742285860592
0.117363734867638 0.653408587170783 0.398511597772088 0.650020412641151 0.484122624565738 0.885467704974704 0.233932485631524 0.894862233986627 0.440624631448098 0.782254643666268 0.600279260849371 0.956143088755746 0.312363153766611 0.187205380540613 0.842264411102932 0.997729049666039 0.384256735058001 0.738248413815534 0.477024340919163 0.99259577806741
0.0706655854647882 0.454398131156745 0.59772447129903 0.605879618260445 0.387193197700863 0.506452136925202 0.0215179456228598 0.0965691502743145 0.383636128785932 0.0969585311502481 0.0352169040951256 0.928049265277568 0.174357691019693 0.0575562025523495 0.440555916002904 0.984524240470635 0.303608218817229 0.27457098961999 0.0383109512539518 0.153767130819808
0.09860797118376 0.521191559734069 0.762170204934203 0.671645473358543 0.940187248095133 0.144058671315918 0.036037029190923 0.289255234142478 0.362491096754695 0.0370165194449729 0.0316928938705269 0.990727069775377 0.16917669005297 0.0802227155832082 0.711964945208789 0.985857340316095 0.455199227663284 0.403623763242753 0.0825343745342873 0.00198928585792143
0.556595975164024 0.697745263380945 0.876895053661702 0.702886045110757 0.978112002148656 0.380671339426474 0.43823039691228 0.934513911259442 0.993474434773366 0.972533102610318 0.842600113983207 0.987945517078792 0.822154169384715 0.253844731306376 0.82452337762777 0.776113433682285 0.337023063794937 0.538858257998792 0.982439656579175 0.905264543047689
0.0790117828603918 0.451016975940269 0.318772542636262 0.846306693893216 0.0927365987524898 0.178326366408516 0.464725414234345 0.0649288178925925 0.735803881414788 0.0221724216343335 0.0147735804870358 0.9838783380095 0.119978789818661 0.0776092144609072 0.263865950750969 0.995264379939068 0.332766159395455 0.438759234109359 0.000344188392827752 0.940836160867418
0.484277851962198 0.719950769228003 0.523626027449348 0.5692804385025 0.984269064169137 0.928185249249842 0.556412238135052 0.99896718508695 0.998806104866079 0.928451787088376 0.705017713405297 0.988136975606745 0.469056506409828 0.432054312658316 0.565790961740853 0.999987741084963 0.692093719244285 0.889806546407967 0.0154975836623699 0.106772390295519
0.169837490815047 0.656309834028463 0.510802620036711 0.695734521787183 0.583795674139599 0.377831922702373 0.0731682710019097 0.671766415822197 0.0607215138663698 0.281098555440562 0.606674528846913 0.902799177051881 0.232381484891146 0.233618662983371 0.72705338076491 0.809629216868653 0.575682135389533 0.694517327513744 0.971441740277035 0.0301380434604597
0.0763471046713183 0.534706306894484 0.245411641689253 0.555953889715932 0.381965159174402 0.158575577786404 0.0725281284036782 0.135137394271615 0.758543059281385 0.44593866022156 0.343832882551206 0.956647068212332 0.229258859127354 0.112630307392405 0.484485588070278 0.977760967690434 0.674623181531671 0.46417643177051 0.00201506802801849 0.719380758192116
0.105760530625724 0.608185484893838 0.65785846198968 0.794751406640608 0.904457719592144 0.817194819375532 0.419954034719225 0.847736122238473 0.529281469569982 0.839783121634196 0.520445600522041 0.912582647319248 0.500981240269762 0.239667897107951 0.779435805020339 0.988449039368448 0.39081697725755 0.693620657630073 0.0239580951219517 0.403807671205957
0.0751178765669858 0.490903379862437 0.407296606092275 0.869415087447619 0.197296126581707 0.809580679155742 0.0144105479941209 0.62894670708002 0.0601143573565721 0.0774637746828757 0.258556329777305 0.542217636163621 0.0796252733453027 0.0783350305542108 0.315550216268733 0.987411331022594 0.398633276738214 0.398002462664623 3.46237108113933e-05 0.0265059605583104
0.122917843226151 0.624461622458088 0.431938372725923 0.743201832832355 0.107516976338522 0.245701523051474 0.192444318580126 0.807092214972599 0.589426975927369 0.597087410955072 0.698588189979281 0.282282186954392 0.271798870461961 0.111390963539813 0.196446001391561 0.586218201307078 0.453024180883902 0.712517227660565 0.684707612363445 0.993196777186919
0.201227696277815 0.610205317711347 0.551518997838933 0.456295302033166 0.0511460937469292 0.496499784795106 0.198147142940394 0.403571856416517 0.852284484653686 0.186722203738549 0.64786678711039 0.99954145648164 0.218331522808919 0.062200882664611 0.727361359596799 0.997248657892708 0.369185453278022 0.902540289059554 0.0863528250451477 0.0384397605424672
0.0156222311886067 0.502203385465891 0.131365559503786 0.582104106696404 0.0236226543953213 0.132847019962912 0.00325890048350253 0.024774731819282 0.00391451539939193 0.0143158526799557 0.0118116605548977 0.000618406664871694 0.0299820543974602 0.0488322615825695 0.400948727424485 0.0949852969516534 0.571195016961776 0.176425472003255 7.26788318691255e-06 1.87958824227795e-05
0.142535989458083 0.603808473969549 0.299658463896979 0.345363266959942 0.398411331297664 0.583207801414013 0.0222822934397032 0.155925575430424 0.95661436089649 0.460039923096435 0.0499218634330572 0.844548174838493 0.178886933699894 0.262609896404914 0.824814182888102 0.963037657965365 0.554008305926247 0.510024476074984 0.116759501577669 0.995859481323512
0.491140504506881 0.712111346402645 0.916361135909649 0.716755634394793 0.996206705583593 0.189702530101454 0.481851251563383 0.954036369006361 0.722195497868687 0.914155262097905 0.791901134885239 0.986312188116704 0.734563019836389 0.460315073166246 0.740020100623351 0.976512358403452 0.540700590872183 0.701748612964897 0.9715145049278 0.508260047660697
0.0681112266268142 0.523529582934634 0.0803670897747198 0.419743165960078 0.435557419555932 0.492741756621688 0.0208656189071765 0.235542311763789 0.867143623096545 0.0279913182167586 0.0162739704193044 0.0570383036229033 0.117963324003685 0.0632571258587881 0.413504443385454 0.410059156697192 0.253776255344565 0.352542754316315 0.0443893413554622 0.997741713292979
0.0384908285655821 0.396168191854827 0.066854058225166 0.495646417683867 0.00343529387835834 0.27284101592478 0.0345465585140184 0.244279417611263 0.211973411486546 0.0333025904672025 0.00548774866886916 0.766618175028023 0.0331440759647334 0.0275296925114987 0.297543110974774 0.548072806828616 0.192668663538478 0.132201401178802 0.00205811077002218 0.761590790694746
0.0709054306428439 0.401183869739481 0.45990174076659 0.610210199400736 0.0933123951335175 0.0420114503269143 0.0131012246954519 0.00771091428830417 0.180320747840839 0.0138848941644034 0.0142500098401859 0.39685874262162 0.00941551208426799 0.0135518494992749 0.135935536089762 0.137120468062074 0.279665233517614 0.312012775155645 0.000330976580944378 0.0539607237098461
0.0879812181618827 0.471368340683447 0.323320175992537 0.72730807520502 0.34305914406487 0.134442116282201 0.0401904144580047 0.0946734597220443 0.185252909589751 0.113768514174509 0.00192782109372036 0.90054747314155 0.0288960757570218 0.0212247917666248 0.51966896278936 0.900467358568675 0.745787941810066 0.39675107765157 0.479882880730485 0.00021719570025046
0.762478388322911 0.653114441713587 0.591427214474573 0.873825113129979 0.958690647826465 0.799902899499489 0.239893255161007 0.944615480687275 0.881015345336743 0.803385997206784 0.973966737566445 0.999349155233955 0.59201242805037 0.454939378959868 0.656669817216863 0.990481329295825 0.666212568886583 0.562258721501901 0.945875132128936 0.981090532464313
0.032198179511221 0.366964325216661 0.0817070472166316 0.380845788950978 0.045791611030169 0.652257359463481 0.078637587044846 0.00493760082945326 0.0236344201272301 0.0389773054718351 0.00652757412224867 0.147296591734926 0.0151049669363509 0.015447914105884 0.100391296082036 0.0147058847854619 0.301083671669796 0.113177333929707 0.00337970148786011 0.481639907323699
0.0172679958644292 0.402982670853291 0.076168459731524 0.442945359642101 0.0703892523214199 0.276129759496031 0.0181959774956712 0.0754217896619706 0.00752950582113776 0.00182245359690858 0.00402846286240089 0.317961084899459 0.0192959375351292 0.0217967124705786 0.577600559145606 0.0864596585657676 0.547457966103398 0.388307653908314 0.00011479969561909 0.00198824480488282
0.176857762827449 0.668256987460446 0.0248947559036639 0.483665675716639 0.904667033706988 0.634738337605454 0.0419442181148994 0.317685477117249 0.715718821736399 0.830643218009768 0.476904333614627 0.987403123486195 0.354406004327381 0.174731075512478 0.577838624041094 0.291408447336404 0.540099585247015 0.727977796656861 0.0081594539712697 0.00141577766494432
0.11047912325695 0.567700803648582 0.458713383509526 0.770440455496376 0.758909922374385 0.204674084999273 0.0607312161956908 0.364844723180424 0.0774412324614646 0.221325656652255 0.111238075559693 0.850938089040107 0.125553971292337 0.190948231031901 0.524205566662278 0.991731552785945 0.755208848662243 0.576160186973628 0.47582309318852 0.999990327498725
0.262229141710267 0.628021791512931 0.394802088886735 0.794713022838916 0.868812868348853 0.503645022755126 0.180728382466855 0.671693632140404 0.452644321752251 0.443966909592123 0.877999615327025 0.997444282719364 0.202087366033525 0.140640380419684 0.551484688794717 0.998474819212001 0.467245409377882 0.65923001414773 0.074633097230853 0.999807599258776
0.0335698181331696 0.398900484311477 0.174994006434081 0.312447763366434 0.020200267066757 0.279379445104145 0.0120592038856925 0.0473898152644538 0.00630267737762669 0.022766562412739 0.0220143724699505 0.15302879458297 0.0134784016305009 0.0308042735500518 0.267591298158286 0.455241684663033 0.575469372721037 0.213776171240765 0.0905787794432559 0.143844062592791
0.0559640688279909 0.530276461736575 0.340436662398699 0.642780883877442 0.139949097989717 0.468704506774245 0.0582606211650303 0.108589871789257 0.694294738890245 0.0866865518569967 0.015235855061664 0.128709594308806 0.0722248925924149 0.0476883093876477 0.41660279772749 0.43921883779163 0.284288728348434 0.2699830636941 0.00109141086738951 0.00817692924384547
0.675015763808134 0.754384130665262 0.941608349810042 0.73646002903351 0.871503109946802 0.592058498163828 0.14549737055199 0.998866721772177 0.996294860491277 0.949738498472202 0.970129149626128 0.986371065345415 0.72193667724904 0.539800914915631 0.93778845837778 0.999991589323142 0.472033078277332 0.795239791058831 0.0659866383856885 0.824197636456355
0.0459779904289813 0.520097826404885 0.273393491642399 0.678086392361665 0.105887242808144 0.236486537313485 0.0933881205882443 0.306473178747871 0.0453493725725308 0.06120228494152 0.0334517234444797 0.289765098039524 0.103373264499898 0.0432899448346167 0.168770288633227 0.521190076603067 0.423884895204973 0.485534270672772 0.328437632684689 0.760909329175109
0.0736202979499146 0.462405698532964 0.492463217105853 0.498239643584084 0.178326695276429 0.553986773547368 0.0469609890386097 0.0849085816813366 0.426730169726133 0.0386617468921457 0.0100123233850271 0.0718109524367761 0.0604818891436259 0.065036353901614 0.0679559802237544 0.786638682986367 0.31384093621209 0.442797693064039 0.00311379868620463 0.993173893836646
0.244579040946406 0.518888936725793 0.205005718968922 0.842511885923951 0.715925011106412 0.587099646510732 0.15578554844039 0.90053785833491 0.980296391241194 0.588611588328483 0.687283682526895 0.980828480496444 0.516852303145967 0.261725482309177 0.785369899531518 0.999817054219385 0.704453925959673 0.630481310787325 0.22773666365882 0.997683150565234
0.0551191760800802 0.469276382608885 0.906369370943355 0.348603265288256 0.416550163812777 0.565899437117348 0.0743870661313804 0.514025538161967 0.060461990415991 0.25717287013779 0.0497549168157119 0.995056370976181 0.126970725410944 0.0661980672935216 0.367076670631884 0.771914123764859 0.422194705770641 0.43226847242137 0.0276933590669401 0.000785068301355014
0.0805002268741568 0.521866783131452 0.360072476380198 0.630892997009423 0.445801257289343 0.559221527576981 0.0900302718079823 0.209833491440205 0.7691170241181 0.299868159497135 0.377428456562452 0.64988431666825 0.0602216911775941 0.158794560945759 0.423938833825293 0.654898814262858 0.696057755808107 0.588469584176543 0.000832490678291242 2.44358297021295e-05
0.152434917304929 0.563253688571662 0.883635550291056 0.759190739377803 0.104602318161358 0.425420373907712 0.299344634802864 0.676582407280926 0.00752481576396443 0.399789702924601 0.631630633281738 0.869186815820664 0.197776224880837 0.104265625429214 0.392148286215114 0.887742399765992 0.649980473138887 0.517990742556296 0.0095411086866366 0.29639139079205
0.221066455587432 0.796437208893662 0.313490800919535 0.649311696764538 0.985900113379354 0.417844792751423 0.30354841435218 0.673139979805849 0.998275034022788 0.368359924383293 0.650217567404027 0.63018282031391 0.285188529918794 0.146158722465904 0.82058897031564 0.414670988635534 0.672219780584895 0.744988472189092 0.202370172504774 0.928010569021097
0.489954728373089 0.683482628884688 0.66998209297339 0.776853103220102 0.973893243764327 0.41528864628176 0.463034241420104 0.973500574894152 0.947767219372314 0.781570087666092 0.866411550465316 0.989678704610666 0.49826069196355 0.271392587360089 0.901283130797788 0.909120089299945 0.798996776692641 0.629434883528438 0.931623205658589 0.999650749674091
0.170954074574665 0.662710471542975 0.491303809532318 0.763933591277606 0.78279854557229 0.493813583452203 0.207393603931917 0.40602197467567 0.469668013549269 0.580823109609264 0.0550052256682102 0.989595227239669 0.290107795469846 0.162638199917798 0.672979636872223 0.948155148807378 0.545396575087619 0.592655020609438 0.0321944442178989 0.981413181590205
0.182376073264887 0.484613971810356 0.431393186940212 0.587802153795762 0.137149547859587 0.570210356062524 0.0240815314631655 0.780630160429536 0.428513912785387 0.168047177108283 0.224262644379986 0.983768827688071 0.262559951549904 0.0913222398616868 0.543150899339786 0.73468570575315 0.331771087031623 0.358949674431995 0.184565088637198 0.992675605883245
0.143005566690239 0.564468239926951 0.568033806682988 0.589069788852057 0.684795144677912 0.312678707413744 0.221137292359741 0.546238683130313 0.965899759561419 0.196672011730432 0.450168680134767 0.934203460592638 0.20415758610543 0.14842189686129 0.530997491898569 0.765805896043863 0.680593067032422 0.441656813278763 0.990074197517779 0.0766377436000332
0.0915686396790077 0.452801750327695 0.591414507725864 0.608479232916988 0.466703843961552 0.110934908609531 0.00995699508667188 0.148167153474936 0.45635342139874 0.0340638631177959 0.170715718633477 0.971511368249722 0.167060074767842 0.0319881933529044 0.643197493144493 0.952434517786245 0.369805478617358 0.490688042349692 0.00654192170036787 0.337333473113245
0.111570327104402 0.665160561389293 0.625048794066546 0.707801129271849 0.5096528874053 0.252849037734748 0.153313951681529 0.571535484916085 0.680511833182796 0.58210841914723 0.959119798309573 0.839424835561788 0.647385329142741 0.215153417504646 0.758142568438339 0.987967141564474 0.35905601451801 0.562407041796533 0.960302108716285 0.998745099613392
0.0343166407294454 0.570648028506639 0.758775138784139 0.558375958318871 0.131410135856022 0.406243010310882 0.289218747506862 0.0938967386512687 0.930398727116804 0.420132052736318 0.616472883736261 0.982208574664111 0.435913272340792 0.139371001336271 0.611127037309872 0.947661481749532 0.288571229018612 0.349091947096705 0.919687907978842 0.00990882558982891
0.609223029556519 0.69020779575973 0.736606530659291 0.82596760810892 0.998219708296844 0.169644306765375 0.444708058246163 0.944622351231594 0.704155311444569 0.896859098246747 0.983649459051002 0.997235507864458 0.228706262103267 0.136121265598926 0.881823443217746 0.999684525472179 0.682458492697609 0.74200268861535 0.739001698498217 0.999999
0.186278923184413 0.710964937420604 0.805695928288907 0.579230564655668 0.730543345486551 0.166555913354777 0.279293711511393 0.760537343879834 0.820953738746457 0.658472196023876 0.747272173955492 0.9748532286066 0.171496697491942 0.377080472906495 0.55496664116797 0.714875739138439 0.492922866842581 0.655522763512944 0.000505687751677076 0.989028626985061
0.411647564536467 0.635028027543868 0.534018190180888 0.526736060663151 0.903138422191996 0.544966253883771 0.243703143253197 0.172671145256489 0.217208420520418 0.366058464368629 0.525939655579864 0.983539673025667 0.274791347979122 0.137092793160896 0.339899676781188 0.913594502748254 0.260425502469876 0.795241666078937 0.00537832316240839 0.0100835122784022
0.190570845435297 0.764756609084855 0.86236723728977 0.644238139508246 0.749791301058028 0.451689136474318 0.370663540585221 0.726823189077312 0.663017198763569 0.626970279019035 0.73970145247813 0.972651053297989 0.42337788206765 0.168320645497072 0.408871898659306 0.827457268853603 0.627275599879432 0.663336651524536 0.311371344434731 0.231821417899945
0.0810989364480475 0.52804438172376 0.195319156560419 0.538064215938912 0.750985772090803 0.288641606539602 0.0216305695459918 0.739847894676918 0.641543686927856 0.212343227419523 0.0876193002727925 0.757984254528065 0.217199415515435 0.0328797102440689 0.643267224168282 0.799840157125345 0.608899637562187 0.581990552300015 0.0352120456017701 0.0108218864261707
0.0834619969105013 0.569928781599922 0.732195952832735 0.597086626086008 0.105092420362637 0.974901320156716 0.468439899652344 0.87372255518483 0.264997223835232 0.0942607421910067 0.120670149529001 0.907447511018858 0.12779375111597 0.0901609018715365 0.463248144703614 0.999740821862304 0.425517064634064 0.345923503875487 0.0622990673671239 0.00427550702018093
0.0361171734001488 0.571485570361923 0.214547726079906 0.623225678944053 0.479186690248593 0.795651381201227 0.102207739133272 0.189012075734159 0.120250208812936 0.269202699543752 0.297735983799933 0.90696362657248 0.0581768617088448 0.0299067931602951 0.390502840626846 0.897798661130997 0.183560827815916 0.257097759560416 0.0604445694951672 0.000908426221503243
0.0762997323601432 0.462516375847622 0.604114642016297 0.51640591958001 0.62500655137233 0.206803624615641 0.0358589816314005 0.222027220156609 0.178664524600159 0.0271378440824096 0.00907332414954806 0.43631323691292 0.0299949348116572 0.0505974372976716 0.258995891518899 0.963813822902755 0.232451156964054 0.285240783397901 0.000301897937235732 0.000160264145312498
0.110943636245939 0.571190922497061 0.611442545761724 0.795061968158988 0.807602409363267 0.182289774511512 0.12987787492235 0.0354723494225749 0.328662508175908 0.184361626651827 0.268100312314776 0.967413330267256 0.115202941955142 0.166529988941222 0.356471175594059 0.939087262829294 0.461939085921753 0.533902794411258 0.00224217100098809 0.998031590609585
0.115913264026087 0.616287533204386 0.415174265886516 0.79090509514134 0.740042665594156 0.207017272307738 0.0316470637438892 0.345861327140206 0.061830210508022 0.134396449693145 0.436612080442235 0.843155418189653 0.227085148609786 0.127660333757971 0.778307266007795 0.144214726230969 0.530625005801522 0.556919326800963 0.000359299202067318 0.999999
0.817969670537995 0.807685542174336 0.691039682225641 0.367037384405617 0.994811984363002 0.527391476589701 0.296700472438393 0.937758079335301 0.972057833273155 0.967312179464043 0.989839782865235 0.942053424445305 0.470389515156412 0.590111936315251 0.909245516289913 0.997474614874405 0.594738273226055 0.648011263869819 0.385027525401821 0.999989185482354
0.0551155229506119 0.348624173428001 0.00571305727306763 0.442943012772269 0.049169040617443 0.149706808655355 0.0567940384419414 0.0235131179585254 0.124397597393963 0.0367422643933996 0.00172161412596368 0.430047049745646 0.0813131491765708 0.0653109667435997 0.226046053405637 0.751147610225593 0.600453587687947 0.0800992579814917 0.000715260215019353 1e-06
0.400674263830885 0.506767574621193 0.809116597060334 0.786297556822774 0.907802054722026 0.729208332685386 0.649749714455035 0.774082800374088 0.756860436817729 0.326565852435686 0.611986406295834 0.968194765686895 0.756430443781945 0.143884950920148 0.884300775274977 0.999819583199957 0.295485924748702 0.758521613077516 0.0876586256652977 0.366837225814156
0.0921189145769772 0.469108119630702 0.673280522288626 0.575234081534942 0.144693313293501 0.263979738997822 0.0955009207761693 0.0518817663765053 0.351680797787942 0.101553990159106 0.0122903575914153 0.8395473940662 0.0834645060827355 0.04102220492891 0.342335748945213 0.171985622552113 0.616724094244835 0.545296413078952 2.98147853119125e-05 0.010700607914226
0.0562441128723256 0.526174643056673 0.317543964902271 0.729671587815976 0.0053572606676014 0.185820341381302 0.0907906773203463 0.424995225840529 0.257446688218132 0.179707153845374 0.153716193980019 0.223234186990665 0.170337940315019 0.0420201011522514 0.487041889274107 0.962931760805887 0.17530004660434 0.578599038513275 0.660407244598004 0.999999
0.0458717707188328 0.448716057786917 0.17560404504817 0.665823245240496 0.00402019944918886 0.43893921360502 0.00823273530401273 0.00546101235050868 0.0961029507348981 0.0357327861419489 0.0621349525093186 0.568297007683531 0.0305626412893218 0.0362257489640584 0.160275271831046 0.844945265037709 0.33268229501728 0.289869965607095 0.0149131000719071 0.997621571115742
0.418662885886381 0.713404996616712 0.89326132960764 0.656137514912825 0.936385012008924 0.352109042074408 0.189241186690227 0.831561744002998 0.94682280722491 0.824604493121721 0.633619844661309 0.968958658419782 0.657725339673284 0.318703273726382 0.882331347795038 0.956214247157929 0.792206192546493 0.701451105903343 0.210931199165727 0.0969491192067956
0.0107485806723691 0.34652650050066 0.0767000602201278 0.763125677068951 0.0114319956785489 0.454077892943631 0.00893149242265946 0.00419209083220248 0.00113280237845 0.00559426664406588 0.000767047667330766 0.536055172798187 0.0138172871677255 0.0111796606441129 0.160867206630968 0.20214194322982 0.189055336216803 0.197478120292865 0.000470505079791919 1e-06
0.38854207439313 0.665261560782318 0.309432661875878 0.839004139193059 0.943865330569463 0.593151308140053 0.125719673392941 0.824416491559218 0.887998138151525 0.847386815653359 0.979071179334782 0.967372109756645 0.292272656640189 0.162583559132447 0.89352671586531 0.971971880849259 0.679564624850613 0.628427740356365 0.957127462719329 0.00729120765113711
0.0236814510047571 0.564133417344649 0.0196779885949845 0.564376951697839 0.145844185846225 0.0995538293998482 0.196307700852763 0.104215206848173 0.00726525247234649 0.104763826911666 0.0103071291023819 0.865246299413306 0.0465842438515595 0.0346987540869742 0.477079107230802 0.987605259643173 0.545058511631391 0.18293954235561 0.870104224921999 0.0491640337049777
0.0201041787325656 0.404972871405831 0.497499720875741 0.550442086829756 0.153567443339368 0.0498402617653893 0.0523171767280823 0.25133068285428 0.631654547915611 0.0552110054915368 0.00510550530784606 0.676189207773178 0.045872826958245 0.0775013694217073 0.466492870233114 0.725768755724775 0.431929673063838 0.301614340719822 4.9460105994138e-05 0.191535513213092
0.261812739806793 0.743051372479743 0.544714451585361 0.654453889670028 0.785972063392054 0.817999922992633 0.0391582498382422 0.417127235181789 0.00817229682794197 0.877347246126984 0.738111702680571 0.987119544559076 0.61665716987895 0.263941720406108 0.728809467154659 0.993935696459142 0.765153040914674 0.911381640369242 0.995720635354989 0.987767841390028
0.724579760196703 0.773317352007133 0.827797789348754 0.791618503744584 0.985382193842906 0.889712540189469 0.614508108217466 0.997945221168508 0.724522040546636 0.973139670004854 0.867607211736921 0.923789809343329 0.699376944622006 0.266972435131939 0.928974409738188 0.971851962018385 0.51174206528004 0.624547894288852 0.25831108403811 0.0111382243838523
0.899903058971634 0.729340552208388 0.966096120224626 0.814836737332759 0.987253651345639 0.831318945750892 0.903727112312406 0.995398738432958 0.932995325349752 0.997733086022779 0.990142462840546 0.999991047451841 0.830647980785247 0.431050287341572 0.976022764760675 0.932699937943274 0.903999184707802 0.859712052315222 0.997081183504894 0.407997442934782
0.0679958903373136 0.544263646705198 0.413435850930557 0.657440782830649 0.104370782201673 0.725021740211306 0.0229441701370288 0.762543007932351 0.800596187118285 0.352548229714594 0.196808144879046 0.867912384613617 0.159977037706348 0.0676887165268165 0.801914294088617 0.901433883448459 0.21297649623543 0.607641475956137 0.000839654283880477 0.996025519860888
0.0384183782863629 0.460788501183114 0.0964857830502451 0.391977306235131 0.331371245693715 0.258980198015674 0.0193518316211577 0.0431529236421822 0.0156928560025999 0.0347408240032474 0.0252414071780432 0.367233289885467 0.0515359127438704 0.0297489486831357 0.546954655140416 0.373578264352205 0.636999898161308 0.273326775332802 0.110829117510586 0.00185113527949802
0.543312264824412 0.7320692580682 0.802133998178945 0.900818691234854 0.369454126926205 0.573351657875348 0.324449344280154 0.925780617961479 0.90951377115161 0.945158855639705 0.807883539612255 0.997756183319956 0.677177513774473 0.187379113702654 0.9431681174199 0.992393149284095 0.659237839003164 0.84168957587952 0.941122558473825 0.999997904954313
0.0974834764917596 0.51188506537898 0.192579227665742 0.515062800930569 0.0955841614780795 0.306096695300545 0.0400736606123537 0.476640753706011 0.873844720057064 0.229432451886015 0.348112119706772 0.815408396480532 0.190305861092742 0.126084329981042 0.393105454000438 0.441240746236716 0.544143767293034 0.530044465638485 0.194890833581795 0.999988229261695
0.136468049050361 0.535351477562265 0.667449186779664 0.701984237270258 0.681468729505414 0.715205757515794 0.0308619050927677 0.842571541500166 0.367797361930846 0.672348782197111 0.2853740017296 0.693835052200812 0.23958417582034 0.141223091277948 0.868739099413462 0.266234257435788 0.455353447689693 0.519388828610924 0.029068060633701 0.0361009153876002
0.0952933773363753 0.448233463615104 0.202908892137731 0.628229401650509 0.346642607527028 0.166738251966866 0.0153431110592109 0.0110271013381458 0.393082660830049 0.0316368708603831 0.0105040884689276 0.93817593587323 0.0618146569827823 0.0440771983485725 0.151391206266823 0.153525317938852 0.224050306929698 0.39035904163276 0.00109147894510935 0.00242997877734523
0.106168846058018 0.577122093976671 0.773105329100041 0.65687616443029 0.153619588047261 0.561092961797425 0.0785971542049159 0.0865268769552216 0.0609992268361354 0.267955268746687 0.157987077791884 0.977934019930371 0.334851652042171 0.129476010756778 0.39304054781432 0.0265686689550582 0.59880834843844 0.529515296615393 0.966937369258309 0.421007221564242
0.284050188348318 0.782872226444649 0.855526162098639 0.806487285086743 0.974410851779412 0.710099487454943 0.520498082352307 0.400401475406279 0.898147441890781 0.73792542440757 0.9107903510644 0.999556893624953 0.758389194004705 0.593468706348666 0.68925150447277 0.979450225765514 0.598393458236681 0.452429179165153 0.407721176603215 0.999949374163146
0.409103706626391 0.620331749246152 0.727715807994494 0.780195651972262 0.996293986932961 0.723643190565078 0.296504043226125 0.925214172017821 0.342568116792418 0.861154183653402 0.988654074265687 0.970064093350232 0.792815393789902 0.356935007513518 0.881194221728813 0.999103925539861 0.627992423738558 0.746281921652088 0.81743624776749 0.284991028872738
0.333573510675893 0.658665424410396 0.194301460143743 0.77389539293678 0.864565143780997 0.730370058686806 0.395740193081389 0.200158168894521 0.269375450388429 0.56272287789534 0.623021353625401 0.532705800536246 0.443946138418951 0.437145412273091 0.599910949753986 0.983975538215187 0.60211640033212 0.549619687661152 0.817111503849271 0.842142641133191
0.0686561613067412 0.549552885336448 0.150933524230083 0.821253667718303 0.313585774138104 0.402950843918579 0.062961327458742 0.141692878469803 0.933383693993116 0.581061432434661 0.101011520663149 0.668086029262393 0.114236660229623 0.106731301027352 0.309862406313284 0.102571538548646 0.544133441270834 0.339883729011142 0.301552399046188 0.868509223969188
0.148709950030503 0.58774961532336 0.442087610624188 0.638511000750375 0.619027648804729 0.633514855228064 0.103864363559479 0.278270011957532 0.684916982285482 0.149656570216643 0.38588815087962 0.995079158950604 0.326091373413375 0.158360069000492 0.468494209176394 0.882924913029267 0.572724849716115 0.586548077722135 0.986424174887808 0.00312622213103362
0.179490710530694 0.469957794626515 0.226766389469623 0.567896626202494 0.21608811971818 0.595889273086316 0.195703361257257 0.292792849219219 0.48007288271034 0.19078968090403 0.146202381076532 0.996983633960994 0.0519904493959179 0.0447786993209391 0.617969013273318 0.90373038983152 0.290178403925059 0.530025572125772 0.0144243847674483 0.00207396162977649
0.202145673432744 0.424344196297634 0.400297477995348 0.69314880929388 0.272543989424555 0.416736987716301 0.0806462845551672 0.0117569325980502 0.418957792945821 0.191270424674347 0.0424602397862088 0.793085306148359 0.0960906067500127 0.107744033371258 0.47516822420812 0.387346215368421 0.305057122713323 0.463479749390338 0.00238572794170893 0.998458736832634
0.552106961289951 0.801234411617003 0.952017743471415 0.889713728664682 0.996532305428266 0.275026932972765 0.782400270878023 0.997128275464959 0.998683746949231 0.992889967666267 0.99437967504734 0.968605071353701 0.930942331044539 0.565509854839204 0.974177878478058 0.999199428201045 0.650079550896559 0.691259892447286 0.0171356122612043 0.999998866960339
0.103405699411377 0.662635075050486 0.823980124914056 0.826844344918661 0.522462115481349 0.583984112134498 0.497638079562514 0.247839359249533 0.755455876217263 0.783154023147822 0.524938173235025 0.980777091278164 0.476334564764941 0.218567824625354 0.80485265764566 0.972630789328052 0.57734365473542 0.545528939285769 0.997856823708592 0.979386509427466
0.28332093917268 0.689764083818178 0.900934247292113 0.766825786564459 0.94160556984507 0.161537491972053 0.130279144888366 0.856382702135519 0.998418072830392 0.8008936807144 0.891598524980712 0.539561611202371 0.267595731158046 0.109130729400269 0.254779267691589 0.997712933539963 0.495150944313326 0.461836776740684 0.00598751849802382 2.31941648625559e-05
0.192462818781174 0.719852691393732 0.647478102218991 0.788198514857524 0.698385915318333 0.53974489523329 0.521749081796781 0.0661495382711253 0.928915421901141 0.141030821342839 0.260828468265006 0.992972628676753 0.452774809652318 0.229214351511137 0.64610530898885 0.727001158483401 0.678025783629364 0.814918754444951 0.00123902297079981 0.000435178005349893
0.569903232037753 0.69082631455668 0.68937998893024 0.616717719025878 0.988418123438787 0.442181978127801 0.472586109081935 0.971443400623784 0.485538308061742 0.934515271192436 0.937455183236367 0.999240248365966 0.492300654905041 0.651995527684663 0.829553669494378 0.947798238231226 0.840752372508212 0.791642935359446 0.241599361868983 0.963859129773417
0.0169991587673957 0.319398245251019 0.296111984144277 0.519844977577762 0.435891735374344 0.727577620415518 0.0412011616388545 0.012492023472425 0.77652496961375 0.0321583931151049 0.0549078588743579 0.117356341692239 0.0375483785590954 0.0733727201226933 0.2874564945281 0.39752996192684 0.417626822862948 0.264514000950676 0.120573859843048 0.680050639938755
0.310183229638745 0.531179885808624 0.954256006126284 0.505325093232187 0.986974211144543 0.930907582492548 0.263880360178108 0.311452178121753 0.979595995285395 0.361795661993166 0.854880867808367 0.933813740518819 0.332807737065096 0.165085426066238 0.825690153166578 0.997617484674485 0.357167193230484 0.435909268963743 0.00652961886153085 0.997319316969255
0.258661612436698 0.702081173109298 0.331556761653785 0.465228103354786 0.971379232049561 0.149570036870365 0.638646631425636 0.682534611947534 0.1185636786559 0.880159953858157 0.494744675554698 0.983084561728404 0.48595107079693 0.227162581354564 0.681803560139484 0.988146498199504 0.283434337745653 0.660123760354018 0.0168672135075703 0.998081338412813
0.393436544473534 0.675130652866546 0.478925701355371 0.715376230871269 0.316995933695742 0.301587749953119 0.472140016735443 0.427968985793366 0.986662461396857 0.515970812383627 0.833749234138403 0.999510849000444 0.0811389004723669 0.132275267517162 0.808403567687106 0.998716437751882 0.678990491015147 0.760287639385318 0.956363533376248 0.000938978564169954
0.366023192762779 0.645184718248377 0.819889353068193 0.670024668028912 0.873569196748117 0.513914216213816 0.567192060482516 0.466267869564625 0.925475470721114 0.175633360728147 0.075387512589197 0.336855329660808 0.0664679848082512 0.139686917196158 0.410661446454527 0.96941703700794 0.67925551526921 0.758225991460184 0.0023991680705422 0.000919909668496608
0.29296484606768 0.642367910128326 0.785623936495101 0.776869763780881 0.739668366069987 0.0595832875538207 0.0393084408905443 0.569079545981999 0.707405933398089 0.164555834005108 0.197960678725488 0.981627939204484 0.278026578160891 0.0879040346356025 0.39986115556368 0.672196627197743 0.760027862133343 0.585433248538998 0.00451869190359622 0.999949521329058
0.382485628029762 0.697543375045206 0.638776989905191 0.796596406328652 0.563394629144494 0.449982692485421 0.346824283036277 0.800610026760157 0.984762521888446 0.502645872529152 0.881377330948609 0.979033657360047 0.39315574931735 0.361614437315053 0.514262637660272 0.99641788179683 0.440382391225791 0.611697361543587 0.935613119865266 0.000137150308504558
0.0231122473684794 0.479571731298736 0.481709626766704 0.37024713346063 0.0481070881819177 0.145452608493817 0.0204660552696315 0.0357707227368077 0.387541859843945 0.138251886653756 0.0133628779070458 0.381018931390104 0.0879977895237846 0.0322778449207149 0.249757054198117 0.898681600525797 0.355286638934183 0.24652697335054 0.00191068583951852 1e-06
0.445803947031761 0.776816813129638 0.85651164420798 0.653643157564143 0.6239880258969 0.575818564108874 0.133980713132839 0.823072238918542 0.968251891436521 0.792453864709377 0.952742305880151 0.992900312379295 0.556654749354494 0.313302160672258 0.920076978467193 0.999435767883028 0.626626899911079 0.707622179183347 0.261602191616973 0.948868364955875
0.47125022170743 0.680170573697318 0.888269021511092 0.720539986967848 0.97989083685553 0.414064096351874 0.0929139152814872 0.908252420623629 0.913209947033319 0.873000379631637 0.941571087501796 0.995382265135978 0.53237104798266 0.310220036395984 0.707313413789855 0.946373681504516 0.643188951823735 0.670479376762963 0.0201368034482019 1e-06
0.0631336548831277 0.489267360280272 0.309075746891247 0.597197820062632 0.122312068312888 0.408985569989068 0.061611702200954 0.551292209087265 0.0509832049680067 0.193879990760101 0.248457999189373 0.961794257547875 0.0781566057961504 0.0514811203231889 0.140208449544077 0.746296688162588 0.284377635735299 0.190433405325133 0.000404582981133079 1e-06
0.0767671587178227 0.510679672684642 0.179592798114388 0.576857858598668 0.426544936261275 0.25662512092275 0.0388889946480958 0.674692224098767 0.547056648679294 0.427804580919997 0.119509248608845 0.953642298039442 0.129960239769143 0.0442536125330503 0.874089386203786 0.930856574270745 0.19297909330732 0.653914677315359 0.303888447295052 0.000292130129860465
0.104014154341253 0.678727659989536 0.82669801574251 0.644431507328793 0.792179703565235 0.285818232159035 0.280113245586327 0.40902685581729 0.897157325253101 0.306918819208231 0.713129648468116 0.322299551887852 0.0859465373403854 0.259676880444034 0.454698038214131 0.917871433380089 0.376227102980339 0.544106359582437 0.779439339881198 1.10518482730807e-05
0.576480868373081 0.716784258094151 0.905808236377022 0.871131472127164 0.998135691691604 0.346780082380633 0.15780541440991 0.995518272828632 0.937818949267331 0.864456643674193 0.817652828835774 0.99957566465113 0.61162251481912 0.439288501207359 0.894468222087795 0.999965198117423 0.664624782944779 0.630720645455998 0.785430790951443 0.0071931294104098
0.224002605713902 0.534798158572296 0.267043210497387 0.728116526440167 0.807359835797103 0.504004011214834 0.109723702126959 0.836832241399202 0.331804240606133 0.528944205256453 0.836149039899243 0.872449537396151 0.130126279866973 0.132147576354125 0.798078425719996 0.912823087763678 0.605736421014867 0.460477774837336 0.417393336201018 0.657567890490555
0.316493384078867 0.605757268792503 0.943560706079932 0.463257533315548 0.591666925773426 0.814275504551559 0.506556000743483 0.705074810924457 0.383094107515261 0.8505399712791 0.806423961238034 0.839055192773045 0.471685499052764 0.184884399400992 0.906417428523508 0.811276803716898 0.477819226135189 0.771478694645084 0.572121340603421 0.309429920579836
0.110063539027356 0.536325526397456 0.324305931658663 0.512332814128597 0.524537417981165 0.299952072163448 0.117521609049417 0.326111669336276 0.14084800256592 0.487260102625102 0.202633466261059 0.978876439378189 0.111574197262414 0.070280809753999 0.572884914027108 0.572939628892678 0.5748615943844 0.467535096471297 9.57142950275512e-05 0.185224821707667
0.343906537812591 0.757532198674172 0.45707811982012 0.743657175837208 0.859597760791258 0.577688779386023 0.249726780512849 0.854343117146786 0.996634165778906 0.887915343861854 0.795796489617504 0.994240203492521 0.388467681828766 0.186325806346686 0.769628821110372 0.99520212368441 0.403965998100692 0.746008149618643 0.882185673084518 0.0619618607444176
0.0953181013010062 0.459875800882146 0.272997204617425 0.428275356708423 0.275675720047658 0.281272111362734 0.0224649224225678 0.00237170320725598 0.0195762785836494 0.115698581440674 0.108647761245428 0.355546888463052 0.0495502491145645 0.101430066260491 0.563961488623824 0.826558662018407 0.277927858564144 0.524068177115899 0.507232243655214 0.00257343684012997
0.215353251478633 0.633637993244038 0.33576422228495 0.54461376747949 0.653810620138218 0.525812029597978 0.814762060083978 0.908069317491686 0.888103832287862 0.623009564066499 0.685085084989949 0.824348890308246 0.449043975488524 0.213604653383948 0.76202934579562 0.994863494726271 0.69574283311378 0.596602024817325 0.922632637709454 0.99856849512422
0.0674080435962438 0.456103868641499 0.322154732529587 0.413742608674827 0.709767692481497 0.692399532976492 0.0394402177245425 0.142495094268074 0.668789515086047 0.197615992256352 0.416785126935493 0.774879345440081 0.116063320023942 0.061120398375331 0.446711409594188 0.970991247199708 0.239607457230785 0.531058637242766 0.00684259421997709 1.50271838147216e-06
0.228934589189644 0.646446541472144 0.345866292185678 0.386418171019379 0.832000752917251 0.342580770413355 0.592263841812683 0.750735092718949 0.389781271387417 0.473443207092246 0.591734005003947 0.867779914427037 0.301203487861787 0.137987886663716 0.782501821893654 0.960958094457962 0.353921513284754 0.6406018403819 0.297037994421453 0.214980679118929
0.833851472207791 0.810825785474853 0.976656067179487 0.721913255824709 0.987321626292216 0.528427375248347 0.459362670672428 0.966830154702442 0.999460446036033 0.988947287676078 0.872260540632613 0.983116678019264 0.87535864511448 0.356130225897201 0.950039957433383 0.99981476327367 0.772530451431707 0.587878621019173 0.969455057567343 0.99999578029641
0.264188324325562 0.649164913424624 0.720907542998008 0.766464637316856 0.985578314536758 0.149002403635584 0.297250218123611 0.97317560884481 0.796491747602909 0.832392264579549 0.554399858503494 0.996874682284126 0.381971785889985 0.404709554506702 0.830293491029079 0.999629545902584 0.598906565172581 0.867758013136751 0.943122083206994 0.996127743898299
0.0365277828756419 0.479627243083778 0.0635079208959816 0.498268943887617 0.13789248004934 0.308967028042744 0.117582381726115 0.109886870517776 0.829954563801981 0.0355633194131783 0.0136011544705506 0.424419557140775 0.0363155337664101 0.0468475647079931 0.371977205094615 0.789252443121836 0.653153248362084 0.479751868046776 0.000993376091948283 0.984559160376665
0.0483489274666396 0.465269013207971 0.307709391443396 0.36188797363847 0.22371689836328 0.142566781559051 0.0129446253716031 0.00853038090239527 0.75103133555451 0.0244254443077251 0.134580468885279 0.727378176289445 0.0307090499067493 0.0406912320164632 0.347355899602363 0.259393522766517 0.510123172585025 0.247774964259991 0.00848267808108026 2.3015761047805e-05
0.137713708149773 0.531707955815354 0.295325986257099 0.469515387867904 0.0644917883143611 0.693062396014455 0.0707200561983153 0.0906535902346652 0.648068797847058 0.0819186502250747 0.110270226650003 0.336729984138385 0.0868637022030397 0.0944061315259969 0.154064182092455 0.972715129461585 0.583015342678099 0.524281389702523 0.0369979399892072 0.46150021247498
0.200074158450496 0.51118955316035 0.169799456591101 0.739004890635389 0.418714225498979 0.232596367201738 0.0506049308517613 0.586093208487938 0.121108585148887 0.438778999225095 0.676212547792242 0.742329509266504 0.174560662190735 0.147716245174846 0.482961901064654 0.560539567249709 0.138341014448327 0.33314850795764 0.0360176631432071 1.0805399792952e-06
0.0260321105086893 0.614631609749653 0.45501180723764 0.591718439881657 0.0092971247589008 0.16701916230209 0.0180112071780287 0.0150479331955133 0.249010734199518 0.031525117278889 0.0287601083217443 0.876854696412507 0.159673184992123 0.062899714789409 0.342288753157475 0.622991011451762 0.308127881707964 0.274509692417391 0.10469944216849 1.90406726229428e-06
0.159700836045933 0.392880961458522 0.363211890321991 0.474179958800029 0.426525156739952 0.559201090664666 0.147498845690689 0.378195961219448 0.122652039605335 0.244108576993681 0.03342827729366 0.915473277924691 0.266469132797212 0.0617424980961846 0.275806644074127 0.909950200250438 0.434615919002628 0.692213087321742 0.0102397648458444 0.933419652121375
0.169788790065961 0.614470037989906 0.778766659526205 0.553416401720502 0.959143351933399 0.304638855930874 0.0721738404281996 0.902704519746462 0.122174716907777 0.558518049205126 0.594689681211148 0.996948073824232 0.229047766906116 0.186142211426354 0.508982647424819 0.95104163895103 0.691459119630485 0.647601657273256 0.0841181309915463 0.00342449192798692
0.2347641826425 0.708806221598854 0.871875632927715 0.829919706344524 0.910712505399724 0.462907154523072 0.5794088739781 0.746861944018042 0.268606199774919 0.794447496321105 0.986460320122539 0.997939852515047 0.830561185199696 0.342943941169622 0.768653201310393 0.99994943943832 0.827149938487419 0.656639918858807 0.0452036681826117 0.774061742062195
0.130029600409173 0.685002321388241 0.117926778020085 0.669075118354102 0.194292018377995 0.537450802919775 0.156291899565236 0.897602075520524 0.123863929435176 0.498595104023078 0.451317835075379 0.762241951114438 0.12544409318458 0.0961823653385421 0.280744567849064 0.983159124587225 0.45049277610135 0.722563866633605 0.575369872512466 0.999985243639881
0.0145665102119865 0.379487272020908 0.022896099378671 0.582146045477483 0.0653891531188052 0.362314874105543 0.0179179498455769 0.00661164699072493 0.853590505057784 0.00554379965137311 0.0331786156503527 0.520188753339415 0.00479876131949074 0.0161880566902219 0.0804691592698429 0.26584999384681 0.171446272396424 0.209904186846325 2.0137023599054e-06 8.25073950719626e-05
0.0939424706207085 0.516401806113006 0.37026689388153 0.496731110692201 0.0711182247472518 0.496910103061049 0.0107812139520129 0.0625093758117382 0.742865091150588 0.186858276976321 0.0590392273838851 0.603132407722889 0.0788535145131078 0.161607666797902 0.329237215181741 0.190902806457292 0.295897442778924 0.183347050399881 0.297053643857221 0.985849867964861
0.430614901990782 0.706407497627485 0.289081530153507 0.697933710194229 0.800739035141306 0.238876612905093 0.336973104718288 0.988871493761952 0.74542070314733 0.93788306396963 0.979089320337849 0.731538437978493 0.803124357236581 0.231341913683216 0.876769363234626 0.667641518392407 0.688954554845227 0.735308998845366 0.997709093025427 0.999957616617632
0.708596438186156 0.725808923521179 0.842227779439892 0.8901404371463 0.9857826894779 0.286511532185307 0.416649300943437 0.898068817532555 0.996748509650451 0.976588536975787 0.947376409323497 0.99942959953591 0.85695275684885 0.650344411962066 0.956432107073443 0.996549375127549 0.783086025201392 0.768551723437878 0.832184634725565 7.92853117356055e-06
0.0882800068911507 0.47465031527664 0.481507562607028 0.725456490420977 0.341525347066057 0.0370340178188576 0.0789835405400416 0.651738771745855 0.96701423929817 0.28592515387207 0.00571653144923231 0.898157143480659 0.104101277923605 0.0639355795304804 0.760919291679836 0.945876684415952 0.595923316599127 0.580743745104251 0.0257273201290013 0.999922450627202
0.0274689043214544 0.399265897699742 0.223509956589734 0.614302982855203 0.0016483427633335 0.150083730538123 0.0398488024145216 0.0066874000805577 0.0274619536080864 0.00832993110494161 0.00511813546591921 0.0966390861006294 0.033561929709441 0.0372236480390267 0.186079571331927 0.850679939710291 0.269734642066186 0.299137626146783 0.000167263361967029 0.0102700133903171
0.384697596114638 0.724556625944059 0.933375020294126 0.712965228046696 0.998844063042957 0.138816204655091 0.1779092711471 0.960224895332133 0.470455587463603 0.78575913846856 0.634262901730625 0.964938564838122 0.713890495316808 0.321106932701322 0.578006553519189 0.99958479425744 0.318054702158116 0.776682368858257 0.998140391031786 0.748852549963511
0.0416580777558646 0.473278858168051 0.148365689864425 0.356994885360256 0.100068574147326 0.173181554010091 0.0808689979864274 0.175123987403447 0.385162468944341 0.0296061121404906 0.00759311064537818 0.676355840202442 0.0234184774187911 0.0525395318621462 0.125003526996364 0.0158500188302181 0.202655464394687 0.549344801318506 4.50852285911211e-06 0.00664700178152228
0.308509455292602 0.617436878989239 0.576255121796332 0.623141741864121 0.289356968760989 0.480940875172973 0.12331475593762 0.442232099574526 0.0695803513944388 0.554280242313668 0.638984333459264 0.33811430615386 0.410701630679482 0.132792736472161 0.724275105522685 0.154782708208672 0.715700427084703 0.638995192608661 0.0346911096449256 0.999767169742772
0.0710379681354089 0.504029389889674 0.0815713993110481 0.598176363640234 0.0918779169016319 0.213646886767206 0.0358751445771414 0.0388041913545395 0.203577730639239 0.0419788498203628 0.0504882284992554 0.108662607273572 0.0618745380417987 0.06964279954415 0.230377050965535 0.762438752065296 0.315202464549999 0.345809676024008 0.114395440527652 7.55177009947277e-06
0.152183515685485 0.663396207734377 0.800023148614307 0.642585086412997 0.740540049031328 0.520111567336161 0.567144957427368 0.662792693598523 0.733568173582835 0.774353122589268 0.865329096378997 0.982515548850838 0.641910202107815 0.0869486278038617 0.51500075639781 0.998957447881784 0.558658050503121 0.502993412357794 0.847544241172581 0.837762058893011
0.396904833488694 0.607876180316236 0.525726866302149 0.862396593830139 0.703079268680282 0.578994938121604 0.0707653114260413 0.806388719436792 0.996854787596095 0.599167451256453 0.110242433227511 0.894071533938414 0.289760723839487 0.269155166538083 0.591720468973386 0.987733645875022 0.712270578796149 0.580612922970216 0.00150579461805001 0.294471722008349
0.24749925671916 0.571883876552946 0.495234114900201 0.516773288536805 0.932264405899895 0.180121297767479 0.1207759504899 0.269407635912531 0.140699573476312 0.561484625008074 0.212926159161634 0.494943243031575 0.24934571216882 0.109392799150122 0.898167247869328 0.248499617691364 0.420858567320074 0.387204733791846 0.0375301784183604 0.852055655114463
0.300664161801893 0.596710905487352 0.622148928355434 0.535003075927547 0.760626485234998 0.716977673872463 0.14797898114347 0.528915678395291 0.94856413678884 0.692441520762948 0.0688778211597096 0.987802162762012 0.352206227684571 0.0982484863619908 0.449094612331577 0.899514873413502 0.435552589360231 0.654092891615217 0.00222974278713539 0.0652674460041399
0.736265970673628 0.666392011573526 0.88299325122349 0.790204404058841 0.655640529922862 0.468055929916257 0.470146936181682 0.939900501215421 0.700642141838856 0.929800670443114 0.715783890331383 0.999331730441695 0.552630533459319 0.301591342855969 0.903419967316696 0.999795728261303 0.404572291673638 0.88632191509727 0.350793164708558 0.999997975264568
0.0857131923440662 0.53075990659076 0.183757178201017 0.582024153655912 0.418713031186846 0.328960205160306 0.151137039385128 0.239812896383479 0.975785563870741 0.182752322022772 0.254174619995144 0.683367135717809 0.195416974678276 0.0675058783907925 0.717143293696235 0.995982122061273 0.857508299261548 0.448807569540906 0.0569807953121193 0.248502608592438
0.289836695006087 0.493518121890019 0.853121972478143 0.875309944793788 0.629275683384477 0.133840667059881 0.055727037642996 0.319645149022749 0.357925598946489 0.69464368349975 0.134606953750781 0.974140524336468 0.42334934718754 0.138885564369321 0.632314411718915 0.885032687481821 0.348670141689161 0.593635667150534 0.0957727849487094 0.10732075175176
0.229540206172836 0.534269566039186 0.319705512552493 0.863519804900023 0.678284857411994 0.824451916272916 0.364618214084512 0.735465032320643 0.269186987731127 0.316034752290462 0.252489993429841 0.970690844069273 0.449920737574862 0.186537278939222 0.831861133851585 0.777624481957709 0.396716050427915 0.757487555021957 0.965981783691605 0.965330716663337
0.153600383711831 0.623398664362709 0.757770755746351 0.752288172249915 0.348404999161543 0.256763885014942 0.134705108246596 0.653772008205376 0.616433458913214 0.19045083195397 0.28351866778186 0.826989680534009 0.320389610132625 0.208614238699399 0.806552130287826 0.976480696043305 0.543158080527093 0.595280502713662 0.029269484323323 5.33553483798957e-05
0.254673381405906 0.50389364377674 0.889168900471223 0.596461444462455 0.65305722457864 0.528557613612045 0.0503995339045669 0.51654236120031 0.435368191686477 0.713126223575943 0.700438287505303 0.985468256592402 0.118865199551385 0.240892520504692 0.613469382445321 0.842363597299447 0.495641150835141 0.721494667250207 0.903412566924241 0.92708198860469
0.10088976601464 0.576733403272329 0.416996232328002 0.776924479492962 0.0919960699702338 0.2605527001465 0.0218231305762264 0.449715972338198 0.0112398874359217 0.0474572518127657 0.0315857449594293 0.945733120618918 0.108012035413683 0.0891409880925249 0.58720221733896 0.590921752221488 0.451379938318891 0.25671642129144 0.00646752499135793 0.269354670907088
0.471376913535068 0.675053728423827 0.747884146215235 0.901399586270391 0.948118194046677 0.148978462819656 0.850462551424777 0.960364152776725 0.774249378076629 0.971807658664597 0.96144468304922 0.997984779101655 0.819966851212223 0.592527504663149 0.846310773378262 0.482931779074796 0.875350998703987 0.883434412257843 0.133238167532412 0.0819097282777072
0.557256396616753 0.73322377139771 0.800917238481064 0.503171663265409 0.92982882997211 0.144383875988106 0.93437168962007 0.794102704501027 0.986322350177665 0.841669740223601 0.997293411950291 0.996279295993992 0.770366016309401 0.367206339232077 0.906859248284378 0.995485919293486 0.597941777273929 0.44900037914845 0.422754269360179 0.125829345455557
0.83656720900356 0.791651366842431 0.894940822859333 0.790860707533645 0.992192398699281 0.614728322180215 0.856218849797755 0.990572169486987 0.916102085446502 0.958368120494061 0.996732692059134 0.999840370361344 0.840235072753203 0.630889709334933 0.969374868730688 0.999255113637663 0.747191020102955 0.725289761000629 0.991554997339905 0.999999
0.0497811999579927 0.573577062275373 0.870257835274321 0.583082225869361 0.37129794090046 0.153084530551495 0.129034920520377 0.264890044289844 0.865878309014824 0.0317394380542376 0.763012301588934 0.855573624199461 0.131329577779719 0.128445296704012 0.56195747568452 0.997541044861578 0.574204890548096 0.523488780003228 0.00168319586424153 0.997393157024249
0.263094499959399 0.406819702746732 0.567832224800928 0.825221855455211 0.144824039501153 0.20097621013076 0.0889365792403512 0.433607197074139 0.943264548866837 0.27601998761878 0.0976872980014622 0.992768118510004 0.145948741963798 0.0881934648156557 0.699428664677125 0.37298437474224 0.342512465099937 0.296106084420931 3.78795184564983e-05 0.949551376353506
0.218892752201339 0.676380389154273 0.536079131014223 0.699131859081476 0.582608725643858 0.344531250507729 0.157997828189569 0.243617960615765 0.554297242631282 0.437697750169206 0.896592764749713 0.997898636798662 0.105394901547388 0.137313383395952 0.789124640841206 0.991807278753978 0.583498018421307 0.756702005711784 0.191825788831587 0.000171885552377018
0.314334080267791 0.407925562199111 0.199557752713663 0.631042022417356 0.525189493878136 0.245988105676339 0.0939449789747873 0.635339988922946 0.997611936088054 0.479310182219757 0.640526033624931 0.981209955662613 0.0709758215216909 0.140492155694094 0.320678851392354 0.740504824489495 0.711272556594005 0.429357903679605 0.000906826068783456 0.25034458537665
0.664909625190074 0.602027598929743 0.908111026630524 0.606769413615475 0.987931531270624 0.842924498806194 0.817556699440462 0.958156076222204 0.593671942889904 0.919804639630802 0.894555998271792 0.998051064261046 0.741027687743572 0.436793541280082 0.985428385039856 0.840179717443593 0.651888171465265 0.876494168132956 0.954293026462561 0.4998143386829
0.19177910546896 0.593742714119321 0.668272076583726 0.629321371328809 0.204982093246263 0.190749623948413 0.0186988374043126 0.636323919221546 0.568903568883352 0.126976465616032 0.409484191662275 0.897251942103399 0.0377322619672585 0.0218060241978871 0.429347883319721 0.948336877577242 0.255227144371625 0.392928087191807 0.0079476209915834 0.999949140587632
0.207870407856142 0.698593324187424 0.26499129209909 0.443482389401924 0.7641870331148 0.301239970875153 0.390266098808346 0.858471802400176 0.375432881335529 0.248756511357037 0.38997973032716 0.954972172807753 0.257193329355785 0.154980783974186 0.348309746881146 0.996882692086961 0.349897224709387 0.741561944031922 0.0509745282728927 0.966752408234139
0.194569267718995 0.673434274931091 0.345033999170325 0.83707068159129 0.868865602046533 0.471659709085711 0.0617010151456937 0.0617047610070414 0.0187749386551676 0.596550160757594 0.495400363054277 0.978026910742486 0.381200202855216 0.0702082449020016 0.374795867684664 0.70163374600092 0.337043819833679 0.71412427880654 0.850170785213567 0.00792170859504713
0.293426539385033 0.592300909589113 0.330738147877156 0.727728898676703 0.822500385203458 0.174615245469989 0.310481269567058 0.180846170673126 0.695164835454867 0.576673207267938 0.115552314016594 0.976015981604049 0.236937866838513 0.127439609888417 0.504610715161708 0.924967400134071 0.706412390193167 0.464150203439159 0.018056100212785 0.999941916572571
0.478572935630038 0.686300687291698 0.589551882028064 0.808281116153725 0.858118113986094 0.598587661403307 0.349325193977782 0.864390975383845 0.173670385656786 0.758192127916837 0.92412440082215 0.997386186525333 0.444910864853792 0.493931839883075 0.71779527521451 0.995967972671707 0.370034242056376 0.771652575993582 0.465166977063999 0.99991455195766
0.870016148187757 0.848481966398563 0.971497081536059 0.950119595136209 0.930472338817823 0.421223925645246 0.804756804725975 0.987887708432827 0.999474141711726 0.997909273774469 0.998768406084528 0.999881155578338 0.968651482583763 0.820297703099565 0.955924097659659 0.999999 0.834309628350062 0.879364725281213 0.99979445374228 0.99400291870201
0.745698575930883 0.803021467223195 0.940361134526176 0.891766943724207 0.983906129992044 0.636088502773782 0.684973271581255 0.998960812826569 0.853624903170533 0.990607330546623 0.988939944345091 0.99773561553014 0.769438371596566 0.648826755470802 0.952080405090851 0.992598768011794 0.579219062395001 0.813144991907922 0.842850917912792 0.604442881522557
0.562819451757578 0.778768150669972 0.853860836095456 0.556751366846602 0.974754627270757 0.779436047920649 0.454355170675581 0.968729025405313 0.487257168998103 0.930621794298026 0.968038979226487 0.994655015109852 0.740177321774676 0.271941570366597 0.885137196913057 0.999580677176238 0.231775915279121 0.8859346933124 0.818151616154935 0.99999223300587
0.384945701595645 0.626977460755491 0.538044740699597 0.885093857909518 0.987638390794023 0.0556582480651064 0.0497401824740185 0.891078805381286 0.995013732495256 0.882447440113612 0.678288455292467 0.99263649779254 0.509457573488403 0.269055771322704 0.693499517280629 0.999543387722558 0.572573210354256 0.782871067511732 0.101486559060859 0.317239138433698
0.421644199695222 0.7007954452828 0.387822397680879 0.545433905283135 0.778083839182226 0.154318889901097 0.312572690493832 0.13179135519982 0.873077043841208 0.71201625670481 0.883147628820557 0.987834948744126 0.296626120444119 0.236201031079229 0.937601641689572 0.774913243450994 0.505662637754492 0.371353216016456 0.000657874240307904 0.203555189205983
0.785100080854185 0.801344565304532 0.504139350410605 0.769195188210834 0.986428766194961 0.92579681918727 0.577367718423918 0.972610427283213 0.767423091801168 0.962921695708638 0.936980827269916 0.996387154133848 0.872662841344348 0.572950888340843 0.95701589715602 0.999908647766864 0.70340082472649 0.863530383595815 0.95718270269285 0.0287027881765694
0.183488267798895 0.58537081167446 0.30700340764171 0.626194148683249 0.492934686698415 0.246626644494561 0.130927398655902 0.858664734765536 0.207958664789436 0.530549366772486 0.157116960072317 0.866969838149076 0.220080102381575 0.0822005536677051 0.557482593986379 0.66675316301697 0.669653830011474 0.672007347647485 0.00929550422954149 0.00252531474773571
0.0917856643684677 0.544593697183216 0.557768360273673 0.344786098573441 0.559492975618487 0.782828331431864 0.206268402175403 0.52024525826753 0.0497071918774877 0.540315658179924 0.0579485163330491 0.785407221825425 0.249226201621606 0.0790853048739232 0.790554471492745 0.391271913511863 0.449033870885696 0.69649108881844 0.0304140705170411 0.814473851834759
0.187585927397235 0.487443038356231 0.505505746800463 0.67101079972114 0.848137333618724 0.58559532019847 0.032552903825708 0.312366309684503 0.98824110380926 0.392210752464607 0.600644451400296 0.810149532899353 0.200418655481883 0.110774711512908 0.835043412343748 0.992665089408209 0.514879126956178 0.503973491747598 0.0233070004303571 0.812911876207352
0.0421418665518803 0.477892148531274 0.456270770880854 0.503162169296434 0.163626617314634 0.0790440420356164 0.162926801153495 0.143087601321208 0.502075435424029 0.153067004461412 0.0173128462010278 0.0317626757683954 0.0460971520241823 0.07305320017669 0.434588796441995 0.997375879959614 0.303924292964136 0.211674262079622 0.00433494753637646 5.73679379649182e-05
0.164284652317928 0.480561667619429 0.640815464317369 0.718436190001562 0.473287646189597 0.123395757955742 0.114556950991698 0.402206499381239 0.32411623506938 0.869604439099549 0.287705365797571 0.935921790879973 0.268828083366056 0.129738094925964 0.796869978064116 0.898937595643405 0.5162818704903 0.589846817453835 0.977537050988839 0.987462996860618
0.209313193903407 0.609683332667187 0.899443514233523 0.484041115985918 0.919205412321681 0.841525616869576 0.24464869197744 0.94874286260989 0.751051022404312 0.728884093810653 0.615314528670733 0.99208692652168 0.495562709539756 0.157506892732559 0.604265711977342 0.99929770742684 0.442421878836401 0.59241319783438 0.206286213247842 0.022275118033186
0.493531937069272 0.699697479032421 0.835048025483577 0.791929023913637 0.984941953705612 0.317643271915232 0.643803274787806 0.896660220911443 0.738481023348406 0.938088488933024 0.686030055747686 0.951495396832924 0.528950948938888 0.457368863881015 0.8402850249513 0.645997496924051 0.28165655127992 0.565963927697375 0.990753360324148 0.00689585395410871
0.108725537406683 0.5924489563084 0.197090083361654 0.619628309494766 0.0605038799918069 0.463419259533096 0.0221485740600172 0.17190651824942 0.615491258521639 0.652064036564149 0.0237757601125245 0.834215840277308 0.208860693194199 0.14279538197216 0.705786980293272 0.192214586054309 0.736839092223252 0.488860535108657 0.00149238691824009 2.40022668455935e-05
0.540367068959437 0.700823172502841 0.70512480684294 0.830062973675982 0.970442621238283 0.770765476398222 0.519064859747476 0.876285178269024 0.95447133632628 0.880538673160161 0.958536009866061 0.948648510831576 0.407269064136027 0.545167242488172 0.53482951947786 0.999996920083552 0.367194731103843 0.888688150504379 0.0737906329690149 0.696298545797385
0.338014634024657 0.576250282150107 0.456482114281333 0.753448083575979 0.734588208187194 0.231324552077133 0.466566663389175 0.821527033899063 0.973479309002147 0.893580351009743 0.922515546134547 0.960519582261626 0.306918553622499 0.356577773239303 0.893589357314195 0.995781476968493 0.328805584610597 0.646114242922528 0.146999405392657 0.00279043662071589
0.382935722603423 0.597230174036057 0.902132019102281 0.362201690280638 0.903581469754372 0.288397587539964 0.0354039388259659 0.705902714358032 0.341731866904255 0.846942241663983 0.428766901641145 0.751613700200643 0.465339562585279 0.255248238642255 0.799053362461228 0.990863529452339 0.292027840033026 0.838395446401079 0.99291119581985 1e-06
0.293489494851087 0.64708994229651 0.747525370052524 0.746398891624818 0.96054796893182 0.648658656628208 0.0916311023995918 0.845633280269968 0.290469730044805 0.630325159213541 0.538384916494508 0.9397213316114 0.551687867379295 0.241626910536971 0.493142600541996 0.951838726771038 0.357638591310212 0.775630339648662 0.00896574345571236 0.389658993151816
0.408072246244626 0.668510299761103 0.411399806469454 0.642396151004758 0.749870897053023 0.743824773450507 0.490331508279861 0.620994190635727 0.493700353968906 0.802268587019254 0.77523171936993 0.992673057874496 0.688777073535019 0.167528320779147 0.749090779231108 0.828572615179087 0.67135724921265 0.708127915095133 0.971353707359376 0.00745699741055289
0.476662769180864 0.710660697697894 0.702313864178263 0.703168876781649 0.794490949698333 0.514732279696776 0.67561733638246 0.571986006045816 0.989237242274058 0.693521013050177 0.998508721913007 0.972108949206464 0.578434458678564 0.580408257475971 0.737703200141392 0.132124218858199 0.565927685556709 0.749193539381298 0.996369282581243 0.998266015241766
0.210243280482166 0.618199420852844 0.660155736888496 0.767984898364394 0.883732100261372 0.102672595042044 0.0267280287531036 0.319682172302133 0.178871380157738 0.125272562001576 0.451701238194074 0.0429806252332951 0.187958385033174 0.0773500198724063 0.609509845818759 0.965177404765304 0.853167172187827 0.513921281796752 0.972593627477157 0.00342457698979653
0.93131833285761 0.863619239489741 0.83677978259093 0.91690105675359 0.987906404833162 0.590076460401133 0.90852334535869 0.992896423268838 0.998203826517982 0.996743375992471 0.98771458521053 0.999955008278692 0.952512741100595 0.823651885167817 0.965471522803472 0.999998024431171 0.776287614060269 0.790584796561649 0.999663165248091 0.980561332992201
0.483243245823274 0.771571948079211 0.488356578870269 0.730298158978949 0.511192504475635 0.37682522408511 0.195049389761813 0.838764193650841 0.923521254075501 0.491303669396856 0.869263273615928 0.998477484647368 0.400467231339538 0.369517429376047 0.940432684808498 0.982300207169975 0.445563282858202 0.617989610261936 0.000285830199008674 0.0146466736063544
0.380639490527201 0.583944655311332 0.953019402598987 0.767223362095498 0.211212268896103 0.292373920128505 0.381531360293037 0.704017449672003 0.997481630072875 0.850321921574144 0.523022020458005 0.993714567914007 0.573825852226785 0.316744760819924 0.724933173146241 0.692915330870925 0.497070088461079 0.704090767772799 0.294102547291766 0.999998160713425
0.0774130463071183 0.603145009377025 0.671980737710377 0.754689575684062 0.361400291574224 0.225189316575016 0.0437625134544531 0.811649955425688 0.0383707341189591 0.523494701741953 0.908571133385209 0.767442340397588 0.157504504351032 0.172829877802312 0.287753147607261 0.945985798858168 0.336683852219943 0.530176639995592 0.745017630677559 0.926243474731541
0.0179975948853234 0.472762283955439 0.249112965346969 0.696242080780498 0.0699479279829197 0.216289131406867 0.308944462797972 0.0533726741710609 0.165965885231748 0.234060203303056 0.070292373027579 0.982284606718347 0.0107355068315944 0.0425026650086499 0.290127254428036 0.822630636034873 0.280400276199053 0.520883622197283 0.0181071849787416 0.93477721250443
0.494730530268801 0.687414833008934 0.851121821627686 0.837831297110059 0.986584248939829 0.216251660747102 0.140531626700394 0.745534749201975 0.833091577520605 0.911239576704045 0.894248393329996 0.996915597650701 0.473376491631139 0.315222463907056 0.952722475295393 0.999885204460187 0.490575165449115 0.731674073087969 0.65286507206511 0.999999
0.58706227465175 0.68321335554358 0.904256313519366 0.567022490640058 0.947424562013922 0.462666314838959 0.671895151640219 0.473913992160875 0.110195451011202 0.861062023370501 0.948094046950232 0.995579584449971 0.517634102546199 0.440251631032024 0.622701894717052 0.999937151605696 0.411871372319671 0.802832078567657 0.996122820582079 0.998040896525969
0.366529999353272 0.682106233997846 0.875555349183438 0.831448496346778 0.962586692769067 0.411656418719776 0.395655908694215 0.982917275403645 0.990701568753034 0.84773788101933 0.949259917082022 0.999188047591017 0.623789134386909 0.338395684241419 0.978606104895079 0.999192918771068 0.545985025597097 0.83104251058348 0.411811504346496 0.621333098147041
0.213278543138005 0.568822038566193 0.77572121223283 0.568060943564426 0.484867609270338 0.219587402149063 0.235564001387126 0.0655280797404026 0.647163889293581 0.388697384929632 0.130944191802697 0.997069038639754 0.153604816249156 0.283898281752461 0.626072855005958 0.996038964314142 0.439493791385218 0.349984343926794 0.0569871109973596 0.999960293432881
0.0676542892664961 0.468283675895311 0.639299254495378 0.492838583058019 0.0232439402282463 0.412669614618385 0.0250440609196643 0.488898701771902 0.613831235466517 0.334518526133843 0.0613070842679577 0.789867306996622 0.157728323338887 0.0640044721780305 0.549424616733084 0.489006456030613 0.462749218327943 0.406308718985402 0.149012556145241 0.00408068941192088
0.339187612473704 0.527557544943836 0.638841931976462 0.514675804495184 0.475919621615097 0.47397493014862 0.142093374429876 0.248033566536092 0.873901212978885 0.307077019846613 0.385156689101499 0.803428806567339 0.138868749592158 0.182275883936301 0.748847162153863 0.243210813334996 0.440026866501971 0.487562348993466 0.992866669883401 0.0141332067805073
0.186394674061637 0.667916469287159 0.665942844053353 0.525707351834307 0.720353248978461 0.570948527070083 0.512108734009895 0.508217454297696 0.277660099731353 0.358971339143241 0.213726048747725 0.93240491314774 0.504774600717907 0.146412599556214 0.692280293190487 0.443167732281317 0.392844428340891 0.651602625968712 0.998308551507261 0.97649672168333
0.585974400634679 0.672376024973053 0.665120525183961 0.869299111456139 0.998785972473565 0.467085629379034 0.0695150207350973 0.997990979287398 0.968835528846412 0.966826206432921 0.944110002561888 0.998445640888256 0.877535177740567 0.65044676308816 0.948871865698131 0.994588409127368 0.640181246068286 0.847718788208617 0.121956447474343 0.999876355386116
0.145446260789464 0.671373627623492 0.874163894347789 0.649203041818543 0.624143010904722 0.458011428966464 0.437677752608974 0.912303600421625 0.646513387587143 0.626622612161524 0.312171769402517 0.583373271404647 0.499100787396676 0.152484998246814 0.656043413462393 0.713890058135986 0.592606537810618 0.584145665140413 0.00349643482102154 0.0219644368352225
0.0567719715735511 0.434412101415596 0.55994714942692 0.45432426910536 0.1562959745514 0.155642996856951 0.0510915327004301 0.330446112974944 0.0793642042000769 0.271329139115726 0.00991752886841801 0.709859569538121 0.0280344281941252 0.0388116233660486 0.497550409922002 0.180303231573856 0.568327707682339 0.106225652878979 0.0279560078716962 0.000544118172284183
0.125767029714961 0.600926555459085 0.188227089713261 0.643816386581063 0.2573708774597 0.21047196567741 0.022763340926639 0.86449549946887 0.894490410743598 0.230838859238797 0.0884819829396013 0.739831178191149 0.0822425535193681 0.0787202196733171 0.626401086673114 0.954167655168955 0.336658939195463 0.405227272597368 0.200712252674271 0.00229271401096866
0.0193115963534209 0.471046359836106 0.256730462488462 0.658683535923953 0.467537797144572 0.150947997387115 0.0364223519612901 0.135560545803483 0.470622402853698 0.0322974268430948 0.0418973967924744 0.959618602441875 0.0411802740042339 0.0349829370557771 0.31876218889412 0.103775778608293 0.160170091087572 0.511037823314051 0.000171014099563498 0.304217316181417
0.146619605757524 0.599058093876405 0.350464244119602 0.681687709820117 0.701589374385468 0.474521593913727 0.0653913561071312 0.874508039688441 0.982774088076012 0.349741764290651 0.718414409999683 0.962466793282735 0.456794327913984 0.0819469455206356 0.564670613815561 0.970433698962385 0.666488645712402 0.644178232346141 0.0899011452716125 0.0100494420912654
0.527336789973095 0.733877519558079 0.864212829375042 0.614627591159416 0.99420210675566 0.875695345865352 0.419906990095268 0.997651243289517 0.970196833571162 0.932246564859776 0.955356851631906 0.999167343731454 0.747662485731871 0.468956804300418 0.842338939736467 0.957133358664708 0.801394613668077 0.697700123990017 0.997609937998627 0.999991416427483
0.253281460814992 0.598494732989183 0.925244184570661 0.582642404551347 0.818890056133512 0.583443654144186 0.536386787341967 0.810281687157539 0.879914765359509 0.671929691696449 0.905186477168545 0.997838981218779 0.452186547147645 0.137739797163508 0.761235688627957 0.792971788266567 0.718672511802895 0.849590481262045 0.332791048751269 0.999992651469094
0.146356569481702 0.610085726235995 0.225654277303747 0.614997349583561 0.544249011591928 0.314332338872582 0.188048668468667 0.892246206221573 0.24400239439593 0.260668788431182 0.49814002618915 0.992329214677974 0.320933449263343 0.103251892371687 0.897543916162337 0.771881080662739 0.468631985605749 0.650062880581101 0.0618894609009246 0.088358434157987
0.0221462935172017 0.530443356486988 0.0343476676384723 0.396340807158466 0.0945305947890202 0.467449556409139 0.00890846668187795 0.176131141912186 0.00736578899027538 0.0137324488739355 0.0137505464693602 0.683669548854596 0.034070004725472 0.0342447494727561 0.516926313354676 0.0571047820561899 0.584811109071722 0.291971635941085 0.19524523798033 0.911242875323395
0.217840186083604 0.531444820378392 0.500746900126341 0.718865446411057 0.435866648797772 0.447763836557834 0.351227482795981 0.382549221143477 0.644465071036049 0.731309522540653 0.481108898708733 0.990755233335044 0.3326741594831 0.111883910415186 0.384466896723582 0.98687903902904 0.391069978174803 0.302189789689625 0.544259467696885 0.999984975280962
0.164884050183541 0.566117533148121 0.548820844567987 0.755296437691192 0.155670955334198 0.337538188356757 0.404838573588497 0.664122062396052 0.16544838616565 0.706894454713075 0.773722978745 0.973767511048182 0.389454838981552 0.173738308100939 0.584842333516725 0.994127948560441 0.849437565492688 0.652163142396223 0.0271694013181347 0.242348402049603
0.464061799752232 0.693577788585753 0.206571783871509 0.62636580411471 0.905749476724433 0.391505785430991 0.150696513364837 0.6540403304463 0.999774190274263 0.600907979234281 0.965705721084578 0.993139857609942 0.365525489621351 0.255454180065842 0.780320879829209 0.997006897243414 0.592859654275643 0.367898708396263 0.572588289025288 0.999807172353549
0.0146942143515447 0.497658920379055 0.0178039080265954 0.343007507371169 0.0158088185460191 0.307373948980043 0.0165287743679741 0.0294491057793417 0.0019834182312181 0.0351392357084785 0.0540208686402522 0.87857575203764 0.0268246171120165 0.0252317519393931 0.11164774819676 0.163031152360849 0.111208280117499 0.256110093134342 0.105727557651549 6.07210965986622e-05
0.124189972271909 0.484854951131971 0.0706552655778417 0.550844312634224 0.108550412407189 0.214388967173958 0.00770636724333585 0.0138523730250764 0.706428152851919 0.0627743133237162 0.0759455508713533 0.962415370426489 0.0333564213030163 0.0427441295089645 0.62617764478627 0.685098028449551 0.270852021636622 0.589520114881044 0.00200906253766702 0.0589268516310471
0.0414310292421549 0.60119529607983 0.24498050642721 0.355332957103948 0.183192008243567 0.135210270682345 0.0243541162062455 0.0248500137669859 0.118199607711341 0.0668815462074011 0.0445192726384782 0.171262727332362 0.137510352349096 0.0564303745786148 0.241021620627367 0.958264578956339 0.51575900692229 0.214574498100444 0.00774953982219901 0.0881374394776333
0.235261943230113 0.558337842235792 0.209121948749366 0.611905491001725 0.94236689915688 0.891135923133781 0.22045707371153 0.634094311283698 0.674288972313512 0.300057086837894 0.664936996018516 0.873003390600629 0.356116660662098 0.212878399987514 0.891454949439686 0.902051328542486 0.325014195412287 0.591864738826672 0.180919523764227 0.997665912431864
0.524924199675189 0.733874491550981 0.808985240499883 0.524656543306683 0.788462533342976 0.861600963164459 0.154491588223107 0.932494149508698 0.418744390868873 0.596506583645886 0.62139060900635 0.991959480334246 0.459376399259173 0.183600666830727 0.935734769151549 0.996587102686899 0.514350064897922 0.320514895096806 0.175620647428928 0.963971835103162
0.482614024149807 0.725608986226997 0.844244136779838 0.804939090269159 0.997129717585414 0.705457625996421 0.601956814229817 0.991489359524663 0.699970259927293 0.891524673279871 0.99436050259066 0.987209470395627 0.731820312641759 0.437836058821666 0.850352380384305 0.999983121392308 0.834524821636119 0.734268634622483 0.864643206649913 0.709276511980635
0.569188525623741 0.717350213991221 0.751634049867689 0.76995459912278 0.957041904707731 0.0961305881551671 0.14879065879148 0.892265163814974 0.945753874206276 0.890175626814524 0.928369515718777 0.721857951643644 0.775597394870744 0.30849638273072 0.321091246315394 0.99339072124818 0.610105091717815 0.860267492742422 0.0184848010393392 0.99377526151716
0.468790287959186 0.648032505905196 0.24483947050108 0.704863089063017 0.924961248431608 0.502076322298194 0.135248834194662 0.840377957191293 0.815477226214388 0.431798620128651 0.134249396031215 0.917312302666331 0.212473527548992 0.184148687142016 0.828282262769362 0.863285807465016 0.40397827792313 0.594450523877727 0.896882068212141 0.995986795610379
0.12914185552144 0.645141289781469 0.482594162174975 0.782386118082903 0.727564975492687 0.918791092438813 0.111960015440353 0.615829545623932 0.951064024230409 0.424703018725086 0.529525569879268 0.913891257068738 0.202491637360354 0.104148988304123 0.77745954137844 0.965313186639577 0.547678711405548 0.780637606481259 0.136517155871227 0.0298441696842436
0.0983786612355194 0.621596390380895 0.356635612575988 0.61254412093745 0.0634948021040175 0.290095310946413 0.170073221241338 0.56382146427113 0.448584975675837 0.41468188428518 0.0539106731890256 0.823960404087804 0.188651137604446 0.0907061859495724 0.330387554591708 0.920933795612872 0.274777615463075 0.643356951820838 0.184754559139628 0.973249933283638
0.224333339351858 0.734915944839896 0.892014038281391 0.64606252163915 0.974639688413393 0.152475913405128 0.0536408596709985 0.593478015870413 0.99458040171603 0.702616063273884 0.982937770426734 0.984797254492214 0.63327716790871 0.155829571094151 0.952997981031655 0.993582576902917 0.300762499577066 0.540025320272841 0.288458827359054 0.00432013202979194
0.352059050384618 0.736143461306047 0.912222486133513 0.619422460311794 0.933033086726217 0.560597922886347 0.0984536710249764 0.730294525436436 0.46035726527716 0.782726216542871 0.64983590032934 0.979927673618423 0.376080997451526 0.246054852254496 0.791613067467835 0.954887436122395 0.544579101768773 0.704405503990073 0.226681884476222 0.664624129814661
0.482111698173523 0.527532921035125 0.19974990727994 0.766002364475131 0.954932709998835 0.230537573437519 0.364578033663486 0.763446636297561 0.8867218157312 0.406437472209662 0.90521806075173 0.959530471324645 0.27109559749873 0.130900303771104 0.73287857198217 0.991557080537122 0.55384920986165 0.706442427360442 0.98933842394638 0.996637638590188
0.0121220149422827 0.440126406950982 0.0642008070280968 0.451933338294875 0.230561970212125 0.287750329887487 0.0435218469007557 0.0196396539779553 0.0418527957797327 0.0647338564001645 0.132675986511427 0.158037204689418 0.0825104749774275 0.0416104452985764 0.331301939971925 0.647969630746553 0.498445494041895 0.253717266192735 0.850755874769659 2.45471222095845e-05
0.016713404301899 0.299754302401595 0.472078949937435 0.454959639336472 0.343800253393954 0.400959222671487 0.00570480829644385 0.127328878926681 0.398911491732056 0.0181716569657604 0.00867833476991657 0.248132319677196 0.0315488063835706 0.0195950961689601 0.394829513688682 0.00129393503539632 0.37842923462551 0.112298871222908 0.000589619188492665 0.719056597117591
0.791408827114003 0.804020313873553 0.961424580638871 0.770902177737159 0.989967416821909 0.709882297608636 0.601610891321094 0.998059313474703 0.994778018609295 0.96233339486405 0.969576018167985 0.999933237680967 0.903702263529736 0.457204576630481 0.965656412236156 0.998810131122071 0.634391722046877 0.665191464440491 0.442189981336312 0.958958252515295
0.264904707660753 0.689762056007632 0.794037302317952 0.71395017835651 0.60118932841711 0.706766714197119 0.254477906090124 0.939546899039346 0.191493399190376 0.789403347168681 0.877688710771221 0.968674546569787 0.321082653290086 0.294003164690989 0.814510658713445 0.881150229092112 0.675678123096377 0.847837259035185 0.351500332890255 0.999969327906785
0.4497848834 0.690707894660506 0.761503035703731 0.782987640048254 0.997179789840445 0.480776716382735 0.581678054372516 0.873125924228492 0.681640151780225 0.629038348475312 0.412643543976566 0.995643056396588 0.584753754766283 0.119449308318078 0.816049066983961 0.901575217253736 0.887948948704122 0.555016754684335 0.000413634449170793 0.711604964274376
0.521723279976908 0.688892006865152 0.844296080258958 0.556239576649816 0.826020599480393 0.393510592137933 0.0971912967007675 0.958957268054676 0.885090896424503 0.930844695975631 0.78118789043185 0.992403853167864 0.2484436308582 0.145613852541038 0.880317982437467 0.989950448132137 0.476212436647531 0.848706991131212 0.00702061268556346 0.999998607885026
0.190983871002473 0.602221170500398 0.330886306019087 0.574681473724966 0.966691217913589 0.310141679324282 0.102143346898259 0.836699309501238 0.792402740143915 0.170986205312231 0.760053554848932 0.645309040641647 0.137656730753096 0.132820581466397 0.443032568005695 0.995833361430277 0.536639938118347 0.460615377188209 0.05524694948062 0.999455541782695
0.569373289245964 0.558225916674145 0.593121155960439 0.68599543758552 0.95087444300277 0.458066599135065 0.291298605922689 0.982364428765345 0.278877374137053 0.566957415165885 0.907308670829284 0.897608553704017 0.403818344294566 0.335964673195922 0.936737580654796 0.989746649884569 0.566757039359692 0.55099870118242 0.969885361208289 0.157662707685795
0.0438597848505614 0.610477602486626 0.157034735554277 0.489657743143263 0.307925947626902 0.541033035459617 0.115877017406074 0.149234084305998 0.454871623604076 0.347447202252213 0.418065259946643 0.937517313793662 0.040174438637861 0.0768492173404974 0.618256697441293 0.491238647450841 0.702558402650114 0.254010689689227 0.00047506340453791 0.0292547824177588
0.0454186817277153 0.546031132503277 0.0776606704466119 0.54180664383576 0.210297010019352 0.169727230537759 0.0157339604993257 0.120657730003772 0.0951440295181307 0.0217080411531199 0.0179546889342767 0.947192265798727 0.0720616572428873 0.0258878199205578 0.200171916940312 0.754557307225821 0.619467822700314 0.395486924153363 0.914233973157645 0.0177600244626193
0.376760977334577 0.662611036947036 0.802436279662032 0.750302775594728 0.881170949065466 0.750170098545103 0.226741107710402 0.97310797865793 0.963961517309249 0.875681493028866 0.841691274444633 0.999428290127587 0.610742365252442 0.379047046830186 0.987073929443242 0.987681290819738 0.645192401905506 0.806583504588172 0.628000543411204 0.999999
0.246392286532826 0.672869440234043 0.586479601975564 0.485651053222723 0.894942521944799 0.284961371979257 0.17553461865907 0.479058878872613 0.87402393879279 0.691119999428517 0.920282659276975 0.95525425007136 0.270931997901671 0.102584257247941 0.675538884515122 0.945146301809768 0.515846458182611 0.552852141665499 0.0122660718502705 0.999352688620574
0.0371063922762577 0.450091525691718 0.599897697716231 0.651844919979848 0.0336808328721545 0.510828300635073 0.053565567043455 0.0345077663508929 0.00735177361034393 0.0114121688157197 0.0615336152499396 0.639855683460931 0.0422636923699369 0.0183622593771803 0.229647342385928 0.123963720043526 0.351481310552892 0.298436044828467 0.00150994340966012 2.60193499306059e-05
0.228328303276205 0.63697564798476 0.766054593257385 0.582744568120867 0.981322531136848 0.161767404498637 0.151668299590631 0.901559405894348 0.579298382660277 0.295778060711191 0.518309437029096 0.993087596178914 0.604642025971349 0.165871163219914 0.617828386456472 0.618217609868952 0.544539247300552 0.821148570963262 0.00753191674237718 0.950677394932481
0.191792569840732 0.573990835001902 0.0382312399153214 0.557063529251327 0.183195328293465 0.382115947398569 0.150450029537816 0.389125018472454 0.364116281311722 0.345903551736685 0.314635920493085 0.934812484129248 0.307663720554531 0.103761505014184 0.564540985673017 0.993919665314388 0.525088305845276 0.653757703303177 0.923348996940658 0.750190324326064
0.450682941864948 0.689809723638577 0.449692275286616 0.881084707343349 0.614510957403411 0.682240005916963 0.146198662796526 0.506013283720868 0.877288864490861 0.507259613391348 0.885643626666276 0.842290515726157 0.422431232339504 0.287507419411994 0.852415456614727 0.999070985873156 0.67349278370591 0.602286557949224 0.458050638652474 0.000528263821739468
0.0539306120762966 0.379021517838404 0.284649087261632 0.707862603150761 0.194722785755962 0.124655822263074 0.0094741071152955 0.139134824219185 0.394438836092741 0.0703347458037045 0.0295853561801838 0.978162765394492 0.0447924577741389 0.0723993065797148 0.163340866036669 0.920393085462279 0.40952572035318 0.429435043801195 0.96955384364993 0.00146537288073172
0.0482589273348041 0.483794768840488 0.66099565363204 0.314579720110479 0.418344102003302 0.419165618503487 0.0472511043170765 0.00772670075474226 0.676776654104454 0.293657890813725 0.0589209636126583 0.859761260951933 0.0620089183450125 0.0434007333712039 0.182348295825685 0.0132536094140984 0.152058039207078 0.279533952819046 0.00029210570595159 0.708075190366058
0.62562095362445 0.578976658188116 0.628372434920846 0.453486439590177 0.925728806409093 0.751691085893812 0.257285216623375 0.82305460235214 0.995927216980476 0.857859395248768 0.719530555867865 0.981766980451238 0.526204893973676 0.436628592142594 0.927589906182789 0.99879930802986 0.527169729122996 0.836078806812341 0.0154660529842275 0.171568428651804
0.778932562169275 0.71205365668198 0.810724466753391 0.535796780088578 0.98518962323277 0.272011407864769 0.347705854665793 0.985068517457436 0.993272794641915 0.974514849274674 0.984558935952714 0.99955152136477 0.787537916502741 0.421390324960784 0.688741196950303 0.999454254978284 0.761245060148586 0.487514141266388 0.000906902168022579 0.964594073344679
0.205951987607533 0.614389762137278 0.87170896536151 0.652694060030791 0.966920448901141 0.427071617148124 0.31194325647132 0.832694856569193 0.420045919351058 0.384957391500262 0.861455151117758 0.958264499487685 0.597491077197554 0.139449763620294 0.906915821303861 0.921923231523147 0.502565934607686 0.567578405733776 0.998841790882828 0.000543995987487657
0.204925838925573 0.642860389689824 0.5672095300621 0.649759848736166 0.909803521620375 0.232914419068942 0.0207734283355331 0.142592185206291 0.856273152918664 0.347908324559479 0.219588785228685 0.118220771716377 0.108677733009328 0.112419862753148 0.831807421881551 0.94930685406964 0.489326249962134 0.361008434678172 0.136890020549858 0.000194212365438358
0.054111047607344 0.407993790516409 0.396166610359876 0.672860599772436 0.0964923598685968 0.232045443821978 0.0253350438313123 0.334153592251845 0.805258617271053 0.0452641058200442 0.00421454346852865 0.613721626999851 0.0287273746016585 0.0863275003847764 0.204902979443663 0.395489650468869 0.406275118498412 0.616879666177011 0.0137486132161254 0.0302151090102425
0.266368775114547 0.536808571562133 0.567911317474739 0.690990234251006 0.0529064519783326 0.33221884623362 0.135687270299689 0.611639175696551 0.376842255957494 0.765965133677478 0.692715854160444 0.996585911795416 0.293483550854134 0.161282024379074 0.454358613989592 0.929020487817753 0.555752109418539 0.513028842996912 0.994164448289757 0.064170333230984
0.0361664406684667 0.600332858023296 0.40377466687497 0.826475909571304 0.644195283445009 0.273054687907084 0.0990059090310162 0.218855739581646 0.0346562157624635 0.0613751993510357 0.308322203238164 0.801531133135012 0.145980847030409 0.0988181908475947 0.34687457223107 0.105404706275919 0.218996205755374 0.323405149951207 0.910053570734626 0.996657391360256
0.340707204231324 0.603915004812438 0.754263632915172 0.782613230199122 0.814408021640596 0.258442883641227 0.493099932070793 0.900231936800656 0.845431035439714 0.393890649924997 0.786440343639671 0.979414550074312 0.322255840471477 0.167241119209278 0.888798046049187 0.974642494300146 0.711969048596897 0.541015119149871 0.0300000052878391 7.64257924809668e-06
0.0204044942554325 0.395932120586114 0.189036050898098 0.605068662039376 0.0717353042549164 0.285303465303822 0.0517926302949392 0.0249717591702664 0.088537856870889 0.0163049312065674 0.0562244361690302 0.0740032573503497 0.051827300736963 0.0358070302725077 0.644832349737592 0.994159140862613 0.336226157941953 0.135143007047349 0.000688458354663369 0.00366681880049914
0.546878725275169 0.657910941530133 0.755402638140512 0.668171813828364 0.475488559880961 0.74791477621429 0.550987976100364 0.948826029246604 0.845262726215162 0.866321440610069 0.963875277326907 0.851762196702648 0.449940890274576 0.622693380076477 0.731155960771817 0.997159674692027 0.300151182362543 0.539006133983199 0.00285405080635439 0.999999
0.336212370174859 0.678218472548026 0.759817545351876 0.750939463448387 0.496667409862331 0.248049893371341 0.0643742434556697 0.660844460166369 0.86103761322853 0.701824198800366 0.358748321556836 0.986207092602794 0.284399641416159 0.0935123998673351 0.811607879273979 0.982871292658344 0.511053826816739 0.699532996767754 0.868338139465174 0.999999
0.169015904256542 0.683645651606856 0.472554265592621 0.561185053057363 0.419078995349999 0.449926309408592 0.176024950649801 0.184133718424986 0.895642845224345 0.512856257323961 0.743708350367334 0.998328149797943 0.217212135598339 0.139715590724992 0.63528309675345 0.161044712018637 0.367770135304027 0.72210208563231 0.454416902487795 0.99873890541594
0.187969691029266 0.656361955506191 0.716082185181376 0.610484009082448 0.780119575222519 0.446236663294424 0.167132402313608 0.77546289340469 0.826030771337081 0.744383470402991 0.683677297854479 0.711195775364192 0.253799932722285 0.124007871941349 0.665770026333357 0.519799254596466 0.481015585027786 0.537126838010717 0.00112611518878402 0.999996046081463
0.283867056852006 0.748934787443604 0.923579689922847 0.564099562780965 0.848989129873832 0.380480037200295 0.158977905096794 0.333052009779185 0.85349229810267 0.80295257095611 0.41473592778397 0.994907766690815 0.256657371213204 0.148988937827277 0.778651836740898 0.944128512805447 0.447349005120701 0.595211143553397 0.153475071656673 0.999946950756773
