0.265181294590294 0.509092516960873 0.418666816732585 0.844075507781117 0.822426593226838 0.103369218547031 0.145343846492469 0.352474448201244 0.174960397508435 0.0831826651882792 0.171457137457401 0.983975450395555 0.151266967631923 0.121976922072709 0.592258242032417 0.743605830440161 0.599426502336647 0.406218423873961 0.0124123548104371 0.999999
0.260213977461075 0.692613603512352 0.263658286322787 0.460267631303692 0.108400779471172 0.870974120017592 0.1198713711857 0.412302870835186 0.930193404202814 0.543038622900153 0.866734887717081 0.859980795386425 0.254586145082787 0.141365134010702 0.88694206167138 0.993652329385296 0.507008423031169 0.57884435089612 0.164849996518436 0.025515432680268
0.763610092624364 0.871705982792988 0.954887327296935 0.792179826502974 0.998418968944388 0.381298750481474 0.882805489790747 0.994008490799605 0.998307903002668 0.995211125330644 0.995494830930579 0.976239565276386 0.93022438270885 0.633525306680862 0.973291129543835 0.998273107202945 0.659431519235576 0.870625747784678 0.999968591424942 0.997585119511519
0.233514269543106 0.672145639453727 0.841797478363736 0.697343527394301 0.995447324753802 0.456514041756094 0.0482349284910777 0.862345414607282 0.964721894364723 0.577329589697134 0.311050959466089 0.983073200135664 0.357687292800345 0.1062306730121 0.486843853443226 0.134387329965044 0.550862575883439 0.711718107689317 0.36104889255956 0.377359368525508
0.159187798584354 0.517977632731752 0.422014433227075 0.789051072421506 0.153456369527419 0.504127371955741 0.152084971524293 0.508211120565985 0.0106100784071056 0.379143603594896 0.522715142217632 0.710950640982425 0.187532634074333 0.105241735638094 0.902020486176823 0.637996775685767 0.776244884890213 0.424967296922953 0.107582086107683 0.999991332361909
0.133602368842132 0.439954718381586 0.281913572135106 0.605108179817495 0.271842746319597 0.841446158753748 0.00483349101229087 0.076073213133974 0.588048627269227 0.287246474737617 0.122889455000598 0.917789959518987 0.041477519271037 0.04060561293723 0.373817566137117 0.627801652189094 0.332524215882763 0.581752190190455 0.240809493855991 0.842102054464906
0.468973320457463 0.824258591632206 0.55879715058087 0.558507037023582 0.991592456192271 0.853780046522286 0.310304565410478 0.503928870801362 0.263025259993452 0.629870985912095 0.885634146892868 0.990445106283323 0.405467305055027 0.252475358466706 0.771851218141895 0.97918919305088 0.684558553597262 0.606369452610737 0.874258406389978 0.999966773969085
0.255295620695025 0.602464360023018 0.527805893513937 0.587900959038607 0.8631688230842 0.214107396870743 0.27306669876087 0.525572830538201 0.3603818024325 0.502426343122056 0.531085271988143 0.944674677588156 0.343153622908274 0.128115793485587 0.60003627721178 0.709853622282862 0.55057252084969 0.583646173018957 0.00973175255617146 0.998716951179997
0.0783172704486898 0.590741887069524 0.374841341088711 0.274215168075932 0.0325906590027565 0.669587250048123 0.0501956640837887 0.0263636495679158 0.0635138799921838 0.056336437372203 0.0562035298799923 0.974147993930315 0.205927792039141 0.0467139713672629 0.540796752448738 0.0307324258806699 0.596197487704642 0.20729226566846 1.69450967293704e-06 0.998111228090734
0.108096055218605 0.53881457542114 0.478058669820962 0.593116716949191 0.782100609767612 0.406213263594811 0.0956717376968234 0.439473591684189 0.906172882334176 0.538434092235937 0.097083322474778 0.847192779685363 0.125897439358226 0.0837412546556243 0.677114899820899 0.561737426791341 0.414372737354965 0.425851202100144 0.0171062489105864 0.975110165902287
0.548994704533672 0.671081718811923 0.718024896304866 0.820493136075002 0.98710221715734 0.513048019355901 0.307108716184238 0.933359922222293 0.991495755063288 0.953304862702519 0.916421282817305 0.997301883549431 0.681911260171002 0.466710219400859 0.899562851330261 0.97916839510098 0.58235552098893 0.616878664082031 0.654453706994249 0.403233046177171
0.0921145279889644 0.535476930233859 0.140842778188395 0.665890429082368 0.430622837663682 0.608496565083834 0.017707930892252 0.0565756198889925 0.018925082055879 0.233085756749416 0.386776297691665 0.775155835780668 0.148324439100747 0.0987822021126752 0.445334422414156 0.78727329154855 0.344955594051675 0.506060551242828 1.16254197277246e-05 0.863558062368768
0.474621012979199 0.73882786714699 0.788506834462133 0.908338569487899 0.963446034154398 0.775668943043436 0.117226942079117 0.983015407530366 0.804546713049806 0.862520354892869 0.957515462399185 0.995136386629183 0.849293456561675 0.667963022326898 0.947150678884775 0.980018663540391 0.531787090550586 0.638817839929936 0.9993350167946 0.000849173998889966
0.138051542065992 0.61462332529266 0.514825281003664 0.445461707910093 0.940834109629118 0.467676058844159 0.0734170966586458 0.869759290079889 0.607812343528958 0.502729341576874 0.457313526666962 0.559140921109241 0.145233911813053 0.184543148320633 0.704229703032607 0.91739931491481 0.306594725265455 0.537340301620575 0.000834495657939651 0.0328994978586104
0.19732951511483 0.506371200799737 0.653469952295658 0.79781080158355 0.678227908849634 0.297350285089485 0.128800398643453 0.309306034671224 0.762562399871124 0.128777569807446 0.0677184914760216 0.904714343033909 0.226763450883859 0.159327929390692 0.667453491851745 0.828017029609603 0.501317373428872 0.490135497877288 0.001368064212761 0.998904323355586
0.29427707661219 0.629131876148437 0.874091018351789 0.711152658727564 0.57076115276869 0.844732345085834 0.132969100554466 0.125353277013028 0.0420778863791266 0.848312978761952 0.204835140726052 0.939085399396843 0.408056719584434 0.139936964331625 0.76403645316727 0.812703441544571 0.668903025989607 0.645322294594184 4.91916858664678e-05 0.558415632902371
0.0541983920894041 0.541398907446199 0.191628374477453 0.574358488309545 0.697414171812044 0.107488209468771 0.0381198545158017 0.138097760354532 0.0153735039690716 0.0419015816818828 0.101075091670014 0.589924787726794 0.0445335370192836 0.0641329805108672 0.330605490098739 0.7617560501494 0.599010520612209 0.567442169014067 0.000624204006529654 0.602849842840498
0.067101112575993 0.518365279637414 0.572824588872918 0.649533594566682 0.0344444516502334 0.510209376476889 0.191982074000933 0.93956871326657 0.393612831090543 0.030758703358255 0.138895356838336 0.919873124191074 0.286712569897582 0.0879632344875281 0.269982670036708 0.609844103528814 0.50074193842275 0.578209604062362 0.462080757483891 0.997461268296486
0.19182715630082 0.507721009518118 0.242458900082204 0.624133032957695 0.871735596132086 0.056372763459767 0.328069976670645 0.32859611871069 0.531247821351273 0.369727648122023 0.492596456493381 0.938797002910224 0.176536891253665 0.136794410775906 0.446018914450637 0.33047414583627 0.456840874472461 0.559031363650676 0.435372216804564 0.902241121993091
0.0471323321425778 0.353172481939466 0.146563255895404 0.452069899614915 0.0335758060346081 0.196065835744316 0.00598574085411925 0.0161128424523676 0.292654352590713 0.0133904852869824 0.00282551921640128 0.0776273192159628 0.0406707761841051 0.0235384921478875 0.0678946523891469 0.929792487806523 0.28423816579738 0.101278564838442 5.59412505558216e-05 0.998493296745385
0.215104719628646 0.632045604650099 0.791538148610868 0.730805186450703 0.541165090376553 0.266962473193464 0.0783198242001195 0.406449601041943 0.804551380325768 0.44557503293589 0.6251020970138 0.985505004064521 0.206862777131221 0.226595373917695 0.619101221761856 0.318616180001695 0.545723731387407 0.68201737126677 0.0526892530332729 0.000502116661704271
0.652151285797316 0.763726692478069 0.3909695486294 0.726752792974888 0.822195073314867 0.371046127976299 0.476976804998982 0.990513513661721 0.950035834870598 0.913630238666469 0.937228443741204 0.996343154676715 0.48671553865879 0.48527550201546 0.899799478620782 0.999825180264249 0.47695281194298 0.570934412806328 0.997898459537186 0.984733174275599
0.114242394848983 0.370219131484365 0.411913846559711 0.484325746468222 0.644947245707995 0.438193900599916 0.133862559076441 0.0751758251119345 0.759261610287859 0.0302150560267483 0.0381285403972458 0.979643740893725 0.0488789208227696 0.0721527734276019 0.230363666917965 0.90537144330039 0.354986626070658 0.302473447941784 0.00491625982700058 0.999938293810022
0.0206917293103179 0.412761234661739 0.138712681881075 0.651145350063744 0.022226869533498 0.236376134650583 0.0356776642633914 0.00369170289102355 0.00259629706894076 0.0710762936766634 0.0040922003241707 0.0274432758396164 0.0249256469367293 0.0167374238362506 0.164919025428337 0.633396012384391 0.301800085528491 0.195918431653389 0.0105520222081054 0.00517545616870065
0.0271295832082132 0.432671128082756 0.253375127617532 0.45235392769599 0.00336778286750769 0.549357481800303 0.0169848772443687 0.0228192918083605 0.117039291568768 0.0105936019163799 0.0456371332652789 0.238771312229546 0.0208393908665233 0.0187793122839593 0.583447966005306 0.0795913103699038 0.201991539194253 0.144340165723066 0.000186952907950875 0.26691093014981
0.0427906203453441 0.590450569995542 0.127549408562539 0.656693233300876 0.0982619114109297 0.257428165979256 0.022452100528381 0.191320524771746 0.118584807493229 0.0416499651262441 0.117973429099119 0.560656119950796 0.0610462291813191 0.0269499212791027 0.523790040924143 0.348153630636975 0.214115386248848 0.171307240355097 0.00911622382136076 6.46416341408367e-06
0.359518831520652 0.654187102490661 0.838223148253274 0.59935728223503 0.984704026632458 0.301568174816724 0.56153948498047 0.954234198976917 0.896690645758838 0.820405933514875 0.968631656898196 0.993877579180865 0.655491537308669 0.171067073197921 0.563899921107508 0.994033224145217 0.681604188881621 0.696438264127784 0.0294167304060862 0.998130542044725
0.0149678856778522 0.341470515974758 0.390344795520617 0.600773213785482 0.00378598493896585 0.441792470984701 0.00587631682854685 0.0100670221981621 0.0253648527421636 0.0432303784573981 0.012412391650549 0.00357632045749217 0.0458442747144585 0.022287544473318 0.465917389356531 0.800212701573446 0.367831631480135 0.510212647246683 0.0678185501984622 0.0882844191218522
0.0163173057811497 0.428676454465513 0.4665061064765 0.708355319858873 0.0141823307351145 0.104275799886869 0.00947479761963986 0.113928320375464 0.251762839498421 0.00467988871692153 0.0199950156045841 0.0365092011108862 0.0336383042010403 0.0183505171294881 0.139740816016118 0.00976740184583822 0.102456830181812 0.167036750325092 6.76687146093415e-05 1e-06
0.170521622356828 0.512658015100134 0.173554170893696 0.469520871548602 0.62028704876495 0.201240547323453 0.310236393722091 0.482215173300115 0.0586038835115261 0.128033361469072 0.515513737986831 0.440521536274242 0.410090201110895 0.120401465269162 0.687931925245441 0.997273023442103 0.426779721053219 0.582104190145803 0.00121254369532452 0.999992813843886
0.158961080280122 0.540496964029266 0.454497632847553 0.349777610962262 0.591637296260919 0.456727833725086 0.186368284822445 0.220991395273125 0.753302060220905 0.700467500097949 0.125578620375431 0.949516012075063 0.098004878818977 0.151060294102879 0.616511877613763 0.999945183064711 0.553292403118928 0.715173479413043 0.944290463123005 0.997740377338027
0.199878769830543 0.725012639098991 0.119077893110867 0.656021694311101 0.883146015937478 0.42351772591877 0.229720981735258 0.797403311413737 0.47539891405348 0.460472812775014 0.260325744314781 0.942013014854007 0.0847359011836064 0.223607650407818 0.815890164363057 0.994948577635508 0.341322749837521 0.453742529273722 0.262727559531501 0.987667085882368
0.0332752490727185 0.354439744641577 0.110939209759058 0.474107482103953 0.22802094740489 0.140696282694844 0.0402289648466355 0.196725822581347 0.0160716973465089 0.0199624761093414 0.0494350352674206 0.019349474700791 0.0331439337329329 0.0177907909406436 0.367886765633078 0.917302458269684 0.288448522039127 0.475688150692866 2.82486675793839e-05 0.0017023536775178
0.061941370206693 0.466691810110546 0.0374496894704309 0.646009804632193 0.0834919921589557 0.374083040706262 0.193986336781163 0.0330086973104805 0.0353130563313812 0.0480728908421061 0.13829435365359 0.862075686155914 0.0982234298510555 0.0831274838415902 0.106358350358922 0.0325116377231979 0.679332214882327 0.481001957060083 0.0451184688490975 0.978096579549785
0.773495278337511 0.759741023160517 0.602349374052156 0.774584237991743 0.990644428682721 0.746451177563546 0.824074337156391 0.972347423524571 0.996894664921292 0.92187399734138 0.997050658576408 0.970129408343142 0.829668014796221 0.628481171195964 0.875952669130884 0.999257724942652 0.620264387370678 0.687377024951348 0.908322305385161 0.999492973334848
0.115725700111987 0.368224130578575 0.640671307899601 0.285207088312894 0.046716759964988 0.659129195654284 0.0458408032885983 0.180854979109787 0.0551767839075407 0.0217400875405773 0.0839920512399146 0.520709552100707 0.0643198281946418 0.0744462762960656 0.486204554041081 0.964253890659583 0.51596168899984 0.577468567948174 0.0695154264373883 0.00567673270934084
0.0781801104585254 0.404377512674626 0.506844497914574 0.588071754249588 0.194929314903112 0.271899394009827 0.348304187253388 0.820081021507614 0.0676683756168296 0.101456057566131 0.0937084949855293 0.507025970816629 0.0809229775059173 0.0716071018367378 0.293165845765243 0.268979789118787 0.269783124562644 0.534186267256055 0.000237174402004532 0.00385205096647101
0.184908557414485 0.672401782805349 0.677046190259877 0.587548814943885 0.927086555560434 0.824126178478158 0.158029888840812 0.785880715407212 0.530020249888916 0.833195369942965 0.796407906963721 0.989886898051579 0.223397108381523 0.357953218455843 0.713404398766294 0.983130215826672 0.68301098463413 0.688078510143415 0.575859806046956 0.973797410191813
0.040732928033606 0.455206712767482 0.177582051109601 0.594471304822161 0.0391594786724841 0.845558245058307 0.0856316372007523 0.355960834207508 0.890957514400093 0.257943717190618 0.137014861695915 0.0939029095777442 0.0470266581637467 0.0743371860054732 0.568363317518472 0.775725907276596 0.457047318142992 0.539182921429545 0.0604130009478053 0.000428321060986705
0.0586674126735309 0.552005264886794 0.606226993308091 0.797773012823518 0.330809637524692 0.210285185131491 0.0859972646225484 0.332318019063632 0.0736621093690137 0.209512933521105 0.123923854752183 0.878443509676653 0.117246395824416 0.0968965156962052 0.546565666989645 0.249731883721686 0.620533433786455 0.525174673441437 0.161516564031374 1e-06
0.137951179799883 0.481770780346831 0.842099636980547 0.625502210588504 0.6382162680775 0.507533873596072 0.156257052087552 0.863503092624437 0.027335540416116 0.310128621265744 0.163190203237791 0.787483612630858 0.102853767012658 0.146375082285617 0.665544148152693 0.545837931731378 0.507414461613846 0.562028540674726 0.0230555469805632 0.999983546583281
0.171034256905641 0.589210798089486 0.417547976619138 0.805867976626071 0.581853252910566 0.501091234888908 0.0679086802352604 0.506477024515323 0.957027438837316 0.74880673843265 0.29601070402336 0.981337268417656 0.364507938686284 0.193354804443417 0.857395550839823 0.972245874611521 0.614884882619531 0.517044128378959 0.000118402682248841 0.971865053094454
0.586630029534959 0.58254657106414 0.598772037844781 0.701020387546143 0.883886238804424 0.44933905187766 0.265387773227904 0.96472513903085 0.928299563852991 0.831616766238774 0.781206652998648 0.967811440907119 0.423681038348231 0.324162300924105 0.971395166660967 0.977565794268581 0.512321131678393 0.659878107663626 0.888180465968749 0.820884765800775
0.276885183048432 0.598674554518409 0.376055027957793 0.70188635706895 0.297704339557438 0.612702351308078 0.0828647220362052 0.39729606414654 0.956002692472226 0.298661543668829 0.689014108286513 0.91322398080955 0.249612332130646 0.197525117097638 0.389911038891314 0.0372792219309966 0.452292787796684 0.524516428002689 2.48208007735317e-05 0.110141698004247
0.0990156866119148 0.512143642335837 0.683967129387072 0.391218218810651 0.170180089346443 0.360282776071154 0.0410855862552035 0.309056130516179 0.927747748212974 0.336810663043882 0.439257681853908 0.957744472229596 0.139890785334136 0.140667405544922 0.518117254919381 0.98990215998038 0.652654985631722 0.585055110535656 0.692910678180854 0.000197960508742067
0.169725369570166 0.615177736469968 0.421299984098339 0.561123580188627 0.822811668307938 0.697470932264419 0.214453073370035 0.801283323251434 0.963112044208802 0.329153316969972 0.479884578200087 0.963817576679856 0.181365160604425 0.0879661695770296 0.928898198436009 0.592449357960293 0.453735134887885 0.274788219418163 1.04812660742015e-05 0.540706990976926
0.064796206400846 0.531817082508385 0.525629732528581 0.64925613400864 0.0905382655617589 0.528275537489554 0.100411481919405 0.0940684552956112 0.279670951219662 0.0870044640334266 0.0249984193286439 0.961051593813251 0.162020752627704 0.0255215577926538 0.243142725754615 0.0341890870955333 0.479112465847332 0.494206797533577 9.88128392469171e-05 0.00230424063646013
0.474017365644605 0.550266547289662 0.920362415336574 0.747776726894463 0.911185772594337 0.269014942647313 0.146334335843097 0.979553951639408 0.716242668740114 0.41893925707725 0.537519673960329 0.996435289568874 0.568631780777284 0.325479160347638 0.872581247923484 0.851511751487832 0.742078946601866 0.380234875608585 0.997466964707761 0.0502769390372742
0.0606595281321943 0.542077266681304 0.842163285623924 0.392670434255308 0.209727884071222 0.440045793622196 0.056300725349594 0.00687823172520491 0.926393840139319 0.190225356106424 0.535213971626642 0.934706536598224 0.190748670072979 0.0795275146632314 0.207452464065217 0.989999899665416 0.626869561498504 0.498654195176106 0.0453441279238981 0.845310093333139
0.573715858161494 0.795519776611014 0.985351973559095 0.735772793544888 0.952756834865993 0.306598165444697 0.225094935878948 0.454344912458177 0.978969646387044 0.93461192943538 0.871012810024536 0.757003158772289 0.631842349582236 0.344444521249269 0.914538402866416 0.939077808738228 0.580796929201317 0.744853872615574 0.764974042055275 7.34870716649718e-05
0.295882402951464 0.6493269943608 0.417083549161841 0.664287881663197 0.906186152722207 0.832099757046712 0.122860597468985 0.864903403672006 0.205508271681396 0.79573492197127 0.148862314957889 0.697960614631988 0.167546946577113 0.161487095675279 0.703654862611134 0.991897471658399 0.466171060543313 0.437190845027551 0.619267284584802 0.98272763918304
0.238477495867454 0.569560471192153 0.681123926578933 0.600170163452788 0.141955472068041 0.812059691847085 0.17676907226734 0.843926639227915 0.940357311824516 0.616114162328501 0.76126898347395 0.527376696266162 0.160722945297832 0.130955512813589 0.70196036461242 0.466522150452775 0.413333683172486 0.32554794397245 0.985293562420284 0.992096979902004
0.366631213043366 0.700936503381232 0.730637654728126 0.748299013065392 0.833913284948969 0.711851211616707 0.329543501576094 0.129695220593411 0.79956124219757 0.660840119608241 0.815741071505812 0.979233599208127 0.310707232013695 0.215912150994873 0.761584771620728 0.999975904630119 0.336727126234402 0.801161200740524 0.710481484554732 0.996955859035144
0.0432765434087764 0.6515258482519 0.156960460945541 0.720229137794099 0.670722155650581 0.42793417807567 0.019684641149909 0.660242830327985 0.907729018899719 0.135015806607544 0.0247879406594511 0.928417379915409 0.182575949553881 0.0819243876230099 0.686104487026431 0.839737947959325 0.569242617754566 0.504047432200416 0.974972563664592 0.642432276426186
0.131850796792452 0.506567725703231 0.701415972821484 0.52847776336139 0.363344231655151 0.402737318367222 0.0302750959506773 0.233357230060577 0.101968184299689 0.163041258047147 0.39856269713009 0.972089996755101 0.128922884696136 0.121723347300979 0.205192020510089 0.934671441520216 0.53511722733777 0.519822629014733 0.529550884757133 9.2037264137874e-06
0.0372741511263121 0.572995297462884 0.279970673952898 0.624831702445223 0.0544653328994513 0.33567510841331 0.00873988280423551 0.0133559550370208 0.0120967592704138 0.0202172661034082 0.0433001909114728 0.463180884045648 0.0340654644405708 0.0622352932564033 0.215624143889762 0.975972611447093 0.686744560433453 0.242959265114889 0.00762711490864111 0.00120735404126659
0.0244464433289565 0.541787101974614 0.128933345570414 0.282763865677346 0.00448228445048976 0.242486859325331 0.0356261590925931 0.0194756788289261 0.142346711832421 0.0417044770294462 0.0370578368903454 0.838452040982337 0.0440982819356378 0.0259304445249322 0.197407845630935 0.0093238408169577 0.258861392197222 0.24292680136533 0.00475758122150506 0.354025787305051
0.102805114785549 0.531962639555302 0.414623117203202 0.611516913962451 0.736503329821506 0.77622072486501 0.0499286602783184 0.344020527291818 0.753947260432632 0.285920363830219 0.444492235586136 0.594235712451765 0.0800367795836112 0.0839175166230097 0.822211816588098 0.98985424246874 0.469286068890214 0.67638566062027 0.388571437670793 0.00456369116726912
0.143311026129636 0.507815073997957 0.454979438026922 0.744399230764807 0.263692631923587 0.486929450397506 0.0635585543232037 0.882892238537569 0.512862025513713 0.292096849723509 0.240926950665479 0.943513484401174 0.152765235784947 0.117249218163214 0.235940156686183 0.0834298042662889 0.405966875969924 0.255743124317053 0.00109890286217523 0.957199369855791
0.657010255462514 0.722707565858458 0.969564501230623 0.699189055027963 0.865372799550167 0.654937733136302 0.318151087336354 0.925357622102829 0.99614279535618 0.872683896442328 0.992184629792644 0.97434184493109 0.799759043457209 0.492490857601364 0.980702236300444 0.999546604319304 0.522858518295784 0.867239612654119 0.972271723043657 0.736309818702094
0.0596897799738464 0.410573233736707 0.38845320743327 0.692125726084957 0.15895213784145 0.214100262533109 0.0123590674012722 0.0369784555008183 0.930174062076815 0.0714580367994698 0.00645740011447904 0.150480157523836 0.059770452713555 0.0600779977466617 0.489098939319704 0.300773819891998 0.482347129025067 0.210993183858765 0.00241587855424056 0.022683655812832
0.345635508620967 0.554202060082486 0.429201679053007 0.432916544613555 0.804101380658354 0.22428840313944 0.0509241796794377 0.865188445502844 0.794786281701776 0.613391657916108 0.332880804182326 0.998543423218765 0.254081069938729 0.128173570281796 0.684077530458601 0.911615945019312 0.607426427019777 0.557382247659533 0.577640662402233 0.999907114995456
0.0635561756992526 0.479839172189879 0.226794059458153 0.549815065419578 0.58340435284352 0.740169511195837 0.0171683007361581 0.551081937325686 0.88960980932635 0.150085457148195 0.0547231152718488 0.273228119063687 0.0851413325797461 0.0613588028027842 0.200792713872152 0.501372253690952 0.410120771770579 0.277450667009834 0.0321025841551668 0.999937681347176
0.0723853273726198 0.568935925433771 0.0766674420071203 0.556878810312089 0.0517759172752599 0.186299810994616 0.208911726760241 0.221742177488261 0.219365650538415 0.190736983743026 0.17567736390415 0.984086812213212 0.0654375433615402 0.096692957655374 0.285777655399166 0.878166126879053 0.494130641641837 0.479449741832257 0.00613094531726053 0.341122113141292
0.0598062934097079 0.413749413939756 0.646465945636831 0.530540985624173 0.157034603130147 0.486150123165572 0.0149316440177127 0.0150052503557852 0.00425826010247305 0.0032121982880462 0.0503471799714398 0.688907789129273 0.0222986648356034 0.0206414157729675 0.17665384816036 0.256424577851858 0.345714963816968 0.214550782576262 0.0128582869203935 0.00021348954812958
0.486466722287562 0.566638840215784 0.829777187685656 0.210515238030882 0.956108905255545 0.264739220025258 0.140635520961447 0.965090767564119 0.671865708297079 0.931003416588004 0.262783242735607 0.997929515848055 0.402464882060424 0.356199200953777 0.841930486359123 0.984310383001753 0.510868237192004 0.694866489394134 0.0464534994075915 0.0020814386549011
0.0156762525203804 0.308338448510645 0.290332179874136 0.488283784232445 0.00805808664971475 0.0235743807760794 0.0223956394044702 0.0123894174132498 0.0151012084028325 0.0104234891374115 0.00357866272778885 0.206767221994054 0.0191532745067325 0.0139480797163829 0.42919406328951 0.000476382733943615 0.224690382597142 0.138846671671973 0.02407632412267 1.77192350694205e-05
0.431367659683159 0.644215514042018 0.911339487272963 0.579963340369979 0.921877952374614 0.797924324212245 0.44045638199764 0.873060525685249 0.770880806543778 0.90747766222216 0.568366156136192 0.983608149962828 0.29180071874049 0.346021243047146 0.451192268348473 0.973324854530769 0.37160169896491 0.699797517958751 0.0011626747135393 0.028938214632476
0.0243656743064616 0.482920210701684 0.482675959298786 0.403054825920408 0.536432775285014 0.16505292068939 0.0505693615972334 0.0519289050671951 0.398308933349854 0.0207686826795217 0.201944166840087 0.137723899748268 0.0299895146258063 0.0449975323463097 0.156760277856853 0.0415614344761488 0.529253722090161 0.465032680927574 0.0187120227472281 1e-06
0.0659071574928069 0.429156376655299 0.52174092095359 0.569970226519483 0.140367542814514 0.160484739437111 0.112224281748519 0.0445976862679165 0.00730129165521086 0.0425140351517118 0.0350034209391439 0.635472659420706 0.0522637695065441 0.021569967642653 0.242675505429924 0.57242699449 0.483065292595611 0.43698069117824 0.00847571535195797 0.0476825413309577
0.371700829405673 0.746655345457345 0.340318017255149 0.633472980845676 0.596312603012683 0.280245720369091 0.11251744173705 0.986685200785593 0.783476860804727 0.918249604817778 0.875313461277798 0.998459377475383 0.30852927098537 0.0895402440110689 0.90699888568103 0.993078767150119 0.392638554159461 0.855637963749512 0.816454980469541 0.0146296702912459
0.376957030015134 0.777569386028895 0.956035228808207 0.676233818593281 0.870853625214404 0.847568448875114 0.130973299568195 0.97638905833779 0.697429853093749 0.831886793053416 0.34611494476629 0.999712574821413 0.677080598239301 0.183212096574494 0.80187511128727 0.994200848924134 0.735197331806682 0.75976883554918 0.993303408890534 0.999396433229327
0.917590496416433 0.782419738281011 0.903844385835665 0.656477526900651 0.999940686838036 0.730109047290738 0.646779519282427 0.989143110579354 0.996083952100868 0.99334552005071 0.996853700614233 0.999763574336465 0.939651068770713 0.613234313073795 0.984715457454012 0.999878884926555 0.917071922796407 0.877642624741742 0.933469165160324 0.913023849173855
0.0697630980369555 0.491530277916614 0.475480833647061 0.629359732108967 0.66870898387172 0.402389398705735 0.119500520476996 0.241489255845961 0.224772235313297 0.190935567318608 0.801533831049098 0.978440962598343 0.335786365786339 0.091534071532782 0.531355308597403 0.997379353746036 0.583708315825646 0.359745000993776 0.0024442749063234 0.998150984766676
0.0183467393140908 0.468926553040063 0.619388086848976 0.396326250544359 0.435199888560456 0.191008742798648 0.0963496763964647 0.00276250863086748 0.00504548707629402 0.0287188995181105 0.216218640133188 0.842923263613637 0.0323509198608812 0.0615582412027264 0.180145899441242 0.942502824986918 0.327422434292136 0.241127789337802 0.882952132179389 0.000771108415395352
0.249737947164817 0.670127129503905 0.949465772814872 0.67936785711608 0.965013135758349 0.771551222036562 0.523495146105259 0.981350900479104 0.970396022583834 0.780231570657096 0.820518234050978 0.849471269722746 0.619484620558415 0.206060113618976 0.808766347633688 0.999077396751814 0.756733703379818 0.862241247811699 0.144905724069691 1e-06
0.0878706477610438 0.506170494319342 0.429908984362745 0.66036669109591 0.702407635503619 0.350359934447667 0.204095052591175 0.699327765632646 0.0403093783716073 0.204157949318901 0.0405459000532648 0.861638956402547 0.239669174484164 0.0363127045089636 0.445963790326756 0.88197598185687 0.529458691535178 0.340600398410576 0.129051493257161 0.227911422406821
0.271585374380237 0.549751636752861 0.350552581123071 0.579314768914989 0.795321570254463 0.320770762454139 0.123893893430837 0.164221795906199 0.188830403190275 0.635784981862024 0.302026280648116 0.890262410508589 0.242437062161714 0.105809472175907 0.619776388659146 0.0731799338378934 0.531141942465161 0.732728992470982 0.100424226835701 0.00356710872192644
0.0506083855806618 0.517795271287464 0.129079793110341 0.41781749960417 0.170105249129777 0.379020675086152 0.133079836150937 0.0537616449925398 0.656588515027554 0.0755482554526334 0.0509473061966516 0.580304806503234 0.0499459062351596 0.0347041043767324 0.54778730790697 0.867673777013368 0.293955677547567 0.501004066606783 0.00517787181165512 0.00063301653404144
0.146829173701792 0.52300530665854 0.0337920333593093 0.717597302743045 0.137099922275843 0.913145127790412 0.0412316003201615 0.676727323886074 0.935262233194946 0.512236621774747 0.123114204166609 0.65511547305058 0.311320793088014 0.100564237793295 0.79043593876621 0.778971367499754 0.794765619991721 0.354150689696088 0.00706019787206933 0.00461213921581365
0.706110706322896 0.702267527302217 0.966188699254267 0.545510639100151 0.918319554746565 0.194215198348546 0.522870447917641 0.990063773072734 0.83022195895786 0.956204504360547 0.972857244336799 0.999846193614603 0.535270554646027 0.272333206394861 0.643175021361631 0.998503317493853 0.88005985487134 0.828249427375694 0.00210758090649821 0.950202063735053
0.485585261087734 0.758351794919785 0.785004802159944 0.640190754283258 0.919287831815907 0.150384617253913 0.122943903785099 0.852122350162084 0.996141243427741 0.881633894201067 0.898493370357417 0.998922481376635 0.492459994444807 0.297843186950755 0.912541013750886 0.453178547943885 0.575496341823301 0.669913084293828 0.997430535788921 0.929676590682266
0.32816347012759 0.561409470667726 0.290332918079711 0.63310503395006 0.971543744430837 0.608081980078459 0.316450105752463 0.915685803256484 0.468074811536355 0.59778130914073 0.786594874349847 0.877240476524305 0.258122806923263 0.17275804187319 0.919445965256369 0.942995848081945 0.474658019604958 0.579922881625659 1.11408759710021e-05 0.999705170837947
0.113512188433581 0.584322580243222 0.589215855395893 0.265444581836338 0.96490072331822 0.517954956091975 0.0416243777652514 0.0425610078057974 0.945776307525226 0.822921733341276 0.368852875530735 0.841210907113394 0.181548183098956 0.112942295389365 0.505741946313641 0.182046036202118 0.414499268367225 0.379621491953343 0.0582225963278106 0.0441305664494883
0.222274052668236 0.626348697453809 0.355210029295743 0.843310003275242 0.711032639606856 0.474335301358531 0.161864390258313 0.278506554015636 0.541217539214058 0.118486497217067 0.528676913357149 0.381600800183919 0.281938952981615 0.124440527831554 0.54771930148107 0.968680866510785 0.574630511455019 0.623047907013713 0.175077996442921 0.0207504467427001
0.247330172182099 0.487015856602044 0.336376332181491 0.396267651528939 0.158575965777457 0.412070542641564 0.0465607044915334 0.241706398511927 0.0456687027233476 0.0309165351340515 0.0476160036386785 0.998022595263443 0.161647867358972 0.0434352454564127 0.616814505357728 0.0975603863382418 0.339096704472685 0.220300587499658 0.00391039854246255 1.8065702447489e-05
0.178194630654175 0.549349550338139 0.305401768947258 0.588116501982682 0.361874480029057 0.687765883108162 0.0659438027673482 0.529321765277278 0.856512479256471 0.132768802863879 0.0394699857623833 0.873608415717627 0.38464025711111 0.0934975994777166 0.181070017805203 0.141531146071979 0.302809848840562 0.415327565258461 0.0718870221841513 1.16672544001924e-05
0.861729800905419 0.868882050886321 0.952546183893217 0.873097219418659 0.999036003381434 0.392407123950241 0.737803303993942 0.999314144945657 0.998952348338987 0.994139279938617 0.997358648293009 0.997840192916934 0.915680356494975 0.765677697489495 0.957160567107286 0.996758285832564 0.628403284224427 0.895776447617939 0.643902058217527 0.999991558115799
0.185982676589357 0.696573043960946 0.954321550373837 0.52871968711296 0.794604348701037 0.029181901580506 0.21556048815188 0.91030737558167 0.953075726598173 0.35569631300836 0.76839900469502 0.941460085673756 0.474000667258626 0.21859493747446 0.543887747289219 0.99707374450669 0.618180290207238 0.715633376928645 0.322403244123189 1.67643760815112e-06
0.34720162007151 0.690485857552353 0.27618001006207 0.455311565212554 0.599252659170551 0.808603615157211 0.0671651709017762 0.735763963816283 0.0329352026447699 0.848215109308229 0.946599323728162 0.946482191787309 0.524159310269233 0.282263287843407 0.790963528581056 0.951242917254274 0.545538961347766 0.375757497912558 0.216137186777585 0.999999
0.160782819759281 0.565167155252108 0.713538855815595 0.759771016793926 0.569416992052449 0.406058726310139 0.0553055806159981 0.558608395452913 0.9213479102069 0.20010144591475 0.452105351179094 0.961770904405757 0.171116745030022 0.139818533405081 0.65329105923818 0.0586305010704422 0.618302596293997 0.672805680794096 0.994870683200071 0.00830799306115871
0.642165426408896 0.787829920770885 0.758869184178977 0.627176681167941 0.976697194682533 0.576940443282798 0.174453636904279 0.993937452520329 0.991795323833221 0.766473104826683 0.95857491631128 0.997437623482235 0.613492625315255 0.374705210213286 0.979835192550196 0.999887724485701 0.52465637462597 0.478919152754835 0.647802215041545 0.998756760057041
0.0228595253324077 0.381235276962732 0.0505637509297465 0.614446037759345 0.0319019011372305 0.0906044704378051 0.0547006269021926 0.0659014692118476 0.0801681199525759 0.037690281268444 0.0527885185961366 0.885735032799334 0.0568101885733118 0.011925023303461 0.233191726343368 0.592958280857297 0.455573845221293 0.319776264900514 0.00268433679856365 0.000462774446343126
0.219071380199926 0.600218470046958 0.797675005654092 0.546096511547984 0.861892454427293 0.240095202666022 0.051802379898034 0.574356082365397 0.164893422699009 0.447037609145249 0.882091397055606 0.88332353453083 0.34907597899656 0.189856098930817 0.37285764318002 0.99459268963507 0.554954502234345 0.724305094935901 0.000492249515073159 0.992613228335006
0.377293720718385 0.649149302810603 0.667711648192514 0.676092392388986 0.520357993412174 0.425311346229022 0.350179573994596 0.663815828125703 0.624392663114537 0.430325956007943 0.942443056421421 0.998244880405507 0.359105650772101 0.419855542765118 0.794126267544777 0.995095101074207 0.666066272400367 0.621996641436581 0.0273195180907793 0.603581675515022
0.201088884912224 0.625458541458943 0.704172096887917 0.690324756938428 0.235729192922373 0.410381695519254 0.289270142709734 0.903256039502565 0.87132357069762 0.299535839961132 0.348953237584601 0.983431490076161 0.196172575769424 0.136985581804768 0.74069391768073 0.260684156338927 0.726340558572353 0.459820591393834 0.990320768077036 1e-06
0.139601940882379 0.578610066821258 0.391266508901431 0.560200570865412 0.187465363890881 0.423397500711534 0.0469898896670609 0.702602024139095 0.0393685915687604 0.380776936183523 0.269655160149646 0.689105843448787 0.185738334798039 0.129264182520242 0.548997745969573 0.821256809368319 0.588538952193944 0.562334784984969 0.08863766196868 0.999324903387324
0.180927879141995 0.485576213542086 0.440416639038942 0.470431037560824 0.564433958410145 0.656613143550069 0.0925289454481348 0.333471289737921 0.950029351341292 0.275450327768335 0.221715108723851 0.971633735605975 0.194024267509306 0.0959489215589275 0.195841427945704 0.887885400765911 0.728449070683135 0.442438188075205 0.506096690934547 0.302738704483941
0.402664053498743 0.736462466755915 0.244211849388764 0.430230067168911 0.922599689806519 0.225943780538398 0.0607041425253112 0.945136246882781 0.924947952972416 0.795300928959722 0.82284641430293 0.994577348896387 0.522779452212088 0.404265627969701 0.733166451530348 0.890894660143837 0.342620138672872 0.671255138806599 0.29631343062667 0.997787996598007
0.0385985458092329 0.404537674328164 0.242600086612152 0.814817054807314 0.830447876275063 0.833549141406012 0.0213425614580893 0.0965797077128637 0.495230414052917 0.0340960870951877 0.286620396727958 0.669812622027821 0.0164880316402872 0.0247612553890173 0.135145264396939 0.00349499374072495 0.480741693315826 0.347060300751112 0.000368138806855324 0.00289374607741005
0.428731362887743 0.776400853479845 0.844659842793722 0.826334556541404 0.782045659540138 0.275065114425856 0.398593636399775 0.869400837918341 0.983244235101494 0.934554993780914 0.891896093441915 0.991695588845392 0.663476573359927 0.26681242224218 0.912394356101152 0.99267329446521 0.867363438073692 0.516043952153536 0.933111952072632 0.999999
0.463842813819074 0.782730869844744 0.726147554945833 0.62125463126351 0.88569181707715 0.73733004535755 0.880171714665675 0.703669817586335 0.943929675521232 0.96502280280557 0.981301867614465 0.999177656563495 0.479771111850991 0.196115727602679 0.878782774532185 0.99120214120867 0.574406778948872 0.631843451731841 0.0153593763915954 0.999999
0.0305479430318532 0.456823363134945 0.819910730962613 0.61825504073902 0.0753516098558593 0.293846350475367 0.0320179984139629 0.447683594525314 0.833617189151028 0.133363278801381 0.199018254761794 0.907632309440521 0.202386025147568 0.0429202678422807 0.233862357210037 0.852172979543412 0.431796759200543 0.488665401885854 0.00552707428821607 0.975050026491314
0.178592445936822 0.539974237417307 0.81167526504601 0.79264798723964 0.809508395299981 0.13863413165912 0.0578061979023174 0.149881558624424 0.00772093206980889 0.136072065421769 0.163992339435325 0.713429527147407 0.0602403750395657 0.0431362826310534 0.750567181532786 0.950401845713172 0.150208341825068 0.507715189033055 0.0210551717518074 0.999991163191866
0.141918425455506 0.667240914784994 0.569475766949218 0.596543340219233 0.954194535103194 0.520286970442896 0.131360252363162 0.44257868243136 0.958764800120957 0.405813349992217 0.139451142703919 0.533874540495218 0.368740230624455 0.195770337092111 0.63243296988516 0.990390294601748 0.537150232472662 0.752862078447903 0.0374231947926685 0.998054816504231
0.570596912484193 0.749441281006542 0.421090603805531 0.772333464141902 0.949214188801584 0.305540112642329 0.198437695830965 0.979923664277401 0.299444935453277 0.800941049899326 0.977267384141481 0.999847393148897 0.573724300029586 0.46126265138789 0.82478833244328 0.993533947826469 0.545904162158216 0.72865073880254 0.112472189982551 0.748620392098774
0.312756505519549 0.618999691174533 0.726124210420455 0.546421332487803 0.631122549263613 0.691737887800091 0.0846936088539386 0.20908124883225 0.217178698779885 0.359994035395233 0.29290355323444 0.902634065461913 0.125525400555488 0.171547098355167 0.667256761326309 0.850365166840256 0.576977960229941 0.617517548663607 0.0494485840650746 0.988980369796233
0.441262927912326 0.703723630736533 0.898064151021081 0.461778522944616 0.923350787249542 0.793653347646805 0.337404202877722 0.46520545035122 0.821927577953663 0.703609549025867 0.656604549968238 0.987036588099231 0.512586997129325 0.314892502121668 0.738674321059415 0.998123085862396 0.297886656515418 0.560619686255231 0.429350937023267 0.999911625989123
0.0853612331086081 0.552857832347078 0.248614711277461 0.541520764259554 0.439427553974641 0.157410558627964 0.121110411235727 0.580352522660512 0.213571424227182 0.483838733386492 0.286237674299807 0.868432936716831 0.0470959700395834 0.0596430332213963 0.574364265605655 0.338115024470768 0.36355391285969 0.421941474210635 0.418972806836399 0.691462372605943
0.159828672673925 0.5879972395802 0.802746689483339 0.667405506365872 0.876252718061463 0.577242830515953 0.208684078850185 0.727006540175272 0.424516740741399 0.827520234705168 0.81954075824824 0.994968931861938 0.562081278002187 0.296658526482912 0.94645365237306 0.995582851345664 0.498150554167773 0.712031840172794 0.612220586545399 0.0751077220961156
0.0726751799775518 0.53632833727683 0.116180864276905 0.61027554160233 0.73191834292468 0.130753135939776 0.0529184447177539 0.0656585964679631 0.39402788867003 0.0413342473815101 0.172876617013201 0.903427358776439 0.0245188142155554 0.0519816460867849 0.179417069662864 0.797185468097519 0.271986951950815 0.221740386020983 0.00595501596890144 0.7201275204671
0.320885631067817 0.667949798704999 0.736079074180456 0.623523429036111 0.369339921661992 0.68906845584515 0.0529146725262601 0.887445764624685 0.321828964412719 0.43913280911737 0.372644134751569 0.915352597059664 0.397487858182429 0.261204115678263 0.960672916425847 0.462389375167203 0.393671105671874 0.810700606087944 0.982974096313734 0.994297060772279
0.0758041412181549 0.496974560138731 0.120927978486144 0.465166856114809 0.0467947434338717 0.240513984298732 0.024396468550623 0.26023416848424 0.981488837563997 0.0569127610861791 0.080277504309029 0.975267133623302 0.0514135556046635 0.0959773997171285 0.193430728176658 0.0338808591269796 0.441363736704399 0.655109251796955 0.0088559597983459 0.999967759465775
0.181622841062744 0.64199277559056 0.678242453923136 0.770123345929388 0.792699900100124 0.624194354797592 0.362763880142115 0.456974073981976 0.046632752981731 0.692698205720904 0.281614938439499 0.999449424086899 0.328799596288147 0.286117287904713 0.442194742543888 0.997418458684298 0.48159178001754 0.517984088928807 0.576068072361039 0.297228214136465
0.768815367724529 0.799569131105923 0.883731993052544 0.883760151282572 0.995734208710341 0.404322279981935 0.832312106559537 0.996058879477289 0.73688671068776 0.986662724394205 0.990577662034352 0.999459684257589 0.535378119084217 0.591745397604031 0.919501296771006 0.998516030913715 0.561902075919869 0.800753414822306 0.99994064392713 0.999999
0.423607354912588 0.777349880275046 0.312738105175389 0.699936318442088 0.855369793843797 0.589555192734317 0.0500904015910087 0.992617097187029 0.940150053528214 0.866786012513043 0.876796130898157 0.962459456840156 0.364884031483219 0.206436439341054 0.630041803064428 0.99536185841309 0.607666353730125 0.845475759671097 0.304866777608631 0.99776194821014
0.0471463772614625 0.464341302109759 0.354425777825077 0.435240038349646 0.0601069521971155 0.173678828230157 0.0739557040669987 0.227558948870266 0.0685628003220729 0.0196466714892362 0.019415161479709 0.957414330352368 0.021626183995439 0.0782830974539641 0.296184239609974 0.00228134020997 0.832943642246928 0.174521257368497 0.0063801861967258 0.000110421691936509
0.0267733651790755 0.384358428943487 0.0235395121224515 0.467602572371128 0.218152126517284 0.231654921867355 0.00790317459499616 0.0576515682300384 0.137157969936514 0.0268095526365522 0.0443190302920778 0.888841561575858 0.0701410175758721 0.0640374524488088 0.507658385637815 0.0188938577029955 0.266493635450604 0.479813622657926 0.000920641992573975 0.0218188430392818
0.0825545706191768 0.477010983217756 0.507990588835137 0.772407795136694 0.462129157238185 0.24611695715185 0.0850955697101622 0.284396230291471 0.468345497631797 0.115768081920316 0.266679532490866 0.760162045646658 0.0752578128447398 0.0595878790515833 0.492391753662603 0.930270314671102 0.341939215849249 0.34447084430798 0.0877936049479642 0.999998380958712
0.152381617965089 0.503467758867531 0.535736984024844 0.647338798814086 0.471444799040005 0.0655636606753504 0.443169993299916 0.210140718962785 0.0689068709518805 0.313484759352857 0.298213375835517 0.376991976111714 0.0844830731394773 0.0371445688486247 0.377967516899612 0.922592630841615 0.582447518427507 0.244943257876675 0.482072916269879 0.00116659333944286
0.0466670595132907 0.549048959926751 0.576836342635308 0.459711314487885 0.224456120662056 0.270495564556005 0.0278709264933356 0.0647021843511396 0.083768923330823 0.108423261834668 0.0635511561134708 0.96654063568381 0.104495734269722 0.0571663226989063 0.271220916673084 0.378007408305211 0.407236018325151 0.423258756092786 3.06301235679278e-05 0.0194497031291425
0.137032671105341 0.527298421799461 0.382055720609088 0.651309699299995 0.0756278018314761 0.304864306181197 0.178208988222864 0.678776870946833 0.10749363389862 0.209601064915795 0.123483603944578 0.954356829269355 0.0840951132043643 0.106101181578026 0.78836127815258 0.732085873541232 0.760584186415181 0.455293056076686 0.459140209214654 0.00501777343443224
0.217817968801205 0.670063255675529 0.569361127262804 0.707029014775833 0.863644485382133 0.457787798159213 0.107047035809955 0.985781830207257 0.923866178624641 0.295036600215345 0.276990174640746 0.996151007703981 0.507920509495475 0.131850450488067 0.650611395941721 0.927491820304008 0.628735525865003 0.357295301972815 0.0523437199241964 0.774384736100165
0.493125429099016 0.763117333368626 0.295550926332072 0.433233087914667 0.702099768126138 0.373038772122534 0.318993311509805 0.9541163515729 0.997648271612083 0.864348527229664 0.879224302857431 0.953421048924944 0.678969548089676 0.349483701832471 0.85362796919215 0.999602441131051 0.840311679960234 0.827301312097134 0.456558721041916 0.998731303318084
0.187940140165593 0.65305678732588 0.560773018174049 0.42820554526406 0.559096488788869 0.30940171880823 0.208810294449559 0.265789945249698 0.0329658720645154 0.183564971086267 0.251315024358708 0.994958113668524 0.252244581150045 0.127718154841632 0.569987662712947 0.999614709879598 0.247989261677547 0.529667182568313 0.226913139646903 0.0386551183198066
0.0191314085916687 0.420980796887437 0.109616838170454 0.507311663308734 0.0494726195275947 0.161559700274159 0.0474893712867484 0.0128445827685353 0.019100193688573 0.00196610541223293 0.0111121807120478 0.315906615907542 0.027748306009626 0.0380887792748395 0.2474667783329 0.0805147519242349 0.296381862169892 0.0725205631888256 0.0150070461812563 0.0413040044218447
0.0716290561910207 0.502911239284139 0.126844374746957 0.490537811561503 0.0754434801806096 0.170566271144423 0.055884852854844 0.143640799840316 0.859236382251418 0.281580764696541 0.274131511004767 0.521196890125871 0.14573342324987 0.057907250372325 0.563901336264432 0.992277934219331 0.184827137900428 0.300799618950499 5.37599251945562e-05 3.77894600945223e-06
0.475486634343931 0.799083160183315 0.729809964131933 0.603161031908014 0.917152419787338 0.547477125957173 0.464061361396097 0.966615309071183 0.996580338060981 0.758911798117683 0.737103776716506 0.999625528692927 0.643087632199047 0.311605613578267 0.570079931982684 0.773275001673978 0.554486652709386 0.413836479756246 0.103305021120348 0.999734803541162
0.678859476411797 0.802761856944891 0.930933948620596 0.743515400546205 0.989510820806553 0.731297794417085 0.534413956241213 0.946838474513242 0.895862365665052 0.936237749787724 0.994392095691116 0.980022681656145 0.861066146425734 0.415368839672812 0.931104619814235 0.998412311497245 0.371907444696398 0.672437115503439 0.998384938720412 0.996840357375683
0.050931714039278 0.56647417924133 0.663295172689208 0.493912195040066 0.399677670314976 0.353286375462958 0.0930243681521085 0.358382609716643 0.543409117501899 0.38121389868171 0.142511827493654 0.747969440785142 0.0851246267018485 0.0758078084515282 0.552261608035973 0.989140143619459 0.365765236752253 0.607794892771754 0.0175366188828555 0.227706377173099
0.0289256742753227 0.379796237201498 0.0734459516272898 0.459906735635195 0.0567843450410442 0.365646382911611 0.015430515833114 0.0426057104915233 0.0686393686727419 0.0108938441373939 0.0109129526907552 0.61484929122457 0.0130449859483474 0.022888156023174 0.49156585671772 0.123500690028964 0.32485571739965 0.242351228248675 0.00192389935269284 8.95289180087951e-05
0.38690251618244 0.670177795570305 0.714582771715699 0.771778986422464 0.867789449732593 0.476839836796217 0.869143240162037 0.976174752579239 0.973732079837288 0.835302105519363 0.950289012371088 0.993634927191718 0.594869589137862 0.531858568600748 0.961957907407618 0.999768545197911 0.682332524781626 0.829528672071705 0.00729538775597874 0.999788191198877
0.0386394410987096 0.629865991458672 0.189542087068206 0.568732517037278 0.0472644925663471 0.0525865877573008 0.00684191590234033 0.00753505623935193 0.0109018208889232 0.0225435836904466 0.0479230810058377 0.0261456005977118 0.0614641605044956 0.0244809895233541 0.169423054718613 0.671442242776683 0.25008632716511 0.311519114649105 0.111061203143754 2.23509306299698e-06
0.488630163947213 0.66614215664957 0.366047712791399 0.826915642524551 0.919959902996436 0.814888691697425 0.177390656616067 0.359620524278866 0.926880796234309 0.573046645308978 0.889109172805271 0.780876782174871 0.324379716199573 0.212828686504723 0.472538654268161 0.958577020879519 0.485043973932011 0.535735054215124 0.622433578049219 2.84540550401771e-05
0.0651357941704569 0.600175761866741 0.865715502084684 0.596637288435244 0.0591426162294465 0.0783107136233986 0.0426004553000807 0.259658983465589 0.214054391060246 0.0622447825676031 0.051377281195558 0.778398196026758 0.059824890278288 0.0355479862819043 0.539269926498426 0.926306322284313 0.490183938377376 0.324109179606449 6.15920529424295e-05 0.0772737917333975
0.396821025255904 0.765341527659987 0.233457292963369 0.745852454156896 0.830145737606758 0.609766821767449 0.227868290792843 0.660569286246973 0.108134371529589 0.670649869210295 0.354165540296613 0.523765660377642 0.167702874346215 0.185662053180915 0.675403072763367 0.949880619990542 0.478193281205158 0.581689690444244 0.993267763575509 3.0315809738077e-05
0.313974573868661 0.698090238877783 0.707201479518774 0.614712532931066 0.863918627011739 0.264419286095557 0.364853793386883 0.29150069367574 0.928160554720892 0.596026234073237 0.601843175807475 0.986212221450994 0.167428124565774 0.200596004813457 0.878785126050991 0.254855202241085 0.739723476101102 0.340756500655182 0.992248420688975 0.0688354359379259
0.233471803193336 0.642885538899664 0.743340754897875 0.392114667411154 0.848269732641328 0.582517640057533 0.0502840033820088 0.232051083503839 0.822646454216608 0.135531083108385 0.836002526285668 0.999535210229216 0.182103501062847 0.0938507629075837 0.220480956815166 0.99866103753621 0.699676952962974 0.602543715418674 0.283738738736759 0.998981850928396
0.107577493683927 0.597110907604801 0.619356644620215 0.44138849196784 0.380846430327144 0.398614136882615 0.0737574392068808 0.912248393297721 0.895023229321614 0.377060042507167 0.678745473655607 0.949705395913347 0.403262545194874 0.13617600517949 0.134653327732629 0.77520431165351 0.713818684975719 0.59050380533112 0.45843843718478 0.237436855660798
0.509034761530745 0.630176453312964 0.958537713839798 0.674526705295221 0.935841245656439 0.128907817598462 0.0609271682561984 0.954880578005075 0.432986193760319 0.867906056567416 0.869482025963614 0.998280380902921 0.734848218462726 0.419374102698791 0.761811591831631 0.997758927066565 0.740749592008165 0.874259342026875 0.399220287045855 0.934068424518911
0.188299720162191 0.516869968059912 0.252614086081479 0.594492929689648 0.0556110673163157 0.818308753719027 0.363586757072718 0.449275072271458 0.0098009391027895 0.273199834716639 0.484732929656543 0.99253525054127 0.28156996270076 0.149406016926516 0.877986203364203 0.8140513557721 0.16972152738164 0.695718433368149 0.000941420071575816 0.0158961068178054
0.195088617604603 0.608754244221601 0.326723374734981 0.828301209646248 0.906125131179018 0.686531590011313 0.154655351258039 0.601293366986567 0.799791164074143 0.575828057787205 0.460987427946763 0.982748960437844 0.323369140103276 0.185320284990557 0.83829916639921 0.998506317895203 0.573950752254851 0.451604699815159 7.16827403769466e-06 0.211793679896064
0.318751397788571 0.519022698663022 0.697008888389226 0.546253745739174 0.560466233712173 0.40467428710916 0.456713627395454 0.817370618425358 0.839570749597332 0.704066314116074 0.859114851199101 0.8393348081123 0.48525087916263 0.162273360701383 0.774867749354147 0.878236783611977 0.408958557025824 0.358335652339104 0.000892849018659897 0.836879472582939
0.122569196919828 0.688499680534887 0.196534555051303 0.82175886651781 0.0974734216711938 0.376426282993029 0.216510202299362 0.547794965780707 0.798942438852889 0.418915285587582 0.157850760897099 0.915693541189139 0.279776575778854 0.106021833730038 0.874077158386774 0.768040724807224 0.31509623590672 0.511531965829184 0.335795535510968 0.00851238848449739
0.307100695196486 0.651087860534298 0.55299351716828 0.771339183112731 0.463680955644335 0.310568576583001 0.332013795123228 0.740048009538982 0.496400670363136 0.693659917242354 0.660594310484881 0.991877469600859 0.15091405017145 0.206913843779379 0.637854025095225 0.754089405087333 0.442271012222082 0.521636819828968 0.00112840371440875 0.218751658949352
0.0212003396335863 0.622871467004826 0.528523171916595 0.635121225056761 0.95167158841167 0.215693453540728 0.0156676111223257 0.0492036307793749 0.93756741911562 0.107475049904554 0.125018120270873 0.767472247331177 0.0607959228631459 0.0404113085126134 0.32819403126519 0.896260664868586 0.385778677526847 0.541294337764325 0.735402269439605 0.00814174707588323
0.382389465791141 0.731928221777129 0.856217783457375 0.76074780996163 0.993831932257287 0.463897745546057 0.451244682973808 0.899223222770405 0.96916531524174 0.808300179570095 0.843368530500333 0.921936280976938 0.82646904937761 0.271888522259518 0.896349453336106 0.441024120727814 0.72734588846507 0.627255819848981 0.999722096501562 0.953564300082216
0.511678060653902 0.782275278385081 0.566701709000663 0.851246398373758 0.833548553092734 0.282514525055296 0.250449391113442 0.970478013921775 0.344119975150437 0.693652552255186 0.911666916990328 0.775474044162281 0.462988234671968 0.259812162114647 0.870446099630467 0.999478921338187 0.664174693132235 0.711515458813881 0.0507552532369379 0.0302285140055068
0.816194927079937 0.803031147732016 0.927609680715835 0.530343112292373 0.998640623440822 0.523540531701746 0.540746560297884 0.943709497545598 0.999459413022416 0.990729232580147 0.927286294935408 0.914581952338188 0.916308173790719 0.454017648674029 0.981661113540621 0.987252396339943 0.76768713999439 0.920197109176713 0.88256388711333 0.995844535517634
0.152994260561936 0.661249909784587 0.680388184776958 0.646244708566548 0.767034467227777 0.184426436730401 0.204801786436012 0.858956316618479 0.74342159869499 0.422125582586292 0.496017807717351 0.964247490542757 0.135996099366927 0.121481032822161 0.45607203241823 0.994517079100138 0.391371208411367 0.558864449496289 0.987466721048075 0.999479322278575
0.130895360021213 0.549768091379343 0.186618679471823 0.760352535730552 0.238545852531488 0.395588110441746 0.178373378109702 0.571000199626782 0.308600427431403 0.234622035267136 0.291897089815729 0.905926959442991 0.107917743495023 0.0911056609143796 0.392167132149594 0.697325528251263 0.483574296510562 0.225659863131977 0.705609395905152 0.00710753679846298
0.125863591507512 0.674561196700765 0.653539636927452 0.497208738854819 0.810385250999319 0.391375721098575 0.0906887022987536 0.11288898226738 0.139765502462748 0.721641135969491 0.510817559332973 0.989359666102108 0.439625302004022 0.0574992171799425 0.913258366896347 0.994959501959461 0.583099928515205 0.356249404028832 0.730124378707032 0.927665000793939
0.300980118002141 0.607239885258669 0.692181060305723 0.853053927750674 0.938194431835847 0.465695778168359 0.222917671957311 0.111517109177203 0.865807596977268 0.655307098017936 0.272884290356521 0.415441484733327 0.243131736430266 0.0696355929692736 0.733643896659713 0.990040616703485 0.48201440031107 0.675228925181057 0.659858746663795 0.969866295276465
0.716954094402166 0.63002412832424 0.951401001903563 0.880471975025005 0.807601250359597 0.453413464858097 0.385067715775623 0.974762512452328 0.984970905427072 0.964294701607781 0.896986717456491 0.999099580558 0.863301659084893 0.480386710792726 0.835598451962777 0.99974611819534 0.868818112357419 0.784706994259981 0.957883286525965 1e-06
0.148957446355985 0.619351442313878 0.242177250965704 0.488954557890363 0.0629289186226973 0.163976924031866 0.0107759772268906 0.120088813637718 0.24405848215545 0.383471170638281 0.461100137429318 0.854920923289223 0.0384511240780546 0.0446846908268065 0.597500842738374 0.271236199199147 0.622927519324506 0.408407820025492 0.0148859926203999 0.000416662659519416
0.222092070998899 0.596681788648785 0.377913173537456 0.546043682028616 0.47577341849986 0.846530911676704 0.0328931525775782 0.387627515925339 0.79853368793484 0.687850999707327 0.270131978619717 0.88102458296929 0.225104698237925 0.116182570957743 0.468720415788909 0.780441206047407 0.460736719392825 0.703730861715659 0.0723396286866273 0.988343381307903
0.249151481450044 0.725974795606335 0.135231410453167 0.2475291837978 0.412102657437414 0.822921764748426 0.114923346290878 0.11570648304184 0.483341398677019 0.227081314429718 0.583155556255188 0.844590674396646 0.273895510996916 0.0723480313300136 0.523235106503509 0.999440971328726 0.518514308461445 0.614306467696203 0.536178501681242 0.0724129883004925
0.280094051485553 0.621308931677755 0.173825280563185 0.622836009587286 0.295820388998171 0.161824268183805 0.0831101101508159 0.0100492294926971 0.398054470908974 0.0963026785529538 0.553031059179493 0.997278749609684 0.203512896914598 0.124561490586146 0.523528581707243 0.167551120653629 0.450857641664965 0.508426000020566 0.00697226877191217 0.00525298864843949
0.343564748187454 0.664456049699738 0.931880944457482 0.700099982320195 0.992031958356571 0.756989054871951 0.500849447014536 0.864071100386463 0.971546153646819 0.926809755817241 0.973767685831733 0.999558172014064 0.205612364310823 0.277723673031968 0.809124939241923 0.986212213857305 0.56995424131782 0.656605380870339 0.894051502710464 0.363142444784076
0.934051275604824 0.890797492706896 0.981170132616483 0.872107669576328 0.999445725638955 0.688806001280169 0.962979609032301 0.999787522009065 0.998431127883759 0.999399459996885 0.998348675112778 0.999966056145763 0.866616051230279 0.785459826813352 0.980125007816402 0.999986736817634 0.782346441106915 0.929035890060506 0.662079720791592 0.996112096593718
0.701766175737071 0.79930624103557 0.859315434383773 0.613723849598897 0.983588757599996 0.861207988512201 0.521598832791808 0.980392243203828 0.994273293375114 0.973545969313044 0.963641172561661 0.988876197789386 0.546224189655193 0.439088049608494 0.947519047168296 0.999937507428361 0.671547161915318 0.915627808969521 0.821416005137724 0.954312590544434
0.595317544553513 0.711788242927911 0.951296641808583 0.778186118249382 0.999021553509701 0.467567806274825 0.637707023211784 0.956341545684877 0.977201220826544 0.951394087581178 0.865661154366734 0.894595579902422 0.398846496064272 0.273833918546399 0.919928870885186 0.940530329235811 0.548553894592744 0.692469805568243 0.72624124301794 0.935075489447749
0.252163568741988 0.70891356536657 0.357109696585968 0.661290302450351 0.935759113684926 0.235848221731217 0.0914824921578237 0.972102299084673 0.995532721984825 0.894742776334244 0.54512097845395 0.998973803700962 0.359933824914226 0.297280859207051 0.779341832455416 0.959396843351452 0.629052460509142 0.855959829796076 0.00472529583026851 0.424899103182686
0.537704466689712 0.714915139124344 0.881315460229867 0.717978292756118 0.969875942106518 0.272206729084467 0.218725947614765 0.279469262716007 0.998987358396835 0.530507540949851 0.651591186078107 0.887245433491673 0.425220928906098 0.158693395038712 0.809078639845321 0.703142732656577 0.53180497786492 0.678274166631363 0.403917249264276 0.0248756833789071
0.637093649925473 0.807176343153701 0.865341292452176 0.853387350923501 0.990150944523994 0.443870719528643 0.692249144217472 0.995102260001697 0.945516947119865 0.968401694899824 0.998127083399771 0.993594553707387 0.857350821475794 0.66292353678975 0.951460179152462 0.99716594566682 0.853292993981082 0.761207307488729 0.276250309100866 0.99999197233034
0.158545636378708 0.588175966820322 0.14409918772303 0.756026852215231 0.400839162973348 0.71057996505221 0.0720923076499771 0.318760400149915 0.983703864390512 0.0367118843191444 0.24550885028408 0.913183688079675 0.218203401693405 0.114687928135882 0.506312692807742 0.807664397258942 0.368879943755721 0.585660910848058 0.00627774400161097 0.206128605958657
0.108993259743785 0.619654769801518 0.356838115428035 0.527487533476303 0.314896752417315 0.338098926529279 0.22988542879953 0.248846444313502 0.480580745940209 0.298511689114075 0.580771912352848 0.936615694726222 0.246529999383636 0.0710480653518968 0.642069892093177 0.993105515437461 0.292883224118236 0.656719986125444 0.775758925988535 0.993870400117834
0.168768402148385 0.618362990157738 0.527753137657191 0.361449672630649 0.94978750655931 0.312396723641218 0.0524168801306754 0.698044024019513 0.801041515391187 0.0724255135682172 0.120684041595835 0.945871534693035 0.297885087443111 0.113882023778871 0.73416629363039 0.996373550855479 0.372852966081258 0.54334133805442 0.420218421576396 0.995692169059118
0.0390538001853361 0.590285227127611 0.0847059609922395 0.620990647020034 0.451556280152146 0.468248375119063 0.0237284947858455 0.25049335347213 0.0999962463363182 0.0572865200999956 0.0133209394205975 0.918650558209917 0.0347797128194688 0.0408055832326563 0.217869839637049 0.906311960114458 0.156504512293813 0.310893485563095 0.00120865321914415 0.000171168729441954
0.0592738705537007 0.548018752806416 0.720570932930246 0.77423626580032 0.239736638299875 0.309270003964725 0.175143460444517 0.410402901033762 0.716833871728237 0.318902268012541 0.74009762483713 0.0727622523261991 0.180474949257388 0.130860688076263 0.645916181633891 0.246534095993827 0.330166108341378 0.270611378127887 0.349616836737832 0.997169368728641
0.31128780357571 0.615440173171281 0.548588449430236 0.653372626418842 0.904224306538587 0.346104132783736 0.00519711348561854 0.756305745908416 0.944082455603525 0.418056710833496 0.711327125057286 0.995542295907611 0.494047201160734 0.214438605355628 0.822205272519759 0.998502411030954 0.58490129337168 0.428393286630937 0.909778397007182 0.989400099122702
0.415821925673191 0.666372896726112 0.725188958506719 0.857680237868508 0.841504739382813 0.676405343858726 0.235330984828921 0.812086980494217 0.229509921510249 0.82142877212943 0.537954320930984 0.983122449386438 0.701918242093911 0.185442859961118 0.934602346133072 0.925905179807244 0.488224062320511 0.865431951109768 0.924854801511506 0.435747890619941
0.0672602549155701 0.566061403365505 0.469937938874473 0.793403664955934 0.862517662990782 0.210809354957885 0.190359290587109 0.682818801060675 0.784759301226676 0.524384916413858 0.078105708845719 0.973800586488053 0.129964726483124 0.0630812059029751 0.674054012179829 0.99849858935888 0.315753756545729 0.525185595697982 0.906482412466858 0.044020659191608
0.536644543802598 0.786237600265615 0.904269044611169 0.657979845028021 0.818838396528304 0.471279158752579 0.649456256570292 0.765174582821407 0.936507048717432 0.639866501854305 0.975385938383416 0.986880381559909 0.499037697151958 0.359534018550896 0.898560796220488 0.999258207976257 0.584680516856247 0.748585647004703 0.996870800190073 0.798450926292053
0.376045551880185 0.725493059756252 0.876653339376187 0.883915309588433 0.945984701640974 0.808959162243029 0.674282716886208 0.805155729193762 0.906144937015959 0.749069656619871 0.716788258222696 0.995502107989631 0.533967001348777 0.28702676795696 0.93357937659803 0.974688702188053 0.48858781091585 0.604282981359341 0.79004778628884 0.276020076613128
0.195667087022223 0.7081067849645 0.717328963802265 0.710410639346891 0.948090460535183 0.668192800755477 0.0625861101628059 0.649018708141142 0.495482665252552 0.771481559908815 0.93199719455065 0.999708553581185 0.395393310313895 0.0875114254222245 0.457064277539898 0.859209347791853 0.335097204831856 0.401288884005025 0.693623214783263 0.00343860545083504
0.268715108457574 0.713717354318176 0.814899193871505 0.830742734085155 0.971321721815972 0.294961244077813 0.114591868019576 0.767338820364533 0.604353607008354 0.884028026463286 0.571559814376233 0.986053905915706 0.292235860032486 0.0730812649657353 0.81262258846831 0.717641620705762 0.62863247500094 0.334532957351783 0.922705049980476 0.999973096008957
0.401446049249834 0.536459177216781 0.893182091925249 0.672310898689189 0.618705425141816 0.567797463789105 0.0301968290273617 0.947411220522311 0.764324397770322 0.708308727437261 0.406051329991327 0.998279879322294 0.233876168054687 0.229624275172069 0.842931790496883 0.955724136177719 0.621218571368117 0.619695659532091 0.0153816423611651 0.985415678642966
0.46007175183166 0.734133859092928 0.93502265854729 0.546222062742503 0.87306889371451 0.613837313808832 0.477919607019275 0.95093739721463 0.530091301166736 0.787238291990049 0.886341685953445 0.992752445158129 0.587894417387058 0.333258867311934 0.767055274335666 0.986430784874112 0.757267575234769 0.787177557021215 0.37957258848058 0.998602983785567
0.0389096673690119 0.609651615937714 0.6900305905142 0.688787884457254 0.138449742742431 0.139332452024989 0.283772457197789 0.361695556726452 0.656645770671959 0.463350955724155 0.455987109936031 0.672312878947926 0.188685371485928 0.149146328412186 0.365236054055921 0.927456772597242 0.616076987108901 0.476761043026136 0.996531829648805 0.00193461194067776
0.896786624820091 0.755647559433015 0.826236824201883 0.843492035331948 0.999041992601941 0.399983051292943 0.653623740978037 0.994825881237379 0.998626421474889 0.993698802795115 0.996447584201189 0.980400206439386 0.947591171768866 0.609710122251101 0.785043196508739 0.999998890259638 0.760464086275781 0.940393521326525 0.230303404636383 0.527095847024754
0.360522509506971 0.710855132788718 0.954657961343308 0.591565847963721 0.947930431944027 0.144904807787723 0.587299679249336 0.988881244884214 0.249070352581247 0.88068510972939 0.807759501709407 0.983244575796723 0.58237189447663 0.377846058683814 0.845302543463625 0.999794300482417 0.758260995503686 0.789939824591526 0.987412852326802 0.681676062819254
0.508699251009229 0.611529347541435 0.649168715879219 0.613649975860746 0.50671891921528 0.303166710590289 0.147479195810333 0.505171457936418 0.863754522456862 0.832116845401775 0.918466051334761 0.905227826094187 0.339973064942926 0.250459146273732 0.93325108558684 0.979255681158262 0.744317201823045 0.429251293453689 0.0199307359295036 0.999999
0.234085065382266 0.518531907141012 0.343499578556163 0.628860169854889 0.523674827100726 0.0396360086429573 0.111861509211452 0.8032786021869 0.955966873390829 0.556516469378954 0.661264872152708 0.954026181305084 0.282889793509505 0.150384668611519 0.624897209907366 0.922749159986947 0.487850913904892 0.655707950457958 0.993295167123651 0.999910624495384
0.0653443489867075 0.406635129002611 0.073032162874038 0.759261350598242 0.0270973810380526 0.434510071404346 0.0470054715412362 0.0545648625849611 0.207109807275439 0.113947057685321 0.0227648751978337 0.955285257590297 0.0842277938428923 0.0442213580311928 0.647300208085039 0.0377014740025228 0.50098885380969 0.364600833157583 8.48035406279205e-05 0.00713271379708664
0.574522605139728 0.727631506655816 0.669481079704159 0.612157310111679 0.997673774202408 0.431779586586029 0.248775417401988 0.905191533128365 0.620046350779341 0.988346828484855 0.994840442100508 0.998932910882956 0.346202546756022 0.552194397309885 0.946076337143716 0.995095426885915 0.483960831488464 0.690079222526313 0.797455451295889 0.714279346591933
0.585606451717324 0.757574564746243 0.403009595941833 0.517935729340794 0.986124475763972 0.528234163296331 0.365046895644847 0.892192799511873 0.928556801886879 0.865844646180351 0.941640776986378 0.383926661390409 0.649664553747333 0.149923737381832 0.786678155195148 0.403619249833843 0.706799366907266 0.918853344581034 0.920638291238839 0.998861237869734
0.397142961893671 0.714392676689637 0.987242562267732 0.633229168908525 0.950254702057436 0.851842788332987 0.118011523040569 0.957897899220318 0.981987936987929 0.844234562633576 0.987740426840414 0.997562908667978 0.841658360959893 0.514773829218071 0.748305814566349 0.995309554483658 0.596596103884487 0.799267012367695 0.954732786904595 0.997442506804083
0.195188341064934 0.551252799386347 0.476193127629442 0.601513431623118 0.833869907000428 0.218177283568434 0.0909208505348231 0.235773287000026 0.935504493791057 0.125517942765499 0.0714901512672334 0.716316200708695 0.296762550303854 0.116106930143548 0.860416172426934 0.656419524429369 0.72126227517876 0.439462519303561 0.797601092662701 1e-06
0.144563720458564 0.58301986414834 0.0976431671057631 0.393208287353632 0.316576394727454 0.126756420448196 0.0376847539183364 0.0103015716238754 0.312319792377758 0.0606702409763037 0.0602509690498602 0.995147424947045 0.0583689146870439 0.0694323861417278 0.77997290792236 0.0981354162691307 0.354505937891428 0.467652776523136 0.00170066594864644 3.78121038886068e-05
0.162725303778989 0.645298420257179 0.278878509798828 0.709337880077085 0.133394472035886 0.139882253004681 0.0906147455135127 0.0472789297310172 0.664636056501526 0.606312816911615 0.319032063179648 0.923391116449517 0.348835884996299 0.0901099210461507 0.768278307639698 0.673569522326229 0.501182220570187 0.395259792619979 0.734924547164813 0.35078926514302
0.30812171801164 0.679060126892273 0.173385983175268 0.552825219724053 0.986686840092921 0.331616330507653 0.392990351533084 0.848113672510031 0.747718389185836 0.485704402556491 0.578660419346444 0.998272887264147 0.460395799290751 0.155995351181536 0.861183071886308 0.990699703966697 0.377240450518936 0.820250924966125 0.979692397682997 0.0011595843002202
0.510850962222959 0.768601931198826 0.885601046344524 0.680925416351841 0.954032064304859 0.275722737261967 0.246365784044743 0.942742484609418 0.990860548165712 0.950714268256711 0.966390336419128 0.997142776213994 0.792794375242235 0.53347947287114 0.710829177861814 0.999651258280603 0.699936233570751 0.744461904318935 0.960864748683482 0.987694482269444
0.335188323025877 0.604858282918737 0.468332637728574 0.457778230036695 0.820504778402177 0.541122493643048 0.0314372553820224 0.604881330994471 0.261486606842825 0.736631662261511 0.368774890222841 0.870258533393746 0.256149656278221 0.0701715919998696 0.686748172896351 0.139587346733803 0.600978112056444 0.372615565035319 0.0247825403851856 0.00134898928282993
0.0724104376839467 0.472804821329549 0.125661276846522 0.546057962293449 0.0130086200643485 0.0220004694349983 0.0505328115082463 0.0299660398151556 0.0234380845675369 0.108095970246186 0.0291365271384244 0.603983715850913 0.0443876334178786 0.0490912568348113 0.154023178659876 0.98879015031409 0.303124879136398 0.632651339024813 0.915992907449881 0.00907132562905036
0.0995362261218132 0.563320270026281 0.298510186067219 0.620098326631479 0.243796657912945 0.230099292951472 0.0167822829119501 0.129664008381119 0.609631228626215 0.165704768328836 0.362075669832982 0.873677775872149 0.225597724379578 0.0853492747649589 0.609475194863124 0.741434354446447 0.354432323774874 0.506644621262583 0.634423065984815 3.31975675652655e-06
0.123520347820791 0.594211911702388 0.104842445754019 0.447909392832767 0.264965586967789 0.537413990421026 0.0058696476042608 0.0265184523338433 0.952154774532465 0.0767760386851697 0.0256323322493989 0.931176773541879 0.125797239025512 0.108267120889338 0.0754174483386127 0.227978322041435 0.463046235582016 0.407120616817968 0.000371741889135572 9.79318391702009e-05
0.154921445103865 0.690562527683068 0.754142640127567 0.769948594657919 0.675270050993164 0.186583370218703 0.24330217923602 0.080404528241772 0.955973514930141 0.526267009192895 0.52507717761387 0.376561244020789 0.272730866753229 0.238035814902165 0.41166668230381 0.999472810701142 0.485089885674451 0.604092340889298 0.00191291383496697 0.694588382736115
0.577752302380043 0.699139533868615 0.871082923931445 0.773533673473977 0.810388597892729 0.410121778677523 0.394570706445353 0.995536342244644 0.470896019810076 0.846532766173071 0.991243758577168 0.998279226583714 0.635120387586822 0.537420538618192 0.946496560277924 0.999864033490759 0.518332018793731 0.839108771211105 0.129837232622948 0.0603338719145056
0.395245512473786 0.649522488596029 0.858740281730682 0.678732473713364 0.974664374832196 0.301459118335885 0.48160321259832 0.363895376973059 0.746967022354805 0.643095961702278 0.913862857006452 0.984887946253774 0.237334853332574 0.25999422559243 0.781154860601806 0.995116873940669 0.37060829921883 0.588068348558308 0.918908655994578 0.285899631900753
0.15113845745419 0.705099227331021 0.761975096595905 0.723864866990249 0.279998587848495 0.403464355728849 0.242646800597667 0.319622853604996 0.731094056969544 0.298254853037795 0.575318885886779 0.888405941385034 0.198550724393074 0.108823807074856 0.840255912508538 0.938267221365853 0.660914573604373 0.734531241741287 0.0418689305508837 0.999720791600178
0.065842172382731 0.425560680940631 0.123145407821876 0.514403628710967 0.0840014918616161 0.24362055812669 0.0565882029660893 0.232186183110893 0.422489797119873 0.0427485821464563 0.0118871720666099 0.973825980299396 0.0265862666784278 0.0257113038227889 0.493964338727567 0.521055016385984 0.555342990959215 0.176780061850742 0.244622523337033 0.0277645398586028
0.240801435283467 0.797263822770008 0.60329114643246 0.738448717874723 0.763036256973133 0.245538212956875 0.516621479759059 0.52136831179301 0.0225574715704157 0.77644667769243 0.444114441958798 0.999390307770729 0.320815245316649 0.100050416090529 0.597763032450862 0.950555964852342 0.688335286493596 0.60238948891596 0.000318734943422627 0.89018270747662
0.36592411746202 0.635144594258664 0.80021640381241 0.527751080818519 0.368227680674606 0.186032253496403 0.226181438296125 0.496708487228988 0.818351094485412 0.547508289967483 0.66666471208492 0.96950641574771 0.453812686731011 0.201188856144833 0.520265494196033 0.994870625813867 0.739637775221552 0.541019577351385 0.040837976806723 0.000504127701028394
0.412526212540973 0.772232671143536 0.446789563683717 0.688138573412392 0.788291631762883 0.516071675561506 0.159663226382817 0.869989576369778 0.834907117821528 0.911850902990705 0.88738296175349 0.163019822158026 0.404932948672619 0.225588798909237 0.864678899671563 0.995724027799848 0.517191788939947 0.624297248629895 0.990461513893618 0.992740711288141
0.0243404139955564 0.409722657217899 0.762708992845075 0.858708909883566 0.0297115823040264 0.142803852684356 0.00441647218849265 0.0212001545596188 0.0339131033884226 0.00797507857709089 0.00901754121941254 0.635813419726701 0.00887364942287285 0.0160321233946751 0.129299527674159 0.278915478315952 0.25516661786695 0.181702861342343 0.000668315645310421 0.147994206432284
0.0572180359593172 0.474779094337765 0.686190755068635 0.761346029995977 0.0198600593004213 0.275372522860099 0.0742706659589599 0.0827851293771457 0.314617180248063 0.0428461094360064 0.0051991859073667 0.119016396587568 0.0647412270806363 0.0499406150958691 0.7018820109321 0.178248273878571 0.34295070572909 0.564402433030625 0.000131926127107019 5.00027232502485e-06
0.102624025502817 0.491450520212582 0.248138202982461 0.707173407923755 0.196082414115986 0.261415045952381 0.0165604293599318 0.0182337123897992 0.554519145633895 0.0546554066890673 0.0223207176761073 0.476125393122213 0.0798832180115665 0.0879378954617768 0.165540244946855 0.595510694001999 0.51752280072358 0.357729910882143 2.29091041291024e-05 0.00030490097179295
0.512094135547864 0.649895093641949 0.580731478210707 0.501024085381523 0.866998420517944 0.599265387291057 0.15731835686842 0.659964135860944 0.870092200515834 0.805641497948535 0.868845690026121 0.905686830445433 0.320754580584608 0.334226394647152 0.439560850013594 0.998161832747248 0.549445004026146 0.548881439900237 0.183027858561647 0.00105062251995258
0.402603199849664 0.757786852705872 0.84975696190416 0.807353372983251 0.72558506370815 0.48182343362459 0.197351761921413 0.942736891098589 0.995190784658191 0.929914099404726 0.794976520569313 0.964544794069256 0.517099885241139 0.282607943140396 0.870331855151411 0.997836849523889 0.683600826375376 0.612142256041116 0.00562114553426388 0.766988161193331
0.511770727023931 0.768202488395478 0.577957858862944 0.86333386722436 0.988063086115843 0.702235929877195 0.840504242168798 0.957783988211114 0.292187373949676 0.754689964681514 0.987643935995881 0.98736335759157 0.758459202071747 0.355372823990244 0.886684852044547 0.997922255736662 0.685060130646407 0.61712931513112 0.715292634208799 0.922615359202501
0.42957532114612 0.791113103563525 0.329475923050413 0.935906841168568 0.954903279370732 0.528333831849808 0.184648029634601 0.995572352720573 0.949771863995638 0.583209303911567 0.897425373661799 0.864746826117157 0.615618687958661 0.298460577929306 0.75032356717519 0.999536020555542 0.868431563120541 0.479835908187991 0.984225781527464 0.812529261067867
0.323087265743479 0.665447873310727 0.595145636067774 0.811655349431554 0.712826448924305 0.757408642382926 0.31985345159674 0.933578789330582 0.683871702246801 0.788719256922576 0.905170206979522 0.883510654247657 0.261484957525716 0.166521436112496 0.886713820733408 0.978999037300525 0.544175536808092 0.45350079972626 0.584652850403126 0.896815272976432
0.192324995615279 0.674731516622103 0.55024574949899 0.789090816396245 0.726846503407285 0.753377712733499 0.10384603405662 0.170296589770468 0.949190166721014 0.731760042192426 0.451518611767778 0.991149609733211 0.586452148400964 0.178187980232844 0.778709075514177 0.989856520234684 0.277540338649571 0.500468980388274 0.0113145956575962 0.771290334495092
0.0877578859320107 0.639600875694647 0.507902095098073 0.534017254348521 0.137940523687776 0.585852383511303 0.190564723841085 0.375807368921109 0.432858559562313 0.163587238481738 0.603939663731837 0.800328545066769 0.074500884701996 0.115563709355504 0.426955608955545 0.906543990385554 0.711061179592925 0.369641192300507 0.0461952313501483 0.000565422419238158
0.469604911094419 0.720710180910306 0.932533829487237 0.800771676732068 0.867804673343526 0.842740191463888 0.516181378139481 0.978029454340235 0.833898923849686 0.806291336528371 0.98318819869725 0.87444562516855 0.438417078237023 0.343949874509752 0.850768522382292 0.999736915480814 0.383996666830656 0.789312023307168 0.361194935877072 0.000701648971870906
0.36073933423373 0.744309181822914 0.864257532347281 0.851778170701075 0.971241053214922 0.473093807068272 0.452175261722934 0.988201892320907 0.707641576514333 0.74231209313767 0.520829776362256 0.986074333512928 0.384673667356409 0.162453442060324 0.907114679900109 0.999213939916602 0.651321743426302 0.519922694122982 0.994005976146454 0.999984529616036
0.328143769403928 0.677813074170896 0.207108138877406 0.75639161954657 0.758383720307045 0.145849953106824 0.146698587115377 0.970332303265513 0.933317640327064 0.709941992979885 0.537125060504507 0.979540105129767 0.484650855633668 0.28982079653376 0.756274160886451 0.994061419415808 0.699547202405118 0.676272162126982 0.988894716762174 0.845449610557736
0.0617593951915134 0.539105317576545 0.18695074061624 0.593470524233715 0.0205396541339697 0.361889769681855 0.00824906024404529 0.029840719997012 0.272178525229543 0.0168398924993853 0.0202717088502161 0.972092763060371 0.0339503032471614 0.0224417255108195 0.51851368125588 0.967152422329227 0.320688023190798 0.192986021963908 0.0219359943309042 0.0117049959733237
0.0130673083926406 0.311726357698673 0.106544907533031 0.383584565769403 0.0268394863894132 0.365716144794726 0.0146972050109885 0.0100427171464856 0.0987561237787052 0.0111824033707725 0.00221518773096447 0.210015876158105 0.0220591841684993 0.0159630471258109 0.620571862298563 0.72293878852712 0.463671518946115 0.0981691816337162 0.00524365223962642 0.00516311552989551
0.45005498865052 0.764416122905446 0.71448414161355 0.696710141004762 0.987852565685904 0.514160448115761 0.640427814798563 0.995687115716297 0.9957011768981 0.925435839057079 0.972937291524351 0.925218502612658 0.785335679304111 0.392682365032919 0.901710289803891 0.999836094957222 0.542126540973148 0.928809840226107 0.999978846193403 0.994549586247235
0.371074887184651 0.685757205666836 0.91818910890176 0.342140552760623 0.912704959951891 0.280067449940387 0.534779315847734 0.903547155200542 0.985121448685915 0.7072574838433 0.78837579084302 0.973634590446336 0.423560586633453 0.216150017044712 0.954290349352582 0.996451128745081 0.739079091929085 0.855771707410103 0.816270195130178 0.998882439320698
0.317436965337452 0.726408605161846 0.757051971331905 0.506144448944495 0.698595306414467 0.530651082672945 0.159267360684069 0.757215565025187 0.963477571058883 0.795649536871731 0.565878196168105 0.98437951565617 0.341380252013479 0.235638197840472 0.897572855208225 0.999734759579281 0.716027759528882 0.625458898811263 0.899612313273503 0.164978144909792
0.443377882863124 0.735443957129412 0.386183281093574 0.407814239079326 0.756663550856966 0.282403971547419 0.144104967097123 0.977479252736172 0.398158157481615 0.692622425732653 0.677754719068607 0.96818009041344 0.20253960273779 0.311128989239593 0.917537911207186 0.609569960091762 0.604780372083722 0.491016772710581 0.613282937145987 0.243485098033904
0.12332142133439 0.574710682843284 0.295448081063325 0.743706604967048 0.779397873940754 0.270991560601156 0.197516969708681 0.0447095316560815 0.641774773942901 0.698455221897101 0.739875079797463 0.970187312575215 0.34925362671957 0.104609246894499 0.796361576942605 0.90056371261651 0.439626215050665 0.355195189083213 5.26012635700638e-06 0.758550006141229
0.336855639855458 0.652904024289982 0.923128771381368 0.732588938908556 0.946135979370733 0.381606127823377 0.0486396021343973 0.961020506565197 0.584690891694615 0.769657378553957 0.892942719789357 0.997195993037314 0.424296752768443 0.290105894005416 0.657171945581366 0.99896235676763 0.348492010835635 0.486463688075889 0.212663026311282 0.999999
0.0896453389629489 0.494418799725386 0.421379985412386 0.435287083362136 0.313480612863529 0.455566103255245 0.110657227165997 0.454600783664032 0.0250106420821377 0.380390353177832 0.299434185872866 0.164075567900968 0.0655112693920938 0.134576045415025 0.452594629733442 0.0780689567193693 0.139047019580884 0.54851478957024 0.0814298820735606 0.999741633406019
0.0510614220058846 0.374433375286648 0.224298745910619 0.44742632341766 0.0204873103672572 0.235566032711451 0.0146631365111721 0.0620724518097644 0.146144768535022 0.0614568219497818 0.0225425570600191 0.30588950791147 0.0396235948160113 0.0277812616065573 0.0470320383076103 0.168394304291935 0.368866613543672 0.563667407326525 0.123857149985218 0.999962471253562
0.699017527767018 0.689040479960542 0.864214206152916 0.873116392915803 0.942029294908609 0.506260082358378 0.634963672423195 0.965177329004361 0.98262563051144 0.888391953996625 0.766301874657811 0.965468299335669 0.6590431348908 0.454897387667828 0.688515427451665 0.999644238511468 0.910765420700418 0.644079959461002 0.994982054715261 0.998555037258215
0.273905526387542 0.658583586008419 0.703364704150523 0.57204880262087 0.741487925947092 0.114871970697776 0.0715983255522085 0.393850352128156 0.673001909503918 0.617401734312455 0.384943362036725 0.984962542759505 0.196352499163683 0.234374551771876 0.767057291471712 0.99093111004093 0.194639708832628 0.58147450660618 0.00936518337402569 0.247389026867423
0.0594190940495883 0.475820196925682 0.406266915719639 0.579183058866045 0.257291415272589 0.33509306057798 0.0284253547134848 0.273290601662134 0.00159340844140158 0.0218061051956408 0.0176788947370303 0.361697404525408 0.0782418113008344 0.0267537060402063 0.168484845103804 0.322639480699954 0.281442829576536 0.61369580933451 6.9493455885262e-05 0.0341142163458545
0.245501101113451 0.726752671690194 0.453251988267086 0.610682076846129 0.962329463274677 0.348582904306409 0.0395880237507524 0.80184986543843 0.88813239670552 0.834893848330094 0.908134517870959 0.978351834291732 0.467093701297955 0.115674329568725 0.913002925171951 0.777327995040454 0.470742268432421 0.62439086327883 0.0351008973472716 0.976216480391729
0.10827690965195 0.530367765092138 0.377959999260659 0.815711852552715 0.492942533111676 0.156121408387681 0.0511470917173728 0.187469995538847 0.240843205451623 0.346961483151469 0.858062100995172 0.936849008499395 0.173580432182581 0.158430650708234 0.854641375442425 0.259295091229144 0.40271628026757 0.296175849398976 0.0313126207181372 0.0171287346390097
0.448926783401276 0.631724861714499 0.61678628772451 0.809099540687216 0.682753741020841 0.633540474475177 0.454998533439441 0.99333031372354 0.93667403999946 0.769359027831929 0.825366395342971 0.994889091679252 0.409146635896364 0.227348407207287 0.905945593976115 0.994799814607137 0.543980838277761 0.791980999154102 0.037221122859202 0.00093103303752627
0.0417691873034849 0.508138422436666 0.295516031067211 0.460638981394321 0.800705816529967 0.554279634906021 0.000876430446336252 0.0641906294838104 0.410996086624884 0.0392859170055571 0.0180963067895476 0.995373309596351 0.053045984139631 0.0599775890596618 0.053916931987998 0.897899940255726 0.196247350268757 0.509371980829161 0.00562456008964912 0.534434837908866
0.0490499503755664 0.409873000845704 0.752411675094882 0.47184438392821 0.0872266393522903 0.395508052940574 0.0189496939516351 0.154471305398767 0.368763329715135 0.145278407869696 0.0507567993805969 0.394908513564031 0.0482123975921072 0.0767243107943808 0.150721350752224 0.0164229930286742 0.51255009178372 0.170299751261591 0.126598957670345 0.78952430599164
0.515337391036696 0.706752507360994 0.91913755738647 0.734363729512715 0.921482587637474 0.483163229375839 0.303613100485257 0.901879763328952 0.79346544950259 0.910252953275318 0.985243839197354 0.940287066079995 0.607227540309726 0.275803932495203 0.832452593338553 0.999607060797606 0.701571007848986 0.642229875230401 0.816445598402407 0.99649197149345
0.824533893281019 0.74014807018094 0.764910404777622 0.629309929957406 0.98250872430492 0.350096384738185 0.495145228853181 0.996919883061014 0.513772587374943 0.844734405687349 0.984463320654632 0.991500100668713 0.817080268936715 0.535504687997659 0.96050396172906 0.972773244737841 0.653260146527132 0.917094114836625 0.996136017276773 0.988824278368862
0.367057340355081 0.677583900658398 0.742795645896292 0.707557379539306 0.907356638999102 0.791551331180048 0.0819897728383164 0.859246062584904 0.460716419438464 0.56495483555466 0.473277974870819 0.950116488399989 0.432635152125389 0.151239170383844 0.853711647867817 0.908127843365047 0.343604231825038 0.655254311180651 0.0114465536523545 0.991781971262387
0.135226822754397 0.679211870878301 0.25724878194187 0.531795708897729 0.0756568844084858 0.232873297594937 0.117141711318116 0.778247403296775 0.850503162834515 0.434960659496734 0.105739805762804 0.838967498078619 0.267183614342421 0.111577235880336 0.742239093440483 0.363549278413826 0.4510229491589 0.558327930135919 0.0166846142140945 0.999678253155999
0.031815479254328 0.526561473987407 0.0396984306320336 0.550746931137631 0.159025762794626 0.0740139514603618 0.0746085220240977 0.276117626839455 0.655128242755113 0.0502277273934657 0.0856813314912349 0.822095447976337 0.110913225024895 0.0420030542734173 0.273409316989452 0.966589364935689 0.340162707742481 0.390328419643701 5.89547491405448e-05 1e-06
0.230843865715079 0.688518734039208 0.250653583700014 0.701269068447339 0.526326288218434 0.333738032963153 0.506946560823009 0.935304353977622 0.036962438010463 0.221674620774908 0.487004722510341 0.77078856192421 0.347042007797531 0.221670406802463 0.157980843778343 0.942814305554792 0.601856487223359 0.932639839935136 0.0796783055629833 0.965403934323096
0.0695375776210809 0.460451626845568 0.697376886236831 0.432374887986025 0.211593655237912 0.507974561269926 0.0697087605172849 0.424978669111413 0.825323583032834 0.266318875955179 0.53287475340445 0.535947266597092 0.0582405097062257 0.0633135378229057 0.191347488509512 0.992599490905682 0.430521600526582 0.178209722922234 0.00012242948361284 1e-06
0.419728735355264 0.69708983928741 0.224030386021278 0.621025313787165 0.880799917292389 0.146941348270271 0.236158312246519 0.927788706231418 0.625672246508156 0.634479042121549 0.733946098822676 0.946629310178588 0.628958713338603 0.263297640092773 0.772662413067642 0.781338820838733 0.475528893701003 0.715762583781304 0.339011551716859 0.993841957722154
0.0276172314074589 0.308696948264964 0.0820843743669492 0.653810682320196 0.0733917283553461 0.373638717750694 0.0120485849000263 0.00351554380273508 0.0271969776122323 0.0542795087651816 0.0438928990999465 0.947559565433391 0.0369666118283739 0.0236879165568806 0.323323192165644 0.00583427081012733 0.282582315285577 0.324364217368686 0.000566628522142185 2.55543168570918e-05
0.629643662973963 0.704522832634981 0.893548299071635 0.887246808554885 0.620308138939243 0.678980259007152 0.652800538480126 0.967963262916229 0.967759672267391 0.908984965198817 0.964934308208557 0.992853006253235 0.665758843234376 0.247062810033106 0.542036710401371 0.957839585898938 0.453041026852608 0.759710424646445 0.725535683307077 0.992266163729945
0.246905434668027 0.633189266583001 0.280091982549506 0.714201172164116 0.507326191727535 0.356640452591626 0.0674846456135608 0.691482782927801 0.525591839590922 0.511616325296484 0.75332512209029 0.955654255094679 0.409248223981694 0.0826390125280021 0.827503550067215 0.987884526355959 0.543241676138162 0.702428148569318 0.221244290717689 0.00697523847171198
0.140623510272478 0.624033449690398 0.735226510232409 0.656016512829977 0.132119313392242 0.140092877939889 0.133068872923656 0.609807386057555 0.959950376839867 0.498963399187587 0.7917804439131 0.980346018324922 0.297182127087976 0.130971351973452 0.717948202890147 0.601034961916075 0.454224767985292 0.798966698913239 0.615630251210451 1.59243108823467e-06
0.176420974076663 0.566494191739071 0.720358991992434 0.601377182348673 0.89590500905755 0.330328684574728 0.46611108702308 0.88264871174066 0.0575417352141368 0.667728177398395 0.577167905400348 0.937281128133001 0.450376554327608 0.154951653778647 0.816251523317097 0.773751639688851 0.771194900971656 0.639987462007116 0.0890596022619477 0.000806321030089637
0.328929351301099 0.685559039610982 0.535837990565549 0.691113144614392 0.639937362428267 0.233345561229324 0.545474222405077 0.680758904569754 0.568222191208586 0.70020680210568 0.827977600963583 0.977022895607085 0.320913833583724 0.285265016380926 0.58331596053734 0.965187519758914 0.78040692700961 0.878385135522184 0.979938066887259 0.999982348756407
