0.082236260450254 0.511840441324131 0.354819815417664 0.534268657337353 0.436570037612149 0.164497226450982 0.0603367844554778 0.495224018398754 0.617281628023333 0.290517242434301 0.558213866080866 0.99946831370964 0.135910199552749 0.171666642413456 0.778741711417309 0.49669603100982 0.488475219121233 0.485925669069746 0.113762392120262 0.000101706049151472
0.15969175683103 0.662583122968134 0.33658248468201 0.526629612570201 0.656877747945557 0.338870364647614 0.151551857432562 0.242034654313572 0.0565960977710838 0.375749625507157 0.557216638830418 0.413160472804485 0.271785741496129 0.0931881518654764 0.651722304162453 0.737916990726858 0.346332865253875 0.662289894656018 0.839138979706479 0.998219061729977
0.897499383933254 0.8202412666874 0.998964641482531 0.725745648382369 0.998039748302939 0.273850899690921 0.618447905277019 0.994713826410689 0.982534615572954 0.992334349357405 0.99223285905819 0.989821147123916 0.842021683469523 0.703118834093253 0.939940212535445 0.999791759172546 0.615912960377517 0.910631227802069 0.594734003446058 0.99661077439322
0.301169618412485 0.645500566024309 0.664824598588516 0.64898721620031 0.825699283580215 0.70425791950168 0.273490547589989 0.55694418056923 0.253257882633481 0.489778069298875 0.731099025234364 0.492244731250092 0.293385251493585 0.368433595793796 0.618912787775685 0.944726109326364 0.340559719754185 0.585063967152202 0.000635443847769461 0.67612235889463
0.349944127336366 0.613721352216253 0.602068725428689 0.693683262976388 0.457091558213421 0.338520382822493 0.243398441677347 0.336079441488904 0.828161590157949 0.28091336473335 0.880667230919345 0.974600103908016 0.232161445598555 0.0847985235085275 0.421854171888109 0.880416723878314 0.842619066923103 0.347578333548219 0.000850897227797655 0.000186269176453964
0.0798006707421827 0.411864815883676 0.068784568064413 0.714320439237768 0.0332078869742483 0.378415940229135 0.0314836965385639 0.0319084819611101 0.782617243812639 0.0552852112544663 0.207221993774702 0.856013183085704 0.0377718163158472 0.0838632451501816 0.558523150644374 0.741993292412567 0.411277715051892 0.393571372739635 0.313527044308567 0.00241543275227323
0.535543966774334 0.686588648256785 0.798019559357384 0.558906601365454 0.917164092137929 0.698691615808469 0.374858522198192 0.256835162022624 0.712123037330063 0.904800323302844 0.464567601682248 0.99698462318447 0.530380576986762 0.132942948614781 0.646049311479871 0.989677999299107 0.543775803838361 0.495934687461409 0.0140774702271342 0.977918979094075
0.337554978113028 0.560449995297495 0.497790826410564 0.636419216244073 0.876660493078748 0.564615467625139 0.399529871634958 0.175156142653284 0.0782496424543773 0.315678395072502 0.894823701429414 0.635580404783246 0.351504832119954 0.247851814768905 0.792262271898361 0.740419275152422 0.590556397167402 0.39032617716512 0.0317973741597671 0.00800851322400461
0.0394889588390369 0.536908313781636 0.123784152389884 0.548473101730541 0.922901749769316 0.642522354076725 0.0164425649192573 0.147632101232854 0.945931064311619 0.160402072536815 0.284041597772422 0.789009336066315 0.0179336763574184 0.0412956164622879 0.580367753262718 0.873486205881916 0.284476401104456 0.433745318972843 0.130262132532822 0.114484629280652
0.0853079071979231 0.567478700953378 0.708400681144714 0.652444750178069 0.478922428479224 0.378199253134607 0.161588499560148 0.49957667417185 0.241439692728982 0.110401593867622 0.6630700265285 0.96002916735458 0.173808312272831 0.0933154259559072 0.19185468510212 0.574968427719486 0.472164152498035 0.50820643052992 0.0604156714723621 0.496086040047562
0.54621002189231 0.716569516176557 0.675535954517212 0.689939007961635 0.88013412597469 0.565925085292073 0.424574501637412 0.926815746518907 0.916278731770267 0.921960116230972 0.969431827309454 0.996913376565216 0.632614881809342 0.429616388358651 0.980011849443761 0.947830118018046 0.624005214002305 0.68003061624468 0.100726460220935 0.974034398409713
0.0919408062441847 0.572134489718344 0.454696539317885 0.444045388750282 0.323700991794768 0.632738421618524 0.0268887952518318 0.22364811088024 0.0716504635034698 0.143701144371566 0.131258207364266 0.177294509750676 0.152533580625657 0.0972381845715782 0.404775524894142 0.494833071853567 0.425921139669891 0.760662061561932 0.0479090828539357 0.00220163828563215
0.754780615047764 0.731601900171141 0.745487440938668 0.710109710278132 0.658124518336903 0.590941498547898 0.540240986225927 0.956100544928069 0.975559725336148 0.863301205131595 0.728949605851405 0.995915461921856 0.632885611024969 0.356729901260768 0.489421447628326 0.99807549235713 0.618538504451932 0.766972447886231 0.941252723678467 0.998595027899255
0.13608212459298 0.524127477497096 0.243551486104102 0.825980062364941 0.524692661382328 0.133827748896005 0.276216926263568 0.310023369616303 0.497771757484462 0.263186504049095 0.0705188020472579 0.45703732652912 0.145071157882773 0.185769999015728 0.191075180641819 0.715731217416101 0.6172702352682 0.548727888066304 0.00511898190145461 0.714118373781228
0.0964238353658742 0.579232908383698 0.608738915992753 0.598490235332801 0.363318910305841 0.177285530437901 0.3190372201455 0.548418609622223 0.949897331815168 0.101082048540735 0.0676549407799036 0.678413980225617 0.245226644410446 0.187454013831661 0.734365764643653 0.437104798485411 0.537862079014003 0.227102311597943 0.0284757264751923 0.0200485067371972
0.301412880950079 0.633486760057728 0.321251984625889 0.794548307319032 0.994987204754902 0.472693860174387 0.0897706019038907 0.680009925591767 0.377071499094328 0.852773419586581 0.104621406646501 0.959641855990753 0.501031687964051 0.17981849495401 0.734219215165958 0.992255712568112 0.720842411867713 0.665827521919323 0.00614709397690194 1e-06
0.0952877424821066 0.539049555486337 0.0785642513178745 0.418059269496124 0.619359739695609 0.133170190554112 0.0585979250645281 0.301938788241533 0.396167780777028 0.170020229472705 0.126713746405562 0.76679179103557 0.0814102088863391 0.0400249078546949 0.412300410343196 0.00974791214909622 0.305169370407836 0.161709860045952 0.0301075081067582 0.106433120110396
0.156137476807039 0.547626066500715 0.618309005302044 0.484461494218464 0.841027342973455 0.369298612843445 0.4328716819481 0.0667032627852385 0.858091959995684 0.0483719302137571 0.101259575812679 0.502521330421342 0.0799732001162102 0.0779796771363828 0.487317008657202 0.195757640136223 0.492857529851092 0.351502280389711 0.00180881510681306 0.991833841712187
0.0811429851680525 0.519590059456699 0.622752152197507 0.624363442899122 0.843146412441502 0.528596426548152 0.149849119891333 0.465509060268901 0.199462376873151 0.0967173425793269 0.569124256609151 0.73223868669885 0.0810111922644796 0.127804022547464 0.672819578263334 0.269103524842761 0.554682489449114 0.783569405250892 0.215682708668126 0.953782013543761
0.00878863190609554 0.484361868067151 0.0169766226690265 0.352231124239791 0.239530907642339 0.092280257562975 0.0102036843431399 0.0398253722165723 0.310515155871088 0.0314182668295652 0.00687391074493443 0.911339652588095 0.00965309024611078 0.0214811972328827 0.280239600019833 0.0299410196598391 0.229064278147594 0.313697972374795 0.00272132420866601 2.12015649887384e-06
0.114337640946786 0.621585882188019 0.648755030419809 0.549969798645568 0.784812354640548 0.190198884581937 0.123736448328041 0.136046576028823 0.469392109727462 0.333014350139672 0.589490734983257 0.962064790746616 0.439498052336201 0.216401300755569 0.385604303589907 0.282368797870931 0.304679840866837 0.601519613023108 0.0216055308388794 0.517964226031364
0.451853583059289 0.803006726909078 0.958666827355997 0.751226195912242 0.989543304884543 0.839920710834139 0.680014006140306 0.987481640428997 0.59418801448848 0.927562591909192 0.993417235037695 0.926022494039379 0.624348194462217 0.369104953993156 0.938857055103191 0.999814962252148 0.52999553622945 0.802057139258505 0.247035558933895 2.00179091931352e-05
0.0320407904638852 0.508809040584921 0.161823128750144 0.558819309887021 0.0289924754417756 0.16477830841485 0.0510487129546711 0.526104179018679 0.0451414565765642 0.0789696434892108 0.037835332915599 0.617900051058526 0.135945150828238 0.027643601963097 0.106797670768069 0.172162057104434 0.459516947001294 0.324776570101113 0.174216012881531 0.0198173258290529
0.0235736989287131 0.398146732522775 0.154384006825889 0.625790948692224 0.0120688849069331 0.2388732673245 0.00673871693300635 0.00879184702320866 0.133057780862562 0.0125554908649578 0.00397005555713571 0.575855282815952 0.0339681846549353 0.0308806748939042 0.214177300927766 0.167039908497989 0.246365621253556 0.094244197115688 0.000243540113688519 0.00727981126557953
0.0275061874570142 0.469690578798699 0.287175477406752 0.699328241799141 0.0264496628522506 0.215779184765603 0.0582172849262006 0.220609714007259 0.182167635304984 0.0616738599008482 0.0410350016722932 0.358239480160685 0.0276448452164 0.0302408632857818 0.138402099724181 0.891305176380591 0.234252505417357 0.143467220461972 0.00974089323795789 1e-06
0.046750998910293 0.354736883834195 0.337190000888312 0.5520406910647 0.00221639101365441 0.27956391797132 0.0653365239459782 0.0363932096360808 0.0378724205125243 0.211358053623967 0.0365528299166224 0.684387337561143 0.0836228758241738 0.0679878623967116 0.122219379213376 0.243584151433221 0.148368639047915 0.441421811504954 0.0170149633684631 0.00312553383468324
0.374654922863884 0.643752907747708 0.959685899726689 0.681209772849716 0.875407347537258 0.398548676335622 0.173241931745621 0.692526359793203 0.0386352402649404 0.809680701946416 0.89999534837843 0.989428622374974 0.717169601797642 0.396969464104202 0.789397288215853 0.974828056911239 0.426554462660135 0.680548240914491 0.666680308111728 0.999994961636244
0.0113983840513251 0.401181835976687 0.177049119996913 0.39452788935395 0.0155825940512929 0.366495062106564 0.0249100499514789 0.0613682242191486 0.253724620288709 0.0199000456197119 0.00331674559126687 0.735001913263103 0.0300477826385413 0.0110873239723938 0.0474999112985321 0.00788616785577138 0.50708526614729 0.0793482533762652 0.0107152779722535 0.13238201923335
0.0235172352108859 0.436712077285294 0.293040806447371 0.525668466285482 0.10488979880265 0.795908973625281 0.0278562747333956 0.0016093835255787 0.111018369120279 0.00626187922262895 0.0109758702549882 0.726205505548451 0.0245232868812572 0.0170049054253105 0.0908622463213028 0.63734480592731 0.537628207658797 0.165727559842845 0.00175201855733022 1.10463145935577e-05
0.188247019053379 0.656051163016438 0.342532998777813 0.869859564610923 0.269012067578467 0.170660542318093 0.0732253733132934 0.645181672195891 0.0996185459726223 0.646679076986216 0.78033657823633 0.931702519458541 0.143830671478384 0.087691651927537 0.570352965341286 0.986364088818337 0.573896111957215 0.415868163019866 0.00258828107968762 0.999987929730559
0.223835511619954 0.570449480420493 0.690453608115097 0.654331328831221 0.738410810019459 0.47083625093815 0.0756397567642842 0.475849559004488 0.739031709693924 0.304614855023514 0.27768207925397 0.936600224318132 0.167436409500181 0.131950013371938 0.859247025392078 0.985829832294086 0.404980849019221 0.431626746608474 0.243079473715283 0.690532959693912
0.1730991561329 0.724308367878839 0.672792171032582 0.714193588057262 0.92196258539992 0.118511872375549 0.0978695378770079 0.749706037768018 0.790365093099931 0.56032165234119 0.342121279831208 0.999712912718224 0.254126983778658 0.119542507758645 0.814891549300166 0.997008254703716 0.525429740352696 0.646720691527523 0.021725800422971 0.0157637616758166
0.0172316675289081 0.456474878178651 0.100824406936099 0.441203417638528 0.160358106713162 0.25513709750561 0.0132707311374115 0.0399117476467281 0.0374970509212148 0.0110137092363136 0.0388421851743151 0.893603936011541 0.0498097624412976 0.0181817103767402 0.496135055142313 0.668864454929879 0.397904235961897 0.245525279184439 0.321146983461815 0.012794352322044
0.0919516240549101 0.485630769656171 0.39986699779859 0.497972287339925 0.0395287590553891 0.363107956021771 0.00867706194922375 0.0444902944194244 0.17700948522945 0.1406074208157 0.0544638621206653 0.916288984246789 0.176812662021788 0.0331755305359149 0.567241970026438 0.413171966902825 0.273518489627273 0.213716002606123 0.00552506694595861 5.03491589056997e-06
0.808409309352173 0.841709312524952 0.92287409114618 0.896385194117565 0.996684329484748 0.652457482531864 0.271717422272685 0.985396086181626 0.996523089714412 0.980263393274665 0.998138817592449 0.999932078197049 0.908154035090569 0.516269268958174 0.839204863504156 0.950706326241754 0.526925218587385 0.841968800611511 0.588250033317513 0.999997976639704
0.026477769715816 0.524035437344365 0.493912607220862 0.528855593126562 0.0598360901704913 0.193887141566375 0.0172922370101463 0.0432087541957963 0.0629954409476853 0.115438795166445 0.0556426424754406 0.822241430663466 0.0718497570214304 0.0281677482334383 0.373994284825101 0.6140597920236 0.33486183236228 0.410965272963545 0.00165845007915734 5.89221561868068e-05
0.0413796583687352 0.504562636770386 0.430044602464731 0.520813007928463 0.464014261036808 0.384470236437051 0.0530607992412173 0.140705922732038 0.150730096945627 0.0969974432773958 0.113966561280629 0.876847941664747 0.0507000554196434 0.0484432008717575 0.339476084189617 0.882111719396536 0.672879131096497 0.398057076169626 0.000897226207212884 1.78122855925646e-06
0.317958878270037 0.60433229323163 0.38409194959821 0.774746067424942 0.253604283508404 0.611386114524525 0.103750718691663 0.909599750844368 0.15789505226023 0.604870125037911 0.187943413307277 0.966322876738123 0.214825170450106 0.194986516306853 0.81906728522575 0.999445029616699 0.488569404988902 0.65837327386417 0.17344061712492 0.0203775610722965
0.0767497599847339 0.55624189706997 0.210087796732362 0.494505214442508 0.493154439495761 0.738885043798476 0.0405748352420911 0.0401912733396013 0.509410541733498 0.0832966683056794 0.0212652695994877 0.771652725586139 0.110498909383181 0.0603425105302374 0.439984958074728 0.994652110057273 0.230408779456454 0.46196735095108 1.48487823503733e-05 0.00354511409083608
0.179766920029175 0.561977398496618 0.514249729001347 0.458137691758256 0.686653443141783 0.496280352588668 0.0530040732926231 0.293472344907659 0.828118511868702 0.612925422869878 0.567769713738369 0.908611921919068 0.0705566120477001 0.0948497470701669 0.319469031450254 0.923827982654179 0.505256062077736 0.760601404886289 0.000437999172026915 0.0108208527470949
0.128652441331401 0.640206423293589 0.415812087102815 0.642813582236141 0.0947037268916155 0.240091479264649 0.308142222885154 0.620571660643129 0.711768045155974 0.135329578137436 0.512149080325087 0.917808571606679 0.280773332467798 0.0668079197112463 0.948908371662572 0.765474236364556 0.439144704026415 0.619031854765394 0.961036259494391 0.999161301843097
0.216737837845817 0.576602173936116 0.70210726735072 0.774182807765814 0.856546722373484 0.381251856995097 0.27430116385758 0.537519083962023 0.15319585708626 0.86423693438791 0.5312594655925 0.98629572049504 0.534045765898196 0.292811917782544 0.740129195111931 0.477702800159697 0.332455439830443 0.649453625116036 0.0346768835815609 0.000203110033035283
0.558468767352561 0.766380161106492 0.425355995750479 0.701974690049909 0.983028250168711 0.119642790222831 0.41910890930788 0.9306802783737 0.967602675518617 0.733777980857183 0.866821274768238 0.997014560270063 0.529124129037794 0.423143508707328 0.952404962879128 0.998153672207732 0.499030998734084 0.599277787641517 0.279181020477935 0.999999
0.229165340206868 0.659255941134553 0.279600452971468 0.562917706099433 0.983290645950074 0.658282110915665 0.442842579693699 0.428504850467099 0.227778494414026 0.569035583556092 0.669721123689624 0.904202779468561 0.38017190665514 0.124673152948393 0.888466946762955 0.399766402067743 0.434297532715229 0.868613951519795 0.994096830469206 0.687367000087521
0.0810451493555497 0.521062493592193 0.698884700821339 0.470913925386142 0.844244560984059 0.26864476741522 0.108615617988943 0.349341291414255 0.0161523161499186 0.163871103675416 0.27000716217651 0.914492805347515 0.238653715955475 0.152369023430902 0.454763193587924 0.941677881530955 0.323161877823884 0.731684485899557 0.00554764444297917 0.00052282838325813
0.24006921087523 0.574265023188539 0.334914663990684 0.277204362581534 0.690034477882829 0.649181539448651 0.0797978264017246 0.687329860365256 0.933624625365751 0.328730804592944 0.623774827260025 0.917702253757143 0.203616172763189 0.0765832711061954 0.426280736830003 0.995879974596606 0.830620726379882 0.739495531491705 0.192586294726197 1e-06
0.0806958199445832 0.529000381980831 0.180269491746083 0.5653769241248 0.0352072672390002 0.246498678319327 0.0166236568332218 0.330521458551061 0.0107429090232962 0.514840280125398 0.246967506491792 0.977905203808386 0.0169397371369263 0.112563397446242 0.75240268549873 0.51767882002867 0.297321306403454 0.46665649970732 0.961698981981267 0.0049807510126595
0.208558608809064 0.580280097026546 0.533798121104511 0.872156090413046 0.981721340699935 0.358655733939309 0.435900364794633 0.534061830652173 0.0674464038923084 0.662785348905552 0.918541932175695 0.853094087746019 0.259778207180096 0.235299178921331 0.848008662419279 0.998758612170969 0.440912188841113 0.409616901150241 0.441779244896386 0.999998728153625
0.11528189778754 0.58669191368331 0.139778805558907 0.697396884137632 0.101368467417177 0.135871497349873 0.0148631204011587 0.297939486307806 0.0550819796551414 0.716910544807471 0.0970973170375024 0.208539965995665 0.0827200318050515 0.0370208599717626 0.784247637107273 0.995621734072965 0.50734765438613 0.539969929708653 0.974548367898548 0.98212959704319
0.326229933395745 0.670687571074869 0.694176265987361 0.526010542692345 0.642973281728038 0.442939503984546 0.6648793538707 0.670940652169196 0.0588608325382368 0.730679788791591 0.830039699654774 0.987645529145855 0.49083969610399 0.24336179734168 0.974922653062654 0.900244502247585 0.519203402324768 0.740819245293445 0.353708706630531 0.701896627823485
0.296690723534679 0.599644583629222 0.882103985364507 0.624330403407762 0.982275507104399 0.349337048725954 0.0650033460348209 0.901339877936767 0.636197646600197 0.654127129163418 0.0889653225390924 0.843275246879301 0.575001077198608 0.119512381186227 0.570588506318692 0.975522680215089 0.539392860664731 0.569217809594062 0.00681063599280194 0.00150434028075362
0.223656798786163 0.545110250629881 0.204339263606462 0.728144014775623 0.27355819492938 0.622653813204415 0.335014422730292 0.459199233663655 0.760443447153063 0.640878724827412 0.438533668349067 0.974144747503187 0.385421459556875 0.0705599859787549 0.735880766614812 0.999247222825315 0.54021384974586 0.673258740510246 0.00148128840767192 0.0159086124097454
0.463005700892014 0.660423888822709 0.224511555295283 0.771728482230908 0.509251605633681 0.170969708299469 0.143121338022243 0.716385585446067 0.451781666223969 0.90212947201992 0.616757661497383 0.997206933436081 0.286617887375356 0.21599039199112 0.606713449555891 0.936670321076441 0.720962785206826 0.49862154399463 0.0419453414091581 0.996012709149303
0.126329580966123 0.50891455821315 0.249011429818013 0.667492043056131 0.600046438915548 0.421412533285022 0.0239167562209736 0.0300672986138995 0.942528070670067 0.176091077419292 0.131068321539943 0.775380111554183 0.173888501564056 0.083172262921929 0.712119615672146 0.947122787903018 0.242492610723598 0.727950862810237 0.00592200066810105 0.00017705456745185
0.259632264568082 0.592682019347401 0.461076109139298 0.490576815168767 0.485465129209587 0.117244159789833 0.0681970469105188 0.138233834828853 0.0695118841414786 0.365961662506367 0.0785849857780517 0.6343082823593 0.106207366773587 0.092058852351933 0.231920128831776 0.509620599105497 0.281810651425791 0.26317100497972 0.00341090701274487 0.028662720459069
0.0922536382265621 0.549696586134738 0.292967299367978 0.578355562921454 0.174612469951699 0.264630636654981 0.166770627154902 0.0291779432875734 0.094990353371725 0.0454399743084326 0.00792873561457456 0.0854420423931884 0.0365150319844851 0.0421447595674979 0.345273489459477 0.0443348919706698 0.187033403382362 0.216800937710552 5.71210517380166e-05 0.102396987260744
0.0282995608102955 0.398774889681304 0.502515322511833 0.492329011712602 0.0149778652739784 0.690537258609621 0.0404049281576856 0.00508141283523351 0.0158928548965472 0.125333996698374 0.0352027447970551 0.0833818336996898 0.0307232007535922 0.0128377552806681 0.170643101443254 0.000431462652347046 0.191552002708195 0.139605020395021 0.0850189030988161 0.979113679036449
0.139957051392998 0.664258040852651 0.108107648137168 0.67693344982066 0.0335735811510996 0.514752444102338 0.308291771262585 0.121857135402587 0.399374686598565 0.0909299618704498 0.364505483771187 0.725281130738839 0.187538452006296 0.104532118453698 0.662378138260938 0.860013900690668 0.540272261216102 0.268713037378955 0.0123126396472108 0.772256097532611
0.108791525280387 0.612298147601834 0.538597498425741 0.610297916640064 0.556228494980746 0.651571949133579 0.133776280203919 0.10919797051272 0.556308270713043 0.137929570129414 0.1498268126067 0.530480148035072 0.176848750239736 0.106879167204419 0.345098974344463 0.748800432364577 0.768803695956793 0.590358215133434 0.239203824051306 0.936565392205548
0.731529324992713 0.735708156301957 0.850212127470819 0.717953803667416 0.962141666082798 0.183427395612748 0.708921994195699 0.954517847709977 0.987945201251687 0.954590936404032 0.988903314994653 0.962829616702929 0.481697516203153 0.446767379130307 0.889993349978303 0.980147827741995 0.154766273093761 0.536836811912205 0.944665551025266 0.999902401425927
0.0284248817305757 0.35691996080746 0.578455678611737 0.361539175628949 0.228284158551021 0.0729492454310564 0.0234636021602579 0.102769726321102 0.137053305603356 0.015758234077411 0.0660009040431723 0.781863693563318 0.0630876454747343 0.0450071871658966 0.282944472747198 0.0917018825982746 0.292579728930959 0.291089475908839 0.00595720891466922 0.194207764783405
0.248032650078926 0.629979127559424 0.67603964412934 0.442902995846893 0.714621673444062 0.426853344187401 0.302199350528092 0.305602938799196 0.331936084812284 0.670698011332429 0.711601830865647 0.995231215436752 0.655959362133444 0.0823516925027469 0.70971379118475 0.974678792810006 0.614340425604242 0.547690834543081 0.000765854161237441 0.928619970964557
0.0734065438935061 0.447441832114215 0.288309137088598 0.437816473125886 0.536324650982905 0.280728196285319 0.0474189064842865 0.112280870223018 0.0549246151179387 0.0708591478019376 0.0109650580822487 0.111360149239583 0.0419616278074396 0.0365515149614878 0.461884080658804 0.0303681415706628 0.61078879510009 0.275459385159848 0.455537122315133 0.735923400750677
0.113626912048038 0.491183571369111 0.0943947827897472 0.584516650599032 0.292769531983023 0.42224376082281 0.0623389905630438 0.260107915075674 0.495184521959717 0.10821395543891 0.277827551230599 0.0282054545115101 0.0966770183448649 0.0890483631152432 0.698914179919078 0.0762115524137342 0.492457542903223 0.613557224129252 0.0703644214675863 0.00313515014801107
0.027723991987672 0.356561746958749 0.124878345539073 0.562805151926405 0.0375112779919238 0.447277931121942 0.092011140367047 0.0337359837473866 0.861937238826658 0.00723780547468805 0.0357558879098766 0.793156326912233 0.0258925979746312 0.0389182832176458 0.163644900475665 0.321615258174548 0.664172042213294 0.342215326645236 0.0824096337386473 0.102647890408447
0.321489643095179 0.687499800957728 0.800065374519921 0.614219364001583 0.865846927462348 0.500009405138164 0.5567597617586 0.77262702627276 0.90109959365412 0.857367676582961 0.6609671284831 0.811114212081139 0.388085424828768 0.276478773657024 0.851067095579219 0.982453051994845 0.47411014824406 0.498557682382924 0.0247599562881792 0.999999
0.0177085038956709 0.378365474630633 0.0313442877253588 0.301972665803442 0.0424927915378749 0.0842087400654268 0.00756768315144012 0.00336017112163476 0.0655610380523791 0.0285225669137472 0.0451503164941467 0.179204999569575 0.0144897595569011 0.0270023486971181 0.0319603624376579 0.00295777282413828 0.355722647322644 0.387681950344245 0.000734794165136671 0.00109580825333012
0.43682271043278 0.693102301405038 0.846000026424895 0.326384949525619 0.75652360468245 0.162374942748892 0.255607657724701 0.651795729981836 0.998799353457056 0.842597441656879 0.446502679949721 0.981717917798613 0.607116301568114 0.23262898548239 0.680234232127602 0.547780182975935 0.754485985082667 0.59348809734807 0.0172779346616094 0.00457800093135338
0.0424992394051398 0.396235150421002 0.0379334280717145 0.433282877852123 0.0179666355515431 0.226432824216331 0.0190516560685004 0.0703120060643545 0.143800736273376 0.0309471745867946 0.0775608273489485 0.928449660433932 0.0254834468170885 0.0349828863961923 0.401523863009863 0.367089346008604 0.560616580776731 0.508074832829318 0.0339498011969898 0.000196816318170309
0.0599491042585735 0.55285096849899 0.58045693960904 0.141517840089542 0.0497297571526107 0.158010597215088 0.0170200215480812 0.159973168295779 0.17089994502153 0.0170234299005295 0.0463039591184733 0.821375630440476 0.0246050083352497 0.105020623356966 0.0777257450913067 0.783235032537439 0.490052820205473 0.233566302987065 0.479214580085823 0.998934850647259
0.321982498873205 0.68388647551025 0.747028032594772 0.564708837051009 0.965456436945267 0.338860089703444 0.558645357612382 0.865831758971715 0.718526858447791 0.918260554314574 0.853099608937001 0.965412129279412 0.614620722239038 0.265658013398254 0.330190098880619 0.992444569084393 0.429812265544305 0.740585514716688 0.0208020190667771 0.327573973523964
0.290197119989394 0.752715873626446 0.265050713644893 0.857350443575127 0.680260142013554 0.267494983368344 0.407448724460293 0.77028037922734 0.970667853515899 0.986669463976767 0.855905554571981 0.986416609247944 0.687316913431266 0.252443639436943 0.943896206989205 0.999710863505484 0.799074289118775 0.541751767574411 0.172951330846843 0.88852334423007
0.83066193305136 0.843228993201518 0.914997286856874 0.592112745453308 0.994603545266295 0.555882085480257 0.881968343409573 0.984050440422298 0.996436881524184 0.997318223624736 0.998173330569698 0.999956334564393 0.883783420527315 0.631576010697592 0.957168934517654 0.999887214386274 0.728109673557722 0.882387114451723 0.998043309012119 0.999999
0.140247910327912 0.640791959855039 0.70595031616468 0.70971704534687 0.217135863899156 0.344373989126657 0.0694861078240787 0.457833415958277 0.585907520347106 0.259673297863119 0.134554504226709 0.937347871264984 0.194760516919167 0.0495742614534151 0.405392522936302 0.994631491068866 0.204685978609977 0.487707123154679 0.0603342709736539 0.999949220668083
0.0906299103290648 0.531855847036263 0.336743130205172 0.500546440479988 0.569308386031568 0.0954662370059415 0.0697282906362563 0.0472471972423103 0.858246472401852 0.066750437256333 0.174091172642503 0.982880619853887 0.056534018315795 0.0234877411617218 0.513986246833143 0.0418086068449694 0.196667234858716 0.44537479245949 0.000320115644589649 6.40466309835141e-05
0.345262809818558 0.792581750459066 0.853061944344038 0.624051469843803 0.881880208561766 0.824119977231244 0.113721115558866 0.955913254211443 0.873937139648317 0.854930918556429 0.958903345792005 0.991208380013144 0.511067314624875 0.245273270220335 0.686912478240263 0.994424483923195 0.623281448538473 0.628325837943613 0.998108256605235 0.98448487599589
0.0760205932365751 0.611150478775613 0.240824738656636 0.646161894893501 0.762585307281932 0.075120417278567 0.0668310075896701 0.113846407854091 0.0907597469864016 0.127462208352308 0.0311261394147502 0.842354760125421 0.161446489380954 0.0563962581350261 0.369496201004523 0.031653839071223 0.423196399831507 0.370647520280186 0.120044569282983 0.94174553963564
0.0542759714797197 0.605896456412558 0.639632399477935 0.474782300923804 0.819698731594025 0.312019585711408 0.235001128594798 0.67507962888157 0.983703832228505 0.33692514345011 0.202388001322529 0.941419895157475 0.0208346977528291 0.107361900107803 0.350045527164094 0.97845415807559 0.202348188996929 0.625768132492136 0.0080513036593261 0.00826697981323394
0.0253557099983284 0.492008670727161 0.707552903585393 0.504034905200717 0.0938103378098399 0.269760950308022 0.0556177080395425 0.0104488015583872 0.177099225954903 0.0248447124897464 0.0145138728091318 0.923460458539521 0.0350805546042308 0.0197078904323155 0.232227727796757 0.0281659033603323 0.277646049746973 0.491434875081411 0.00293003809429796 0.000641673921762198
0.147946182808061 0.451965647776949 0.459072906953044 0.699950086199218 0.78377215245718 0.26107184315178 0.148380999333922 0.896196898022298 0.242183429474618 0.0741420375445119 0.623341417173081 0.0978095614369567 0.209995647733043 0.0976448171379213 0.228997535572036 0.899485222982708 0.343467796820871 0.534025354186476 0.0204314374869986 0.000112069749761092
0.464978533905498 0.739262926903456 0.846777292196239 0.7864645149148 0.983730659319807 0.307386246912578 0.512605560399711 0.895662251226375 0.847275131823776 0.980422401802892 0.806084059948276 0.990408282006083 0.773162538009156 0.489704186697393 0.906731337222519 0.904393646815769 0.62864749737689 0.775914506842417 0.433720567445133 0.999887930846657
0.590846660873948 0.6840743998701 0.958464671429171 0.580231459462403 0.851553207765209 0.605388666607409 0.447826733645439 0.912832650083579 0.967595034843022 0.974686902809371 0.622257926883902 0.962077228747407 0.663035610538669 0.266507995707224 0.749554131611175 0.999286825099397 0.715801625218726 0.654161564331947 0.382812100982994 0.661665891013321
0.272280669645578 0.735301740973974 0.712110057051401 0.557401225935247 0.909937416357228 0.33284019211823 0.239871905925314 0.949141156845426 0.20249664046118 0.862488552379913 0.45756478192239 0.982982432201774 0.295690346183421 0.245469247876143 0.671804611863195 0.819548802535157 0.455786300952253 0.656047782134814 0.511300387570462 0.724536927589303
0.0489295907112226 0.684523026799634 0.541976753894904 0.315710695998421 0.629306401662108 0.8419339956679 0.0334853061496552 0.80456086599683 0.545400551904168 0.11891879426281 0.306477150758441 0.938423210675156 0.433913419003711 0.110264440709383 0.220952292207445 0.996534816773352 0.457928875243171 0.538583746562615 0.000981596271288683 2.54532377327893e-05
0.355362068317483 0.474285035619986 0.371537530151256 0.702764295937964 0.106611559417626 0.494546419422737 0.417214581439881 0.427794809887364 0.813274829991475 0.287207163043906 0.639618095251533 0.640198700923212 0.221429895648908 0.162945714185275 0.600504818362373 0.808323803998536 0.247500971470407 0.707013632670894 0.230468189935468 0.98306303348721
0.100080681091275 0.490209807970882 0.53877105251969 0.754563909491312 0.171214652017304 0.0550603691053438 0.153610023935442 0.0901581101283541 0.36289596046985 0.289979623059705 0.0331690149313782 0.846944653162961 0.087795774500011 0.0636156859552543 0.690176020971853 0.0827769589938183 0.527422496521882 0.287375306271097 0.0478285704971301 0.00226904710049447
0.109974150736523 0.589717605547107 0.177557714968887 0.416839195129936 0.424124040612605 0.0709675653148538 0.0607998660833809 0.413865151820626 0.64895433401017 0.0738859087397146 0.0130948940828752 0.853628624732456 0.0900512339869973 0.0530799815054387 0.2456187175139 0.994540122848187 0.435760123130513 0.492656657244147 0.384163685543725 0.00373196876594346
0.834450416825632 0.67816485496211 0.866814615487506 0.786056442423143 0.99476951153649 0.884894979035744 0.732727458617472 0.939598330423507 0.996259301261977 0.993119427709239 0.998993074230584 0.999508882163209 0.87068862803994 0.530973212796437 0.937954071849655 0.99998596689937 0.501352674671788 0.752170207919616 0.985031325203466 0.948712033338273
0.345677521421399 0.627080630015295 0.375494221187335 0.516799704571939 0.924385281557369 0.243102424886936 0.121031454721372 0.341856268300769 0.75990788281017 0.763677777552369 0.389837497888753 0.982851867971609 0.530203048550261 0.142477254949945 0.922541527415878 0.932924787489716 0.400578118355395 0.609424583348174 0.00251540042774928 0.308503975716679
0.340397279789083 0.642970570343978 0.80620261885741 0.707749908924048 0.753566589888175 0.213921858169841 0.135976010578712 0.776650187884443 0.75554021466177 0.286863022147998 0.765121370244553 0.999931030745711 0.416119077463016 0.180214698061907 0.718692570016594 0.998998598141045 0.512592888477615 0.478035748773446 0.0351600688697243 0.0991398927791162
0.270685271906306 0.68516454302589 0.735359653789966 0.722757069840185 0.978072199772968 0.541695195956053 0.32825796553368 0.356777383046228 0.968677334233937 0.814830395634171 0.357027214895976 0.979832999994744 0.344749887869756 0.100806824829146 0.709800401638868 0.700410435398532 0.46674868281374 0.321109029754462 0.0870954032200414 0.0488556569180469
0.541606393627538 0.773696647704753 0.73336404086424 0.710627334341908 0.949439940970849 0.583156340993888 0.190383126006329 0.972326276378778 0.942827646409437 0.841941178582238 0.953567084069111 0.99805011762412 0.366007174851509 0.333161314046981 0.704162451615255 0.998046715263847 0.321147914184626 0.782007484143306 0.993070023694982 0.999971309663753
0.0400522391575544 0.483695428158299 0.398432908242408 0.711317686905763 0.0978665588123354 0.710790103246903 0.00627729294119857 0.106829338411728 0.00693622735662483 0.0127980947348386 0.00778848135399426 0.78922232167078 0.0783400536279869 0.0893103190517116 0.102594641661393 0.916750576717683 0.322275390222371 0.123711188142084 0.221109012374607 0.0137816883605232
0.43075869156099 0.702065004379425 0.753112296644865 0.76572456765746 0.693399401090827 0.346346158318229 0.0813749705927204 0.313049216699151 0.605724058633564 0.624290180719638 0.304305274107392 0.770479432045834 0.162616969693757 0.180059095017345 0.913175910433762 0.999785144387682 0.356014967664291 0.566434743293644 0.368603780385324 0.929415725480821
0.255593910888504 0.704604966445695 0.629507118121518 0.427724972727433 0.916622851988457 0.385474391643513 0.324036727437926 0.99176334648205 0.981758546425055 0.726223878418226 0.767304338043815 0.630118079129848 0.364096248546687 0.192101660151202 0.823400557194412 0.996388457182663 0.750411465186217 0.64979691617966 0.965121437048142 0.997620592863638
0.202093948549042 0.602003846346742 0.403590449001642 0.676817928314849 0.807674364902419 0.608693979662529 0.549689475119533 0.267993024629263 0.235055790926964 0.651991086692689 0.183610253780448 0.933946526661695 0.321547036273529 0.121120212420277 0.583570342670933 0.859031306164651 0.714876329299349 0.60027822467656 0.155745529531462 0.968871610820045
0.0301693288400968 0.641349037109556 0.316873422466295 0.724311065367977 0.192464087931607 0.809575679812959 0.0403488461439971 0.560613369648534 0.164974503612279 0.048150255108367 0.0758899400793134 0.909236609858682 0.272704966549249 0.110673877696068 0.667954175738164 0.994184368454898 0.505798660155621 0.421184245259364 0.000223521745001674 1e-06
0.130190715852484 0.606499480347838 0.497396498945273 0.612105734893491 0.303949473738572 0.883010066144302 0.318926222580641 0.762856932576776 0.166757726688634 0.564643584421816 0.64776639823495 0.918067175725169 0.111455871424272 0.0992989343433974 0.376414460812838 0.777004068386085 0.465519798488386 0.40476880253436 0.0100840443237941 0.899712285907029
0.421904959903062 0.722781913809772 0.371788787219917 0.246355814875691 0.79455597915556 0.100923635137849 0.0375942627330813 0.572016624366821 0.879706682807245 0.886858317107994 0.486199621269849 0.929376401812558 0.486011271493816 0.240308400806024 0.868626244552665 0.99679128423645 0.661294934883668 0.723452778871922 0.530880014210402 0.499014734680922
0.0323649088201406 0.46040211744438 0.0990281334211239 0.716985872467628 0.089690516693105 0.133635150395204 0.0214988894224383 0.0275063259678769 0.0504049892359747 0.0622559499491852 0.00604709184697578 0.652323276932481 0.0517347545091758 0.0167641911789137 0.537681490561104 0.430948973932175 0.211039750401808 0.268036687563874 0.0170092139817696 0.749939188393367
0.364319617239936 0.74224492617355 0.722449519251679 0.830718360441808 0.972306014388367 0.519719218526013 0.0490371621239145 0.604683551331388 0.951054510707615 0.949572521811757 0.89192269214847 0.835378418761932 0.523357072320179 0.239366593999285 0.947312881132005 0.997799809123838 0.334475010304886 0.618761168727216 0.116015895662033 0.999702378578353
0.254393202015578 0.711191739777613 0.692347852997241 0.926752894179484 0.923058655161699 0.854898700305614 0.0851398329412776 0.976050354678473 0.978178341657555 0.890858384358495 0.860939524045381 0.998799122939712 0.581811986196427 0.287069607081374 0.893167217253807 0.972988475767672 0.771327391344773 0.786652073865142 0.808296744981563 0.999193085789363
0.0651162919183603 0.46955321624775 0.306404897975017 0.478148635148936 0.045652325295484 0.423074281375 0.0283871083859016 0.135373240489126 0.147738763350037 0.0465670168472005 0.0308957860474087 0.787088044970702 0.0572077450759895 0.0914965265301791 0.603251832372139 0.945689679543401 0.536595790551782 0.374838014171537 0.00258436068291734 0.199638476428312
0.106104387288007 0.665566324507885 0.497237655479909 0.699993786459445 0.248273029819638 0.583209850303341 0.0774926749334733 0.379421836680925 0.858376780092814 0.210173547475507 0.10335967872922 0.991522077176864 0.248227582049608 0.0541387100614615 0.185234463827406 0.865296015254077 0.445990804484035 0.827807953974545 0.27072455944954 0.999406514274535
0.186804224589051 0.557828910806136 0.728146325311287 0.391831615214801 0.759742750817853 0.154145582441368 0.0466411536108634 0.45825743717533 0.956875501842925 0.578546655229625 0.228700749641999 0.999379184043452 0.560013808116902 0.212795351792386 0.689330277776171 0.93666549010593 0.775961905826419 0.5233453725851 0.688553985508542 0.942307185954536
0.547139811038486 0.694663053956309 0.255146505798694 0.652109579647314 0.994454197598696 0.311779905798635 0.420275117665639 0.855319420755094 0.737173283208926 0.963903858133614 0.437849141185114 0.472242032249553 0.685792124542963 0.252304523719195 0.967610543010625 0.998118488229233 0.937076306142477 0.728296801324661 0.000227299219028401 0.177127009533424
0.164331967442482 0.547970505711174 0.821437903942253 0.598241946220679 0.0710647718953857 0.198633637546084 0.116286654217563 0.767303534624446 0.999318520041857 0.584094053529463 0.672303697101829 0.697672982385127 0.297514059162657 0.26342966048166 0.814445109849302 0.996077468963705 0.418461957894542 0.365048437440455 0.312582799884988 0.345768969844425
0.411606251472915 0.447985963155202 0.737181798886158 0.360091821278697 0.446326559986888 0.306443803095585 0.481620255537208 0.93169264724606 0.989123105724756 0.803302030135514 0.303364053781341 0.923167326057288 0.363125220015448 0.291342977662345 0.819366159299298 0.977779977301796 0.610875130232019 0.865524087420419 0.999856463762049 0.202288460683834
0.113930158130064 0.605489998142819 0.383368262361949 0.383423415597784 0.700854033365977 0.0691383564372151 0.0955270792416044 0.272747542355704 0.637227313044651 0.350184236617228 0.0298260612960055 0.922833619484122 0.181595656762588 0.0946855828647807 0.836817236038888 0.969832561275967 0.264438777823795 0.573065183238669 0.0454789721600479 0.835082746015192
0.390927067934794 0.621010452887549 0.755868063846705 0.854378234208746 0.929945112551676 0.590706808738769 0.0547810022814703 0.716416505208893 0.786566746099622 0.329956023565844 0.807673736813457 0.974756913094804 0.354612866068555 0.162467460725527 0.692209060567572 0.933677024604532 0.512817237159328 0.56942184948893 0.059777864846077 0.942340443196633
0.0792050393859207 0.375544053075758 0.341386060916405 0.770818622930903 0.0123316540009045 0.644847431704575 0.0113216375771414 0.176724795710994 0.325519752923968 0.115241418059547 0.0283161837319286 0.0725174916874639 0.102276978984264 0.0452648880003973 0.280355843442691 0.259216729812795 0.329551805196257 0.64685101261054 0.00348716503406239 0.999910938225552
0.356075420227634 0.716980698848891 0.470707076989648 0.776073414834765 0.705723507185209 0.5425958163364 0.104804181090968 0.452968372218807 0.909234155807771 0.772716654082965 0.992534510601816 0.952677380348154 0.227842862210731 0.211966850132721 0.94528937997831 0.996636887446758 0.549379095845293 0.658960942851066 0.111018857198327 0.999999
0.0748092096972636 0.485203630880634 0.230903365535697 0.518098276682078 0.313144220830917 0.348846053911285 0.0767027139042616 0.167027702636911 0.00536518261208501 0.249068353958702 0.01120987974184 0.99113428125166 0.106823750919265 0.0323121101937168 0.872140988036847 0.878463045059662 0.40723467625991 0.16249203207009 0.0747507622007836 0.986949003250591
0.289830724945211 0.716742496022874 0.545128128557123 0.719966670210658 0.77655259819477 0.293367544451219 0.372673134136777 0.800073366314498 0.0863207530440763 0.673473297043816 0.456095561277951 0.997315377461402 0.196287343469756 0.101973026232398 0.650990240630714 0.903486081588841 0.576200218585568 0.573039869850489 0.00281278800118677 0.98647565937284
0.851091685268941 0.829798071354044 0.967227981731515 0.839969051734038 0.994512185190523 0.267406415984502 0.561041984410093 0.994909536501724 0.924078213411039 0.98411353331954 0.967174691826422 0.995948404330431 0.769241260430349 0.506663893031403 0.834168372340285 0.999635872295823 0.724180985920678 0.846486710521039 0.969364808813043 0.999574531335511
0.29063734312259 0.712292525127212 0.549554322441054 0.880540343933333 0.997089109556733 0.682372171372828 0.340200391452031 0.621719117355813 0.97762932259746 0.653832858768269 0.708604829728125 0.998732062005066 0.655134927964017 0.35224942760594 0.897706192435088 0.992789293104566 0.70095001372381 0.600037633708506 0.969480108663205 0.962441189930006
0.0548021976642896 0.524065206335714 0.361755347275403 0.47831864218343 0.182851934411273 0.496395589608182 0.0173822041358221 0.20503895004728 0.203005257727224 0.0401708523263092 0.217585706001177 0.193097586439006 0.120364678789444 0.0281229169878376 0.616210458131904 0.0186781538982773 0.427367543606331 0.440554512228131 0.108907951713523 0.122099679722688
0.0486103662531164 0.498839622829631 0.248968911037513 0.604838679946421 0.236486718215779 0.632761374838288 0.0537921201014023 0.184418521426216 0.0295534613979904 0.0437404869830894 0.111073839012944 0.363834405059997 0.035900946963705 0.0216161559172239 0.385064459139644 0.908698036216686 0.392627559278514 0.154556243740626 0.000331132679081328 0.986673053687847
0.0341894185308241 0.513548095496437 0.213921096243277 0.45894887974972 0.173346896235072 0.160539118029245 0.161286382598065 0.351957424663147 0.36676920173022 0.170780449675045 0.259425766408267 0.962399687583137 0.215999201081875 0.0420109969164712 0.585282503945965 0.0716540899182264 0.228712616107372 0.274701131697156 0.00866674736776759 0.000257072724872305
0.16004873672583 0.511946733538035 0.174369223512024 0.605329472383549 0.0777788814251917 0.335547977117871 0.0704938319392777 0.513034607182266 0.979700041908672 0.393005390128824 0.411231968052375 0.996617946864042 0.246520515356844 0.10039762511627 0.447221375139196 0.996628569129365 0.145984538065891 0.467383587712423 0.0207619159861869 4.11385750525029e-05
0.0562287492052124 0.562706003762741 0.195605829489576 0.45168024606749 0.0461181874041108 0.680309879281972 0.0252988619866729 0.0222126088189173 0.0116173927497683 0.159037336006298 0.0121021606909675 0.88822423655134 0.142571958407951 0.0632807385015471 0.145378327234763 0.534826223637355 0.442685856565781 0.449185465222371 0.336442020766223 0.0274683326652492
0.108581328119368 0.589765189508075 0.735606298369097 0.795119239339903 0.42438260981702 0.463677210122169 0.124858995940326 0.66420876866922 0.201632555459423 0.78576909859182 0.141659517955869 0.126847500393917 0.175294261148315 0.0955648484721985 0.408472762232649 0.898690725828299 0.314841851940462 0.814532661487785 0.255495204756476 0.999992732979199
0.149768720865574 0.719274562034604 0.498226444850944 0.715206174828001 0.714958777007867 0.517433295376024 0.113194046602282 0.152758539317525 0.164157091777472 0.230313281763649 0.712001545083692 0.994689788758302 0.151554196180911 0.162574460585156 0.669392991502025 0.965454636857121 0.737952785150078 0.48127011822159 0.0446144528914199 0.0673238051947971
0.316254350789419 0.700680240951548 0.782991483340764 0.62127353731766 0.830325954997189 0.536176149391267 0.68720596132723 0.734723616433838 0.441915132196929 0.705705447225306 0.957389116517293 0.975134171370116 0.653144098283972 0.248320376527941 0.969787780143888 0.999705192218831 0.796970665494698 0.864038797473622 0.963141596156861 1.9652838994236e-06
0.137725122714573 0.546303454857518 0.495412108573822 0.714337534235246 0.328621309078415 0.22684831241717 0.0878388418016908 0.158087808041657 0.833110556249169 0.338043961610193 0.147474918945628 0.994894410682083 0.302307593716549 0.215681041709781 0.710045526342431 0.989363504870753 0.472749262566971 0.644068024039978 0.000878162692438218 0.0868566961524236
0.00851170312764062 0.466770152261098 0.0929123401683665 0.508707280104889 0.0416988527416862 0.288222671288906 0.00324951802951999 0.114598598247101 0.0155225653559141 0.0381340897442257 0.00169872845063655 0.599673938379494 0.00563816206355674 0.00904516395077127 0.272873196793023 0.108218700116114 0.213604842924262 0.230398135326753 0.000431431578839631 0.981482744848005
0.172217132059964 0.538953171938633 0.852562901795886 0.790461984093485 0.763519858544376 0.418014958844772 0.104210665413724 0.137665034648929 0.0229150514679849 0.378222911147293 0.0220878571124717 0.393036546003399 0.0544770854398989 0.033238681216162 0.589863050303338 0.00728656434701841 0.37662327507169 0.22639669326703 0.2877027138499 6.31480449006871e-06
0.548889817168138 0.673115397730661 0.825176962793789 0.803789570503896 0.954575035820969 0.274183706272757 0.487119185635395 0.972725569216866 0.954393137274651 0.867917197631231 0.596323862761805 0.995557205405685 0.398147975977487 0.225664008075442 0.815513264760121 0.825952790713354 0.693854277500564 0.705999672015875 0.0236104686416213 0.000344246474703898
0.581184220484656 0.729351982150207 0.618305930308084 0.626378028957901 0.979908062803271 0.661838584794355 0.926070186381068 0.881904240944591 0.998995950440667 0.966525878724385 0.8287430286799 0.992163227182178 0.73285744533089 0.474084180522283 0.972873348900248 0.994697279862217 0.833369878859355 0.504787143482855 0.8728819561202 0.999349194796501
0.088642601543747 0.61638293980838 0.187524124109455 0.576258974769439 0.164120487869883 0.773297824251216 0.1929192989772 0.544809435075934 0.782955637423312 0.270165607987449 0.0696555944635676 0.981271703961499 0.149378538340116 0.0923432876399257 0.50112934402301 0.86411268628995 0.5717473921237 0.468123958312148 0.0704463249891804 0.000627262312375136
0.0111952279124068 0.402694116123979 0.101857381061819 0.604271807584499 0.059887556229314 0.433167225682368 0.0107948793013841 0.0241931471400615 0.84580244239297 0.0245853253164777 0.00328866864908823 0.0124443102093541 0.0597172098693139 0.0374998772986998 0.517334493958112 0.0225909725751887 0.201296692575521 0.338268751499133 0.00204782498882896 0.370820593938454
0.53174527906274 0.690373467278981 0.86468061902949 0.506054084995765 0.981517763924993 0.145889193734006 0.434964712458542 0.995616465177582 0.314103909145545 0.801160431413152 0.838339668886754 0.999821727843704 0.683712928578699 0.280447825977644 0.968405680633323 0.977322574346197 0.69125877709263 0.769584380026023 0.541760462636824 0.999163806971792
0.0213699445232885 0.442520300262869 0.621983569705087 0.784673010477664 0.0532326224305393 0.635061031506214 0.00496244200160983 0.00878073569906929 0.010757215277896 0.0162569068344543 0.0280571638819063 0.0315651011331362 0.0572490819087352 0.0340272316547343 0.12566695291241 0.91277613532047 0.526065690933761 0.146678573835581 0.184049079374573 6.53772013619597e-06
0.162506086295427 0.641329883246272 0.816265090835442 0.875047852567426 0.622198837012171 0.35894322606336 0.0599942728494365 0.810874928246112 0.63063347878567 0.255163409713474 0.361104660567424 0.901597952678519 0.254775063829224 0.0988143922054964 0.822259341276029 0.980098759479808 0.216378721002125 0.685309892493675 0.488636430667205 0.983301185690857
0.101609876731064 0.501979971081603 0.792558908900848 0.614902131134903 0.789731095487668 0.279286732379001 0.0589197041315741 0.68616766465777 0.0928817724049258 0.120894522241521 0.0901688576218678 0.798307090620515 0.0368177196504214 0.161505050795063 0.559072853001592 0.979679845461553 0.0849842012450406 0.26572774742088 0.119396744727168 0.0062278429346724
0.133547864870763 0.651409463866267 0.531206154236742 0.540308969037373 0.570345171123184 0.510581027182902 0.0472850675032098 0.781884075569499 0.187272886026864 0.318082972878824 0.577493480945478 0.994480064815321 0.314410405737277 0.234824618566631 0.29764615617485 0.994305149817252 0.582823306045372 0.545131072973482 0.39009090397464 5.78720543700513e-06
0.26735905194871 0.639339206028145 0.38168636703072 0.607768653780898 0.066063760732428 0.93009733115185 0.296813115705718 0.811846225627959 0.973060035539659 0.842379329691161 0.74993853740678 0.992342611620485 0.336406535384155 0.272317686595088 0.364129141439482 0.993333856250593 0.480623646994864 0.626278312511066 0.251831815314022 0.649448712300567
0.125658808489264 0.512535752526442 0.508924198270984 0.476374485997697 0.441210398588275 0.633117317508532 0.0787380313256089 0.743876943329325 0.36281902131751 0.263358293151667 0.217902792619018 0.952603353579164 0.287349846397084 0.1547548556823 0.44798016060248 0.994709616777838 0.629548754418065 0.309991994403712 0.000239600758435862 0.0504730320074418
0.206535575672857 0.628423561384672 0.896737108690914 0.640451295687575 0.722646904120732 0.370749895495373 0.142342224661057 0.620870369830833 0.222869552018087 0.24225604033754 0.657192347505082 0.944302076267538 0.185713789358913 0.168941178513909 0.371874841210243 0.696422696771723 0.561554696984526 0.332151209171766 0.00161904364929531 0.743451478344489
0.540956343084688 0.786213003246266 0.624162883700568 0.795044800401741 0.94162045397194 0.444076426478541 0.42304377469572 0.921407464337713 0.998218127221544 0.962554146137888 0.843121537401247 0.982135322028552 0.414591635846195 0.392959887993611 0.856086648727837 0.997481384551056 0.536726488030505 0.755332784806209 0.960718223392367 0.998988761768258
0.135038786612268 0.603031901986039 0.378507269815995 0.624522821413796 0.498497691390611 0.478663958715952 0.116387080872267 0.0650399671897957 0.162502054054712 0.186244322936711 0.261619580200923 0.999447723041531 0.141058024694459 0.055860224654729 0.555277385608076 0.980136730946966 0.517282137723913 0.448625752598809 0.00172817515303004 0.950269937156685
0.194227119270925 0.56589716236738 0.322781387998028 0.55002830223385 0.492465450016338 0.465729763788238 0.713761368251241 0.954868113323827 0.0124864619557598 0.819910633632421 0.76045100659006 0.996590032034816 0.240340174478403 0.118097367214429 0.957703720728891 0.741502850831927 0.338481966558893 0.56549710724802 0.0438847102974119 0.999985824534945
0.2246175278473 0.677124819543896 0.718786747429007 0.597104305556609 0.151624680121506 0.482389862760126 0.26226263517839 0.339417559549911 0.970093513841672 0.709381481868034 0.855701003332333 0.988255187844982 0.123863008086963 0.207369632497598 0.546086850795768 0.660113240540979 0.665389191598224 0.627759576117333 0.00172063702780746 0.999805038374531
0.18613117881757 0.598145891180581 0.426789993422158 0.664101686656145 0.801765882087027 0.647882410616779 0.0858802719306742 0.958357117434762 0.468235543874494 0.348451611652187 0.311918968507131 0.970281802518423 0.162652521398319 0.109896680508667 0.590193906367893 0.999677974169874 0.534346006352018 0.48792613139802 0.574599147076145 0.162539853814092
0.293050368275862 0.600953934985739 0.474616034554726 0.736144201831997 0.54878359725687 0.300070169378539 0.236694266296063 0.589620122593144 0.96915927708214 0.329796168968069 0.654924369578577 0.959802345251737 0.402606816012409 0.0849634672071118 0.498293819749672 0.533623606876144 0.347852941157473 0.423108919755392 0.0170947863034049 1e-06
0.095808908226062 0.648077271291205 0.519638695664196 0.61658819642869 0.20883730212913 0.0708315546850282 0.183551713850535 0.414782565442517 0.287695112198808 0.0893067096660395 0.0137148967988727 0.64471418379956 0.170271815648238 0.0610795229968519 0.393039127432725 0.920880012526004 0.616441759038588 0.67825001309785 0.149325539695961 0.922702533211255
0.74308463199258 0.769079094870457 0.833708050570361 0.626192270819584 0.652372398332482 0.443453329091748 0.749152678744803 0.867266527770275 0.338421259441099 0.923032286780789 0.975127794707502 0.99904410351599 0.506120805628332 0.554380414792118 0.772027183544203 0.999741278599397 0.391007133157939 0.886149373650118 0.34021529088706 0.000367403273595717
0.528761005285177 0.765718860237767 0.82483975138808 0.799487971091126 0.607124573080501 0.390725923670619 0.0251726746539372 0.96988361022624 0.990773334479283 0.963808549929986 0.827812375453933 0.939609473459769 0.494515730554655 0.407518534645268 0.687578780534406 0.999684411976936 0.384502140653174 0.869381491444744 0.997277540098507 0.934618293302412
0.649324443641806 0.779617399835848 0.804241334665119 0.681296317023509 0.999181938980063 0.331093826382562 0.590706546900093 0.996432729778374 0.75234173951641 0.973990293735598 0.998640756133148 0.998668041917246 0.902680544809779 0.721814242020445 0.752857174568473 0.999887530283705 0.897505755061295 0.833305983542429 0.99875414743013 0.894050317252935
0.103519837647165 0.542967341659538 0.392845325862535 0.789273330232095 0.504201055434706 0.349580594541185 0.0644514245025136 0.750592217394758 0.964651950988743 0.309989233995468 0.562018054057752 0.994346210251407 0.213593696510497 0.110666058346704 0.895971387760647 0.988679863127206 0.172692763198296 0.323792883024561 0.997748928278534 0.0150155188774327
0.200631434789751 0.574095894376945 0.125395405443451 0.420071463651809 0.0780929286989501 0.426251894773425 0.0731137050154314 0.433105768463379 0.651805306564349 0.542112367445314 0.325666475660043 0.929359813083367 0.224279743397221 0.0875780088889189 0.504228183325258 0.983161096923067 0.577301161226686 0.382175744522894 0.0211908464852272 0.0116413360830374
0.170556096075915 0.685881752585717 0.253541050396578 0.715420371674376 0.25749682832419 0.350111217292556 0.247070851660449 0.456671757953244 0.679771538738963 0.351656810676091 0.407045965668305 0.990565442165303 0.267126740634685 0.107582040979096 0.737117365447108 0.984859394097805 0.390400073891895 0.40705234864132 0.0106706052090664 0.462579391473005
0.212329318024484 0.656325587917211 0.820631913542604 0.793076120878763 0.292259806879525 0.439655412273535 0.133692120232844 0.908638921047378 0.79837678550803 0.812019152551358 0.415093551689356 0.978565982385766 0.276735305813387 0.161995497307926 0.587559386669927 0.994993471082457 0.360843987253245 0.514644245543313 0.0190437284955882 0.98797025864815
0.427783552266093 0.694247382894143 0.471734641741569 0.672050422286721 0.960643320961009 0.203638652106566 0.669819109004084 0.985987454760001 0.98270967702821 0.953704683555086 0.823232421167598 0.987202384255485 0.376776786814863 0.463380200190443 0.771837309703999 0.999759973828361 0.693660857794331 0.800789934034409 0.994117770979158 0.989442685261343
0.114748358461461 0.508361029379685 0.497481191318263 0.367879900176383 0.771216377092356 0.74435808891124 0.0330475285538733 0.211336751090113 0.102656536872989 0.423698519299565 0.186742091267498 0.628207383963736 0.079294371311736 0.0243907879109879 0.853570455457909 0.824182677859789 0.476023287453052 0.715018044351165 0.0116547846463041 2.67607910975079e-05
0.356755416270566 0.593498020870177 0.520721861622644 0.435301379957541 0.167145806256352 0.729114208868817 0.396256728356231 0.388063060459881 0.710134021705054 0.659968255063338 0.615291093400727 0.602195820223646 0.292913565100047 0.134047373428367 0.353979644759882 0.956431076169302 0.420612547949828 0.54513219036705 0.547122279398877 0.529105989704965
0.306176234476794 0.586569563087471 0.827515291830503 0.572081752083695 0.918005335010461 0.5881545484079 0.147129418879711 0.887219617702681 0.706594120072322 0.145398354819342 0.502608796052807 0.970738756183792 0.331944934883826 0.0955240455602026 0.553950090185961 0.903663845590931 0.778832295418013 0.463518780152812 0.126226808075084 0.0487066268204564
0.128968762966823 0.541388308984761 0.47094269283724 0.341168407095062 0.608548115891139 0.671739933424906 0.0621185442429235 0.781823415104642 0.689267507126956 0.0417480497236051 0.62114541269571 0.910979430163077 0.0939818000009209 0.134067985781354 0.351374064232636 0.950522350780061 0.433145275131559 0.591008189319644 0.230585122009439 0.00950178188743224
0.466645774228487 0.760292850882813 0.932581696762173 0.659261579203169 0.973159718673687 0.330188722486056 0.625266729928914 0.971896007108321 0.993206224573984 0.803283218793133 0.880649760286476 0.999459687976884 0.773208740068806 0.31761279401192 0.730121822838128 0.988834247056149 0.560497419164229 0.682309226104464 0.314670805362832 0.0385404556739094
0.887386237101972 0.827695745003176 0.963284836204351 0.650345995464696 0.999383672016399 0.590254528424639 0.978358062132543 0.992454012491987 0.998737572433275 0.99926530371921 0.995748835532908 0.999893504760651 0.958540518593772 0.74409929631804 0.992287075742759 0.994105071439181 0.827789211921668 0.898315750315289 0.00583111992755078 0.999999
0.643698445430988 0.77435949643346 0.700757352766783 0.52226915540106 0.992646487950532 0.909626697259665 0.594191346020189 0.991804682390267 0.839047769843911 0.987097637705983 0.969344392483128 0.999572728117252 0.814499851142029 0.491527192504169 0.941077320784587 0.999741200807091 0.635928977509211 0.7239097691518 0.350160092602758 0.134927291933317
0.458881120750271 0.734332212232464 0.959743848688694 0.738514228683268 0.940970987941052 0.803936356081553 0.731588091861056 0.994204868530092 0.951657492690036 0.957295235230434 0.954333462730061 0.998020575499085 0.427809443332429 0.339533109202244 0.955863092066508 0.979984814781766 0.696359614281517 0.607725022748022 0.0221508715798648 0.00432276367455775
0.328184748554433 0.653202936233543 0.90719251044925 0.607273110368334 0.926657067544787 0.26914679479257 0.445239625903825 0.886099709455004 0.536146465715677 0.891691699429762 0.756729416683569 0.979170182153764 0.457157128344659 0.169143848294327 0.9404117175635 0.936277132599367 0.280087969429431 0.588381576223014 0.823347304831826 0.00110223606670271
0.3968016036873 0.55613051749553 0.592665452429605 0.644640466012491 0.30053266571573 0.390662866636359 0.107783300561799 0.9248764553669 0.592434483071615 0.435293004584902 0.0875462910070632 0.953196024533708 0.226598407952994 0.169155760162591 0.320847902141305 0.27239775863406 0.523246738851 0.337491872475288 0.917590091679355 0.319965095397913
0.577939672272481 0.734499870167196 0.900496488721385 0.81336104476118 0.983005489790715 0.541763538250591 0.658264867776668 0.987980744143128 0.997948284881936 0.932366798736779 0.984111946199948 0.9971631748225 0.820752896612618 0.328149868052293 0.625662834678964 0.985104990734325 0.526976886518559 0.812933225541547 0.512288663295671 0.0332393943887934
0.0829350185578403 0.434518860972615 0.170988545369021 0.577699361506067 0.108333433482916 0.340911203892875 0.0661581957482471 0.652260683968257 0.240710497796703 0.103614586713939 0.0776914239586857 0.977435382113581 0.215750218667894 0.0707330488697131 0.801136538338677 0.993327965829597 0.403919299128761 0.417573010739822 0.0415794140860447 0.0294875125644428
0.112192248791757 0.514672308906867 0.454522733489954 0.540702092150601 0.331679100539312 0.565484221544279 0.0797941711484143 0.170712846002224 0.0435130347634818 0.337608058241487 0.426883388258786 0.608230369787506 0.128089956046962 0.124140783595239 0.208766946182147 0.822644272857511 0.592580707857223 0.473110884386385 0.00873723562823392 0.03155181239785
0.150267987904025 0.652517880441346 0.254506454445189 0.675887236761084 0.390891147824692 0.258848583784373 0.121274882167517 0.28200294647003 0.902001446998984 0.412122230283206 0.52041006818491 0.915785185195593 0.176179438749316 0.0672379748434429 0.649074167515997 0.999709124801657 0.546797704575634 0.551046172311964 0.769756083513444 0.000703285914719698
0.0365189231068871 0.43611876576643 0.22990255197259 0.78146102489324 0.154226418040432 0.456708133506053 0.062340883892752 0.0932566764575816 0.381567685458582 0.157792161874271 0.0513744815859845 0.23070237464945 0.049297596689253 0.0916356118144575 0.197332654401285 0.291815524159718 0.104213680951094 0.586674147525091 0.83811499162889 0.000993109726312816
0.192054825521954 0.474958378628238 0.29037804819714 0.399351399095956 0.638822561997821 0.631020188440868 0.0320367914153966 0.77473941494299 0.798677062900348 0.1826294097062 0.159124481631787 0.986778924886271 0.152379352495332 0.132125819975713 0.41030894206837 0.994638827941575 0.540749278695489 0.685818787890098 0.999032237458594 0.00504725961720719
0.27060919117707 0.693389282672034 0.712102252091224 0.820050278236067 0.97245000965252 0.84633149277246 0.339801837808964 0.628381525904076 0.9985764355576 0.339037665364008 0.88095867736431 0.515158661476375 0.580276696146223 0.22608777295991 0.761488065933339 0.949405848560945 0.63175552050623 0.549361194890263 0.000278583765114269 0.0133478214821077
0.492880196656418 0.75748544365714 0.692367855084753 0.80334949202288 0.972314838756101 0.532784589627785 0.355131222143555 0.837125201554681 0.616279745405084 0.584942164445121 0.695690219726053 0.995977158315774 0.64115985173499 0.140572631564764 0.938362154337665 0.986559025848205 0.587065280415149 0.780709804506411 0.0366013385164531 0.190697834893322
0.0979569153350362 0.588916517241969 0.594394418697692 0.681740528459437 0.156956299748384 0.309190183125842 0.339322345562551 0.449550164401749 0.494830449021706 0.540189856135676 0.636926583702594 0.779816105147118 0.241932644245747 0.0664447732191555 0.631337089742157 0.985924336872203 0.331434931538398 0.498419361246038 0.0385198006149938 0.988130681707829
0.467660395964829 0.716236847295232 0.432438209964228 0.62538622429909 0.865704613024219 0.581308530939782 0.596179662758779 0.983437149159916 0.961210125284221 0.942029489779066 0.933910395221651 0.950338359655687 0.657365128563686 0.398387052426676 0.975451176276025 0.99449016780159 0.460142478099956 0.706675605947598 0.54318657965934 0.969877253324766
0.318629389834795 0.69976276607804 0.361053276991825 0.754428937980851 0.843441813745913 0.396535642159713 0.120398690737523 0.616875098240018 0.790922939047551 0.739570027161406 0.908450179447793 0.993965094109112 0.481321757711302 0.373411521945292 0.868934895503267 0.999391308539937 0.559428450189321 0.787715441407783 0.9933433207862 0.992328940876773
0.28863376628729 0.666199010542117 0.698172738865546 0.729269916370234 0.717471434677911 0.580455289266268 0.51770309390536 0.453776969280487 0.82624506666167 0.494864827499028 0.542474937368363 0.919186237247771 0.383561531689685 0.159102271924539 0.807987903712036 0.987263150405939 0.595174723562375 0.68784571733699 0.999471269269951 0.961286187122504
0.21489139011373 0.723574781858141 0.716260896874649 0.538572943606377 0.964219699169338 0.114021482578897 0.605782410719929 0.940172165030471 0.9710944063551 0.712966534837349 0.337634655285134 0.997982470935473 0.53391749698703 0.193822418283 0.932190470786923 0.681468721707549 0.414721089069345 0.673865620977429 0.0425986831496084 0.999995092767928
0.298314973763138 0.713356491614248 0.771702494633174 0.627857410786977 0.476044843954143 0.337492434465725 0.107467712858226 0.962563408721171 0.11330910669421 0.726992016979934 0.870193087652675 0.980222769751326 0.353800513077032 0.153940104431255 0.744792851241381 0.999402242995862 0.429614089258507 0.451237940750576 0.131447217492695 0.972439895745715
0.577126642050997 0.607046628914789 0.806433207767239 0.82073289997874 0.751684015309053 0.475078062654647 0.394115877585736 0.966757394232903 0.929522326133898 0.956327083525303 0.984008558900686 0.998224382971942 0.467606332372368 0.285080797195727 0.743297941168035 0.993449313101517 0.824776930711491 0.617917000838124 0.454533251926802 0.998983416834991
0.158782529273351 0.549190758531814 0.924078677794192 0.740695774519777 0.351066543140658 0.586642072620544 0.0811486462686839 0.543274606129316 0.312148847858248 0.447034297013628 0.078027911082615 0.974381310500415 0.149535232166206 0.148937248895108 0.735368500017513 0.185320401198155 0.392396088328014 0.546711552067878 0.0103289041891702 0.000306867573748196
0.863248823242039 0.812673014880005 0.941198757097686 0.744028339325052 0.998935822287322 0.684549273010366 0.184273159701483 0.994031956772994 0.999117319163289 0.998303444180485 0.998941846792551 0.999888033845079 0.78770991132071 0.556694307287031 0.966073525967497 0.99999727596 0.792890106145254 0.806847457306563 0.999893021469913 0.908989656710164
0.405282175385053 0.733786427039836 0.550773789384024 0.648811449663427 0.898779437580205 0.161479833574302 0.195588098463415 0.872894649872078 0.868473073414709 0.890336008168487 0.942240659772476 0.963217149300807 0.777796501568894 0.353935947082596 0.925985947003345 0.9711958705602 0.324971399393042 0.729077847320306 0.98416547791184 0.978736827956097
0.231327362577507 0.650805850028853 0.411351143302459 0.79183120212078 0.654024397005747 0.366764200363089 0.0912698707337505 0.949022256277819 0.991719562429103 0.541158718171628 0.0999021361444727 0.978208874201838 0.445739413353695 0.349108010395673 0.727585618072347 0.989826581413579 0.571147279404956 0.518261654697052 0.460935116959292 0.0337928255064568
0.206405270745277 0.532596481988561 0.26358383955332 0.796239025165184 0.952309458809764 0.634942390106015 0.167419687877537 0.470804931278049 0.908292468405784 0.380684991698622 0.356258047325349 0.150459770333525 0.189563252553357 0.137238293845255 0.721921555647636 0.916255742248365 0.657890801449705 0.439701769781977 0.825264380657725 0.997225296710149
0.0529025677441358 0.446551656731742 0.219544294898724 0.445183954429449 0.828220657537225 0.171366587646667 0.0110762096394078 0.119294863502985 0.0530751352480903 0.155440535930195 0.0439136879449845 0.523136943179952 0.0716561474255303 0.0320182350390549 0.689124990053887 0.800505940843751 0.749478878219689 0.203344662980228 8.20699976849567e-05 0.00340667920170663
0.630238581529513 0.796876352042092 0.923087186931347 0.571646196973047 0.637809940334054 0.132920967967442 0.472973781996134 0.919056389422787 0.956581862128974 0.911263877751956 0.970046305056188 0.997522078812079 0.764470405381493 0.422170394339893 0.8364883168535 0.723799975188066 0.567235503705597 0.595999917713079 0.847570141152702 0.00146882415136271
0.561964749627639 0.818646024246116 0.611583102487375 0.530938615310762 0.972382208008452 0.602238031969381 0.529045155462387 0.778158961178209 0.791853426800626 0.955582957653571 0.961551730878834 0.178810478929313 0.578542189716293 0.28514268238547 0.951772563395608 0.999504434063563 0.648571400404832 0.80069564858505 0.00172726426603906 0.998741779408909
0.658391475611612 0.779709393459902 0.76153398884279 0.829199789667009 0.998185095256628 0.635124033830695 0.375539925713778 0.570315917368835 0.993145779767089 0.99054660617163 0.958649458780858 0.993826344143309 0.703548321675526 0.278181457499717 0.970028294360407 0.998103460269118 0.60680828139943 0.753084969897219 0.696450629921483 0.999943664653741
0.140274425764043 0.63920466095738 0.251037122706381 0.845288873428879 0.74589700804928 0.306918682726329 0.0741899923488774 0.817484176462045 0.522114879406186 0.115465196211909 0.528824340561752 0.947836044494729 0.389596635126152 0.0868801069448018 0.548325395325496 0.968546847498011 0.516845772660153 0.485416743366382 0.0159229991036515 0.0366002274593708
0.0616645671298833 0.501263457310407 0.501588980634726 0.763596004471505 0.344600439078672 0.14712444240906 0.0930576253861246 0.485353764010918 0.0339952328182766 0.0219044590964663 0.167676313128998 0.961192521247163 0.0505915163963756 0.0809515253489015 0.719232807120185 0.900275484108193 0.288922509806578 0.384906670755425 0.996453121622784 0.00257933517282841
0.238633688461972 0.605639370369865 0.850707985844426 0.693362017786215 0.438478527335678 0.259159671200986 0.502155022340411 0.108633194654077 0.640942663804184 0.238113584157437 0.549001245789467 0.919952293937034 0.129301174736247 0.0878233050522332 0.645028372432561 0.990855295088636 0.524711676718306 0.803412385101424 0.0365333074881942 0.000266100694895863
0.37930518815437 0.691024603557897 0.329645348054364 0.575650061152366 0.868669919573817 0.283542032316499 0.0608756106847546 0.980304797817369 0.977249289090229 0.713890462897104 0.464349087376339 0.891468145446622 0.281589693968034 0.160681407901901 0.969322719373007 0.988193912275526 0.705613252137121 0.849626165116199 0.133047262506662 1.25610776185256e-05
0.668657503359251 0.70497188438337 0.634834652577772 0.632943615059046 0.996927044591739 0.510488337217006 0.28702280814554 0.996042776085407 0.962273492653866 0.959406806781743 0.999543959506905 0.999833214989738 0.586716335451091 0.553473425121242 0.910728383886972 0.542555473152905 0.46978043887679 0.718522345733207 0.991091217431212 0.999999
0.176167077767317 0.517116512910351 0.516066524857312 0.559030600911495 0.818167541637438 0.386034268233792 0.0435889746473884 0.682137714893687 0.910692187216659 0.589903879807786 0.534247783307449 0.978509966393956 0.240372009798155 0.226912596680911 0.816038275448304 0.0515034560455164 0.363496322045595 0.404532102301019 0.067443820428671 0.0131392753845047
0.0687393269698239 0.427972579025466 0.219892099663806 0.450522644824239 0.146567366716614 0.554306793540393 0.115085197635704 0.709191750554175 0.0697272908426485 0.236485619986997 0.116150708896281 0.972247949273246 0.0496193047830257 0.0993159515776206 0.259396129449494 0.778229417162146 0.576518467520099 0.344875263080236 0.730832264915498 0.990909024433917
0.109967415412612 0.652669737433734 0.374823256130348 0.695694688891604 0.588194751802065 0.451672368705845 0.156501533237779 0.850540753107167 0.989494145473557 0.264006598825246 0.871304768020817 0.552569857545042 0.290007952392205 0.155356828440365 0.59330411093563 0.94806920326983 0.687207188674562 0.25080223142272 0.0462030520169332 0.97644550491849
0.0619939161270062 0.473393873684233 0.608471865445696 0.466777016579299 0.138375111323489 0.168399042283665 0.0192199423207596 0.00419046202052378 0.0904360352742652 0.12136383364597 0.138832382475919 0.0313300973343993 0.189806566700798 0.0337390824302899 0.486647297139 0.0468201773724299 0.402931057075869 0.457044277215149 0.00685650508084823 0.999318609833661
0.216863138987677 0.51130119666581 0.516966626893332 0.612901803319248 0.423954352869562 0.105698983811768 0.728250690913095 0.526993944285486 0.375925719963281 0.4505664415008 0.269724007997046 0.729102567246038 0.460137777970666 0.164408293980936 0.548489815922202 0.998021520122498 0.468085372389567 0.721275742832115 0.00378273622512973 0.977062975544136
0.610860303021307 0.769351225548811 0.73406117593896 0.76615773469491 0.949538323573227 0.508543346234651 0.489534151000169 0.993761699540499 0.896668702058419 0.954709899060952 0.927048868487139 0.99328692841494 0.703368885481997 0.611289169638125 0.825745858405525 0.999599562662292 0.671531765020827 0.844249543596022 0.973797963868258 0.999999
0.571585323515901 0.586468610453315 0.40439969920248 0.592858533465485 0.909915894118843 0.518994394399265 0.0370558602968911 0.607595970467889 0.945345750147966 0.865320782358111 0.89281427876721 0.959383651104245 0.322764984397125 0.294155613430662 0.744893726954452 0.962198320948099 0.708405287447055 0.707864635369834 0.0353987818822381 0.999997827849458
0.278938568356414 0.5222607046454 0.316960663346019 0.669646917068444 0.359302924297481 0.286813375039886 0.236711831524119 0.815285488694926 0.0849153089930185 0.63796022980554 0.740518650815563 0.968365724675039 0.152844982347264 0.0464338316185368 0.356746777545355 0.962712479471682 0.520210980432447 0.352992688295415 0.216992115920838 0.984731822541995
0.0875728571839619 0.48682320558004 0.0788282417507499 0.414477294752148 0.232720479676169 0.193659103491681 0.0662709101180045 0.0943632292098067 0.00479978242751561 0.0612512102594947 0.0125200749882572 0.553395223319212 0.0228002025131558 0.0818096319928216 0.140879136979989 0.0441306415855441 0.284705649396678 0.547089848196431 0.00138252368031731 0.000819065706294564
0.240391697250517 0.546566286588701 0.943050113002942 0.63719683811844 0.821126721212084 0.50868468330778 0.0798988249441644 0.868694902688997 0.860395633914712 0.709638076332024 0.759921645025836 0.729683335327573 0.323042217451173 0.155778649343204 0.913711548814219 0.349480257719909 0.674692021065514 0.63582319703123 0.00315081238684175 0.990964575920756
0.132896389142256 0.692868665568251 0.429828870266651 0.661452190448855 0.233366875052788 0.35029706542079 0.240517819095932 0.602976387444936 0.793460625915299 0.592854734289015 0.202664424159412 0.846604163774475 0.21055611890365 0.161347113652896 0.814210694488759 0.982488752439831 0.545151555498573 0.532142774804907 0.000822717958294411 0.96412030303856
0.279232488611821 0.606333641826355 0.495680410751084 0.748320012310884 0.766990420287809 0.250691959898843 0.478084918200652 0.937341770962157 0.933970711523802 0.827687952943555 0.816541816250819 0.998776099057918 0.535560215699872 0.204680082632872 0.859772221460473 0.999413720431434 0.677876959966904 0.652115821824019 0.923235148132999 0.187911792169844
0.0194214527594507 0.465839098346572 0.301424962190046 0.602059566837455 0.0792305982997538 0.12993107153193 0.049014961674789 0.0114977882557613 0.689599119989776 0.162138345219746 0.0266132935074792 0.462344422238649 0.0303681511126246 0.0262107061547535 0.200228751134139 0.75221729604401 0.195629321025324 0.286280138745695 0.00121410517829632 0.00244208165311471
0.041554348369296 0.608267029039347 0.243915119028902 0.57971951680691 0.241170534962327 0.121672234746524 0.0557782468075636 0.117703760127857 0.112911425028647 0.0466637787323766 0.0819084111271257 0.947692471597394 0.0575073424216605 0.057351361737418 0.406765169818687 0.985814835823974 0.342805506887744 0.282536839143595 0.0328035753926166 0.64013875318222
0.0255079678286333 0.341647804245657 0.196134391912306 0.423573472093796 0.377172017234173 0.21093027944399 0.165950543813897 0.127975673397303 0.00550890627541572 0.11738189385637 0.0311297667131816 0.827124576655828 0.113201470473781 0.108826596213885 0.274867537173921 0.993839574922177 0.529523887574812 0.402976291375585 0.0251967143311899 0.995494243401152
0.275636980903769 0.621538107423263 0.751057207719158 0.489609592028376 0.270343316145651 0.741478910598086 0.13107428051038 0.603536287432674 0.355100995597182 0.757717537834852 0.767797265471385 0.998037019741775 0.495563687064963 0.213903389584723 0.688385546799386 0.921630845085082 0.443649837026155 0.571754266751685 0.00160116173435354 0.119277673083648
0.269783115242389 0.612336082357369 0.489288921465159 0.781517617037194 0.984178965295703 0.268308066228087 0.178691586523714 0.38167243607109 0.993676482220122 0.886957034374533 0.701547133007625 0.998529246841678 0.347623639576218 0.314639928372691 0.761087613021721 0.902520245037729 0.799139442921838 0.858000196381004 0.391755080129514 0.999833437621275
0.782630984311896 0.834319200899335 0.665028747536585 0.695465966399705 0.928721837739403 0.3609201483306 0.510086777541487 0.929517807163599 0.582021916242719 0.893553574898308 0.833291528934939 0.998897985412765 0.705228287246959 0.342393391383852 0.985787203101364 0.999323930325961 0.631546075194897 0.668484372329251 0.983411982267543 0.000105731918685792
0.525981947696464 0.62793781962406 0.94875480986597 0.426062599418108 0.988483916270782 0.657169147188276 0.342097015215081 0.94038667665102 0.840414652090438 0.967173467432144 0.899377257029016 0.989626078251233 0.597266124016666 0.377160742286977 0.64544671052309 0.999971123304932 0.445492431965839 0.776891831559469 0.0391907489108737 0.897310855997076
0.479611815330804 0.640236681041247 0.419481213357832 0.622290521713287 0.983506605457903 0.581214976835087 0.0221958690744841 0.145028827384439 0.899475406672143 0.658512794665033 0.808949620951476 0.757364721033463 0.236821334311326 0.118124657169149 0.918091452132971 0.555623037940094 0.198119504411904 0.70737484739517 0.909141444393919 0.999451786929424
0.404746936215886 0.716829958020355 0.830098372424698 0.638385484661631 0.73563054785979 0.521167639605079 0.873240782063451 0.695859229929589 0.971929932837911 0.610565458824442 0.904382579679266 0.99011044341445 0.379291435601361 0.117102444890811 0.583486916959814 0.998132098198759 0.790264792341487 0.694730123820509 0.976698325642451 0.922324524777401
0.0869216154376747 0.589097404372451 0.64110515827994 0.696389322574382 0.666138848372738 0.277327765942072 0.081644085505596 0.0224943740327551 0.59541709990374 0.0862305789769012 0.503851307677352 0.919314058127262 0.137856209166055 0.128732730947998 0.465272201471939 0.144448096918413 0.241270508404652 0.550378361533342 0.0208900323465311 0.000514675949704487
0.321818352864051 0.615679831630417 0.725439851593543 0.681744095176374 0.954418908300974 0.404842185791375 0.415394061027677 0.929575616841228 0.765654691089605 0.713931618110214 0.857870035874384 0.977518988089532 0.492689584670996 0.205013726319901 0.881673706734065 0.999908936790168 0.570988581437202 0.902390156935645 0.583000352925762 0.996909648163637
0.498586712650281 0.655332661758317 0.719947527637478 0.350156303895057 0.910225723945951 0.749023339703664 0.594113577989938 0.911648180617084 0.393440600481022 0.871950430121804 0.829076544236449 0.949561671405901 0.584950133214307 0.207720857224507 0.858472143588068 0.999811101909973 0.767969495002469 0.590081379952586 0.0480519570116995 0.999997886786795
0.292112465535433 0.738029480655047 0.782113990712224 0.5704859071628 0.602318782989625 0.39050494924093 0.533389487808897 0.686988322991436 0.721820664637289 0.680570228492895 0.232792251323439 0.843729585619388 0.578892023060873 0.23023498377748 0.795451535704073 0.988793979031552 0.577095782723758 0.474581089908722 0.456423979106551 0.997599281197808
0.0514778446684878 0.461343760623114 0.116092382283488 0.423698839177774 0.107747617731237 0.493283419757328 0.0206097684910127 0.0185203112258692 0.0327078480101 0.0415489994952479 0.0324951535075243 0.67250534182696 0.101993334335786 0.0176833189188063 0.338956270199125 0.101549317548223 0.296411165907944 0.477583367726836 0.000299911367711479 0.0776678398958636
0.0209482872157129 0.480184842918222 0.520500986871563 0.459992352160371 0.120121409159963 0.394361854222674 0.071393955434219 0.00719999212922338 0.246944574470091 0.0209469189859013 0.0433226216002532 0.786630930199865 0.00514147032611701 0.0198981328499058 0.111194422201341 0.494557702512591 0.394373400943794 0.25101393758113 0.162054642101785 0.898168769800802
0.678916151717237 0.669583619326537 0.93185812186186 0.580029837265844 0.930033064549395 0.732748589619148 0.76796264100439 0.991996376116517 0.730492270850511 0.959087955031918 0.92311984854637 0.995699648104996 0.632061016905252 0.557387712046236 0.919057689522306 0.996697393618407 0.576578944809978 0.760996599692089 0.992031012314279 0.997696314332857
0.329872074779678 0.65339511186993 0.789799091723471 0.696089391582667 0.969197625686811 0.192221475111364 0.24060534521832 0.500052969922768 0.692285973224078 0.813995913151099 0.778692361737713 0.990986026053317 0.499059463983067 0.220962766057417 0.971227861364569 0.999972804777419 0.71934012171529 0.728826544896946 4.29108993896737e-05 0.00218983197113001
0.299403924522347 0.692540786316252 0.777553600873822 0.569499839426957 0.976290052260845 0.13225612129207 0.221642917817366 0.673843233645446 0.90826815767838 0.793952249000926 0.374089668504703 0.99898412956762 0.623778237719811 0.239337741123175 0.548054747894235 0.86773884276883 0.563471108486237 0.610605955690116 0.900575133562883 3.76742780927406e-06
0.61656119788883 0.67427964672717 0.456583007150568 0.701459662618343 0.771693427606768 0.909197736883854 0.253889776321879 0.973773250678641 0.786256652581226 0.94522350157498 0.732314245678394 0.997776474091397 0.447790437715817 0.432003966350869 0.774805064962337 0.989086174898649 0.314080928172659 0.66655977696434 0.517058156165381 0.976444058329049
0.203541156772779 0.581105123614112 0.626636489593021 0.425888651254288 0.981116719805568 0.855685822872297 0.198360723832758 0.56417226120535 0.881370563185797 0.356609353641375 0.634244714270208 0.972666436134361 0.434946008068547 0.0807755621858496 0.749264240866508 0.892575595795554 0.337599467952342 0.534997051239079 0.0676246581635207 0.0629735291147462
0.196130132104594 0.616660174801525 0.438241034604871 0.767374408862423 0.565766767912751 0.672554480304458 0.13637990179894 0.927241180976041 0.312542057268799 0.722132490202795 0.514542448848086 0.998152690615731 0.529234097843019 0.231620277757454 0.926311019310207 0.995772490544933 0.359473340723787 0.618552066661774 0.493083287521772 0.00325691307206375
0.208145758828771 0.706703191437133 0.528242687056744 0.647370676047235 0.69444769457932 0.195138167007356 0.361924095462952 0.38658059344225 0.228171451177713 0.24622846988202 0.0762047748199891 0.972325669676794 0.172247868438154 0.0570734506842959 0.443577257330495 0.21200399897527 0.511426745135508 0.57882632741733 0.975419742210619 0.283515055230355
0.081701304945162 0.410791429425456 0.342303034004245 0.625638040198165 0.0380153109280226 0.0796954262708879 0.00898813983808088 0.023380630385554 0.209362576184996 0.0464212848352738 0.0119361271886497 0.773307672908049 0.0226812143093138 0.0421895834128083 0.432264513283771 0.565625925846138 0.405015027446939 0.337599959685699 3.98596187969532e-05 0.779489677372186
0.654732457492393 0.74343287812663 0.77742966459839 0.905635647933168 0.976992647876728 0.391429456832622 0.71396661617555 0.966131562177559 0.708452538916396 0.917649334888189 0.851846768829174 0.932211996999096 0.546001165180764 0.349838932167957 0.850410752578438 0.964838572060741 0.735885106919968 0.85217856966479 0.00582839804128259 0.999971635690605
0.297151352744972 0.686601044441576 0.447082905948992 0.643097468129413 0.92892250804514 0.505052267271326 0.0611317535923997 0.950219490723149 0.864765753724612 0.56815251165722 0.304099678895573 0.342116490879615 0.379334417279211 0.120205252282697 0.712938669734758 0.998938441915545 0.195032640756783 0.5005262452933 0.999647471960316 0.935391703506641
0.0334241312583424 0.486869598771102 0.163821345449327 0.458920911330132 0.158504620802076 0.129771856246348 0.0872966045376504 0.0200096050478539 0.360504421893161 0.040156336181473 0.00380194570428252 0.465438835569861 0.0730635343722504 0.0925724161012122 0.203981520048482 0.197055047882864 0.241868697108141 0.633569842668522 0.0357361470207454 0.0413635553432966
0.277017017477407 0.654846654547736 0.817026079896641 0.791417311981803 0.996488105442579 0.917813251088861 0.230859034369333 0.501589093303752 0.957423616693636 0.837286561359478 0.957932167260241 0.969029290422987 0.314276878421998 0.172618311906654 0.470133030481045 0.999793041361071 0.691890597248263 0.787287603164289 0.273577924542583 0.00016084840255691
0.190953214735597 0.56605030071564 0.481034082793571 0.659615719208545 0.253045108011057 0.0886190220547805 0.250990247740291 0.391433825255265 0.981471614190893 0.584266781805183 0.501129284738287 0.571536152582907 0.135043439816758 0.0575992215896356 0.223530514970037 0.957415477287875 0.397587669836282 0.633150338558924 0.00139782037238698 0.999321999778602
0.363247440294978 0.520356273867867 0.583491918696042 0.724210289697102 0.933427800519552 0.818548640472779 0.555921975921036 0.879539672938231 0.888805564942572 0.834567486327202 0.941914975166792 0.997645066183662 0.269513467207842 0.316095043355941 0.854443786449192 0.675257478605419 0.584526275698844 0.680155931188053 0.000247164179021114 1.90671902677638e-05
0.0675674267753402 0.508469159044797 0.185297416721445 0.35744028016787 0.0970399893902227 0.169900717944756 0.202347924872899 0.0506433288345229 0.287104262127591 0.085327395405526 0.00766969790780565 0.54165658795212 0.0570624513061396 0.0205120236342155 0.360411716938568 0.0740222210519536 0.408381339575942 0.255025412665203 0.00377195142083427 0.105049254171992
0.0258303846004201 0.472898373923025 0.240995922477889 0.7167665091673 0.0921210422780401 0.295849930236224 0.0245883062533725 0.591961596282502 0.738965387729426 0.0604246743903724 0.187170281213355 0.868543333900686 0.0464606186028278 0.0663410547525811 0.251912205061952 0.944717116894977 0.512260931016189 0.587737528069733 0.0107831176522447 0.830474632561913
0.548761758429641 0.769341634051723 0.796102718015774 0.700727225924311 0.990894756783687 0.645975048216219 0.552732672038397 0.913354666808326 0.88637982934378 0.695709497562446 0.860393544341455 0.979923899477079 0.659969286393829 0.273775363502199 0.78299136629335 0.998984409292144 0.583344592396081 0.427147846232244 0.618286044619994 0.579487039270701
0.402594042506183 0.739453324145028 0.483845535749385 0.687463430211716 0.985595247575969 0.476713676726103 0.953809424181335 0.979566305406966 0.999154374793563 0.882827273218619 0.922569757024562 0.998335747502143 0.732298112226766 0.47299208468866 0.95889011688232 0.997939460100421 0.83612102458963 0.562349904820402 0.999994151941116 0.794199052366784
0.326081704277649 0.617048344601187 0.778015825183023 0.652256389740791 0.963310051056154 0.393425712849977 0.559993827114391 0.60239510595126 0.98211642940883 0.839409203245047 0.952224084495934 0.865866187576849 0.268020276859494 0.179545051184574 0.551794902367105 0.978048546407656 0.575979196914431 0.733183841813198 0.894998934175268 0.0165761525537655
0.230935554698703 0.502039855009079 0.220576708708161 0.467063118113208 0.395303014036602 0.644958856222389 0.132102090173042 0.0685786398532666 0.174423811950471 0.174500996830067 0.083393335956552 0.927509110964624 0.139744686852837 0.11247221043149 0.945295713072311 0.345065242976222 0.465557282909378 0.727881951862126 0.076880160066155 2.32563184230289e-05
0.0292767647420329 0.534983480467693 0.280034187407008 0.613318681188063 0.779096390041321 0.276227388115976 0.0272477282842352 0.0377940167281466 0.00373764942693581 0.0584417017900305 0.0134539081868692 0.952976773360289 0.0820738131625533 0.0223120999150025 0.59671507248254 0.681841467194643 0.515047728409521 0.241582431231435 0.0217448480523937 0.999999
0.116385211241027 0.587147754963341 0.551818287214191 0.763010049220359 0.933918706417614 0.192236612158789 0.195949719033488 0.972705318668828 0.368918757403753 0.569008928555553 0.616799036987135 0.916202889784917 0.463378834857054 0.10133359467876 0.733797257271823 0.999455651730957 0.288658808554613 0.494872504337064 0.0970062774839734 0.706862049285517
0.0448322514895053 0.430956604626561 0.0992355071286716 0.624376570659597 0.830329693134931 0.317189872702421 0.0771627308865113 0.490595299750856 0.208873550888299 0.0190425639951627 0.146232309144173 0.973968659726402 0.191943822160512 0.104279585470934 0.404414774312198 0.992484029103135 0.430039370284533 0.461300731512169 0.016144846714681 0.00248164027181481
0.515324089037508 0.742692542248806 0.567816796762182 0.881890068997819 0.793443534361708 0.72532829723496 0.110409434993148 0.991259635137768 0.313998078224739 0.673250955862884 0.856237002341948 0.997415768194914 0.595626756262863 0.210719374178825 0.945995639191375 0.81847372304115 0.326424954417024 0.558672603128001 0.91754417412598 0.00512117348329955
0.0229701647646353 0.385585109593011 0.13993227178257 0.743356944615213 0.00939476672072443 0.270847593321306 0.0256423556664162 0.0162434449813626 0.30804114889337 0.0185151743905788 0.010817932631287 0.131937914389632 0.0265609897166083 0.0376916092408696 0.226856197747654 0.774456345608281 0.604304327371858 0.504427387770649 0.19300389276956 0.999786032093817
0.390104285017209 0.747605599717338 0.941906508225125 0.584595352438169 0.937470046300804 0.622786618234251 0.261844009189579 0.921093408118886 0.72836231835976 0.756221136329632 0.861139939196529 0.975363535112027 0.756081216603205 0.326488313867864 0.916483371605103 0.994002962805809 0.605838143801031 0.694569101399015 0.941977449407408 0.96263962397208
0.378367666507953 0.648175040489453 0.875174968756263 0.625806630574287 0.796719200858633 0.36398331244509 0.196707256747715 0.510264901028165 0.660416273088672 0.466491904111361 0.687197852197327 0.0573531601760633 0.31841800335803 0.114469522926642 0.387844439847692 0.456864871869366 0.509827847975502 0.778818887925992 0.0200085655790378 1e-06
0.211404173314101 0.556687497014072 0.862534701353335 0.63469601236683 0.468533539036952 0.286435460017326 0.126160549166509 0.914294210009471 0.761958407241372 0.175336875834115 0.480040843061076 0.672524964187513 0.194147337228464 0.118336106691772 0.766827186785677 0.27408668478304 0.647310196883281 0.518407750353353 0.316503186333483 0.000123603709996984
0.312805442984874 0.672435372843401 0.227429777190402 0.310603874193333 0.888612456977487 0.379800267408897 0.605911187884314 0.592286827608508 0.0961467710729768 0.585109591364928 0.892489047796154 0.619645184865807 0.317521653445527 0.281985780047455 0.908369551295238 0.95172334139531 0.239616154318735 0.577737900657464 0.0103167602088921 0.568308654180591
0.484867535155873 0.609882052254839 0.610554266489491 0.85703760288073 0.931226402750809 0.109168155850432 0.224408247193201 0.958648543566802 0.993163665993306 0.756858180355203 0.876308931945807 0.946293929456686 0.376453083082439 0.157763244517537 0.68915263395146 0.996582192756414 0.343369932323859 0.43437545736533 0.0118444584770421 0.992981461768831
