0.0934329364014283 0.528785250712992 0.552491270180089 0.760741977192258 0.0637555404630074 0.453465483648505 0.0114311948635062 0.144722858453551 0.105469058420528 0.0336168707261668 0.127778711391344 0.469278039504858 0.223216266102568 0.0691987840970203 0.637302874322565 0.170976861448451 0.435621372908253 0.404525203875252 0.711285447659385 0.998665101748173
0.290466889477486 0.625489529834625 0.764287490633813 0.743018021519759 0.982479476473408 0.164921142970656 0.030456529297802 0.150001016884844 0.890851959143508 0.439820773935296 0.837504145268112 0.186479607668389 0.247919825798233 0.208843092901773 0.543178430372125 0.399786842665643 0.444716451888387 0.338080120994784 0.000466315665516053 4.30831240083991e-05
0.879626988960378 0.872169874775669 0.943023145362782 0.791763170932157 0.992625091101232 0.52925056425363 0.770674703643034 0.994017885744903 0.875475664378919 0.991532350129527 0.989755162242738 0.999913942792257 0.892212421145133 0.696041093880639 0.97891541684445 0.9991295941785 0.765055240529931 0.709850803352696 0.942325853375904 0.999950813657144
0.433499952535594 0.65235132214775 0.199340706994196 0.466101292934645 0.774311457835565 0.0539815140241886 0.498427298443016 0.932971620694251 0.954265647275015 0.252599178149662 0.801310984709054 0.997953246817432 0.410862936017136 0.260445268253202 0.593126096181162 0.778312498658292 0.767659746251701 0.611542752491719 0.000211839711030503 1.00954756793885e-05
0.174822555245967 0.708845052406359 0.579290336754236 0.723153131045525 0.954641766433268 0.661759160218825 0.0804939324581884 0.441246313271914 0.275683932358586 0.648986181255934 0.710887647955912 0.952771154849589 0.092631835579217 0.244873988506543 0.863621497482555 0.99416352735101 0.554330883458736 0.553334954084161 0.134657395362736 0.0374282967645767
0.104468181255092 0.482427907310622 0.24536200990536 0.468584738936055 0.246868006933347 0.202734535077187 0.075352424351266 0.525597901400745 0.902498140149908 0.288415908335814 0.182818839423332 0.764073244283555 0.125388879004202 0.0770953169299528 0.1734541012415 0.326799754065233 0.60496933402151 0.42819321183445 0.00121834584044423 0.339031695552257
0.392474966985554 0.555379755517855 0.862693338706312 0.710911112490148 0.90540013527303 0.278963345651309 0.217528326198351 0.975870021472725 0.41835882364685 0.862224178024514 0.746534455810563 0.800933537325244 0.34667129968969 0.350097367499614 0.816491660725243 0.953022189782069 0.771583219392317 0.839657789279809 0.996567997190219 0.00393368136333132
0.477641730891187 0.616795463487028 0.745141186101669 0.834330231873416 0.632760764735612 0.53219905118756 0.15251269023683 0.422572498984197 0.308716555104918 0.888902994717321 0.191601860435622 0.949729249157836 0.605640562863037 0.0976611745177272 0.825149859828059 0.788845177794655 0.527268684832558 0.673218619360028 0.0242733845232348 0.988079282033184
0.0340863621001809 0.393763460222162 0.0426292334968911 0.800849160463619 0.882335838302747 0.47860453905453 0.156295175851633 0.0644889926885522 0.479650762211134 0.0603898507486708 0.0836157860341105 0.623115434629741 0.0654129347451507 0.0284726572245834 0.222956244912307 0.714318466890091 0.302228991828597 0.220780170306291 0.0239276846012806 0.996716752953396
0.274865184184572 0.608440364782229 0.632573593911879 0.777365868992251 0.362727371165212 0.728336398324099 0.134526389970552 0.382595051243815 0.609015561575858 0.149340109293692 0.127110217054164 0.33547252055897 0.164533000294596 0.135618404665634 0.895643675545072 0.949570758957076 0.26379177863199 0.541380445994397 0.226179363577481 0.00785795414550596
0.466265005140804 0.809767672046007 0.763725355666035 0.680172692921935 0.833836550929567 0.270910573988582 0.580098963126646 0.988640272860114 0.883582177094808 0.961347407701721 0.758356631926124 0.993385268124684 0.696242034341161 0.397250266877915 0.591210582811783 0.993170768816553 0.396759142499226 0.804139113007601 0.79101116503846 0.0192557648365524
0.103317106476387 0.484880665927617 0.0531988277440677 0.591382387973535 0.45623056975979 0.334259026012069 0.0577275695766453 0.276826809416192 0.654038079039846 0.0552273220597252 0.106596975349744 0.990359309573604 0.141697439790029 0.0666604724776383 0.605690654573541 0.931290412170857 0.304468876871952 0.659670012952608 0.00179042776080479 0.820611768019046
0.63076593801734 0.660164909395218 0.275737754912727 0.715042820125085 0.925439207624021 0.768243992780156 0.450315733214516 0.851706189760629 0.98460875911158 0.980209028386466 0.788770798854171 0.990605915885577 0.716799671951433 0.621703113938501 0.986593227199122 0.957486804228581 0.570050361621766 0.71736170086403 0.0418328260022518 0.999606068853303
0.274328047254729 0.520581448132343 0.708518658357751 0.706644183582433 0.848893955285779 0.710055487238775 0.0128340588592639 0.711705166100583 0.624592071448298 0.27241387574386 0.528662037664056 0.986997158485362 0.169379493715334 0.0951844416501499 0.497402626221755 0.999814121103152 0.290689034654066 0.577257289956665 0.00112787610067822 0.270623786994799
0.282917218835636 0.626443811108058 0.184897020967141 0.599603303235699 0.414215690667926 0.28128581965964 0.107331809191475 0.29601597227532 0.107932445950815 0.342452345719868 0.161586474224888 0.655819149713185 0.320370844193358 0.0916745045150483 0.332235460194097 0.995739525433922 0.416809853561524 0.589191495667673 0.223613236370564 0.00112136145581299
0.408047733082117 0.585435485281903 0.721983782733794 0.86272163721792 0.875075740403424 0.414892205784723 0.268998155108684 0.739805397388458 0.970230128471058 0.805005592979883 0.18127356269721 0.928107994667084 0.253767789661449 0.202185792198729 0.898479362477538 0.970245724378951 0.698805211750667 0.703770369373891 0.010063467402749 0.80186887310925
0.0615396846612798 0.598210251909047 0.542163288280167 0.661472609194248 0.904851161793932 0.402191668294017 0.00739215649538369 0.423794009489337 0.536450794081654 0.0514723648815069 0.114579424961356 0.439510302367235 0.0660442746301056 0.0555182138264422 0.350142528921565 0.139216780209525 0.150770584774643 0.285333102060192 0.0128785704115732 0.000250073696771149
0.0749768092011134 0.536638142664329 0.817148477709434 0.683309170579088 0.751381162874988 0.342861847434889 0.403342283987645 0.280847214203128 0.154302107747375 0.141956161126353 0.239405983558984 0.99686917075266 0.340513745363314 0.0559128578353102 0.41898425585547 0.421373289421406 0.731826050543702 0.494922670302523 8.06141862264502e-05 0.0027511267876049
0.151626787466653 0.577513904604373 0.4377267279313 0.667918564273995 0.742578785312529 0.516731455633873 0.148774240712708 0.513733912456934 0.451567759405325 0.70405694257407 0.157978410348352 0.657896477142382 0.199782851669434 0.166946684959178 0.85604703414748 0.51967653873013 0.470872872806703 0.591672019546623 0.454263983878653 0.993231569569655
0.0286687335224475 0.466369821818351 0.207674426682539 0.55975586228039 0.00737822326886257 0.492786830880115 0.0741255277275675 0.160584294033327 0.0581922196664692 0.0273118871889213 0.0390813939185478 0.437158048571877 0.0380595560887362 0.0261011959770004 0.692172664980093 0.064283941426293 0.317035844565501 0.353381521967013 0.0128583561896267 1e-06
0.166440974151572 0.618361918768787 0.780792278961213 0.688793069908576 0.627501401603297 0.587864622660555 0.142083965696639 0.466166297806448 0.210790042284848 0.47020365190888 0.555401124729829 0.99504554193976 0.243593372609695 0.135413093243186 0.706054508780731 0.996175401157985 0.682831194197213 0.487663780684428 0.0393124709947307 0.748901256132669
0.552953723441482 0.658657294221886 0.734318753022711 0.670607828067158 0.960626117270832 0.645390386323787 0.39994201858451 0.952511892272883 0.310551198463822 0.910113347611889 0.984667261750067 0.999875165014835 0.440970139122817 0.366267465250862 0.957301802207932 0.977499432341484 0.803064392247874 0.423971889228357 0.871952555521188 7.79535388908083e-05
0.0507880679240586 0.583489467852722 0.365938057242265 0.401418253804105 0.0209233493874429 0.291846173012049 0.131710439070581 0.123846882869268 0.257977447220244 0.010307376635005 0.0487298529729822 0.993120588253404 0.052483019642909 0.0646296123209485 0.251009653744075 0.0943675150119668 0.413175945153695 0.447943123793116 0.120111609822545 0.0169916233410576
0.0608292899413437 0.454869210106354 0.086966017650454 0.640599592567352 0.0460722756074231 0.0604256932801707 0.0295951413410383 0.0116885797262381 0.58603253833542 0.0100600521977388 0.0251043492432731 0.037242040504934 0.0356546138043456 0.0201736502928964 0.0792226884948964 0.378500103143249 0.271110078626938 0.215009141767198 0.000129700122441093 0.0248321885847998
0.0184976063032862 0.527574009423894 0.103511006132856 0.35416444606185 0.0622335495439727 0.09618842242688 0.00210684405587924 0.118307103882051 0.0313401355369682 0.086135130310901 0.00724611337745105 0.985981737225293 0.0182434556644892 0.0158229236138028 0.32229973444177 0.072508059446328 0.23588612253716 0.300361569640849 0.000253151419817567 0.932074926845167
0.0360850365897674 0.425814129313624 0.0799482711571924 0.499820872846671 0.0115717223839781 0.424982099039422 0.0120270735666041 0.109857895486539 0.898058446128872 0.0544778439351002 0.219885240915639 0.17446588407385 0.0601365119180537 0.0424820031914543 0.533169609129889 0.249442853959888 0.350372857204445 0.289115690342999 0.00183410153557419 0.667362582978211
0.464765231832366 0.743392633760595 0.92509775861408 0.73977486880174 0.939322506747311 0.479269057846321 0.245673162166558 0.855466026842343 0.922517552302631 0.871789404483977 0.720682659707637 0.9677736345931 0.657501792546907 0.259076388725095 0.933353692708098 0.999602932904337 0.702182648879875 0.65336154309134 0.633587550732237 7.30527563301866e-06
0.0104568490180486 0.469132899423397 0.0571972059332881 0.507495766683704 0.011807033849326 0.324619859890578 0.0290649816243742 0.118625423682418 0.27457069527085 0.0597478420251567 0.00329219359210081 0.280816202806793 0.0170630605174644 0.0146462499395071 0.0489728819623253 0.148650553814101 0.487893219979362 0.163491895397381 0.306241710966873 0.00145938591721686
0.0123236940863632 0.403938362412827 0.311962325606784 0.447457842081117 0.157230923261874 0.0427750732916586 0.00515661849583969 0.016496855810578 0.0992289650052274 0.0348040618846803 0.0105632816556972 0.047447384045479 0.0190835151671816 0.008887290340504 0.36190066747482 0.00075722192603765 0.278493689311678 0.240733786773602 0.00037039854259421 0.155359054710962
0.202799165259049 0.590499488692312 0.221436392543874 0.744636169610819 0.736213159862145 0.165618047366376 0.0828023207566725 0.494381678085438 0.735504262548424 0.235181588669266 0.0836293727417159 0.854982489949388 0.336334115525865 0.129346614519599 0.651440857814051 0.669383487687147 0.317631496546877 0.600868319481626 0.00200100340925783 0.762098683652231
0.165487593833121 0.607543998619162 0.648511865511536 0.524817500419947 0.167323058222871 0.540194146063295 0.0420111934442257 0.54102417116133 0.970183585065762 0.438933591654973 0.544642196196946 0.980949683438153 0.432857724617777 0.0763390597328729 0.787934590220251 0.996667118738638 0.462305688945842 0.660394387263077 0.946968893713239 1.67368263011802e-06
0.168364574781596 0.676683521316579 0.730741372839491 0.891697733798359 0.876981205629837 0.694731764653625 0.0970177471624121 0.857135288145532 0.709050460525082 0.406425040216411 0.545481390102822 0.81050609819461 0.332661019625417 0.175960080523027 0.624667691347268 0.995951956085222 0.328327515840278 0.596723317059183 0.00565556836829686 0.768384329508621
0.0800339003077578 0.448182011066008 0.20139601882497 0.406323762177801 0.250547154658981 0.0912504561346239 0.0162402371568465 0.138736787495911 0.00378967577814114 0.0857885007172444 0.00847750809015992 0.625902121940858 0.0166568464124811 0.0369866189414811 0.140320171679303 0.932447480036865 0.50431554154289 0.410346998349911 0.0649174094830936 0.867058100766214
0.0211483337454473 0.557558889114034 0.182652522461666 0.523436799436575 0.631669168621185 0.350990849052047 0.136202210225579 0.145580159802534 0.0903739544757798 0.046947629856973 0.0840804406987842 0.520352460792127 0.0670347121359358 0.0510657907505088 0.273413670276955 0.416510794534771 0.342118537525131 0.573311942631139 0.00419607073419277 0.984296119454143
0.723238139676762 0.781307018319421 0.940363415152955 0.590935946451459 0.983739145080454 0.43371588373513 0.739104342564241 0.932751456294001 0.99812109331916 0.97790892985941 0.995345851406265 0.996205131097986 0.784168701001678 0.688425192280218 0.986628908839034 0.999822959723299 0.75826749170962 0.851087520590388 0.76537655324627 0.160711944062408
0.045762173326653 0.508434231947251 0.154347713713155 0.322614010951041 0.223803147031875 0.103028487406412 0.021043559945741 0.065912410842561 0.00633473573312542 0.0625995500080056 0.0460412221697212 0.0389242479820678 0.0888828053130419 0.0656931212694758 0.133071832827188 0.150638103577576 0.436541358882528 0.340151841861224 8.68297595234242e-05 0.997485906720236
0.129964907358015 0.553109394390011 0.160158481639442 0.338017150628815 0.504333622679374 0.193342876447608 0.0345640595989593 0.0877583037974835 0.334960216125548 0.171430727685341 0.00753507514769409 0.804832968538541 0.0493367970502965 0.0361583883411462 0.510323263602198 0.997419084320825 0.336787063597427 0.469166803200022 0.343558591253095 0.00210079117404003
0.439373545719261 0.509413470913389 0.565347080817393 0.639933715928025 0.935735547081743 0.521471524396527 0.288822236059392 0.965347773875741 0.88831373497885 0.752867794785115 0.767350989518472 0.993273006383769 0.318178986405242 0.183885302062771 0.941176736021031 0.981386374665852 0.42620164691138 0.703564029556079 0.0538116253147114 0.989807515751623
0.171404153359371 0.501639682718621 0.667599789922154 0.571849674100202 0.728096591721674 0.296145470186596 0.0550955840887003 0.128271663676186 0.116135173837554 0.233234100567796 0.0169147732732565 0.966669213623853 0.0362931575992379 0.056379958612922 0.466811790122652 0.464546502162939 0.344018112021525 0.295068015871282 0.0905969473084766 0.000104167983021785
0.349995151180136 0.672178753574778 0.227409869209334 0.529154319124398 0.140174125442306 0.201286786371938 0.21586339217445 0.854158372248993 0.283155701552593 0.14860110237724 0.122098187587843 0.78153398172319 0.071417266529782 0.0783763698948335 0.482257634215874 0.834050827878703 0.492255237599752 0.543462872796033 0.00844096273693414 0.127190796709813
0.395129370735974 0.53807944720286 0.202251018527383 0.688805392847694 0.727042794219687 0.258778772004352 0.0985958171611577 0.196840195736459 0.994501862609409 0.387285171877959 0.413096977456266 0.849859665416464 0.15204383531062 0.160956173191731 0.571951164227467 0.150711269143801 0.218640387930389 0.220370615752355 0.00584608900594796 0.00492869184920061
0.174919294592206 0.634671739881652 0.428654512690175 0.675050552723297 0.95145215095329 0.254437732741045 0.0975860365025737 0.963268376063818 0.668238267460059 0.738928012764177 0.310296003720497 0.999209392144975 0.351718955455659 0.262899997839254 0.891392533679961 0.999408829305374 0.553521026133358 0.490775266652273 0.910679707623048 0.99999641306099
0.431093680188581 0.665294143117033 0.829023215009673 0.626355239022395 0.939525991334572 0.3054528384245 0.40271491449997 0.995194450242124 0.205623044307082 0.817827973213709 0.225840424327501 0.995806935746831 0.75240685426211 0.224876698428865 0.848695498721678 0.998994816102868 0.572295049112436 0.704119976991265 0.98937512978237 0.725167719633012
0.274705972820928 0.596576708830302 0.631488800066498 0.854006773725315 0.305833961154102 0.0724006165186354 0.577271352964177 0.603854095547806 0.877195435340034 0.72246734922111 0.202808172654283 0.986397725191428 0.167846356754355 0.122471416357416 0.839554009988681 0.981401885217278 0.631570474896498 0.783920425101824 0.000464086112446346 0.999998735726723
0.117889005296339 0.468810713327781 0.904202596604668 0.577721815710774 0.696461127314929 0.253967190606074 0.0259703798270786 0.827000655346129 0.603578630702765 0.319801243354546 0.846320232976914 0.978795907547884 0.124120308656643 0.0898331243434875 0.491657419124894 0.994349716343804 0.651920557552807 0.656368100777171 0.00340669908224607 4.16713552858671e-05
0.418738181874956 0.660187249427544 0.469619222924941 0.671106709904323 0.739983578116559 0.481656205420146 0.211561426062836 0.7774421171606 0.930879240780257 0.318243629914496 0.709127370593412 0.604710839492211 0.248907726420147 0.137987416766395 0.89262969198334 0.99799406204529 0.460320243648033 0.526553547495639 0.977364240388682 0.506888277202747
0.133963137941009 0.528924748654304 0.208220308493902 0.563543530517786 0.157606223689786 0.13549707794571 0.0495811428806911 0.0966991869312012 0.868367014900117 0.0470437841179466 0.228907450511031 0.784114555449288 0.125959730684281 0.100896923170422 0.267956714607483 0.741911213717295 0.434051803964534 0.635054319015932 0.0895016610294195 0.000307702630684413
0.49903090686607 0.75408527071925 0.876039073066851 0.503336533779369 0.688465447908196 0.861585229009813 0.317476150979257 0.857904511605364 0.269295606067988 0.913363163819634 0.942935831651974 0.977609355400889 0.281889592045849 0.186522031340043 0.410844808330376 0.99682426136715 0.271437941569766 0.691197604189812 0.999986533645869 0.99269432828155
0.0757438852204971 0.463768685848646 0.13577153563775 0.587130709569132 0.652014840045033 0.447282979688425 0.12341770198883 0.0883812623266806 0.243629258007862 0.0901298106336131 0.549572576702675 0.98272410487765 0.323633887389667 0.0587188831164882 0.828275106683802 0.48272973519574 0.817960919668669 0.50302323934656 0.0406501606649315 0.802955128237051
0.447936530620949 0.714316887500491 0.831074805842694 0.850032491728529 0.976553386570143 0.408310142774992 0.48545353014167 0.986608623246456 0.937546194869622 0.982945855531694 0.976484195759254 0.982589253811052 0.838959686469085 0.374644455100181 0.877147524797252 0.99494557899888 0.234073982940167 0.776218220449339 0.9660918433081 0.999999
0.302507650324555 0.62499874812597 0.839127967307175 0.711859262019179 0.82506102564206 0.861612787053809 0.110842167259375 0.910595125461308 0.874194524611194 0.70685110608361 0.696653102455639 0.902818189307505 0.151540506632531 0.351894711503294 0.789947703997467 0.998151069378623 0.630103143427334 0.397487900054825 0.592616166180152 0.933206333644616
0.140164135977896 0.636739001353666 0.90693705466553 0.491137376556972 0.461474410725685 0.125555398659624 0.155505542578616 0.794760210662622 0.427005367488508 0.694463208435359 0.537957003558782 0.976207027158135 0.277139236585811 0.270823492811269 0.548147211871276 0.987584012129123 0.453725097386316 0.589832015622329 0.697221500164495 0.924753343441075
0.144014958484149 0.667396659236426 0.392301169679928 0.537757477385627 0.861571935047373 0.705714223391045 0.291538215175183 0.210848118154012 0.831948131488403 0.430043373256245 0.789007284109526 0.987039627910309 0.250616674208824 0.500446667252311 0.788993104639003 0.963584811843703 0.519609412423704 0.588604882115099 0.981498957616535 0.983748889644015
0.0768759543668471 0.543907351681168 0.258970299518492 0.520228721313434 0.282773633592469 0.595053119412739 0.0246315337182535 0.0387644616533884 0.96896438931222 0.43311558768346 0.299833494451931 0.89895491644346 0.0999616016881111 0.123961988896536 0.588008394964062 0.988664215005317 0.637204189329971 0.281023585466904 0.00574910172993469 0.221902423163356
0.167888997028006 0.571949628658515 0.432726267148526 0.639451555041897 0.0611018743066076 0.234363850211436 0.082498437995103 0.128210525333224 0.127071120791397 0.0229729797909614 0.240262003055065 0.979241686925804 0.0704053958218627 0.0705194445772143 0.560525683425902 0.990185640755788 0.556044471824777 0.554276249969749 0.0517899020815774 3.35433132577611e-05
0.0515917732464485 0.522541829131927 0.18054958859783 0.483738095480399 0.0682201904844229 0.367077506002258 0.0272861333241952 0.247630180132063 0.0784995791266238 0.0719999890317028 0.0430770523781736 0.862760573555464 0.0772790250053403 0.0598592858689542 0.218584521292134 0.181629209013275 0.178498702351223 0.178893278918349 0.000205330816104105 1e-06
0.0130749227216371 0.457495232031023 0.120757473268482 0.388737525965023 0.00129483574901753 0.066218563509913 0.1564133006383 0.0110813430999462 0.0488698703168477 0.0278345795463978 0.000992583180718899 0.195709158697667 0.0814289127877799 0.052860851568374 0.196046829987673 0.9797517976925 0.492215935535296 0.203351439787852 0.00080401636345127 0.0174245628291657
0.0793296941535338 0.659713744258761 0.469825901387065 0.655254164953178 0.768913806806672 0.168494311524724 0.00946928716924141 0.85859591389683 0.866516945609823 0.365838697623152 0.189185633905805 0.977966018259714 0.232586669126474 0.103086518907059 0.710488442922277 0.996285963731222 0.678203508384149 0.44820271447558 0.470520952089915 0.909218985413776
0.123478255724226 0.591424747485178 0.369197193595736 0.752039927402261 0.635402248331299 0.568987609584034 0.110974347285669 0.534090583849734 0.438397641507737 0.157024212765229 0.362731895603305 0.806682359042087 0.425970309918659 0.0780940239880796 0.521870392640149 0.682725555021328 0.644464777403656 0.277465053517102 0.852540291623533 0.538311674489919
0.421661846667442 0.783167681886048 0.793727014929904 0.903931285943481 0.998014440970261 0.242443269503796 0.588948845988216 0.995569334514116 0.331714981491124 0.966836540522468 0.962926023301326 0.994092936094411 0.883531863850167 0.271359456074055 0.975402538391276 0.999441724480737 0.584213761473508 0.722991083886978 0.153025015863863 0.497930177227498
0.0290437489407812 0.495187995178274 0.314993449862483 0.42352587759192 0.0123754500910769 0.670214504139268 0.0571908935730971 0.0437222954410765 0.286137086653475 0.0412888251506336 0.0211940938736927 0.395801301439768 0.0804468115457334 0.0742314284006122 0.519659661528327 0.379068411713517 0.537926116184559 0.223822261990786 1e-06 0.00147154432533263
0.191516695611188 0.62665571983683 0.303971308121915 0.749568387909183 0.858422027502871 0.546784541266617 0.0347410757223483 0.866695799740438 0.966760215686829 0.199761039484602 0.150284454116759 0.929180120978265 0.381531552290286 0.181232000492058 0.394429544730609 0.990063324644076 0.711894105917296 0.545280230084762 0.904521755751647 0.992486522086823
0.0483881245956471 0.520921921605434 0.239594463149806 0.459976806523125 0.292976857133867 0.783257968356016 0.115820705498202 0.176515011119038 0.941201055502546 0.153303626435539 0.0451635943775909 0.579531855520679 0.0605456728188369 0.0313245757521488 0.553804974065524 0.864778198095129 0.218444189451978 0.315775602571543 0.382166021528141 0.00490986253199691
0.0834203948408245 0.372988733187019 0.379694674937897 0.640815281253537 0.0231716026753811 0.44140382191416 0.177514328800494 0.544471404687164 0.976531735416224 0.0591670195423729 0.162077625235891 0.947461324472837 0.112672759533755 0.044284512890496 0.382857418866578 0.467367524200536 0.686253491947538 0.395409375521609 0.899496383838565 0.0220754587408191
0.0529940677060041 0.442878286711599 0.264640045796012 0.520341123190504 0.0639972898913339 0.11871160991681 0.0422410152957012 0.0107504663948784 0.28606875906268 0.016423346140923 0.0429336853619952 0.946152734248421 0.0319074529447452 0.0272919626518823 0.370259920170877 0.00803754565506099 0.46523869497132 0.345433670237989 3.45587003014673e-05 0.999976272222727
0.441381397759452 0.683655012164115 0.424133872548563 0.309711709929384 0.730936996042138 0.227944282265099 0.371645686858031 0.944934755503469 0.791423939539577 0.821660344949316 0.901153195039407 0.950734860329688 0.688973498255565 0.22858623292336 0.893878583602644 0.903891323675205 0.612397592763648 0.614298936100982 0.153149832660876 0.0134588304222846
0.0111546136429572 0.286049277924686 0.545618279222496 0.471073174180288 0.00638814439843042 0.16054063651902 0.00945894292167033 0.0124521844560499 0.049302691380929 0.0111439025105876 0.00296415837083108 0.856773436035027 0.00977703778159122 0.00989744018692844 0.138025742126211 0.837296977297166 0.0710368543007478 0.130244763063686 2.14697519279193e-05 0.455260271296362
0.238242184082074 0.646586047060026 0.820957601649216 0.536784040016202 0.972988060474007 0.434479651640659 0.171474037703912 0.289718441390406 0.701494965483271 0.767740785884377 0.642041140169719 0.986073290439077 0.299313933265239 0.108354332181016 0.755195306462379 0.998801108085275 0.439595676177843 0.528629579058368 0.860680735820412 0.515618446073147
0.0840927543196415 0.341972180422619 0.30623827104317 0.642622092596773 0.11477878487825 0.578534313670581 0.0159031762563434 0.0146306555690385 0.268248494307939 0.0641739766094731 0.0454159458994718 0.942011495164547 0.0644007450105484 0.0380982467709135 0.602404424195461 0.0188579429006563 0.440971468140274 0.605585804679179 0.0047535644714205 0.218518982908842
0.0312266356501774 0.486085232208337 0.0499580934703872 0.735249987451952 0.657622221728235 0.343264039895122 0.0282610767594818 0.0852981164407348 0.0695447517866185 0.0487995356169422 0.166537186279864 0.957849682620051 0.04327189346544 0.0467151889276042 0.299040731768137 0.892457377238652 0.362376710834561 0.458060518633219 0.00723505200393106 7.03453793957392e-05
0.40049897147032 0.726155849745062 0.414993093447625 0.687155812402208 0.98829970567268 0.538291416682992 0.528739581341354 0.95705773402252 0.194881295248985 0.780322191490531 0.98579738354007 0.858064479494497 0.667141425328411 0.260909559737482 0.812693249690824 0.832699965266318 0.790306714246341 0.6519098766329 0.295737767445177 0.858569821671392
0.343455048846148 0.698732670965046 0.875811051796381 0.482844962289459 0.961287667786532 0.685158075274061 0.301074192082383 0.898199502188094 0.939343172128797 0.755726976306744 0.845073474720019 0.999540633619899 0.59707638238841 0.410325285688043 0.790134165565454 0.696826948608284 0.427916382435164 0.541632014012586 0.816890373717037 0.00160398143271984
0.878753962101633 0.854516983739306 0.777734552306092 0.845755541475147 0.998081923717535 0.43867522625629 0.905907970321226 0.9891392425332 0.993493069739635 0.985305785313414 0.975149691299679 0.999939552778124 0.885831612918154 0.62114575352842 0.924698060289085 0.999566810309897 0.816160752408872 0.966728190675167 0.918531857992605 0.99985336493193
0.152140727331624 0.54261141833198 0.780937506372571 0.747071417934111 0.582291867674329 0.471553319665375 0.21813429026158 0.490930462196635 0.0605669408913809 0.39346448179404 0.792107005911419 0.976918435891864 0.0870864374405196 0.140096780189487 0.677606146420285 0.0630320513211235 0.383903433967814 0.803515751487537 0.504854345759812 0.795300909017093
0.102947335482381 0.490379937955521 0.168621351495639 0.774041290856039 0.0380123044351906 0.602259879331755 0.0170442840669919 0.0314269814028711 0.0814904817804895 0.0966993195235016 0.0383996794219279 0.193449930118662 0.0589510520640345 0.048537547337959 0.210340218162749 0.01804462110113 0.292374179087068 0.327992080953699 0.00043147709591641 0.00016287200051071
0.709884390334648 0.675819005947507 0.885603521016952 0.708127460232762 0.941280655171233 0.647882568838642 0.168313000978306 0.834641507139316 0.948888603291765 0.798240158971951 0.816590852485662 0.964997766394392 0.637159115703383 0.466542680864244 0.857345871734863 0.983273838891134 0.639184989454489 0.470463188064998 0.00447423134694028 0.430811328049938
0.123089039918258 0.506010123271344 0.124519389255532 0.454339604147467 0.179261863965547 0.486619039228865 0.0258771146671522 0.582718177679646 0.578872368008857 0.274933538417027 0.0894898642761624 0.965193225810179 0.284664354724056 0.105982695950403 0.559559420895293 0.187593110313184 0.667393133904609 0.208692131803534 0.662665529851951 0.27994144671276
0.163810716157552 0.589740062599 0.648052489223424 0.546320095443694 0.727366835674598 0.332639146128575 0.143219021294803 0.549514645293963 0.541383034663732 0.285582886617836 0.375235631837517 0.975805809274221 0.246326904942769 0.123195798079012 0.640128366138259 0.997322510118635 0.599339395573615 0.406300344607042 0.00978740549533738 0.000861166810991268
0.0352053767526353 0.450892106352083 0.295293853879254 0.217064782302562 0.0745653694208765 0.250121565822952 0.0107849410970228 0.184165474327506 0.0955993093342824 0.0348612670112924 0.0669829776910296 0.622091990128169 0.0763383652564268 0.0457136784121348 0.139746740893269 0.818607593312367 0.13589276048851 0.124432329129061 3.96774949569022e-05 0.0785471976914844
0.0769663951849909 0.555225174587326 0.1730689283105 0.640578611115496 0.137113433064861 0.771822036223517 0.0965420528034593 0.184256676660807 0.477798564200811 0.373779655792209 0.449223088197548 0.969840562398293 0.357210829293981 0.0572524876846178 0.788920449921681 0.206648574055187 0.512292877298632 0.567916869938545 0.389189471113715 0.999870353921126
0.43064892349601 0.793179882395739 0.961326624437208 0.750193089010783 0.909141279792716 0.394415711884534 0.523491222431591 0.995693880077751 0.931479300336411 0.93524285120034 0.932779519895235 0.952087921025883 0.628644567582236 0.460013499329229 0.851761218838374 0.995656041338375 0.856672491669968 0.829397717640396 0.996200737114964 0.100298531941543
0.595423778118457 0.581171076240829 0.780426140644438 0.845895211077361 0.738521112997467 0.769313786658363 0.183875729126835 0.963614065930357 0.374466286935086 0.744958926430425 0.964303676406405 0.902714154407299 0.671847533309676 0.215228951782672 0.852926056849704 0.999997032513473 0.703545914630267 0.482367695487757 0.98096699694068 0.990542963109026
0.409733794854331 0.716628917134612 0.236158886283741 0.742829466484539 0.824198615279625 0.627781455357884 0.245262444278964 0.726551577773806 0.979717739413486 0.346096257357547 0.454526405936647 0.993019231828795 0.279215979507808 0.187575502672067 0.533112094422553 0.996724305859849 0.660366669328572 0.856519470748705 0.998290606873743 0.7686354892933
0.0718890218343908 0.51320068777992 0.163479433275297 0.569180406939692 0.441826094849335 0.851361777062453 0.022086940280499 0.625261473502586 0.725074059725488 0.103379042623923 0.0992271556151439 0.877478741375837 0.090963432296388 0.110717399806843 0.516753343090834 0.982838603442512 0.261589256407026 0.272148005172303 0.000591892147334302 0.99764872021148
0.153679696452935 0.49365065993997 0.400930003866385 0.587535338890533 0.526842684100145 0.235175874962344 0.149175429384199 0.100079781121725 0.599552698131153 0.831570010336287 0.229960843700913 0.952942953169329 0.208209846064514 0.15093207647806 0.823613504410713 0.298762738543898 0.37817517141561 0.271264355389692 0.995136218988313 0.999999
0.118564291502678 0.465029707281595 0.339040643829847 0.546994452880605 0.0938536377021192 0.71319636056661 0.0666871182819019 0.0153909107942203 0.0489105357619337 0.0669917979777958 0.0784029148891564 0.353242378471522 0.179689697255328 0.0977937578737724 0.644397541645316 0.918293224700678 0.533252662341508 0.503220179172262 0.84507239562174 0.862219951845668
0.132608276047433 0.451225522354295 0.545712103069249 0.700746146495109 0.62637997594359 0.453347954902625 0.116147658017453 0.104949721636444 0.0377537442318433 0.0830991700624764 0.28705160606949 0.971344469695559 0.0439404804545788 0.0667490334820671 0.606290223019018 0.958090425227104 0.367150843867596 0.258829779588622 0.997578646931373 0.486421010611392
0.855673118326212 0.804671816483521 0.969534976131728 0.719247708336169 0.999395827370845 0.510081527384272 0.855384500747493 0.997937135542791 0.606105806639517 0.982754488006203 0.9673857748201 0.999818559656521 0.79113674622127 0.523366932398101 0.95414014043921 0.999748549146309 0.671195227131401 0.792052429033844 0.162653067166378 0.746527219618157
0.530634329057642 0.570349264270385 0.52279182498544 0.741354680581996 0.919874822956934 0.543465782064829 0.194873854542547 0.613646888693617 0.925899995549244 0.458885423324869 0.206104226151625 0.963962316312155 0.393431051496424 0.133307885794975 0.709950787912028 0.997989443486251 0.56721971813077 0.599135959672715 0.0315398336128168 0.133962132835992
0.32915556157412 0.59048464644144 0.938495265137161 0.660312947988119 0.883061270203494 0.680374530845434 0.184400038482859 0.586489453601699 0.642832377355058 0.79358059323702 0.82236546213071 0.89275526903608 0.568626226651853 0.160707587118172 0.841799000520235 0.999539562477202 0.535816558327852 0.519990898292249 0.198933297671182 0.861047500697978
0.247207344501571 0.632752700229986 0.665040357934643 0.668374751570797 0.161463734660687 0.322609593686128 0.209304911940301 0.272005170567228 0.870473899101883 0.413096176114499 0.827062153275306 0.898844350714333 0.364554038161568 0.253182079316149 0.777577337522581 0.831423722476314 0.565114256141917 0.649329615577957 0.410417765141737 0.0780244889537839
0.497076585228331 0.740601134651242 0.906375488728486 0.79172855309307 0.948948841999414 0.669076247255079 0.604462658267729 0.989679868855775 0.874031434944703 0.962463541045696 0.980261326061207 0.999388068886366 0.898770239154284 0.42140602423527 0.982508519200416 0.99811355348102 0.607404264103264 0.849871893933921 0.00611365209128617 0.000165773389640295
0.0306562679503507 0.501111370856335 0.269254350723216 0.487986397963258 0.00192703918578425 0.287544934017014 0.00927788662775752 0.0522390057491986 0.221721233002206 0.0245414826500517 0.0100823231269373 0.8928403079845 0.0826056009866753 0.032915914290472 0.166713968694715 0.0128628523553134 0.274084658976376 0.231632505159758 0.961909226338244 0.00162262529727479
0.22246195502838 0.628528703490501 0.936214958752797 0.65112201263968 0.968360587505476 0.369994425179235 0.0307774936037729 0.185349427640859 0.0923029828784899 0.289682193080268 0.561809105721268 0.978573850149879 0.226058873123826 0.316861886220617 0.707279185262758 0.948860114125881 0.682484954564904 0.630425616222283 0.37976876791314 0.0138778436088201
0.414517087693287 0.721611300663074 0.571221878603544 0.536109047359993 0.914405736723344 0.742834006929123 0.364072293334122 0.78448433761837 0.819573591354227 0.929793400903337 0.846243428998877 0.978527176337634 0.428495806183602 0.352827857244509 0.749802894280798 0.92348511733547 0.448950373020127 0.561658300326502 0.989248141156738 0.999992426052419
0.270609441406977 0.652303531727622 0.476171028867921 0.637272395642173 0.520866825068392 0.31153687643132 0.172126122795684 0.282764322116061 0.7258087533381 0.760040925646996 0.333850856831103 0.985945646831368 0.2347554941915 0.169267606953986 0.920999317411084 0.98339469673311 0.323078044445864 0.542897388935074 0.987848660535997 0.220107656562087
0.263378948849534 0.602759260814662 0.491361222442822 0.859370328541041 0.176568475609642 0.372857603191885 0.0199054547098716 0.40723776608755 0.99190724513117 0.302440795815054 0.0514163554749774 0.910904388581397 0.0502203318148195 0.090747846855998 0.752450477505219 0.990085874332497 0.632805587164075 0.537898355791758 0.125329627622656 0.00127144313348022
0.194265554387041 0.593746096886327 0.641984308030149 0.699880936312515 0.0350476845677561 0.258955091072481 0.160660436948914 0.820228813968577 0.228304432175511 0.434429040020924 0.319029355697169 0.692257597856883 0.106077186836767 0.0860430941270404 0.566910957287577 0.730271423816073 0.37474809311001 0.602991464588374 0.983026541643714 0.989507933213607
0.275034066752591 0.672483415074265 0.815245221519894 0.604744451947179 0.992758483949242 0.179603605416099 0.145183846951043 0.625975635476723 0.439984247342374 0.731163963163431 0.917142752671114 0.46225978671396 0.6313217202507 0.274857367546834 0.857788458858356 0.998340559225458 0.846738979467201 0.766456174955875 0.993931816357612 0.000510134791223706
0.0363236462411258 0.378436173100514 0.0964786867791136 0.234738997775633 0.00698222918691721 0.578404899533703 0.00464917020682978 0.0637105546780704 0.0953231507936386 0.0864251140867359 0.223760069296698 0.737940110712437 0.0721917363742725 0.0247060249556717 0.430546691796673 0.0474565158698644 0.474553085089141 0.123230216833326 0.0512136996317411 0.0099947235452959
0.565062619686261 0.727512325458418 0.928870739486392 0.741315137583202 0.987942367275008 0.805736849772885 0.846760103319234 0.993073963382618 0.410595736723821 0.856665773359761 0.985981311570813 0.99568714261662 0.65397966169326 0.284574732083231 0.922938096029776 0.996799355645697 0.513555296663848 0.839447205906587 0.721460719280408 0.999903633946239
0.60434252264814 0.691011568726673 0.800821848784079 0.812106412150759 0.891247956558257 0.72953879047899 0.160517619960382 0.964722534751282 0.97839512919948 0.889032574552456 0.954563423772815 0.974757329298573 0.580311783372417 0.408727711236629 0.918294553500776 0.773527018870247 0.481794906051243 0.606578802896878 0.959230062457043 0.99945536817731
0.0627797021118258 0.464900736022733 0.330477316852572 0.622859643808115 0.262852598880138 0.231095176131901 0.0678353350123145 0.485708074548712 0.0355199000916682 0.120209842570396 0.246974616646379 0.779199062802936 0.07091102280991 0.057029740488229 0.355108668438991 0.0383740962550793 0.57339961687703 0.556773083753129 0.58493385741702 0.000811319802932852
0.160935863302473 0.538551540900257 0.511171170540649 0.236842300266492 0.138266029591191 0.273184806968113 0.56158664011348 0.793229252772014 0.985287887992739 0.130760066406544 0.164163361555958 0.927875346139066 0.297406878613988 0.126863270296593 0.652940487204511 0.992000159916721 0.437116651402906 0.535402366690556 0.0443768733770785 0.106008146283598
0.208917086132007 0.74858812402972 0.54570503553736 0.629199825219999 0.525554189224795 0.276454015512465 0.0928892652950964 0.774514046449986 0.563247861188704 0.509586528561766 0.150464547320286 0.95403965247447 0.530363698617222 0.121060516946067 0.867289377561919 0.954209076370561 0.257538775692729 0.7585421075667 0.805299814740596 0.539361404347078
0.590995784634575 0.737225234465227 0.940857653637454 0.787126593890479 0.998341735304754 0.151640694108618 0.391173137178274 0.985316199847787 0.986771969051469 0.964433781142331 0.860420789239452 0.991719647426491 0.614690499640816 0.476069148870036 0.922074805124441 0.940505517662981 0.663308452816057 0.708893665758657 0.226031922028036 0.46884828091525
0.120598706544039 0.716768117221829 0.833737757416815 0.716236616176522 0.326637031143242 0.646281551821408 0.478194428542781 0.654830252988461 0.579787791347437 0.579877852889183 0.701947361147975 0.996164073001156 0.158229786874057 0.16727697444332 0.492530141935635 0.849000584324491 0.383375598740353 0.473427164032141 0.011422191462174 0.086633899252793
0.206466894994043 0.682487778200552 0.611760816492085 0.720876878333678 0.903561665663069 0.63913554856148 0.128870093426677 0.963760276900489 0.995887885413797 0.705088727393895 0.824949340226907 0.99924753952383 0.502327321485604 0.298754712650574 0.889836002583611 0.931585088468586 0.729535959898316 0.638085038199326 0.636606044438955 0.999996171537426
0.16202861810191 0.51543140830641 0.178862597719761 0.489792449788568 0.217528299019853 0.116070049493078 0.189925941431134 0.805993981536054 0.929787396069019 0.280105308357722 0.251446246491856 0.966545594165429 0.345939835525104 0.0635445543265752 0.463237621337404 0.884501242915035 0.432903857250794 0.626314967231075 0.05376219368036 0.856314561840568
0.285489508426287 0.70230514460417 0.810800059680653 0.580477331180061 0.995158977476481 0.879041718969123 0.128012511127197 0.956585679291236 0.950454660459245 0.790117327362815 0.808358478843849 0.998532774637651 0.278085215562732 0.297660246521866 0.603718430081652 0.97794094974311 0.429122778107691 0.368840211633224 0.155840763155269 0.714319386111369
0.0519472658484748 0.496521873584974 0.825991337557992 0.796394282817853 0.184588108686829 0.373155630031175 0.222497446387529 0.245112365041309 0.476899324362678 0.0472254687536709 0.143580939834419 0.785193648033652 0.158203697403739 0.0450281044905132 0.411103621935577 0.108006805395149 0.480305448908478 0.247339161375477 0.00128843889678951 0.989582914267057
0.644442728791977 0.676127533946915 0.870788012783409 0.630606689968254 0.7447083460002 0.642839957411509 0.186479375126452 0.945689628388308 0.997985575943663 0.709976423356259 0.804861332679906 0.990799134738497 0.521123346589997 0.149531111799414 0.518898926440629 0.437651581794718 0.540939858871587 0.570097675367158 0.996599232093247 0.972670483407085
0.0791536779680813 0.558095441427389 0.932208568730573 0.302752627588127 0.242354031824896 0.177051032504591 0.0408258195665457 0.0884615666581803 0.396340170334341 0.453396313996283 0.15098978390369 0.516905048715981 0.137466856036189 0.158141224879599 0.203426602145009 0.880170625045867 0.649380269704047 0.536036096913758 0.0184489474178147 8.91055350305485e-05
0.207243860233225 0.683381450996504 0.691531331057134 0.759219440799677 0.42428446951563 0.258790083386335 0.0136384739034312 0.348080285032943 0.613789483949056 0.465648553923801 0.793928736339017 0.891482138397099 0.237728847560968 0.100026918229839 0.841117869670953 0.963763582815709 0.469134152973657 0.681513930443531 0.134464320802633 4.62892758609926e-06
0.81098265306223 0.861461191277036 0.916730607017725 0.626518514789043 0.986737647186969 0.91676846107658 0.622266407983089 0.991093038968957 0.978143936981593 0.942016395342229 0.986284609047116 0.997669611606734 0.908417621625113 0.607494123299001 0.846085586492066 0.999613036913025 0.594905031367099 0.862470315478659 0.991852095421872 0.996543265276742
0.342352992767098 0.615469416161325 0.629065435085578 0.767491270576339 0.969909005685957 0.798661020036264 0.140027582857922 0.932468346439483 0.969461468235279 0.925959230925944 0.782783501147634 0.997767354965498 0.449248976217671 0.27427989278662 0.808606463932627 0.997238862028448 0.609539534487522 0.782777359375969 0.000450462781408995 0.0259391360218377
0.0680875932255099 0.541606563698496 0.498220750427007 0.538444254763679 0.333329854609118 0.37949082197703 0.0128355305649457 0.0157671113483085 0.507063110682761 0.0351785727362188 0.0534852595885281 0.703524977012578 0.0359099900345423 0.0303863671724247 0.746372808605339 0.985706610306491 0.561561143053622 0.3282894689518 0.0820834518084231 0.949356154640613
0.0409862131662954 0.369273718872303 0.362912403117475 0.387923602703476 0.244313284249355 0.136231967028767 0.0137129484648307 0.051970706055789 0.416294689377336 0.0257966301934172 0.0619705771847828 0.561052457348696 0.0204884914232198 0.0525961204621238 0.159795585320154 0.13578399245239 0.330921370550902 0.169673886474112 0.00376477281897074 0.999495006181931
0.0267486227935702 0.450917537545959 0.652252855745233 0.688888569694129 0.218502191085989 0.220297115220399 0.278593691126252 0.376242259986754 0.721229241724711 0.172157962490839 0.0168173170257062 0.836597100637492 0.0909045048716295 0.0401179157915858 0.346254668885172 0.656553335007854 0.299058344224363 0.443343517100356 0.000364088887581467 0.795413500444378
0.0883738167422856 0.577001606425579 0.824427990244935 0.616263625689626 0.47147652524816 0.703797314565167 0.139117778336241 0.0525709193475219 0.99453704721632 0.176742492957563 0.39028357681145 0.946530466221061 0.0856250671517396 0.15077393940944 0.436548633445105 0.880481058361488 0.12935166327612 0.390794331305543 0.0151209693429487 0.00245748488587876
0.0560649236251882 0.503068467349179 0.61806733733626 0.729744625061757 0.116922351700619 0.591012619595703 0.0675920860185408 0.109104399719759 0.00638135470132077 0.0515004849541288 0.0345422369689449 0.216928974245763 0.0360700385081334 0.0665239774146142 0.147178376267529 0.653655518099753 0.120937698437836 0.189066998275417 0.000110946492608114 0.00080526572015643
0.143892677374274 0.506819050369365 0.581577714263147 0.548003997849162 0.364016296764195 0.684595545571371 0.222739535574366 0.105758059055039 0.666092586561149 0.19340204106631 0.233069545229801 0.993994658617353 0.38751847713946 0.230073941579987 0.639268676085792 0.996436992649448 0.228143233283686 0.405376935241717 0.921327068422282 0.952044733939399
0.277481808523466 0.664908700791041 0.536876243499083 0.60086387583439 0.669443478916811 0.5901891474113 0.0930906467594452 0.825088484190111 0.34465545790635 0.394011573044465 0.617277194455842 0.425673533301991 0.17510313191179 0.190337116318725 0.354571620236688 0.0996356790682988 0.658077344565439 0.407732075391612 0.871437580861039 0.876342088448963
0.58789225455829 0.755081508972122 0.689268763239981 0.636973413273412 0.974810486876185 0.230030676916376 0.174677620209485 0.738081443680542 0.984783405647248 0.949308140367174 0.617557123654068 0.995856489974509 0.300654221144404 0.330945256224285 0.644894115723437 0.490364329702359 0.6692219663237 0.709959746237797 0.999559192289957 0.754884061163765
0.176921997743608 0.633883310949838 0.404806889362274 0.771203214667368 0.621821109809968 0.303398899993657 0.206624749800066 0.932252254450495 0.91747565297109 0.353704445209184 0.208108961660379 0.270020553019188 0.151736523370353 0.097321851613363 0.635074084512694 0.854936330677037 0.410711233448077 0.580629170802445 0.0133542860069628 0.0981875123875665
0.011760077251607 0.357882612213422 0.121519721651967 0.516356884459037 0.00552744515823667 0.446423578939457 0.0257619085784129 0.0154572907662755 0.251653185989293 0.00379659253157848 0.122828053903698 0.750744211958193 0.0338678282960361 0.0188273734938849 0.15300270803428 0.00859811003680989 0.30788995116707 0.122566507555044 0.000359816399177584 0.547425920778388
0.11220361680406 0.671867241342879 0.273717012805671 0.502542158804008 0.38819847781766 0.38152074079924 0.134228960926784 0.201987764725745 0.549056465944764 0.220286346892507 0.131544677151931 0.851483389670423 0.110979952637647 0.058339269333413 0.591828672918667 0.997880427493626 0.256516436557948 0.342018728691111 0.137293566773649 0.000441844688907107
0.509270592324379 0.759028288457072 0.858977858217504 0.502882115483214 0.985282646632203 0.78798536419452 0.913629128621349 0.633092355771652 0.782428599154193 0.911413045219501 0.910406485770626 0.960066368089327 0.489207048520573 0.322332709303145 0.833203015097282 0.992712398033519 0.566865297716744 0.768411146462287 0.176617731959239 0.0497129539931647
0.719114083294565 0.794804739003588 0.476667196965323 0.754066636693496 0.992858029276229 0.231414379011818 0.54615982961581 0.975085562740423 0.979961176404915 0.982806083110452 0.943182723729349 0.997633983373037 0.769969614020734 0.410804592053198 0.917854056345573 0.998523387581734 0.533354153894175 0.567237336465529 0.882926179669141 0.0011276569761911
0.132209306974083 0.597468643287911 0.0563883169785535 0.526410251452448 0.217556035056488 0.136036985933783 0.0850110521302397 0.36433022063325 0.195214201289549 0.32677146945799 0.117331401245065 0.909939812878403 0.139660142756154 0.0665497560135388 0.710246045601359 0.865415488623862 0.361755992352779 0.263795783988298 0.0365872262253586 0.00189142295085034
0.013335331543589 0.378359310931552 0.189576371809538 0.640649661229682 0.0200634357738665 0.14427397207802 0.0437671397928754 0.067852210708117 0.0353199462189637 0.00308184565322571 0.0157722768960696 0.336014143312787 0.0277185541098795 0.0308776146167295 0.454169203234591 0.346437173912315 0.215278158714116 0.120538167937795 0.00796085934244582 0.000148197133824991
0.504326257979237 0.690837476078693 0.804231673498577 0.588464883067446 0.976132043624664 0.600468505350642 0.0501943465443512 0.849771884809454 0.886264419624075 0.87410483634247 0.976786228319139 0.991931758208446 0.410041165822346 0.171887174272197 0.829174401419831 0.996710949913448 0.348932827077823 0.804281889295465 0.0409546869736935 0.991589869706704
0.0133705775377957 0.462727157457406 0.106966574567411 0.40904221491749 0.0455978522170228 0.547875548600523 0.0265008714994989 0.00486795430489417 0.0629958787071151 0.0136147925690485 0.0150876039513163 0.897894170626254 0.0636660729901295 0.0754250687559351 0.0815166196550979 0.244905865390777 0.207818261044296 0.162377752364695 0.000311032217974603 0.259571187434991
0.246714388163094 0.706551323415311 0.273845358266773 0.764508482399387 0.528925682790588 0.327817087706518 0.0980283358778449 0.192621481694299 0.993693769686737 0.436881552797901 0.158395944058232 0.828779275032608 0.245650776241446 0.137633874755683 0.733735208289914 0.976541635409126 0.570036694720184 0.594986596663187 0.957097705622234 0.999035573621753
0.0568467844936657 0.416799524875668 0.255879439624118 0.652572942518645 0.358585185241927 0.169492090412299 0.0426465450491195 0.18575049574927 0.144946903286526 0.152102734891196 0.330043009537824 0.951026330950935 0.0604292112432727 0.0395466124661112 0.345031469167048 0.887530698869987 0.548474778716858 0.380841078968119 0.000148577940862553 0.0184580686508236
0.380947625130869 0.619832602027782 0.529815797443437 0.817731951756664 0.971899565752722 0.468090155766345 0.111492188676175 0.382378632089509 0.648761220337843 0.406542553570206 0.439923906223265 0.762732747728804 0.201849153176082 0.158871626666626 0.646023038150789 0.960009110849056 0.367435488147761 0.642809447118438 0.00543779035413141 0.104315171169403
0.386901946177338 0.66506036122018 0.710448337739765 0.824578407705646 0.471461819581669 0.218112761691133 0.245941539984698 0.430098876563755 0.724306293222681 0.523672006246388 0.832082523772902 0.994969342317049 0.478144962550164 0.169953420631657 0.831691379049737 0.91280663160357 0.699782906666996 0.608221559043848 0.0351448619489914 1.37190098743513e-05
0.175080512237698 0.648432464159501 0.24070815068138 0.509834693273415 0.665812806148308 0.72404743231446 0.162187212751948 0.102728346676922 0.277295645836012 0.183074646417935 0.255969232112374 0.957529276295373 0.0825966451492357 0.0921255432975892 0.370060149242088 0.634709217730135 0.328563783938593 0.221420027475825 0.118838324758782 0.999995098117076
0.285219793470663 0.709732263037129 0.717336090847502 0.617916599111459 0.894411796954193 0.564767145451127 0.253489811646086 0.575082830313645 0.311027560060453 0.208232639083064 0.587160671175276 0.985861296160066 0.128470469240181 0.1668500409661 0.3182011098548 0.416180067869121 0.618047745016181 0.567309609161481 0.0188439404615165 0.344373842605235
0.39789709296038 0.740624416704948 0.76730417943259 0.595346314676904 0.840923419860949 0.150076465678802 0.160211647076907 0.994770782657032 0.118402025454367 0.954287691465735 0.844503308171208 0.997015519144923 0.753905711793507 0.308127166596102 0.739056234776907 0.948223558527866 0.680169477269013 0.835760715773635 0.118538332066959 0.999999
0.172169981858215 0.559171064150429 0.949239193143819 0.644679779363751 0.563961762681739 0.791072199538238 0.0879356328611795 0.311481515032199 0.82830802001892 0.239013815694466 0.19795335759455 0.580477308496577 0.158562464169652 0.165612564898934 0.474942048270202 0.822155367080228 0.550952182574943 0.69541570095877 0.022487891473284 0.00786003634724215
0.171428590663624 0.588485375111251 0.680201971254569 0.705269146590654 0.971525103487964 0.70233724909547 0.134511406486356 0.81859358372972 0.966354524101801 0.280322354074446 0.835519375889722 0.87023730585863 0.186663700373387 0.177458642230114 0.526830670502978 0.90722718195574 0.302966712718338 0.376313073680086 0.0086297422582661 0.0149634305438234
0.245074036256273 0.559794611417484 0.58529286740964 0.559819827523585 0.151972095954797 0.788061149096991 0.243245997306629 0.692316001326353 0.995433490837831 0.507078732615776 0.811412643590928 0.977849800887203 0.27795376236961 0.182636453056076 0.480363538769467 0.831943921975644 0.59545440869121 0.44338238881507 0.999539421096651 0.999961579950466
0.109216486862685 0.709644812715772 0.8693200391791 0.7342470479803 0.916211881946412 0.545599900136566 0.0375767825007965 0.706009550344885 0.928654934367327 0.481035042682813 0.280048057530693 0.997166893738147 0.161992359813297 0.083538990110068 0.737968968046243 0.883854751624022 0.479080688156872 0.5515754379123 0.847276532168913 0.00524513170097896
0.277860064952759 0.664533641675213 0.845148469512767 0.393862567805746 0.577565068689856 0.48996027257121 0.166420081174616 0.843167568293189 0.726038641267873 0.599532951012668 0.0517101859828639 0.92216395403845 0.469910097021474 0.274020150089959 0.6421108394318 0.953169125272218 0.673123514219499 0.621165876230059 0.518081556135951 0.999799639516763
0.0944599558560271 0.484846263697552 0.189181836691752 0.688052252167911 0.105890803807328 0.370644868354389 0.102827871394909 0.135477953671931 0.0966315119230423 0.291952534287797 0.00852572155131682 0.375515247539523 0.362488942323177 0.105152658406006 0.526361876750487 0.954277733991061 0.393233084827858 0.531573842822832 0.00151178340419999 0.965676599427954
0.760153210665565 0.746261961090028 0.624171656377458 0.63696738628146 0.838465764138345 0.601872967508615 0.495167621003185 0.987929944420459 0.642675365740259 0.974612928216538 0.99001793555626 0.99852341369935 0.708292231392386 0.352153898422712 0.942703112557754 0.978837792290424 0.230490145837232 0.86985384680815 0.939981902549713 0.959107605763407
0.664045355880926 0.766658993823197 0.71519047374272 0.765741973323377 0.991762248024467 0.271054542998198 0.750738637834166 0.795203750715363 0.844537881739208 0.920063427861138 0.837505998749187 0.999447440726718 0.536890219637453 0.348863357695102 0.854995444947451 0.998143684622002 0.550932923897951 0.87419673290498 0.986591117049144 0.996620065524874
0.80862366301867 0.81735749597599 0.948344722601701 0.834963613661877 0.993823315256812 0.307817800736312 0.790197722822974 0.999589149657189 0.999524026132445 0.962368839484731 0.99229578563557 0.998820718589619 0.92179883182452 0.602539495362873 0.965669393184091 0.999532503903697 0.722797973432256 0.884518925610818 0.940802178882772 0.999998724839754
0.144452630732638 0.459884686040153 0.443677971806254 0.468713564109981 0.526468055729664 0.604336412895168 0.648340089733613 0.767652501553031 0.546617192134021 0.283715791685544 0.612152688645493 0.997624549019826 0.291263673603789 0.0757245026039905 0.847632301200095 0.974005395758911 0.659678496601759 0.555449286015307 0.549026376518682 0.983920869745799
0.159969462014269 0.527382689452533 0.23093435164657 0.611319290450055 0.693500657977135 0.594300329400243 0.0337198528330647 0.276940089686109 0.97692189376905 0.736931446363317 0.141370790838423 0.43364076922535 0.342972930529577 0.112281316117848 0.18920823420024 0.548210459530615 0.510684853960062 0.405973539439003 0.00461955180357274 0.000266691581917736
0.209969248245529 0.661198914366618 0.892090731848604 0.705024987484183 0.946311686035118 0.142784026206124 0.0944430383255122 0.181721952733743 0.829887168751714 0.600121747750738 0.252124091912125 0.997934276300728 0.256096577250944 0.109383277885636 0.627279306299856 0.827574031219712 0.239985180896379 0.407755805003719 0.970149814524399 0.000147817980733977
0.491561645788467 0.663400143393877 0.83352444198427 0.43385764750052 0.960697693329965 0.370503132623887 0.524929062748959 0.145690624850474 0.804553654644742 0.852081330479201 0.384127500383128 0.993305027169357 0.176881301018628 0.137936397314909 0.703455319247333 0.975213137554707 0.523950204644453 0.429862913865737 0.341612399174644 0.113575063280203
0.253879066912145 0.716347466058191 0.790725997996701 0.81163868329999 0.969335912184998 0.566856291236291 0.450741306701402 0.987808480282632 0.973142096107423 0.944264821606127 0.980076882499448 0.995251505966859 0.634213435379977 0.439178636687573 0.863280345469084 0.999961545870294 0.69871438096724 0.65835689666872 0.814423770288546 0.527914081475776
0.0470342241069469 0.509623708461567 0.565962907114773 0.616057320842131 0.552127551411191 0.396326137185358 0.0903856423511167 0.132714134248835 0.108423738135301 0.0906549542159706 0.135382975213295 0.979763951259335 0.143287940159979 0.0694392789173842 0.919674342758235 0.999837481617593 0.51015761186549 0.481263993871724 6.79781547852121e-05 1.23209548643678e-06
0.287392746599044 0.632837482713908 0.678573504149343 0.566549622930681 0.0420743871676988 0.783444361986378 0.119218901331012 0.835784470449482 0.142969004320263 0.520693081463176 0.566146075580882 0.9840682458241 0.475954955678185 0.0653416389873288 0.79023302398817 0.771363165793844 0.532305532324794 0.517815433704591 0.030265655458438 0.177225295296528
0.135046585560613 0.614422554587302 0.696716499949633 0.62648771310707 0.181447372045281 0.639501337495052 0.11969435344003 0.670132785934688 0.6482316557182 0.253311535882521 0.481783551190977 0.260258030621742 0.271651459178266 0.181412380970411 0.771604364504004 0.996166145739225 0.619178806344922 0.518541950799075 0.000256132858605358 0.00148346529126691
0.163213543016022 0.663431635906984 0.442659849864147 0.635466818871687 0.263712811636835 0.478754892693502 0.270905427799589 0.691309356551555 0.283128504668507 0.371548577875875 0.233507965209074 0.873152602129521 0.0693338071638975 0.0955541878716199 0.188644337096587 0.253392464447653 0.248804679438764 0.757263104980615 0.953657468000692 0.00296408013845209
0.391810630467197 0.776492730615784 0.36384334963986 0.727993720621709 0.993934397807417 0.673097926092333 0.800753652942713 0.995827196686309 0.356260857263386 0.760895167348298 0.726551785544824 0.999946220061307 0.36273321484594 0.103649585835268 0.934951022810973 0.987894485044101 0.635202062981961 0.871381874438449 0.0121737642842241 0.207496518187954
0.901913737109252 0.743206582676487 0.918444534251261 0.882483062288652 0.997143645051473 0.655002107213372 0.843227478864 0.999828821830103 0.999486059241098 0.996347825552196 0.997723358248524 0.999554495031975 0.871871700924329 0.668419047020494 0.985776899529807 0.999994505969526 0.613287163449528 0.97044183262742 0.993078228125353 0.99991035232205
0.745747826840853 0.758559459347984 0.906704087340703 0.841825558485713 0.969410506191073 0.378423525931341 0.766219690787167 0.991600178279354 0.952457631023521 0.821609483175954 0.763250710146896 0.996592920123227 0.783107957541312 0.678339931691921 0.95511009881166 0.999171045825444 0.793221642985567 0.851600632478477 0.308555368729872 0.919955885541719
0.613282940294877 0.61852071728473 0.984679272148589 0.831308745692227 0.977508752635308 0.595727218834736 0.829611111520264 0.987774599197563 0.995096326335266 0.832282759307951 0.807666810975979 0.996912640347356 0.738868871452521 0.379158923171497 0.750996281951737 0.998152776015975 0.464961688476399 0.685981596478266 0.991274331877401 0.911129264403955
0.217758107047715 0.665605035076667 0.574991859564822 0.537349254310025 0.618644230024623 0.236576243522919 0.686676728673626 0.702300302676145 0.93901808562858 0.545209642827732 0.867633886599743 0.973953583900084 0.41854978955774 0.27181222052646 0.925774453775993 0.978013320403796 0.727377577751992 0.798755414634736 0.106402932004125 0.234072153584632
0.293167574639532 0.667974768685081 0.513215700718283 0.477288168653326 0.761223048606618 0.442703534549315 0.0668558562566834 0.76073484664313 0.971730288650618 0.626611858006441 0.154474084341949 0.973461870740436 0.688867685416934 0.116616619471554 0.674075032141149 0.999501684868651 0.754681847154017 0.623947714299267 0.345014882399444 0.933053606555614
0.597756402428279 0.795102723383526 0.921390946808315 0.684160741390049 0.999013061093336 0.594913874849211 0.856611228278612 0.998020411254134 0.994297436087109 0.965995404246507 0.93879336843726 0.999129505235642 0.820125905526615 0.307813312936756 0.965464722578571 0.999199580497641 0.829781168303988 0.893444715900984 0.309506412124161 0.14680878714671
0.181185644301024 0.4792548623716 0.349214658418317 0.48715375250898 0.376220602291375 0.146346055509441 0.191267510168881 0.0554364031330095 0.964047560711479 0.452360664740392 0.212450890567036 0.664759373472459 0.216789316219751 0.0419971870832637 0.303439672542425 0.916305238989928 0.275598431045178 0.593334747163469 0.106017048085718 0.00120317168947914
0.242675019774916 0.53780127149869 0.397698854501264 0.528969564162983 0.325668108940158 0.752602573614391 0.197863731412745 0.384870996579782 0.237909227913149 0.237148726446234 0.194060076429124 0.940089569540171 0.119437309232542 0.0812570949335923 0.148100665558207 0.827798030119404 0.53148522464195 0.727823003745841 0.937714001285027 0.699387269597685
0.103048969006897 0.664719291662674 0.270431409370381 0.571760364576794 0.37358745854961 0.767703977214082 0.171893806713977 0.45892890889892 0.0910522609352844 0.416163274241311 0.260348538593478 0.739928360337054 0.17770190521974 0.113026629875042 0.122966534781965 0.146720456035092 0.567904304844038 0.358672751942299 0.00206868631562546 0.0595089319247335
0.0456013320132463 0.500700311402144 0.0885392014621353 0.594074363955995 0.0925415967291799 0.342437678258375 0.0216241030444707 0.00771491450959555 0.0508981682601773 0.0905901711875286 0.0236003757038238 0.553021027390419 0.0231309953989048 0.0306678157516731 0.189935777271348 0.0331679772972794 0.341135317553982 0.337825032004005 0.505635639114917 1.21886233193803e-05
0.230705069523827 0.661531370245608 0.807738253142702 0.699566722473796 0.746839608035548 0.72423657511801 0.0318085230295022 0.632236405566174 0.830525712605507 0.441062268675123 0.624418525871602 0.885275105844518 0.313592343933181 0.092358644354768 0.543608888565969 0.997180757321634 0.430431407043039 0.437397418272978 0.46391815385872 0.999995161955456
0.207311281405364 0.618791090207991 0.52053844763115 0.797538648109755 0.585539009396468 0.744272895704345 0.321885259260201 0.785211369527366 0.385162745239956 0.846799989171521 0.729993599200604 0.99577254784266 0.159756763014841 0.268327927247155 0.915398309806576 0.989762522033411 0.478374270414047 0.40882556576473 0.108849996472365 0.979032689935563
0.320184069814978 0.586227990655019 0.331182038483395 0.587365335568332 0.872435432776919 0.272576366550444 0.521256107101094 0.947143410779476 0.965972301617257 0.686642291106977 0.79815619472476 0.990499057117721 0.529797087832312 0.232734707964083 0.757929869815842 0.994094918309549 0.61642189620247 0.639094908918481 0.000396223816281331 0.443235959279439
0.139456863010667 0.468643545372897 0.481305273338958 0.582781969227146 0.0515578334544738 0.251632423918825 0.364706091572926 0.488853843167402 0.782426402900169 0.124191157801879 0.220318304979065 0.240488518138134 0.181538199011183 0.0951864791141061 0.657175518175681 0.0882418633054523 0.163565675921384 0.470885248962376 0.0322123417611687 0.0189625316394839
0.364454450254173 0.648741118754318 0.72598947045766 0.532282883981208 0.963983117858899 0.116014882063208 0.716985493418305 0.989749042534839 0.98180461653255 0.840157405829132 0.9168303191973 0.932421838293301 0.402618612545507 0.391684346174631 0.627389281553542 0.998758921708651 0.822975418287295 0.737702483179935 0.120837338524165 0.379125934345493
0.515033783728747 0.76729993971268 0.496923666761118 0.811750184319101 0.934637630598136 0.334288407912503 0.407763989612543 0.940662005800402 0.861171831471424 0.760182670897477 0.888735527675171 0.999652448802334 0.22647558706648 0.500387684689021 0.761732394721976 0.850148276892896 0.599550129005493 0.737200145080314 0.128718571664241 0.999750730712726
0.1647604674354 0.690853837382893 0.48993691537035 0.502281106530408 0.722809219777872 0.321687500973265 0.234444997922172 0.951177439506741 0.976979020840848 0.635810743066075 0.387814513622676 0.967599550931329 0.67936076208915 0.343406195092793 0.303420503888243 0.998965740008234 0.469667035750743 0.783775049608453 0.0365263933177105 0.999999
0.283551238682122 0.60801161629585 0.362069817102896 0.443052342102064 0.985890742824871 0.315154897536111 0.425869892735527 0.934233477144014 0.999205106632009 0.581517431742746 0.773564636995964 0.999978711387049 0.199187622171815 0.230646981882955 0.474463604215034 0.791468246055226 0.512417936618675 0.636586543843982 0.699130621574414 0.00592554274861448
0.415541638939268 0.62284707918378 0.751523685458191 0.805477705071004 0.988367306747092 0.610029465188852 0.23119224973569 0.827654175603016 0.897354223491037 0.797569759709553 0.923069994134047 0.977781162808521 0.504971988724288 0.231532256057652 0.674854028799013 0.998714248239852 0.635043410916552 0.694917239967414 0.94487412031479 0.777839463486568
0.28529200830872 0.777028497278904 0.966834145392226 0.707493239439811 0.989955013518059 0.344091457126234 0.495922808039143 0.95882202468255 0.987842673190247 0.991799502393294 0.943854239054792 0.999459264207439 0.553434961093249 0.389764593605512 0.942721373935821 0.999740865808772 0.752186101794876 0.843876628265713 0.0387471662163804 0.998175611555433
0.0597160328672868 0.609072709585521 0.854038930504893 0.718309423078024 0.927357212300083 0.63444381280291 0.151348032780335 0.46264886853842 0.845805111268273 0.173648073834008 0.687979568348485 0.910289351181918 0.25549868789043 0.134008008670898 0.742315162582293 0.951339670397117 0.553165148599873 0.499163080901515 0.700128693783416 0.995725344718795
0.881519668832587 0.885824268339433 0.924472304869655 0.808530545661429 0.999239689813948 0.625159888673258 0.947109120257536 0.999645570344386 0.993646950253637 0.994163416002562 0.971675725340118 0.999990589224173 0.891949240213859 0.636960848483357 0.958824514917464 0.999979875010863 0.763805952966063 0.843723671267151 0.952627725041673 0.99985331930556
0.320364109627754 0.683617265031227 0.261417025156374 0.582720780527382 0.872719366980944 0.626832943523432 0.556734307900107 0.906923123732003 0.420073276423266 0.940213070480338 0.964912634314405 0.999768605186741 0.71903084479291 0.196239401086563 0.787923245171955 0.980767740337495 0.655411377793801 0.666940244735017 0.298231747466567 0.00200295203907218
0.358036392891207 0.656592946670684 0.705686532798907 0.465144004229808 0.960342723538465 0.153752590761039 0.0839328711524281 0.780861030377997 0.932847147829204 0.695755561939608 0.172206015848435 0.996452512974054 0.499694857297876 0.176491468933044 0.904499184569085 0.993858727094527 0.404277131927361 0.594960659727927 0.929098199539333 0.983236555472019
0.106780661085908 0.543953437898483 0.644917691977892 0.749160420003811 0.953660467863043 0.509618833397002 0.568039628597655 0.224309957135802 0.954822973820628 0.610262183363184 0.252340521727088 0.655115200344597 0.219424287446277 0.19213961028161 0.811113434629451 0.866445218869992 0.537540362659507 0.58733894094352 0.0282478327289612 0.034024659628501
0.0671516543988918 0.472237818540917 0.0707987034549201 0.364882596956337 0.078692966566158 0.0691267468726643 0.02249886552074 0.080360057996167 0.0916058205545865 0.0322791102355268 0.126356704825345 0.421845801458885 0.0373036572481815 0.0386839766902324 0.400172860458757 0.855726267953149 0.41158330480009 0.238167147311341 0.190623390422817 0.00153895134005952
0.448801983795999 0.627037830326001 0.679488567845639 0.587373747218103 0.978187637820998 0.141488816416228 0.707980326615186 0.99444353883266 0.931796968815989 0.889264001822642 0.986483653322925 0.945129332891855 0.459917855487937 0.513123612422782 0.844162495900549 0.808620639664433 0.546864019243257 0.760507423526793 0.925443915359247 0.000794498796315475
0.424130956692126 0.819269779683134 0.539341994171923 0.784999401665085 0.979647349255878 0.889545742129328 0.599028555186553 0.932211910203376 0.956770746062066 0.901908008127946 0.902436885671945 0.996033078077906 0.558859296077221 0.459257260805561 0.908060691899999 0.995792773049095 0.671155017684141 0.857971746742811 0.731081736957787 0.953498099234807
0.702043058509741 0.776314399715074 0.862166548997079 0.83993391454278 0.963001029935612 0.641055891998621 0.8068533925036 0.987290605970623 0.99839303102845 0.766972601956311 0.983257163756927 0.926242577298247 0.75183826201807 0.54162021571473 0.871951704705626 0.914386630379088 0.794577032219141 0.850556760519893 0.00697119668817304 0.999999
0.168046605099726 0.609164323015205 0.213041924658204 0.787147733280717 0.30122400856332 0.152343084646619 0.11078838744215 0.78514899024703 0.29140645060925 0.295019375020083 0.434542519623099 0.993586649990161 0.157542351880863 0.130865132045161 0.638695283282854 0.88850233992343 0.529268873272792 0.575382112926422 0.0625100141709714 0.527351695229706
0.143198443158526 0.529830302321864 0.513577729520241 0.558755789852796 0.104468756570844 0.752481757958622 0.0762008724412331 0.172820909260052 0.15441184349323 0.0434046308971436 0.134752500023817 0.966146430927223 0.0501200776996563 0.0725672693822579 0.210705555928347 0.868808093294443 0.333142741921441 0.374944626850519 0.0809086997297133 0.0371435976415301
0.0790130344326028 0.548301338885749 0.688490433342201 0.570796529140013 0.711713472727223 0.329356671889684 0.081975878315301 0.814730980576849 0.993989576688215 0.348466482321363 0.663305609324283 0.688707607130204 0.111315718089589 0.116586630167754 0.524302510179198 0.772685672024839 0.699995258331147 0.546849846737452 0.964165149315301 0.822022994699507
0.424305713696566 0.624923151468343 0.917620317147774 0.353093569821592 0.48449686807704 0.20239993404896 0.137187585997137 0.879381972344407 0.8149016086323 0.592972855791642 0.679792002663168 0.909005766604858 0.498323747589629 0.129521909287055 0.775173953576347 0.927308777959873 0.407724746690485 0.265862069660369 0.0604990007366657 0.0064831355874131
0.577487600353503 0.704379891773084 0.732989347139718 0.853875069543253 0.987923102388969 0.94598393922553 0.554856545955446 0.969671125209442 0.992210526653377 0.977883151549733 0.989031485008252 0.996423839063083 0.627098212889847 0.597281208956805 0.942683481085128 0.948580221143627 0.584477615110791 0.913842143886182 0.529451413457867 0.99660465432719
0.0846223233476078 0.560163346728987 0.652086641809775 0.57310908057126 0.83899156054352 0.312077698238507 0.0893514569184367 0.491508694536643 0.368849737370886 0.481328204976996 0.85876285622162 0.915007529776407 0.362317127853002 0.276613433427429 0.654237259568518 0.574112618137692 0.477808288319271 0.453208287884049 0.0260214588900771 0.028409085475255
0.0752616484444729 0.557060110162938 0.239777561853873 0.439582300116575 0.229999490006949 0.199391433738339 0.0575220362470417 0.175540415749728 0.0193650808232034 0.234776167878522 0.0500196773312818 0.129179817458628 0.0658408277887435 0.0431941318400381 0.253895412154767 0.348494992207028 0.278540165175097 0.351370734529511 0.923636441876537 0.0975826349903044
0.0809799153134547 0.630364749827569 0.169910263737974 0.639718440550741 0.323883883986355 0.294713896938139 0.0586753426840965 0.266053562438106 0.0477425658051215 0.250879682551449 0.555033217008205 0.992123293771596 0.341316406553202 0.0550096463521889 0.594825162030865 0.103727016825148 0.564534094979889 0.497672489724447 5.35365450308234e-05 0.732262876605655
0.0550906255914625 0.454243112821235 0.103197265632945 0.666460717167215 0.0306318838323101 0.536094478445181 0.275102258693078 0.0158640737756997 0.394223327456874 0.0581684033301466 0.0910493622953982 0.101682868945745 0.0768427645885847 0.0286195796792415 0.387241698178922 0.109179738229589 0.376276396044032 0.209074271761361 9.52466335900807e-05 0.14795800576121
0.209889212510439 0.660075088412243 0.647833006623336 0.47045918021227 0.924830891839956 0.193901347805687 0.0974142830550876 0.59457105081306 0.842866391931926 0.165191951125681 0.119266489127423 0.954173035451675 0.269787223104893 0.187223407129213 0.63503457184164 0.458031190802346 0.461567530751412 0.521504244681834 0.663638893886963 0.021904060257247
0.602557899899874 0.730019278743147 0.973349834568515 0.639164179890459 0.9895610435078 0.766380384723413 0.251427406063312 0.851019965123487 0.63430068181056 0.972118408276059 0.951182037414908 0.995614427900858 0.721971951044516 0.641739684227847 0.968297124579562 0.999267602769207 0.620624585584189 0.691076547595037 0.825511833239757 0.99823822225422
0.448350191095114 0.697992022235155 0.756252898951613 0.628216527167432 0.97390660544961 0.0775022360430545 0.516470872798916 0.716968016633278 0.214623516395263 0.67355616204407 0.632893698445963 0.94264627034359 0.513316537222214 0.192759044092958 0.729767933750077 0.892868304481723 0.815781865040342 0.584974797725764 0.0748581241404538 0.150347380514392
0.230001637182802 0.563498325844047 0.629403406912306 0.683407376938326 0.960229991714546 0.146609920140983 0.170234337010787 0.541202194383615 0.657042483948755 0.237271518146602 0.332142912271781 0.899347105165016 0.423864558476834 0.118316359307269 0.28076490149383 0.943147398666438 0.680938241976865 0.6438256596672 0.0489374141293823 0.998470212986564
0.01882718743878 0.432389421946312 0.210956555597387 0.153505898266941 0.0326803126803647 0.0656173692198778 0.229300811958963 0.335665195181202 0.273126163062913 0.0238346692277001 0.024121552396632 0.540352117288996 0.0264013289329042 0.023248909169173 0.372034997376377 0.326887951562207 0.278935696162652 0.363038099499341 8.0804139886377e-05 0.0839235158357467
0.307258874069938 0.641032375121995 0.596987719736162 0.661084139245251 0.465824822494442 0.405914054450993 0.0499886411223362 0.185600244151656 0.917125222891571 0.623586416736115 0.500268721961177 0.895173160658336 0.204093495895419 0.137177765988574 0.538249497741861 0.973983566999875 0.454431482843412 0.58248283242197 0.0290789146752099 0.310522048938391
0.147076500724743 0.65560017500672 0.169551160029099 0.582995861590558 0.38698488457363 0.383683508159541 0.0528170491326025 0.530056264762426 0.798459814069193 0.822083417187019 0.82198668677856 0.730064044962001 0.38126358039961 0.144382832065859 0.730773988070648 0.0940313792651145 0.447611017407139 0.696813762597095 0.997456918354286 0.994867908279282
0.263902980194325 0.717057740826885 0.675483513019732 0.649420924159465 0.853696561730148 0.628254180729255 0.0436306456434436 0.844330177863575 0.980432289237448 0.691564588458474 0.814498577223689 0.98729682446268 0.252110695520917 0.298754600275125 0.940570875169775 0.992397625221628 0.635027867275312 0.68416488959855 0.00483292405441668 0.000423560442946245
0.0200048518455792 0.446471306557771 0.305184955157143 0.362481917072076 0.10275619050759 0.364992061963567 0.00445736784946892 0.0236345131579521 0.00740794368346281 0.052727189478154 0.0267669042448565 0.498666809934329 0.0385369701856981 0.0333209770301366 0.0409565014409863 0.00858514372006329 0.250496425121473 0.211544841381406 0.29945239539797 0.000112611405230581
0.0710482609635622 0.45176157947924 0.367949301091923 0.605967721198146 0.0636492344607847 0.198170911402282 0.023912627705099 0.0535389223799025 0.558617665956532 0.0457624119031175 0.103033465636971 0.924712148280251 0.0597644700874815 0.0456264416720884 0.757233279937451 0.703748050146454 0.248316413595202 0.459648714524575 0.000393621955296325 3.48193490638565e-05
0.0894604634530345 0.449192902843029 0.0366898687891249 0.454080025258954 0.0129406466278714 0.174586979764087 0.0142865174607096 0.0805889721213089 0.995993323752403 0.222501329668965 0.0261950384842533 0.521247908253274 0.110132382076859 0.066397098841254 0.171016137946838 0.992886812569686 0.20623379747584 0.414616641849252 0.834204326286987 0.0272246788663724
0.39209297241148 0.553567017824734 0.721254739078263 0.549411653945605 0.694925698699328 0.170369636265428 0.0706534782530169 0.909882506785221 0.0985102956570928 0.664854852611328 0.91124526165284 0.99968747470576 0.23378433185146 0.127488672675567 0.690233130666755 0.945813399519927 0.280161739048766 0.709675590735565 0.172681559058482 0.0443195449219915
0.672531673453771 0.695529090637797 0.76244024922231 0.470083050841095 0.811235443096096 0.907159609434718 0.158789951757084 0.96114927192228 0.996815855263667 0.824388720161643 0.957442151123037 0.920793780325643 0.642833296731687 0.243651691066707 0.822090196893892 0.999654721324273 0.854588077059545 0.609390641723874 0.942850401175491 0.999998441246021
0.656899197125289 0.688687472699152 0.831238653120992 0.818846063803515 0.986461753750269 0.854719915664334 0.154810895295225 0.995244460938785 0.956827730142728 0.94056984774094 0.987222306597427 0.999773437783846 0.811894813578729 0.309819039172004 0.617160841661676 0.990986841375411 0.812672740006599 0.86404752485026 0.267280655070628 0.989308813584197
0.462255635540329 0.687554831102433 0.830234715805482 0.56465616733153 0.990250213599662 0.457761198376562 0.0117667616125229 0.929136312747007 0.623775359102695 0.883234505125746 0.975087436785304 0.998078180873341 0.540474467190978 0.308388476336326 0.899085514915429 0.988959181080121 0.568874448942591 0.810246526481994 0.717618013845426 0.0474421065718653
0.164658351202728 0.669924376260341 0.198568131709695 0.439594753428404 0.15079548752061 0.287768929509453 0.266528147307796 0.835126297588471 0.151277182934039 0.807127996057472 0.653781332003461 0.69552544977817 0.355646278304097 0.196758369123362 0.595350812075191 0.9999713359104 0.688731750098476 0.784416685680381 0.304202985832138 0.0151172747317087
0.261386713191417 0.552351649685196 0.0697017833075177 0.426057237491752 0.818907017338753 0.756925237279938 0.392127331940782 0.915489367168121 0.248810731914715 0.402631883100801 0.164994479257827 0.95096964272781 0.254269475665787 0.125387467606194 0.677487678400018 0.954683548082383 0.575250566769187 0.707047922586373 0.989455512173985 0.998945961489424
0.166215680089875 0.443066141122974 0.147799517508052 0.289329091729304 0.8680754017057 0.335451276352739 0.186039882695908 0.0136260442425301 0.407902372185262 0.356537205078794 0.687142979778525 0.79530784770253 0.194647045363698 0.0591830710057123 0.0506654137750492 0.978594282101296 0.530485056699852 0.573520189545148 0.000553010023489786 0.999999
0.297167315833008 0.713802143539273 0.638696259357186 0.656233678214198 0.622326706247563 0.423007937260424 0.175411237833706 0.972446861746266 0.987617718176572 0.874596679538329 0.600225186573887 0.998402230573965 0.429722277302641 0.523961244776409 0.762910058465555 0.968109839175085 0.338572112263496 0.715420107910569 0.981837420336844 0.00301012877062831
0.622064337736696 0.762702269577127 0.943992379557675 0.864784248416692 0.364922528601125 0.593958842627416 0.347811393098526 0.68898510308768 0.720525963191399 0.798193363675523 0.860888662893262 0.973316425018616 0.235979591961779 0.10523432287246 0.828897404650509 0.977136085567532 0.565405428596099 0.774268537561063 0.947578794793042 0.999995788746745
0.153359801199851 0.635638932488583 0.624401676130433 0.5702696517234 0.311589148055402 0.778380581832949 0.118059450318816 0.76447786581713 0.285868750943415 0.787531624491993 0.377823599809975 0.893171869363318 0.362113567178785 0.120488657390316 0.686217934116514 0.950646940907889 0.603084969308849 0.769971517127245 0.989749330558083 1.32143723127394e-06
0.0190894339654904 0.393637494908364 0.0731013665891038 0.507819303847646 0.0371046984946043 0.701003286671994 0.153853072953128 0.026119030976051 0.318556258037826 0.0273036306143983 0.00125409360946904 0.900112475205562 0.0510387494814158 0.0237563318555125 0.35454020191727 0.952677731431052 0.19199992057583 0.423439979742073 0.0246817705092726 0.00263805624611324
0.0175370437104711 0.299477437419111 0.0791102235450479 0.543954870188539 0.0956860938306164 0.292217991385555 0.00722206919962102 0.0802388401289094 0.049856529861297 0.029803265301891 0.0241771940607952 0.357786757247882 0.00900448556595253 0.0139021313002019 0.30760902606476 0.854091773540192 0.564158379460048 0.353636305831984 3.24676051072274e-05 0.000942344434431714
0.712002284598461 0.761939864344607 0.923579984225266 0.471344042582226 0.99741769446622 0.591626044376654 0.710059379921096 0.995452769062136 0.964899526176578 0.991342237210169 0.941690554903067 0.821988420438144 0.756253417020069 0.511321865775049 0.973640749860664 0.929925347836613 0.792105323775444 0.880609205077666 0.21947678748938 0.999715871337681
0.618153064569562 0.725714195664986 0.813902405460887 0.668579309407861 0.971316006275233 0.368177036574489 0.20587249484176 0.947719732449115 0.974278798660455 0.896802433900994 0.781276214464639 0.995743256761406 0.282903128572516 0.177992348947931 0.93183722134339 0.999667924761523 0.347805524362177 0.582773283329812 0.00341129823186202 0.024231756348713
0.19680435162894 0.656274634810669 0.944959124803372 0.483887500121041 0.717400466793371 0.669688224303982 0.426354103402126 0.70798705219084 0.93587086011705 0.536920314848305 0.768387544957621 0.996501759791639 0.453055949322922 0.329622050662419 0.931605626945718 0.997206206263205 0.298445481687287 0.646159063865588 0.972814955098018 0.988501971469844
0.428108443252186 0.708487430689418 0.698212695972685 0.726688031102694 0.470474385898169 0.680519947747493 0.12198842368828 0.802105779676829 0.900895611180764 0.753935530660498 0.891188970506891 0.984617321077219 0.584529592325304 0.351461409873832 0.924375388665245 0.996569656654252 0.423937255757116 0.450791464603434 0.989671055147938 0.000124769455331134
0.109463257718044 0.54931872710487 0.309717415208344 0.60651463855491 0.22098168514258 0.572541630069625 0.0477405810158148 0.865895550430487 0.892750617124038 0.361789030714341 0.617114160413526 0.942860531363577 0.090581613395711 0.228360244435328 0.643717079081333 0.455041901746129 0.626530370820084 0.575940264697137 0.163760128150148 0.976299906499124
0.321530768045982 0.775348251603324 0.860354058858758 0.780589259570389 0.906539771022831 0.19386735883764 0.206609073584746 0.805831488652209 0.924442080368003 0.456446563724952 0.801222845059281 0.83386860629345 0.538314190342127 0.231258791126521 0.903748931892802 0.992049852417709 0.48126213490241 0.853616209219797 0.824369947530937 0.985295358699894
0.0905060168875507 0.567730614964651 0.324293402229459 0.510887886433294 0.0202699545164831 0.117921234048282 0.00989023730938666 0.343090728283162 0.984104697849953 0.141768304375477 0.0198521113689162 0.611689098279113 0.14773276644819 0.135926124848507 0.752725193611873 0.0502600273998156 0.49313955589987 0.428677524606327 0.0013125507841322 0.845941191962878
0.0347578532306776 0.467968142962695 0.287644607948336 0.761880753603409 0.123975633706109 0.351186285145742 0.0179187846206789 0.142674093586982 0.0146436699076613 0.0385263273523979 0.0911332287796525 0.664193602650928 0.0985230095875111 0.0508229342744465 0.619971352674353 0.161509718494192 0.12003453736019 0.265119654718878 0.0108698394981318 0.0107125021203104
0.506590814063345 0.630755630300722 0.879223933554868 0.904466858536775 0.984219627208999 0.658912749134671 0.475197135625924 0.976016591296755 0.999657146612609 0.838198552396952 0.967138671357249 0.97643685688898 0.639215867221522 0.414996331031913 0.899256756551538 0.999873875536381 0.701004745701167 0.894174539368636 0.306621572441698 0.961492618515005
0.197594656321314 0.665394779301615 0.854465878966482 0.52937900176246 0.593187296416559 0.535919229008698 0.553454865107125 0.663960828305487 0.637740458280863 0.708579028629301 0.917904263904279 0.917737305888253 0.119777703903096 0.128187897598716 0.447568560399601 0.995452212783619 0.502485758348956 0.487763298992845 0.0416246647088946 0.787377683942108
0.079645385805836 0.429147128483272 0.241481091237458 0.684672450300852 0.0625294188919159 0.110595784317204 0.15073091941232 0.0198147752062934 0.538829208801525 0.015000473798825 0.0835417537906041 0.486693437972879 0.0465016249050818 0.0874092728051671 0.263195443130856 0.453486383177012 0.424822432414001 0.36878189361515 0.000913154117918691 2.03305905160883e-05
0.554952359561039 0.636297361098959 0.273411529690718 0.780779913496174 0.674981105622042 0.435680432968973 0.42026490644117 0.610584631912152 0.585951468649916 0.804145686145318 0.56576377640322 0.993548156289425 0.365029602580573 0.146253123301709 0.829720950343766 0.955590049408819 0.795116677197697 0.465465631565867 0.128752624352643 0.999997335173671
0.138394534362325 0.64017759534539 0.647137661903246 0.402505103098217 0.0782107877537835 0.224957397868028 0.638756671399649 0.268113197528865 0.905376173279872 0.114457095509093 0.0581060941010336 0.955791070986966 0.0751422059623972 0.0585922967177702 0.762389209574793 0.881812816399658 0.275553113080509 0.623397927995148 0.26058696983997 0.999196051300036
0.247885390494888 0.706100619854385 0.765166975617996 0.657607733541414 0.972285758866404 0.63639505996494 0.897731052318147 0.816178380025013 0.412535139163285 0.848239433686619 0.847256649417654 0.990039996726002 0.510056031029091 0.119271302589688 0.849306460553307 0.998957886735013 0.550478468161814 0.506728087645432 0.0146287913813152 0.32595046987658
0.168287397629771 0.49862936749561 0.423703294951995 0.329882716249989 0.115373108675954 0.56435819481882 0.369557948591132 0.17322529537155 0.0836279356574384 0.148585834145091 0.00765458493232501 0.989979268358075 0.0632131944596327 0.034200963665644 0.0758461209560634 0.550274586976372 0.263819194488481 0.365928249741929 0.818442016656233 0.850688975862214
0.0840934347445382 0.459915734452733 0.158121921680529 0.691991395248225 0.0878591243625224 0.538194834946518 0.0828792207109619 0.315565079930801 0.101688580255872 0.0341258317633494 0.00632677806709055 0.0658380307551219 0.0444962628226005 0.0622559342154841 0.505246245167895 0.158926252139471 0.265023674439249 0.335770398728344 0.000347840530976205 0.999948312532056
0.563175149832866 0.741861897917827 0.959755665888894 0.753081708488881 0.763936655882753 0.321805384702944 0.0838933356549305 0.948688409787415 0.978155582840192 0.956488772045007 0.697909652726337 0.997057958722175 0.386283033589163 0.393850083556538 0.817471889062346 0.913598454801903 0.666267903326276 0.628144494377289 0.184866878201289 0.971247697564699
0.728457893053825 0.813938533321029 0.58509475575797 0.683393444971892 0.952911212557054 0.262662428788709 0.569745342510385 0.983776551419668 0.996836852302197 0.980782120744973 0.865854835248846 0.992744563153003 0.834359386214116 0.543384064553274 0.94787939604353 0.999615182775781 0.554901466333248 0.77323429366646 0.487274846034628 0.975789390423658
0.212100686304096 0.717295831315387 0.659860392795968 0.699845784329306 0.967146435211151 0.418563178424226 0.176066066003128 0.970545642612244 0.966908992443515 0.932258876109367 0.659930073728455 0.983199193739415 0.447768950945074 0.154964336856809 0.28254318092733 0.999529677635848 0.536990979143244 0.58303626724149 0.325133301026932 0.999999
0.0453494297156642 0.566756240232443 0.475851689741236 0.643583681191283 0.542934784434557 0.501239130002304 0.0210537504504411 0.768074249633047 0.494121588470498 0.400535280813884 0.470041308554441 0.95148693509367 0.191663167409775 0.128352195274071 0.667116786761713 0.313722815711904 0.418630456894004 0.435393952053301 0.00533515311628136 0.00458224874243627
0.0353060230772781 0.451134480384137 0.404674296850223 0.396813286506669 0.0389637824621324 0.519296000455606 0.0386012845068858 0.032729594798806 0.818345585726646 0.0286809540049559 0.0824890560873739 0.965433929790935 0.0320732286958199 0.0649802168702363 0.81650960661836 0.899897319466614 0.387917672003078 0.529781295060046 1.94302769116529e-06 0.0156455086001532
0.115643484123794 0.610629530810617 0.492705987666701 0.575676554723436 0.309266867989629 0.686169378754685 0.199834218062937 0.614155416636427 0.637670284077776 0.615802878973627 0.196508644625745 0.45992267965349 0.350048091323932 0.25258561111876 0.751369624123854 0.996265515677925 0.671090604880198 0.539915246230248 0.456642888572596 0.0002882424182005
0.187549732175048 0.570828240224919 0.779288715638587 0.60638959016367 0.221159286817506 0.156474792753724 0.330380947829828 0.57548078533527 0.675456159635879 0.433155435673483 0.0445462270452775 0.458919281852351 0.212258561445631 0.0632217727276751 0.480739096626119 0.942535099184929 0.197836847450267 0.619533790503428 0.0336563007368895 0.0618162962668344
0.142615703965313 0.593768327751555 0.657534116708414 0.570117112789361 0.937986783232898 0.193914200028587 0.353482210134759 0.986497363625908 0.569854707295333 0.466548791581883 0.727669454690671 0.815404292918412 0.529433973594342 0.324941909645024 0.668681172392104 0.96946971754183 0.752322137848182 0.560503225309521 0.067290237224784 0.418217404187385
0.011067098571663 0.352663298151092 0.196868642530296 0.470895672563587 0.00775351504880332 0.617001145219119 0.00217820731343431 0.0821881421362313 0.475703715176307 0.0036942138571542 0.0534564417586831 0.496676689533507 0.0196514973492877 0.0378636195378072 0.180640226277997 0.315001532686909 0.340740052042771 0.364023350566304 5.28386425634473e-05 0.00420291091193276
0.389576859773251 0.733947970121532 0.820615522517523 0.587503052894422 0.80048857900581 0.824679426693898 0.195011244567589 0.649312394656857 0.962823798327799 0.748429223761413 0.94866562310059 0.999544546199125 0.591283699516523 0.302757422279148 0.963149242987442 0.910169873008292 0.415983558842947 0.608302599682517 0.96649180223514 0.890411975786138
0.276224542437552 0.629103479883499 0.809914722624628 0.460194808811964 0.39706107291483 0.0712788909744075 0.109115575475598 0.494992904660603 0.987912794820188 0.824391261876458 0.168309151803409 0.918483337358815 0.211364729507887 0.147943488546393 0.553989068178696 0.996533343167084 0.763889444422049 0.690155512210805 0.997601748051426 0.000306808488241022
0.121215967354238 0.705130994039784 0.489159348788666 0.856174978439169 0.661609738335286 0.398792724014696 0.254576497989731 0.423940926295227 0.265492607478463 0.428465291025534 0.461838672597042 0.789536436152978 0.537772482480576 0.0983588874051426 0.601452718898984 0.980098559475329 0.644690915598681 0.855421764041918 0.00430408917707439 0.00695960066464796
0.183276730418264 0.607380317398005 0.666461918508683 0.816612000735096 0.964753246515505 0.285699392295545 0.142885302230192 0.850602287129415 0.264088919451625 0.5843023797586 0.353142489670426 0.996495770896184 0.163092131097969 0.157847824517743 0.899058028189153 0.988747234602299 0.665166410999086 0.411735757021987 0.673877983067098 0.660687397010442
0.480660718035141 0.646049106428733 0.744395749424531 0.834451907744399 0.671094294281316 0.454844828647627 0.0823075230821242 0.875753625508729 0.297008891305707 0.71773581084159 0.764596042861314 0.734845369386225 0.309623259287251 0.222220244376044 0.914494862157217 0.99703652455735 0.540501570956985 0.27931392464811 0.926188269544619 0.999993067603977
