0.595479837846589 0.0771704139539416 0.896708316239245 0.508875244518864 0.990903792952148 0.0252189427541598 0.447847677255449 0.52737833024069 0.0507439164315849 0.427916145231638
0.0753047391040199 0.0121571532928405 0.701001687033619 0.401078192850101 0.957345327400257 0.0910973225002204 0.540277270521998 0.48549883745217 0.0451582418028124 0.622609465439497
0.120272092297848 0.0118561052275322 0.99913385738477 0.425657677040802 0.951866173875527 0.0710335226374913 0.0617638537253873 0.515906595591683 0.0602366934152087 0.591870224829016
0.0346175363390091 0.0042710167942636 0.921718574200963 0.310997401402533 0.998640042725939 0.069180134662328 0.623522317778801 0.540571727250649 0.0449011269131858 0.3384359779651
0.459683205681906 0.291948657015067 0.0234205027716565 0.207945947289032 0.989158956360852 0.0183737376856652 0.0419498557544444 0.471863737623848 0.0330698096463429 0.321930566627134
0.00732187749220006 0.00448923931155715 0.931945206464368 0.520871506083202 0.614682823140694 0.0347685144540791 0.0686845127698844 0.497017027806734 0.0373254752450663 0.239045619378636
0.00407416767174639 0.00245599178425884 0.248364322681576 0.219034410564787 0.0990466576988385 0.00549693270649056 0.120584917474769 0.461708480745409 0.0290916231730761 0.45230314429759
0.997802110565995 0.993406414205465 0.991445823322084 0.654543518159615 0.995958149058566 0.159574096216811 0.302992656095736 0.541272093207874 0.477541014053643 0.513736786562577
0.763291728280248 0.985046438615307 0.99939779392294 0.907269893674077 0.999935136148656 0.920978137542981 0.583922840760512 0.649425923104223 0.581816319171444 0.764367907943801
0.0780565877382603 0.61143292025502 0.967928953227769 0.462167437124107 0.978955431711292 0.327359146009258 0.130734982651984 0.534698823608625 0.197468606953604 0.39227986581973
0.773959082185931 0.137932247967934 0.953372734283669 0.240885482133632 0.980267903546864 0.0289762611526342 0.0156356603600163 0.498042718026493 0.00931861187312231 0.608057339839569
0.754518011851365 0.0211494598539648 0.828002856466248 0.689552683661064 0.969009534137192 0.0595930733084581 0.293863946971918 0.549350433662737 0.172219110847015 0.50660654012926
0.541340502608026 0.0293193054789308 0.999115853353572 0.415613557034928 0.82486777097011 0.0537140356058627 0.0389350756024401 0.502130071387876 0.0670931352135552 0.544420033033899
0.417438588287 0.728157753498302 0.962766602908857 0.379390176215146 0.977721347708124 0.0640610499799819 0.056213040152343 0.549400452580684 0.0970346087637148 0.343047363763646
0.947499708926095 0.652762271953969 0.999116757363837 0.501535719105954 0.999050491119967 0.0405834159619136 0.452655541990107 0.563452331377773 0.181927475734533 0.811390523259784
0.888326369835296 0.064906250319433 0.891486245878877 0.455835472194325 0.973190256532997 0.0896204555745626 0.51076651052084 0.504531740081106 0.0603593674696876 0.328758325086523
0.823526287536772 0.811641378385267 0.971211369264603 0.415244733453478 0.969612722089355 0.0617251277544932 0.918327265132531 0.576571636616522 0.17765695002808 0.401572302907958
0.999981198020608 0.248568389397546 0.937849500669968 0.486371263097461 0.770553265230524 0.00724015941818702 0.187275044562982 0.521218738790276 0.0846940509741215 0.444280141573762
0.286911925217599 0.000452930326486025 0.941863957243379 0.347157456833499 0.961280564290669 0.0122997124742661 0.12968566820304 0.510702306464568 0.0508241933625901 0.295791393363162
0.282805726139006 0.430928420459088 0.539177186195933 0.313801253462628 0.222730263825595 0.0127663834549773 0.057223852641122 0.458915814199886 0.0328545864068847 0.462303681898055
0.221679207131998 0.031222555073513 0.215410050341361 0.46410487115028 0.933128927326433 0.0693583754318826 0.16540791725922 0.525790304016877 0.15665294957943 0.31586184029622
0.801354180980415 0.953915215113384 0.993827499696366 0.524508697129069 0.999351392159316 0.0885073659674923 0.363256878937067 0.552506427437746 0.109154914419005 0.658588359649591
0.689665035163865 0.843562930891379 0.482063257816465 0.255992398642233 0.280771903528684 0.00241286111928482 0.0297606996958716 0.449888434709123 0.0146853558080026 0.217906929901997
0.940174551000081 0.36209863597568 0.898284180529547 0.660311312944746 0.998711450694696 0.225761127441983 0.386586068732966 0.574062425234032 0.134246155113466 0.625732080027709
0.151920963335846 0.71397830766989 0.986727754687591 0.568530658054287 0.926479028765932 0.0857430997006023 0.406186423895856 0.580474739335178 0.14181979897266 0.577674844308382
0.600719537782817 0.103060794036473 0.976515374128055 0.443200289167841 0.925093947931091 0.0263510664391889 0.914221130921817 0.549296532670278 0.0520163027015815 0.35686861798549
0.996585341849882 0.820492036359701 0.996796724051394 0.615562012268405 0.998136719066102 0.496171424172715 0.704314049366351 0.584606759554085 0.333907150185071 0.377853135025985
0.318460808983906 0.0289963007433172 0.527210822057509 0.0841788960273089 0.178051452066919 0.00874993965678795 0.0200010601299479 0.417439236913949 0.00576400939849709 0.228576716949269
0.0136918162492393 0.0036830605859094 0.700125306196556 0.155672006668255 0.281648652223555 0.0124193107175877 0.224179730359044 0.463774582398504 0.0165817818481391 0.277914108906966
0.836394576642386 0.789222971796961 0.941641937484697 0.240074884846658 0.902979983645287 0.0624127598623152 0.769058888494417 0.509451525212741 0.134777113246072 0.437113083000215
0.984992156337517 0.961771430284041 0.999080612090187 0.770503065602656 0.995243245979251 0.440344158632412 0.586143139262113 0.536664413296582 0.167904399360559 0.673679146703864
0.500874198703159 0.205558019926024 0.827269310930273 0.40830618079198 0.918279900678059 0.0628567767333617 0.104519382777509 0.505906908182182 0.129934209018628 0.311003573375547
0.99642170395128 0.180085514696186 0.999705823581853 0.723790384256748 0.915558866555043 0.166621860935008 0.526178800351226 0.58971036698681 0.197121735461745 0.562148442381203
0.267974730625715 0.992607522934267 0.975774400641641 0.619536546671465 0.997385906539077 0.548965530192115 0.213135023721835 0.534426663867286 0.271301071242449 0.572281962245681
0.407755970779875 0.0183038247929611 0.638531551870508 0.517768704507411 0.666581692242365 0.00977195854719414 0.0136201940992559 0.551233357642305 0.0424835612112105 0.517154746795897
0.465411696058782 0.979066280215262 0.985740730080527 0.636775630643804 0.99311266461182 0.301469959264513 0.753499054968569 0.56558833478027 0.325636136613025 0.506406669773913
0.241098200072005 0.0140045930713061 0.604193950490266 0.427894412185768 0.619525270708823 0.188027301746521 0.735093956958032 0.562470032287891 0.119151709861495 0.504304863964761
0.107082112919844 0.0170224395070506 0.98018684321293 0.326563389021564 0.961608660233492 0.0465512917010256 0.211560813831912 0.491319059013957 0.0275810420250438 0.373791944223651
0.762568086305687 0.0940984079989539 0.990270338548524 0.888987041058651 0.997851750175751 0.509333627114167 0.907629351475503 0.589038966431485 0.574699126261928 0.606452737069836
0.368355011233604 0.989939930040379 0.997618364815876 0.75226087146075 0.996444846775948 0.748576508147063 0.22377131182118 0.618526704465259 0.383314028432849 0.692310046738582
0.800338407043552 0.407704166285089 0.389792153820201 0.53598317297273 0.952321509900436 0.146495484859974 0.353726794580761 0.542817061349857 0.024921215396815 0.546264875895761
0.253016740449178 0.820877908747863 0.861275361405302 0.360348906501286 0.555376932602708 0.0309790090061398 0.183328552473312 0.516045608156663 0.0955147707542247 0.567816142240607
0.0321399913576161 0.0231494674379867 0.846562764593448 0.129718787223668 0.798494782640687 0.026308400015035 0.0290698556288043 0.452420598579794 0.0234564339161202 0.297391530848468
0.0111538573851961 0.893740002958543 0.922985201654378 0.722846934345598 0.999250331876175 0.598749225637687 0.741444640524785 0.60098639977149 0.292394083573912 0.599017177401278
0.918889825760375 0.99738583051149 0.996551703528777 0.702626287576532 0.969607467995288 0.03412059042749 0.123139533361362 0.528907805669867 0.112465826797765 0.479714677842891
0.0152852903672747 0.316851474011259 0.137616167508262 0.768311743869616 0.983176014985236 0.0462329440992181 0.210143196469003 0.57869071471434 0.0952729444760422 0.477242616360616
0.692320998933826 0.762222929652969 0.980056754701494 0.343731405975016 0.847718121130063 0.0121305815570491 0.136760176564175 0.551698850900728 0.0561832442962928 0.520454299728898
0.857341103423935 0.047205226595271 0.967286652087743 0.456938317081984 0.871705919155761 0.0502089438266618 0.0428129552699962 0.511399640007762 0.246277727202046 0.232487510512505
0.915103502636652 0.994921909710185 0.92820516317865 0.78550185065464 0.999307500671807 0.38707429125389 0.234752354406351 0.567243706401325 0.43092420797937 0.610409316389402
0.0559955209948916 0.0143779641981727 0.672687407158389 0.379065494542164 0.95459364573361 0.026044303525453 0.15438273062243 0.509302843176835 0.0374910853661982 0.264631515857518
0.908810182393022 0.11848556740542 0.282607079369096 0.400968860028118 0.981119370229392 0.332491298033366 0.094673387003557 0.513778704112681 0.152609685063742 0.494161027355123
0.113247744439727 0.0755429731699344 0.979195853050357 0.239591777106286 0.818135965253067 0.0101954600883836 0.0146844110919155 0.462922487645857 0.0254957308173573 0.349778212689221
0.496883344207167 0.0270417755721808 0.88347619752015 0.610541645824221 0.983016500302771 0.0672630467179472 0.187218842356881 0.570125582292509 0.31051734019907 0.328614763083027
0.943714161862019 0.194652077100042 0.223359121536986 0.202347529071176 0.96561954228761 0.0135647380146681 0.100262732536177 0.47764358845659 0.0412409272506177 0.36124718572094
0.219845242929646 0.0929971670901847 0.971173778460219 0.267147939129581 0.777426083193282 0.0411737976522587 0.126858356335303 0.500832518119025 0.0124296264548609 0.58224834604033
0.390702508285007 0.237311161516741 0.92727860693037 0.344427445954256 0.959097036535576 0.0683664520126383 0.184609210265863 0.49887807768045 0.046115465905891 0.503137664267361
0.395185097549375 0.000139574925016009 0.831884813168171 0.0989085677336648 0.0306783370885921 0.00301106460891035 0.0444318855901957 0.460501097836633 0.0129554688447235 0.295493294012469
0.93469681389514 0.950550205248209 0.98155460166369 0.591143706331154 0.998483441883292 0.390776705356503 0.398791856534283 0.557076415334467 0.204423346819645 0.648280350143391
0.275244126084671 0.187000132675113 0.87147983544797 0.133683944021981 0.0725125474829535 0.00753759453631676 0.0112727316905773 0.440695880883288 0.0445788225989884 0.280485469073953
0.475954000478565 0.790980848400466 0.975902078462894 0.693638117413607 0.995925731435207 0.102295793961451 0.313510174884411 0.55258215441937 0.253340377603862 0.308426114949215
0.889784826817578 0.453655522934263 0.989961056288233 0.723824072871206 0.995121353293363 0.340944442523519 0.150247067821112 0.538573440521999 0.261882065937533 0.643168039640139
0.941793354751639 0.0575811589025696 0.990038942208873 0.471768213353354 0.84264642373901 0.0613970933613775 0.702602938954616 0.479821878994311 0.0607383694521595 0.262299801424799
0.00204532684131613 0.00899242157609868 0.995926497257838 0.529715473312484 0.969769786537521 0.0617170061329197 0.116511294451958 0.448165739349444 0.0422357645093183 0.246529966344125
0.872032686945408 0.322623278221326 0.987852226756894 0.341908093766076 0.422114265795301 0.00329809320491652 0.124541361646652 0.504773542221434 0.0317251335621084 0.386432939507474
0.396536431232495 0.939344893547721 0.999799955096802 0.801768734353489 0.999612294881415 0.641607286544834 0.624955549520261 0.589524031736466 0.0936389178254769 0.600501748596996
0.831180399557674 0.978684789623357 0.215823920610966 0.591693274145437 0.956403374482193 0.295131967281063 0.343811610543283 0.527440123679462 0.0421596446696252 0.60419977508047
0.961338461182993 0.0120865831909877 0.858778121093332 0.426821048492345 0.987414611955833 0.181091209998231 0.204559898618235 0.540010954729675 0.0558081494340963 0.32479223432839
0.886201307973966 0.443670395023018 0.993759328132645 0.443048574998915 0.992053539358722 0.173007464634113 0.184867531396795 0.562562002167361 0.0889923678427921 0.562160708491697
0.700908777662846 0.500697554008619 0.990970730429801 0.613245596195995 0.978920953755665 0.0122237323219272 0.137997838280747 0.534222384379278 0.185334240128299 0.494244519508575
0.260690968076422 0.972618220807924 0.999908250224971 0.722964622157569 0.999968342816642 0.328313742702195 0.653013063168049 0.586192523070113 0.23818386062588 0.828806855807267
0.861962099533255 0.362219885777006 0.986549724407869 0.596910250441294 0.999657623375196 0.0895108740692415 0.219710779036112 0.546291666971622 0.345631257321274 0.72604522011158
0.817352043241643 0.0285280354217686 0.899156833939025 0.518138970692109 0.978563907276348 0.147714085822628 0.426027146473143 0.568414492849104 0.0860013291661186 0.534626985927612
0.997346440639377 0.281827852139448 0.830294766516976 0.419613103170982 0.99031350581368 0.118109902274321 0.453390365225263 0.510012714327979 0.0570149838606269 0.329594806588624
0.289930342528164 0.0186187549058866 0.986013811534463 0.37353967963285 0.852613230135478 0.13058660894819 0.277024660128953 0.507665599821382 0.0770770774802537 0.355331978479527
0.938668679750595 0.231985666514026 0.89389242258601 0.532154463218126 0.963369623359232 0.112462149165303 0.389704071968348 0.5356429106097 0.167976871406715 0.352501267186906
0.0556444158136755 0.0244660642732847 0.985340216867682 0.624781964222879 0.987141703275851 0.0125585734628505 0.576460589412727 0.562450995598641 0.106050260555003 0.413772038904727
0.0176926735983438 0.098258627062394 0.855342870631077 0.300192598613587 0.986133620279478 0.179422356774063 0.450651168384302 0.524076588141015 0.0753331375093709 0.385756856589436
0.997173577873308 0.211198008203091 0.879271697440344 0.361797766154464 0.992212306645064 0.0851921622151498 0.0631806135640597 0.503746249911211 0.128433451984251 0.49215645200445
0.237744598585069 0.0938361998564355 0.43590154419142 0.352687154201573 0.9936595405857 0.0699380784645193 0.243122118476436 0.526738907069531 0.115517193541243 0.630031680972812
0.313984358308105 0.474272886281755 0.978037863787407 0.369281811422102 0.991419512324754 0.0150702976319953 0.68446779235873 0.581360563339702 0.213139321151005 0.610618390170335
0.15108511938864 0.237366597748296 0.618165763806889 0.598074029402405 0.991284048105613 0.483406859471284 0.126674563526269 0.589041602570448 0.0928091910299749 0.66462424862796
0.576763001578558 0.862618372856434 0.179398497278202 0.699340001291374 0.990052572081148 0.03790425437909 0.536516287134917 0.563205611416985 0.171151900454898 0.301638884039041
0.924119008201872 0.939353598623199 0.0555441392046209 0.516651434845947 0.995906271765737 0.304950253690363 0.190197604399396 0.531353779677447 0.0477390882206666 0.654969992362671
0.75171190027754 0.068688520370282 0.983177237742559 0.403615249398058 0.996681810452464 0.0617674787392247 0.193974028983383 0.514478846041019 0.369588449179209 0.572549926269986
0.0171636187661527 0.071520924468279 0.958195455902083 0.355472901288553 0.824812086480421 0.0585311064748274 0.0339693255736398 0.531364507736951 0.0528083067471175 0.431432943614319
0.997302598019574 0.979352057607599 0.936730199378647 0.711183923631134 0.999663631274144 0.310954218299901 0.587339777109042 0.621372789812354 0.553004429165377 0.664370452407042
0.176762378853889 0.0766772174013694 0.985548227842732 0.379645401707333 0.949678474593362 0.134105911717905 0.378941304706651 0.480129379028796 0.106685284356896 0.478409751649244
0.819582827886702 0.330712221511878 0.0601116965550028 0.610754373700515 0.994361560464019 0.0261112322452868 0.102169023136768 0.542795967507694 0.0819248329767283 0.506659513329793
0.976941059585939 0.174018888736041 0.864890190019835 0.729114681907378 0.942865772897342 0.132017327530435 0.11345708870358 0.587447865018232 0.333175511385044 0.56662573972645
0.311988984218054 0.0170428075037583 0.966755569826588 0.58572335731622 0.987525612678319 0.0560010181682355 0.770157140144483 0.546712167230589 0.144668845677763 0.303110915714197
0.179854907645558 0.0821021580312406 0.489624388122266 0.285942686220483 0.967186656247107 0.0343048906384896 0.307824664752731 0.477681646356352 0.026323572923664 0.536036113522344
0.0892771628535217 0.0168221124172205 0.920493000741382 0.436092901013082 0.944670117864111 0.0280886183413058 0.190101912146848 0.533707778342469 0.144363449976064 0.483544202858526
0.999003606913583 0.158742140289135 0.999779381241733 0.423713982896864 0.990982108297706 0.0489995027927056 0.269898699970866 0.55633084829337 0.334690842266634 0.702747500279886
0.00557691174035705 0.325159054294558 0.998589788588756 0.467573990374764 0.980158824292991 0.197178763384368 0.157172733408188 0.569861022065692 0.185673718138384 0.615860481477713
0.496526852773571 0.0597581813322822 0.596157946428334 0.139813820358483 0.223597269915894 0.0117418493375415 0.0309817013133746 0.498140114324932 0.0277056391635199 0.346319221360322
0.0362577546257384 0.0110761629408691 0.115508956805044 0.28648106528172 0.946443797499652 0.00441357586503854 0.0488471724581233 0.482909234204534 0.014697378966086 0.308662134783395
0.0230182877430689 0.0227129548229718 0.999212575035157 0.20899253394416 0.664525184396769 0.0445077328597812 0.148168648805786 0.484416183767583 0.00586351023497104 0.333127169921499
0.490917025056635 0.0593625317227807 0.7983091743355 0.358269662914066 0.988453096157674 0.123513986732921 0.319474953989908 0.53507661169451 0.0694411791201981 0.497706559581464
0.938729312211642 0.000239694998159167 0.16024245701902 0.268350699374353 0.954557031598338 0.00502724530499205 0.0179074817104818 0.493959443142379 0.0719125046612048 0.488453885294793
0.484339903955067 0.389242097339828 0.998733341014414 0.826976894435606 0.998257982020153 0.07372181420695 0.118217172653883 0.544248119996209 0.360262141821558 0.523709395416688
0.0293628650245945 0.00202255330872138 0.963059943713522 0.338887827860175 0.778157873812032 0.00160692207766441 0.0356725189835984 0.505272665973429 0.00897352925177916 0.2785238273509
0.686573106864294 0.982430813082922 0.993988668120848 0.688990375949805 0.999595457295764 0.242164994828341 0.370211892193839 0.543845941213402 0.217391658849044 0.657695466013593
0.74368876806433 0.313765907309681 0.845367305686514 0.578511406305805 0.814409880762812 0.10334408337274 0.733023571810283 0.524429342222919 0.198543785388685 0.42735292574741
0.115770837899555 0.281056026683989 0.718525526772014 0.361947396844676 0.972772892196961 0.0171598483532193 0.0375017569907619 0.477577342920739 0.0555315663763639 0.286940813469594
0.897046521389627 0.952959006283252 0.999920563619915 0.765214164723222 0.998037159890973 0.869919271571206 0.230854421248133 0.635044683690118 0.27766877467475 0.735227292386743
0.413046374425389 0.170798718828626 0.753003208667945 0.470710245695705 0.896178985093108 0.151598573787213 0.577801905391711 0.536655939869059 0.230110332566897 0.503173973021268
0.00614809158595277 0.202822462743263 0.947277887037395 0.372071670413185 0.992205891604586 0.0329694402891885 0.150268543989405 0.518809391348209 0.0564500676058816 0.367306854718471
0.980363498639149 0.450467610911128 0.932950610693876 0.691816387881977 0.994824623185451 0.687386570332535 0.133043219658943 0.585993049222841 0.4447769505071 0.436995220329655
0.985295566870182 0.99221967538838 0.999259381046665 0.793452508855316 0.999935512645506 0.79476779740463 0.699402721053213 0.616961368468098 0.645200159852602 0.692707912832637
0.214094785026527 0.0677413591003906 0.729765318043146 0.456929560873882 0.940532134558609 0.0475844230774552 0.246253074317585 0.514460332472365 0.167076662901885 0.481833193106662
0.49604933227578 0.617203032733117 0.996876880494283 0.620330978368987 0.997139519770932 0.161997660505622 0.552053728036073 0.538801711931077 0.253628679500305 0.423806302946763
0.489800600794289 0.244806694542721 0.836663919182517 0.223852462717739 0.900716909286048 0.0673911053532717 0.293115446906077 0.496801965900104 0.104827416543782 0.426956752688225
0.975055760683926 0.239141553148041 0.23854808735808 0.234004714946332 0.932743406841478 0.0090578234965225 0.0640289389104095 0.498931358024146 0.0103284268239516 0.341479404727959
0.0481922655755703 0.00141056674341843 0.746951176560819 0.271004217751976 0.959873136811613 0.0134028813063442 0.089655197788034 0.484447839137387 0.0324481704418098 0.465147656976334
0.962888298220318 0.642719865587899 0.960801550712115 0.68485961758547 0.998124840702053 0.150761141812145 0.120556509009849 0.554967886532492 0.155907377588452 0.531804727585422
0.855604232035348 0.207020381773392 0.305776237359454 0.482304220675083 0.935738121568952 0.0695455762321629 0.16171149565418 0.51422163265346 0.107655125572279 0.302762979322202
0.00769532919952559 0.0779857865203365 0.145858517611927 0.187947232612947 0.13329985728498 0.00946317131282889 0.0203136382789079 0.436635697944594 0.0102759214516971 0.264284201261542
0.683596656636735 0.21651558540571 0.558045613765812 0.383532411841986 0.89056483857816 0.200955427585958 0.447621925819059 0.537641128131255 0.177395153142976 0.683419459808593
0.7605477055404 0.980234786182127 0.998436236348473 0.684208998524659 0.997565300048997 0.480235383102426 0.588449375999084 0.583467854887795 0.485194042551786 0.695663359585681
0.967579208077735 0.962725222605334 0.992456316883692 0.675611030133227 0.918037778856399 0.183689940025771 0.615154280137187 0.555636819448589 0.280038275317591 0.452866731710817
0.273166357274712 0.415252162936265 0.487029944498779 0.48330616458176 0.998616407398561 0.0641125512818179 0.801622591211177 0.562911454664384 0.184567039477162 0.410434692632368
0.575414207998401 0.957278364223838 0.9943462487868 0.481606514136444 0.788989065247474 0.0438460876919736 0.319761050021117 0.544424786406291 0.107402506502373 0.453230116388325
0.117976822267301 0.00443808799469703 0.156688294344576 0.250521859123742 0.937206416126882 0.00857200660887146 0.373790311917348 0.483224736968988 0.0473036885303047 0.417319391805755
0.999034052643754 0.978307160220265 0.987805403603667 0.693177385830845 0.998479581776762 0.21846450572467 0.523035422478066 0.549259810241825 0.0627696080175672 0.55036688644231
0.88595783992637 0.959991624887501 0.976508539328144 0.826298421612144 0.999868126610612 0.806124461695494 0.762741978709384 0.618938407496976 0.321268369734763 0.630346105670662
0.00516958090874516 0.833772296816706 0.0472180797955154 0.437601257932347 0.95128217564281 0.0291489728892702 0.0956038895773417 0.506057132561974 0.0766654691361474 0.494796358388643
0.241564712149766 0.113602379410228 0.986368655292179 0.567989751271665 0.91902025843813 0.0936105699226236 0.577451905151035 0.538733860876199 0.176788523994088 0.730560003946501
0.588951953517432 0.552434430119202 0.995797810597741 0.772022460310534 0.999798276560459 0.222525724261388 0.866206927414546 0.610683405671268 0.569741037608709 0.792484318945197
0.980893358412727 0.884608811089568 0.996013159487852 0.791574764013369 0.999252903805362 0.65839782609288 0.490970722464041 0.607825482725512 0.652414920123886 0.615922702439135
0.979766870529463 0.24135617166054 0.954056222852979 0.227473869933734 0.995708993897853 0.0536381523730246 0.284127994632998 0.510982744662115 0.0818885788043233 0.613731239929837
0.372057648045088 0.00094923448721327 0.135482261774604 0.0718818761134226 0.635165848733008 0.00472878062258212 0.0660239891494412 0.441954948536246 0.00469335584227142 0.201351679602983
0.0283406583013722 0.0969310590266718 0.433372333946311 0.402141001012254 0.996066093831588 0.0758571360132483 0.118334679646741 0.545246039277057 0.0771900489566756 0.410664333654001
0.989249386929121 0.421062785616572 0.999530960878526 0.643285933002063 0.993350994289257 0.139989800876409 0.784628665601472 0.560869441162873 0.175077861983878 0.720413978570311
0.381179547509935 0.049700858260979 0.761049611490258 0.285468092517579 0.72279342228213 0.055423857127849 0.315041293096663 0.467597542711926 0.0598245203315188 0.4968273566163
0.37805463321458 0.00206025795430408 0.157371971742472 0.595049050029154 0.992690724351498 0.0499439567857266 0.428743268743306 0.561340350991183 0.201369523389801 0.638916178376295
0.00426170646075608 0.0134102788737722 0.499153637388861 0.259560432462404 0.926901547241625 0.00406155687502474 0.0427557912720116 0.464791736083197 0.121848931458692 0.228875328450314
0.995004781043378 0.0407632622923231 0.984636759028666 0.21660959954459 0.713139851944272 0.0106682283823265 0.13837084130927 0.509838041868397 0.0663868864722212 0.35165354136836
0.932002343290908 0.661383837162477 0.999021591109485 0.47418199945414 0.999526852846345 0.116816499387213 0.483958803712389 0.574684990949227 0.255331574407123 0.695970460873585
0.0273163626711524 0.465683215980285 0.777719755155273 0.48382889791992 0.995991397265047 0.435866030790677 0.935469261372733 0.539674441660012 0.194025617412561 0.695383035623217
0.0709270609411138 0.253181212143667 0.970635037233885 0.373206362267767 0.993700078076658 0.116567739786837 0.0280916366192629 0.554365913915044 0.304739985882157 0.395914354805299
0.335265765456216 0.37748877416849 0.815069587964466 0.531870175969734 0.935413416992759 0.0236504865692274 0.0967723886925434 0.523892524261669 0.0704642904844647 0.622129915818771
0.576001944392769 0.599234327570594 0.998536534432488 0.647587473227312 0.996934888705757 0.381975224272713 0.849425708271823 0.560915103461844 0.241461412567636 0.581257902026501
0.891928156407021 0.376499186225618 0.974365594752077 0.41723721105861 0.782063665676166 0.014944137765811 0.125659303630431 0.491818580676455 0.164070936872571 0.469318156262186
0.935467307327715 0.00253493224929822 0.902227196681091 0.35951477750417 0.739095918316353 0.010898851753978 0.109822947158388 0.500862485738173 0.0189954330233117 0.446196200870057
0.832815640743547 0.636565927087006 0.984453732959221 0.338682318783075 0.80647254157341 0.0758985673861025 0.0130820171500297 0.508704293269642 0.0176040146819191 0.257284590465312
0.988702999424745 0.311143934411375 0.0694590581040387 0.235675718563942 0.140547476097386 0.0101836097589901 0.0912540083381584 0.441744236376151 0.00937271091243376 0.256464793233785
0.983958695238832 0.0276589339338853 0.977698538648792 0.251767199563382 0.930899307687864 0.00950148789437221 0.736099973179719 0.54659553612741 0.057912272922719 0.579243971855449
0.668728155274407 0.522354443870106 0.987037293072656 0.76315550269876 0.972789464259478 0.160991150951021 0.0377303435716342 0.528474500396141 0.148260989802294 0.396999673635792
0.17345527319076 0.596540326712816 0.944908856969149 0.490544721500719 0.874867817178655 0.171508370728915 0.0772888183508814 0.531784210361829 0.140705898230249 0.486433152356354
0.700805776348004 0.110194336079143 0.869507465764341 0.468803135444373 0.998061147388035 0.0258743646695074 0.302830033997334 0.509961976854579 0.105427912918928 0.429465028890017
0.0771837009850297 0.958776738253126 0.999564423565625 0.626553433005982 0.999603670148844 0.387794927710505 0.342386160929066 0.5679162247473 0.304024918927668 0.588109724179317
0.360541550633653 0.00283217322532808 0.46290640339011 0.130407400598694 0.467276938961443 0.00457131011013499 0.307272643413038 0.422137114378334 0.0212496120622679 0.28964661452941
0.998239420542807 0.273328279301119 0.75584294135903 0.824419389278199 0.9921908973921 0.287089693836954 0.268629361263604 0.579900040266813 0.224626318020631 0.725325539846212
0.986222828061224 0.0384494584284214 0.961963878337731 0.234314911830924 0.996461371727295 0.0613573327802164 0.0772389089219238 0.519043902840357 0.177664181779805 0.566911781319955
0.458309079659172 0.487751784125108 0.99478527083638 0.456640521871789 0.984779212025494 0.0897883420469793 0.323871297790541 0.553714166120714 0.0768712231432223 0.403109069429874
0.983398679281427 0.196819405038845 0.992246679320651 0.531262650888914 0.996593173791798 0.446056948813265 0.180407512127224 0.515911482783226 0.0388208216756309 0.419060762741035
0.255080071259075 0.382414415107552 0.966221359212723 0.409931319221376 0.990212168647197 0.15780302557749 0.246415893229267 0.538545865295274 0.0317350523131107 0.554347314285067
0.399088573284722 0.908543715348437 0.568088712867789 0.192276756385505 0.895951648058739 0.0321141895656829 0.0651749223668212 0.481917239742603 0.0218258425129664 0.288417639843862
0.956309525594393 0.176100820592335 0.91200696290765 0.534199838891235 0.998649144679079 0.101313732147579 0.256682674303565 0.575161137843115 0.0643131975057119 0.486520017297003
0.768034109986225 0.000502528398314811 0.958592720593905 0.261829552531708 0.944733908346489 0.00430538511202261 0.0141852123321075 0.474374941652994 0.0141116834615894 0.26786314376684
0.990458061147223 0.45581075981963 0.913340651653571 0.837877162225867 0.995466022115311 0.172249531683477 0.816663664335353 0.594591108734869 0.520031355890646 0.616786552119398
0.263976703118184 0.635264763506687 0.473730232898687 0.234998413857989 0.923973393931172 0.0165168873355032 0.104375572143159 0.463739432621726 0.0471779231294977 0.361683532088409
0.237510535985459 0.273929303909545 0.310058583370407 0.35367564415564 0.960943669404645 0.0136667983849044 0.139255770516313 0.48763038062898 0.0180869439253247 0.405131866291079
0.0257247703412237 0.364787904668633 0.938618851103858 0.405430113413044 0.836260589173635 0.078206822868832 0.388608275429403 0.533509478394943 0.107997610764551 0.426553723287001
0.856506693662421 0.0207733222198324 0.999334641417723 0.472917159307886 0.971925661966941 0.0404742947753622 0.268913196901599 0.539768221737275 0.182816605620486 0.706911373371253
0.556052819508732 0.908988516601456 0.956736488314395 0.856155522866609 0.999957759582317 0.359130119200039 0.532817684890143 0.590682679092028 0.598141400954096 0.748493548838215
0.0523725146849202 0.1313848696525 0.953636768568896 0.2814740417804 0.945217840920668 0.0341922395005471 0.378873158955876 0.521395017790882 0.0588089175504314 0.355715765696776
0.998763475950768 0.97805640186509 0.99728644511902 0.640192673725079 0.99943401764135 0.0704767342804496 0.246345746765191 0.584223806425656 0.398457387233112 0.459300640577521
0.681331788187089 0.0661020553599231 0.989615432877759 0.640801438758831 0.989388335518502 0.0955292652100081 0.309766370249786 0.542235744872877 0.373390404895193 0.64402855690732
0.46637071777038 0.00158274642190794 0.990479684147533 0.327213996093329 0.853401262234079 0.04129934103495 0.563047016648943 0.534089890753471 0.0924619976608092 0.416108043917085
0.367675817647378 0.345420865881231 0.93430650692713 0.481179674872403 0.998754450952281 0.019600806805329 0.0937000820813311 0.515837427758226 0.0415981620715357 0.342749251143105
0.789431465043935 0.765447466915409 0.965204511442602 0.350225995290184 0.971423625909009 0.217581792061579 0.594954373964931 0.535471357552941 0.0819417631636055 0.514319867092562
0.0886633035314246 0.916191683051747 0.55016767140744 0.46182644900949 0.992002242690281 0.160790674256882 0.485332929461662 0.54678137879084 0.106640452551934 0.408669855778918
0.889172725481325 0.0375770936857836 0.935892554552685 0.687259380055595 0.98804993194124 0.0362851744950848 0.36794588800706 0.542903915752098 0.0621720137937277 0.597768178894981
0.912140408544102 0.831028969817127 0.880871275270874 0.848174237099062 0.998298052487227 0.21121942166774 0.41049766948185 0.600652731390068 0.649412054861854 0.778237298177461
0.852859777901402 0.990400520160219 0.989192397036112 0.511613005362894 0.993703527234299 0.651356607428633 0.656860477186226 0.535673896280941 0.0758399128820034 0.589508390330939
0.111587657854098 0.116782661819368 0.879468256798063 0.352423087237372 0.79320737760669 0.0104086007506209 0.138563193346671 0.463108781927021 0.0352709108437826 0.482111270992509
0.0348879572450585 0.00619508632658744 0.904758209925084 0.344544546706592 0.783049636289593 0.0277811170951617 0.176712386006243 0.494808371215423 0.0477538474470835 0.525851869625798
0.0150400087616115 0.0955199871267099 0.987790365251448 0.51713099360136 0.994094974206994 0.328843373951764 0.110392200444506 0.539002402101297 0.134976954511174 0.303695651377021
0.0240828256044948 0.316609061803742 0.869813865651402 0.471205084667181 0.98889877695137 0.0760760541642929 0.187396061389759 0.518043004091775 0.106234836344588 0.607554195460362
0.351862723812452 0.709157552897253 0.385244532591033 0.419887045797218 0.952594052104184 0.0579951786882949 0.0763516449865528 0.495041463433326 0.030020766614619 0.397345357232678
0.905777049518354 0.001234845512515 0.995818047087074 0.694136326051478 0.997315129211201 0.181097040065311 0.274572519905524 0.546370326498103 0.184244553537131 0.552951323507293
0.678916012511398 0.119641650230068 0.761075457100117 0.403957256537947 0.677110309598269 0.062659310331858 0.384884331656323 0.529082718206701 0.100772910260048 0.675094210051651
0.899471500661106 0.955913401424843 0.999840895345773 0.845156964093292 0.999822833525587 0.60321731296918 0.508700352508028 0.619399898171092 0.65767719706895 0.899206088480055
0.0115299499923169 0.200790847232421 0.989218832304211 0.638340181826259 0.995486542555564 0.0149598018768241 0.205497355480112 0.569081052092913 0.214613935176614 0.655088329700131
0.805339467703435 0.928752553208108 0.90751539894559 0.303313986726477 0.968059291529618 0.0382280120419847 0.30926570344862 0.495786578294437 0.105126720906509 0.341909093298072
0.938921975779908 0.0248945986329689 0.678781982990086 0.493663885552418 0.999939216653725 0.402952916954337 0.215929365735546 0.533974091652398 0.101017361728419 0.55031008622237
0.357010450186872 0.0413013763690644 0.950127136809749 0.441544994865428 0.858237605333059 0.0306852300064312 0.298009953154784 0.513841940217361 0.0422195205032375 0.447486185811624
0.0510924183021575 0.00329362082818639 0.984724296299429 0.253983355006208 0.822063674200829 0.0156462775166193 0.375379039357384 0.529798958367097 0.0601884384349172 0.501733676387486
0.980307330156664 0.26621605680068 0.992647673113513 0.61954204936948 0.994201414709752 0.0784198182338516 0.0161108338919574 0.523071897452136 0.119965516201791 0.603713084693461
0.814786074353237 0.954976343939396 0.993762082600564 0.547695959071025 0.999793127455222 0.205925613669274 0.382712785410431 0.564113415966804 0.192093422349086 0.498619312290107
0.665574992864404 0.458487746618339 0.981540087175671 0.479797321104533 0.990781108969264 0.363338170471557 0.0332885706619312 0.557701196518681 0.386273142750865 0.437403401489353
0.357578887212246 7.08905171649241e-06 0.90746617958346 0.228147497477758 0.845783559486799 0.00408034849294742 0.263349430617587 0.470636448375254 0.00351894521027151 0.109697138776435
0.0360374284980882 0.153730833235513 0.99591086604745 0.380197850459045 0.85100397570892 0.0517490117183631 0.0991630996185789 0.528901695857703 0.0643325268508202 0.451067976703999
0.112944599214011 0.0728949298591702 0.0133342094936314 0.0895815434983655 0.244057513816731 0.00314695018359501 0.10695960811118 0.46148315157372 0.0321367382447889 0.410290785046484
0.221722238644236 0.991991204677067 0.999545845551157 0.556931844872183 0.99985135780796 0.763524662788464 0.879660304891714 0.570287273265087 0.119426662443848 0.580245773882962
0.198373346598963 0.688982834450381 0.991886955409495 0.623302215372254 0.990331550332762 0.147947425293659 0.204755821040406 0.544353835306879 0.143593841166499 0.391413221693724
0.373616771120445 0.00817714380107194 0.817342957396655 0.457534732868231 0.905218765253517 0.0673573003953888 0.210678650503695 0.539016970252855 0.26079441282148 0.416157309563689
0.0346316570643997 0.733375487192959 0.996515095960932 0.554157931697631 0.978824576012303 0.0329810672775521 0.435071876879973 0.524269429500306 0.0822410454107397 0.363288757425003
0.743736493099336 0.00189733152874924 0.997472596363921 0.606647379089557 0.997600941842075 0.0706344470239889 0.191413437776861 0.522575156656051 0.147379547952606 0.655243458753552
0.806026406178974 0.037006526171225 0.97421471132686 0.155119445942279 0.308779564432852 0.0200931096161885 0.0686085854465763 0.444475555907555 0.0139666056360737 0.2726682086222
0.750801190706743 0.978680129046562 0.981418808124356 0.816815741832837 0.999767998363053 0.0403034034061264 0.119228573060334 0.552890811417852 0.284028358403691 0.658012138023628
0.234831619654485 0.0593931639321283 0.132461048184677 0.132221965950159 0.840479558774758 0.00659445834269587 0.100334577524094 0.464686782023949 0.0115606805655427 0.459792037310327
0.377818322555352 0.868709646232564 0.250149131229148 0.433906220666237 0.994062008060305 0.0280580151842293 0.585605266888279 0.557416677507897 0.056149687689207 0.465984218180201
0.804291630724843 0.458707802469201 0.943747290496196 0.586368796742986 0.987008490858442 0.591149037350292 0.310654509430947 0.570655443144154 0.311117392242634 0.450110333174516
0.915736445335574 0.170522577037197 0.818302973898904 0.327412343683014 0.987199269219829 0.0214939908819732 0.0803495809143588 0.529629500122648 0.0624214237793159 0.349448661042652
0.574905528024832 0.287966020030709 0.972421683154372 0.543613745519782 0.996847479570147 0.0825074410210088 0.133431009778005 0.588094704956104 0.113781675515221 0.549186638906876
0.96362350377222 0.00949204567723157 0.973213199218644 0.330727588921196 0.958285248821109 0.0856909003938192 0.437289799517616 0.54285310833332 0.0244691440618866 0.447765095805911
0.788081661302172 0.10153483328966 0.866101477345714 0.339439965338441 0.718010056979934 0.00679867575866944 0.280858341805656 0.47890154294658 0.130877587467766 0.278533750047943
0.981096869675777 0.376005366643422 0.856014205088138 0.32316796036422 0.980002104120926 0.0196712391292985 0.288950146977669 0.495205992046913 0.127916606340475 0.548714476628269
0.899483537895912 0.87136053684245 0.882391429454727 0.58410046296884 0.996084205179312 0.222022362590133 0.621448688430739 0.531485168383535 0.255122011324099 0.690241966446483
0.999340822572462 0.00844137724987782 0.993254565098246 0.554805601103935 0.99022100347261 0.15737045217066 0.589098798584999 0.526929445697637 0.0873716705486011 0.585095668615987
0.902920813221588 0.571679756004037 0.996963412714837 0.650734562717514 0.998446865572199 0.215445453679636 0.621157425040567 0.590856364712115 0.140989486880792 0.316601567097559
0.935934005447852 0.182207088513995 0.826222703817323 0.612276165315238 0.944060704242841 0.0379613854348112 0.675489528930592 0.530353996874425 0.122810596837389 0.244215764842848
0.38861117312369 0.0146836068498726 0.134150356732364 0.266103905246857 0.265645387540589 0.00817838391201847 0.107280867027645 0.433510696869551 0.0263903981906673 0.245221463713164
0.753617824717162 0.386098117522013 0.939536177855479 0.749892953666291 0.991991769985978 0.22759555191671 0.123676234321301 0.597326630187165 0.560766201741768 0.807541688030551
0.122719894996409 0.176410864702816 0.986812657906569 0.100254716477886 0.0712326210141135 0.00401525571693125 0.0834123568872128 0.493133947376689 0.0108306789548553 0.16289251958112
0.945007594501925 0.424947655642908 0.998034072552337 0.367322949733789 0.941796885874344 0.115428872127275 0.15603272476036 0.563532948651223 0.126026247048512 0.563455624439503
0.998930719529014 0.223196640581414 0.990184762401715 0.618510972966845 0.995230443914278 0.144371412411686 0.109745915376875 0.542283573882544 0.175260509949511 0.617511179493868
0.844882684155392 0.214226728781657 0.999004743780951 0.577316809730732 0.999030363688455 0.230300662564916 0.817764595527645 0.636498896525689 0.519704620718879 0.569238278513281
0.00207768663191887 0.0635127943579818 0.153114778007235 0.159817339847624 0.947439730426065 0.00858388082234513 0.0888297982736353 0.437268961349911 0.00876246186227408 0.27689729710991
0.983602243758631 0.383129067344549 0.788171577519541 0.533352758970842 0.909672090546106 0.0511748376265951 0.234973138522336 0.531707065204651 0.0426344281999082 0.418254664543032
0.0133777206247108 3.92742172788322e-05 0.439891177313412 0.229941086542181 0.153585438420719 0.0013378435927583 0.35684508822324 0.433243773815588 0.00335180398803837 0.200765586370368
0.000703527212501759 0.548696361506344 0.150862662519842 0.325658907528723 0.944159216784655 0.00241221480174266 0.021098434357374 0.499414077179544 0.0160986986740118 0.201239075821826
0.842115552270999 0.0119827068822878 0.915547869285909 0.245569960684604 0.855255785447881 0.0088066751088593 0.0617566374974994 0.45448680065705 0.0306409893811267 0.22759825163732
0.969918269521094 0.424156152164297 0.987544804705292 0.581176880209125 0.960408961685118 0.216031925286332 0.906406281276203 0.596541615924568 0.187601946679135 0.575781884382067
0.0321365997169905 0.000767554016793474 0.0190269628536891 0.139887478214706 0.801416965609691 0.00280086914805866 0.0259210431253235 0.452489950549528 0.0187077716460443 0.332243672818451
0.0343796426295755 0.148146332500062 0.932234292841379 0.509248195314056 0.884182022343892 0.146709208393226 0.384422082899012 0.523367868002857 0.190177875945371 0.307248801194206
0.993184998007591 0.0473614336362315 0.892292512300958 0.701811808872043 0.996416497873414 0.36631782251672 0.161497871290109 0.554801415108202 0.226205137989736 0.553070183457062
0.88752039667683 0.46762179388002 0.460077362091298 0.675478946078721 0.999573438263521 0.758034309233214 0.276823326445345 0.549244813774416 0.204287631206288 0.511971537383192
0.229761331196629 0.0214966094666844 0.999519214307872 0.6531718170008 0.930151426237083 0.153774613451951 0.671649777442076 0.543863183068759 0.0909864037089676 0.54616713032415
0.869896337223729 0.341307296214841 0.996375893890117 0.661605789463015 0.995536158861505 0.0737716181313274 0.277591592052457 0.58209435169206 0.07446473651533 0.643463942886651
0.985139829779191 0.534477855657033 0.999925176009975 0.888202301160955 0.999806483301618 0.335143685020537 0.572019819797445 0.626365343300511 0.491489353585475 0.708803377217202
0.968277045065954 0.133552837261959 0.996353888960387 0.463670103200329 0.975091718427566 0.0129917165751121 0.846444086384059 0.508433026203269 0.129169514914206 0.46085981525887
0.727673496989129 0.385340762007889 0.98747230031966 0.509316972808324 0.999002755120789 0.0546988097065963 0.223827705099245 0.570028926092986 0.134327901755632 0.464025787132711
0.176945099283586 0.0734175520323624 0.267395101097627 0.60720703829684 0.903614065544608 0.0592265379090809 0.0443318430517124 0.52790901805923 0.134079887326878 0.402421380051618
0.979773104581331 0.0287239827832749 0.164558802780841 0.185078524670802 0.878887858136654 0.00330958495160053 0.0476050729519771 0.47423821644508 0.0814946385971242 0.308731038677333
0.996716838004022 0.254271393335491 0.650849892593898 0.518191005957516 0.975175660234372 0.104314725897826 0.300636418585733 0.554296942931848 0.102577932065172 0.38193843762969
0.00279789802534077 0.144557151418081 0.930761426836431 0.366510276284195 0.963794586747182 0.0442225110398604 0.226149095419362 0.497247319089933 0.22546531049384 0.536317884135802
0.365353849575057 0.322129166002747 0.6675073018041 0.0935197056626772 0.282821754736448 0.00152345552870548 0.209162991732717 0.456118826001971 0.0135209234081984 0.0883059373083661
0.854199771216989 0.91812260220232 0.999823966910255 0.690820088478574 0.996461725826755 0.143307906400812 0.502815901372348 0.588537886022749 0.223589079563876 0.702120481971619
0.150993501842696 0.138801912178541 0.998755260930548 0.400628742213428 0.953947286790568 0.0249510609999792 0.239187956057118 0.541662877279255 0.0642512602961569 0.412561339485726
0.94026255598636 0.52902670191471 0.132617328649431 0.443845007365285 0.865541280937878 0.0246138469139003 0.141556148428308 0.546997380630472 0.0486389607154886 0.526316216335891
0.980287542480128 0.629398925283382 0.914715122894066 0.704426902683588 0.997936443185288 0.101407559299756 0.600362197512186 0.563595177596676 0.116534748466599 0.43500815345489
0.968176359422886 0.544945847048595 0.697247186663842 0.329870221335282 0.752385252513154 0.0576291333118438 0.790942999075367 0.484349561019185 0.054484943551599 0.379802848338739
0.408196206651659 0.0329192464942077 0.516948209534283 0.391623067611455 0.762861057992625 0.0867272221644061 0.126339029311141 0.492568664308603 0.0704370457376241 0.465312297667488
0.990639346019197 0.897026176427033 0.90593878312034 0.614728935719737 0.980508703995038 0.0343620541478562 0.0290062972808975 0.538838280068033 0.477715977036886 0.588034198052858
0.996168007113489 0.473352345166247 0.358277291308417 0.337089114397757 0.999706857583268 0.201797035645109 0.105488102497566 0.528592561329934 0.070996917448978 0.610731686547802
0.460416660491511 0.0562544764420771 0.996913592702841 0.417817552746048 0.966208226539167 0.0762388523811381 0.0953223011972998 0.512593475698509 0.113889580989388 0.59416402709169
0.668729327046173 0.759935582092635 0.909426389198373 0.434466866298335 0.993380010867151 0.0311770575059921 0.526550416757618 0.536176747715904 0.184407413476723 0.625777477975045
0.989251463727401 0.0172765644327207 0.98110677827148 0.492414074470305 0.996942632294481 0.0718549019518655 0.193428793726794 0.502615878838235 0.0815537776145155 0.325730383787293
0.0322316542524895 0.47070761390297 0.987315810875514 0.468196130006297 0.95101580591149 0.0321771280166587 0.0118435535928679 0.51624879402976 0.13240901388427 0.379229330714429
0.764345462509655 0.02183450858631 0.256449783213259 0.0891242211150162 0.687424744233406 0.00352802463355862 0.10132933969314 0.510617354301768 0.0115662441115184 0.471068752519507
0.993003266362156 0.794183149024069 0.766563901564129 0.366233275880306 0.99686227866348 0.0622957593240866 0.386600839538023 0.512503488269221 0.0507803478577598 0.502633685252975
0.28394234652128 0.0381734882212699 0.990328995369388 0.586543792501506 0.999029774028262 0.114551883205757 0.599126045018354 0.567920546267748 0.35082814617062 0.678047010176997
0.744316260646069 0.326610996614785 0.887856971170653 0.61556019439922 0.999733694169939 0.364158521908446 0.322372352200073 0.557107939337203 0.432558478626009 0.651660430454679
0.750026301702743 0.0923884529636102 0.848580258135302 0.413719651545752 0.785021877796813 0.026060751337399 0.173893250643111 0.516006873081137 0.200579158817157 0.564897131017734
0.807090444484167 0.98462153479967 0.997860724993947 0.653764875276652 0.992149248326712 0.168818014724325 0.747028367040645 0.565934634096354 0.331311122691851 0.511623807721018
0.0696993796872778 0.0152973941828168 0.951105175198247 0.376713856084582 0.843076774905547 0.0175431751502503 0.131319889169838 0.493111077302978 0.0744102170552356 0.450314598803668
0.868595586408706 0.0340097578589157 0.934704878105345 0.522943404237758 0.972323282335874 0.195221274700472 0.0564700986561671 0.547402491538009 0.110763227101702 0.590292445293281
0.210803390297011 0.00806411850153197 0.979344825080289 0.370295256783774 0.967689031064624 0.077763310474345 0.433041536042116 0.501797184772899 0.0471182330791193 0.348821834860354
0.509291827478953 0.666276194447761 0.508373250923319 0.538165560243443 0.977713454068933 0.0599911430213335 0.0521894747461561 0.529157647946849 0.085558253994901 0.3403891445467
0.998902985119871 0.894198354039052 0.99546233288037 0.678832982706134 0.999113702649747 0.559080217045907 0.47467968383248 0.607563389775109 0.889511564669548 0.734357253153435
0.889062492694902 0.702006216759327 0.999912930943882 0.704709192589848 0.999217767678502 0.748379728603098 0.686657662522779 0.577818543454592 0.2166358642223 0.532010652962623
0.0895615710724163 0.000980573437472985 0.760719739093107 0.413432408388549 0.972987968175756 0.07756471166843 0.0871159804155856 0.521284247737475 0.0761621620251711 0.49382648607845
0.97641961450334 0.977598208231212 0.995679380847789 0.705393598688997 0.999969921994589 0.248474251165124 0.439393816209036 0.584161720328148 0.314307354430378 0.719495581470791
0.796685357555477 0.986970211287134 0.99951840619507 0.550251815155201 0.998879334010482 0.254927295495926 0.211702687231571 0.557297497871677 0.186143620302388 0.52340762467157
0.930437922246035 0.975551658130458 0.999189618737255 0.810047199277419 0.975933939965776 0.227958430564596 0.814059864651252 0.605157886399651 0.721185908554905 0.683177513905758
0.0216148155621941 0.102875210675946 0.248231560105749 0.293515611652016 0.477482908484798 0.0113908634968916 0.0138706417277786 0.479080777792868 0.0210642846251957 0.358227797445318
0.194701968251919 0.00266255768873731 0.69954108862042 0.268112564471565 0.448696070614944 0.0255337251235219 0.740236353111523 0.452687729542215 0.0259080594021554 0.218706351456738
0.0181401447831608 0.0341305347988182 0.978448565393748 0.231799203145187 0.545527657105929 0.00196880020610563 0.289633379078242 0.48504984332928 0.0779129456479185 0.366385401974784
0.872454265950732 0.268160826560131 0.61900610884628 0.529493760736372 0.930828403164009 0.0308469567438175 0.12083336532995 0.572295445160731 0.0553940123763159 0.404093399478878
0.965157306277184 0.804078898150218 0.890800192074575 0.368537181590142 0.932909590172062 0.0220029189764314 0.600129528572052 0.509779597446547 0.0538543574240802 0.316012930005918
0.902941406315429 0.114384428347879 0.85019285171979 0.3647301211249 0.96766153372322 0.0980450653918238 0.226101654242688 0.515774378741634 0.272095315427458 0.621302567497008
0.975559036679882 0.015808354344701 0.997839910825109 0.395877634459998 0.997121998176294 0.0789456274332403 0.134994072793969 0.568708741014476 0.100628995910887 0.643667647023955
0.997395612142835 0.00932197757393817 0.754683589723554 0.619941635480987 0.923577701670552 0.149796182495156 0.49730685675873 0.586770117614243 0.197863072577725 0.534916811716305
0.102851471785746 0.00467575093712774 0.978642867453692 0.171732168843262 0.0863074016787837 0.00757900340348151 0.010123656095604 0.444425578832415 0.0178238403703156 0.201698029316333
0.68613740945692 0.945397913505204 0.906800462014434 0.584554921624747 0.998581085137623 0.198597613727208 0.701319506962942 0.533580080703105 0.189872910708656 0.5569029786282
0.204435228563602 0.624422059641123 0.996565492834699 0.348670496400783 0.992678735977975 0.0408159047237606 0.39166630579749 0.528326366932082 0.0480924103079848 0.559913780400572
0.602595159468709 0.116456734020951 0.554348957685186 0.502757849560827 0.99370476665532 0.0939606153598697 0.156218639766474 0.564405225929411 0.200799408660204 0.606255243780442
0.991387842972035 0.0587359381147468 0.955658130509499 0.569319183219435 0.968971254882838 0.329235584621575 0.5455586126409 0.59947338748626 0.175016477897756 0.642500090128576
0.933060756466312 0.814814143554336 0.971301779429203 0.492048414893451 0.984265019266844 0.14841573121833 0.130186855653193 0.561180067122588 0.343679767531603 0.727731351263915
0.073160794136519 6.18911773897081e-05 0.948439708293151 0.129108528874783 0.0446102983093128 0.00248840250464333 0.0457696137015204 0.453783663254711 0.0186298202476689 0.0704115141511897
0.293036803907523 0.336697928284033 0.96624726677544 0.601265302333797 0.990228449029317 0.328778695582933 0.845911394264581 0.576291507427425 0.174246657277729 0.627147323033777
0.463889395816893 0.878456290811321 0.997769551423536 0.382227585304888 0.864239748039451 0.0634868931079859 0.154167684739505 0.509313706048817 0.0690695030753191 0.398630727821077
0.976168438063555 0.777918224461427 0.996840789762013 0.625978678445536 0.999419239569605 0.0991108137379867 0.164653464059449 0.586478568077892 0.226217274627289 0.497586340862789
0.906872076789024 0.592127867822866 0.993941740756654 0.835662306827758 0.999083922522984 0.693506002860861 0.893413644368628 0.571491552293038 0.328578328357422 0.672445844884772
0.757314766263048 0.623506895944054 0.347326335818092 0.236238877201887 0.481462940530901 0.02855700371946 0.0570701560360013 0.495661219071355 0.0271471694478416 0.393230181790535
0.256139915488222 0.0217714917806593 0.869878233021468 0.386806764783511 0.837808278055672 0.0676539948972124 0.267281392921688 0.524791086344793 0.0183836164258861 0.337392948409145
0.267070087125725 0.00196646080321551 0.0546659644878751 0.144265307739334 0.941910656338898 0.00740149684502502 0.509527300639204 0.474197110998222 0.0261291528788963 0.18927216546283
0.0691465888473312 0.141658930263571 0.9815367299673 0.320022515578131 0.814192108033878 0.0206119443362933 0.208415787387046 0.534696557396439 0.282815799927703 0.423448333179484
0.995793566479578 0.230445359578106 0.987514471785236 0.492644038804476 0.74682715146834 0.0608489959697547 0.226312048270189 0.501947976209707 0.0388741248837375 0.478099592006395
0.348634013262275 0.246948724027277 0.983485548499905 0.317283976278423 0.830125243154653 0.00642552501026827 0.0497002345632186 0.502623338838436 0.0616385631290308 0.313913923188186
0.56847365861285 0.265439734508794 0.802975383212346 0.228347350368096 0.373144723267582 0.00379893273110162 0.133201936068019 0.453761344131936 0.0113497180381716 0.429353168863453
0.987889628710991 0.624850803257468 0.905946724566785 0.509817324582529 0.931884218578123 0.140526202583414 0.382701189152167 0.552676184467759 0.207297165608228 0.541443682856556
0.923862571351362 0.999922566399599 0.986828188277038 0.635986390545832 0.997904957996299 0.239357767468465 0.898292178642441 0.575380646567981 0.457223002585341 0.723001901119956
0.0103229374569833 0.000450554962773887 0.603763724071367 0.0620034404431338 0.116753167010999 0.00952532471565281 0.0185583546122903 0.434160944515405 0.00466895746719395 0.140738048396909
0.0731951094136836 0.237342718852248 0.959856328237527 0.506199504021069 0.989397567303615 0.216491108325646 0.21592515441563 0.558944329705314 0.224778631270893 0.485506154562692
0.942584477666465 0.101748320069184 0.975322391778107 0.528522696063815 0.992813353379662 0.0469985954190515 0.0274924214292834 0.535530702832037 0.0889130653133219 0.481253558096639
0.426462697763231 0.509156992583653 0.861405756902954 0.416679409670632 0.488869648045692 0.0709944273823084 0.0160830337884656 0.492720188051836 0.0377467892806137 0.380917411861805
0.712738285878755 0.297156619063186 0.976548372729284 0.697807098222147 0.999973610075766 0.414971579247995 0.724388651689535 0.608625883257766 0.490961384398497 0.612901324675924
0.00275047603285875 0.0232358785888457 0.982521596807341 0.458717645772981 0.898962580921386 0.0949433609390453 0.0934447206140181 0.50441667447877 0.0946499800586919 0.48777083428537
0.987709393642704 0.999083543142101 0.999874215046182 0.898950351941016 0.99990025409226 0.804777126912749 0.496261894293418 0.637012572862588 0.830661435528495 0.855237223468261
0.706113395773644 0.201927211237039 0.238699380048788 0.263716526322941 0.949729457023601 0.0411674277247607 0.225851199584264 0.511546937753006 0.0700742550104892 0.415733851470933
0.363624675031514 0.0111665628212517 0.273300844639608 0.206422363140033 0.894122306569255 0.00176054278974898 0.0145001303775125 0.46922493482832 0.0199989738280241 0.459599918402382
0.893559936237512 0.876432610448935 0.975512538378234 0.77726276533425 0.999940300070886 0.54550721898204 0.772345771294911 0.543108925286772 0.54608442120588 0.642415704969558
0.959196149639514 0.851676769095077 0.836530967148817 0.430455268014482 0.914608764132971 0.2145194366549 0.294221798228886 0.564828154783165 0.0612724689221153 0.402227586542167
0.167677034621837 0.0228815814575931 0.940281574618776 0.353897862461053 0.547989063403896 0.0621516505413005 0.172874899996819 0.548948869484437 0.257107338380039 0.63234278615191
0.169147422254645 0.982624624665428 0.999177600276202 0.58821415274408 0.993078025390251 0.152751551009888 0.464788307134632 0.546489023594378 0.166087822686324 0.572274682412041
0.41918032278484 0.0318937492682892 0.993427730421254 0.318473258919969 0.987734779591967 0.190025114259031 0.408830230191952 0.530014016085565 0.111193339103444 0.453379038609133
0.0112770661641879 0.000357148527732098 0.826844187275339 0.048330265135216 0.00774379389942439 0.00139141104833009 0.0536649282082587 0.38819213078521 0.00130200426633029 0.159033044746752
0.49297611954639 0.108256435585859 0.964217820904877 0.477912209877043 0.9748527473879 0.066009514350592 0.980308335665453 0.535969048992562 0.0923810127675865 0.410972956803333
0.874125338041121 0.570548648067421 0.980331593113547 0.247379778403451 0.961137786613236 0.0684498448580566 0.135149818495866 0.572953746960615 0.0848552713920662 0.624578864060777
0.0986601564374366 0.00403299071647958 0.0567375243757251 0.143776498621417 0.749216029957684 0.00699654358113183 0.0706452386669631 0.464136769967136 0.0201647956631744 0.222384751127992
0.828745015321419 0.0535866905240776 0.85943320074084 0.33488080535642 0.971777068093976 0.0223293636254642 0.595286516364941 0.522907297268006 0.0500855792254313 0.517750161045764
0.000310791945407938 0.0468288278320521 0.621006222721502 0.121549614373086 0.15501638945401 0.00309308117849926 0.115113999492635 0.455740641237246 0.0103999247789853 0.345262312585048
0.236229769049732 0.0217702896831634 0.860561791842579 0.516854351734595 0.979171763102288 0.46818808871612 0.500981690290907 0.554464329071175 0.128479208398984 0.697207633033143
0.0877559460922562 0.0787541645518738 0.94957307877068 0.216706248121973 0.739878808303433 0.0368389777322031 0.202695584698661 0.499975762432369 0.0534984573726088 0.481661034775719
0.745252285865467 0.00970820499064226 0.994565976743881 0.460246482991219 0.997943305109276 0.0264444575178363 0.0189977788429477 0.523081153770316 0.0645888572704303 0.398390055729566
0.372751902175786 0.94189120598918 0.990807284814791 0.585666695161405 0.995571494952188 0.090142606609712 0.862884546746517 0.553686974620413 0.132816133108993 0.427412656378318
0.892632612780641 0.219867286837147 0.998890054785464 0.453572259010476 0.984810375353537 0.0213854909951864 0.116912411457326 0.52568339234956 0.134148147272041 0.681610789209909
0.674185715696748 0.076709316017991 0.146221967771596 0.359446861840475 0.94661061373747 0.077563271224567 0.293205451865495 0.532680004665533 0.0778629864699945 0.570753510480765
0.959616376989806 0.833700325394485 0.998879147158438 0.302833730708252 0.822902218665479 0.143703747966882 0.0421377341302196 0.547274766455259 0.12801492557257 0.566349958547833
0.460025019182222 0.265818647477707 0.972680241699036 0.525615412661553 0.933891004307934 0.0260955600452859 0.0749967198132191 0.525371610979651 0.049047123597334 0.411229708775161
0.00758798911186641 0.115051714751094 0.692572479719429 0.20094652114829 0.235706567906853 0.0407738621972535 0.146858265645671 0.477472614992334 0.00816397638454919 0.268755606740135
0.389931965832771 0.568672906434975 0.562500918119565 0.307764472020414 0.99026017830293 0.107854659090059 0.0424990185866412 0.523738198035974 0.154084430362275 0.511197068720804
0.747088706259349 0.170740608765393 0.159388550130831 0.425610010385538 0.834298257607977 0.02550856540196 0.0398417262382115 0.517186952051582 0.122510257503895 0.32576889672611
0.0239643635707741 0.0501835823638467 0.31760226058951 0.341163669552808 0.599330497337518 0.0884241527624826 0.065617032786251 0.49541179084393 0.116379261007901 0.33600142398882
0.689157712289398 0.129126653505525 0.98517796805128 0.494149935693041 0.972948003310972 0.00956233902880325 0.351735255896427 0.507451116592734 0.0510755627282701 0.379111953536612
0.183760748182728 0.0877943829099058 0.599641123452137 0.561630654142112 0.961634349888467 0.0477056190750769 0.619425988250343 0.490120752726725 0.225469249634949 0.355104059989689
0.991932353439914 0.0620227200460647 0.994564649529533 0.753082135168833 0.998489747208241 0.75726579537896 0.149638998828574 0.623009115381612 0.124954867378087 0.566954273484354
0.00601778554024486 0.399493512002081 0.99657856738089 0.539929988480529 0.823023186320922 0.0124480517079133 0.0776718075803722 0.495057901824672 0.130287656723368 0.423767930808282
0.15138309505169 0.058753178172449 0.989580460098189 0.407840186604924 0.881712592986662 0.0430710761483866 0.362543858751514 0.495894344110831 0.111186244733524 0.591523445439613
0.636838185570754 0.000186957343860816 0.983532805463786 0.129931005821509 0.66186990345658 0.00269783602733796 0.0886215391506305 0.446881284642526 0.0331263414966318 0.227390141735953
0.998660953320989 0.333481983918515 0.994665901880055 0.461027315395627 0.993253580804584 0.0767616920591689 0.124823747003497 0.544111986179094 0.0356754294422089 0.450417031156378
0.401431955422662 0.510572196851405 0.925766528811002 0.706083976077082 0.996393286337884 0.0927442109605472 0.51003552115087 0.533077132238373 0.133317317222625 0.540647886799781
0.18959293650394 0.564902381905904 0.988101832141112 0.638648617998069 0.997824753957728 0.0373276972665414 0.386936425673058 0.558797709937611 0.439392563111483 0.546454874289471
0.0935294803081621 0.168464487741995 0.997967102173928 0.335788790540275 0.888233057424723 0.017024742182233 0.239252424322062 0.528526985866405 0.0511571395912695 0.667286899740258
0.978285916847479 0.0824435519924749 0.982040871020389 0.523604496566659 0.960954580062669 0.0581108585505271 0.168003158775608 0.51628149916468 0.0552180483105958 0.419158256918368
0.328088923290843 0.000290795408554571 0.73152787809583 0.17929795644813 0.849345223827911 0.00293067490880359 0.37586887882611 0.478529668517946 0.0110071729653218 0.462060116222028
0.9733513162551 0.0115397734252473 0.93024368203866 0.501443481397192 0.915705094784932 0.00723893591358446 0.889977452097716 0.524678382002808 0.036044679397028 0.286942755063693
0.989951573589835 0.0569225350108812 0.342960047626132 0.410763736239857 0.986313321293401 0.17286894439115 0.175357555596446 0.504753363483516 0.101300104770791 0.596414372611442
0.746420468632902 0.815587975510786 0.977692428172065 0.670561444699838 0.994606107142303 0.142106624232861 0.219778932716014 0.554481859995143 0.117921153435913 0.723326775227138
0.748464791188831 0.00566088579188018 0.879385076053091 0.0874687256124101 0.719635763518531 0.00151786499208829 0.19608684031927 0.447134362182058 0.0238921038656553 0.389870567037562
0.7210580394772 0.972094253578972 0.484023942943208 0.542984332802759 0.998108527241754 0.01512941260186 0.532824352331468 0.529989465457619 0.054502812182748 0.69210956645036
0.973998627762944 0.00831499868915902 0.993602606630333 0.232635235942212 0.83189030977019 0.00668088035815998 0.488810201424366 0.520543800801628 0.0293547212192961 0.33689397843528
0.375815841691998 0.527022841517838 0.989143072686068 0.544593092652438 0.992353711036658 0.085689159033527 0.215498199155349 0.541793295146847 0.0908827730357517 0.376742118750987
0.197830178908936 0.00534459119136607 0.583537630460622 0.437075904495739 0.78213373188115 0.019825453382562 0.0998958358060516 0.47132964753155 0.0564880796058348 0.238022671472202
0.0560180537797947 0.985570242125115 0.854530006215072 0.798991507251149 0.999624727208369 0.754538362695699 0.523976174961781 0.623661656948501 0.518156181134201 0.885693774984432
0.999657755376049 0.744115653505904 0.996174963863296 0.840517348658186 0.999841766073453 0.527132855127182 0.407748868514921 0.604195271452398 0.715163227040959 0.436279488652483
0.886693847410182 0.996992537465489 0.960114386927227 0.551333192148949 0.985764500442618 0.479844017401005 0.722706586203335 0.541533737948229 0.194615937207814 0.647565180787501
0.989774453711431 0.996418448791265 0.993216613662087 0.773118368635293 0.999488112144818 0.379276429598915 0.655247028168369 0.614555670554426 0.410064290974258 0.483465402275739
0.133816538389435 0.00144793118396442 0.211450198090879 0.121787977622141 0.262561442896229 0.005823494322805 0.0426887842749046 0.446777934822803 0.019991521332344 0.220248091004878
0.00424259641898695 0.0930273253018429 0.529238774848517 0.31873396300562 0.00994479094511208 0.046907994165069 0.0587701167537729 0.519415431312295 0.0949947191017706 0.309837127982666
0.0175148312589443 0.0164994423473563 0.995483657396684 0.294715755877325 0.976278318538519 0.0622758223811204 0.270452313262872 0.506224030979394 0.0501288475036537 0.290357597894233
0.993332927018561 0.48578603524996 0.991540630069365 0.780219972614543 0.999246677379021 0.132797772096086 0.579301455720603 0.60493665135441 0.242864377245196 0.576666567770462
0.00834467635497911 0.0263184290295318 0.957130687516609 0.224802875537308 0.234716356699024 0.0102553358121682 0.192347239926 0.447336382355102 0.0243521992857247 0.309662626703537
0.844016935634333 0.95981650252979 0.995934883953412 0.661789920532813 0.996792823184174 0.20580844303473 0.444961476568225 0.558630905342268 0.414184284677486 0.501180734982552
0.0102722448450271 0.000300615948759609 0.00300218638612423 0.04081315569854 0.0137493301118383 0.000185697420787785 0.0624413104035773 0.387003294958984 0.00465802611815798 0.0795655958106455
0.98522298341664 0.000749135569348785 0.992819696617167 0.310736114192045 0.993267357349796 0.00792056047391351 0.0732593694750821 0.522113842528556 0.0527731413678239 0.208920261262327
0.846322525585674 0.0168461195239978 0.62524680755333 0.139376791779432 0.81477047894533 0.0125274107649212 0.379163252379568 0.495977635814834 0.057388340175121 0.34342122588611
0.340241071057222 0.281185016893841 0.911177700308492 0.425062269329612 0.949782537274706 0.0614705458746861 0.848767594841028 0.517589831168194 0.124339884642973 0.593326551745993
0.865753306751899 0.94308766921051 0.999502779932899 0.701983334353566 0.955825886964976 0.0218879272680465 0.632918698964158 0.565062318139865 0.425578749007889 0.752150333506559
0.251722690998804 0.0419367944648221 0.991592248258208 0.424889743020243 0.987698890763646 0.0881212678601845 0.810700331327894 0.521765222109819 0.0846348712965675 0.545131541082431
0.665960870031713 0.957022401577506 0.999626175196047 0.60620124409958 0.995126518419712 0.119255467985159 0.458747593324802 0.558524242482844 0.100044853958454 0.380671830251233
0.0244059232571156 0.00163927482581411 0.255220405447428 0.120531777140455 0.819238577173317 0.00200683440884266 0.0779736914244649 0.430999750715116 0.0566800840071806 0.17659649639091
0.00166044545693159 0.00178016625699456 0.0516521263868385 0.0411691755102073 0.213308215159841 0.00269214440457806 0.029906794076136 0.400178780377398 0.00309561828854874 0.142025835524827
0.00706832980185739 0.110935702110574 0.956536470808646 0.457206030676797 0.971671089526057 0.049460433955307 0.0348467643878614 0.58288315140497 0.210738877821128 0.634272202082006
0.10313141232078 0.00592863446454967 0.0609261217226033 0.263600911446398 0.581789368001074 0.0167971259383826 0.0721347014540205 0.481475370254795 0.0695603501932935 0.334903778991846
0.625988188159179 0.110652338068457 0.9690159681627 0.390880555060468 0.989505203732678 0.0318302347426342 0.0123833558660416 0.495072813645426 0.142027517833819 0.434129484831456
0.98882946364767 0.0836263038155347 0.999747883438885 0.550664313555329 0.959124405770477 0.01960040109245 0.209215596949071 0.511075686099795 0.0660014319539066 0.565763079209031
0.221895428515758 0.897456798921797 0.961465500511251 0.588841783544053 0.998686530719307 0.17057948639282 0.506306137602498 0.564962574867868 0.415638717795148 0.646486504594542
0.0207453882701295 0.00756405859563987 0.81032207606916 0.153100467205905 0.527705164992953 0.0283994841714666 0.0110532345901747 0.452215993928325 0.0222776137905578 0.195232293416899
0.985179334791647 0.707950765132643 0.989805003137077 0.772405942607716 0.999436034950466 0.128736461796722 0.682922008457616 0.562827371771376 0.201004212316936 0.650493260371075
0.651170252187763 0.0185689707398161 0.973008337610527 0.106001388539511 0.711441801139068 0.00566424037533739 0.273443881153565 0.453438760678997 0.0429634534438789 0.365601823751952
0.972259331602595 0.313850765543283 0.945504173206708 0.456482191417989 0.4374234641452 0.202721204050481 0.727589231134217 0.489807686883761 0.0251919923257175 0.576007628660583
0.998021345229865 0.94483103109398 0.999851187351479 0.830223796573155 0.999784741532494 0.201763123862173 0.654560137394614 0.610981497044579 0.318267369773079 0.695195857248153
0.309839518497949 0.823716045007299 0.965242639230521 0.129617216790953 0.505068771754969 0.0285129006444187 0.495539727454252 0.533774751172868 0.0699956749539425 0.52754319157401
0.738401346226963 0.33964400654875 0.999078659141019 0.640077481803532 0.991379972687379 0.144695576941428 0.377821663086655 0.573808850912581 0.10810083139054 0.530726488322159
0.0542700410448398 0.662470117793708 0.998716250923178 0.35626785817025 0.970525975005655 0.024242668302619 0.398407436854203 0.549835958410629 0.556871091064976 0.563390287901191
0.502186044863228 0.282524361268641 0.920494432798786 0.521829732062875 0.987054851620519 0.364570333731676 0.491923950029632 0.5593224375642 0.0703932793261525 0.792677599844752
0.988980977280265 0.0199812105404575 0.957139385583078 0.375815068780715 0.954312283758157 0.0567997244507402 0.0961314896917609 0.547328708474823 0.136227365967354 0.586931303391926
0.0412972689580831 0.234148821604339 0.999665679490711 0.651060283831405 0.924830508766241 0.309453898336439 0.700960901554405 0.553685647341686 0.248014097042729 0.647234041796108
0.0453419391578703 0.917198964168644 0.999978738863937 0.879321249917793 0.998877537130476 0.343931618699815 0.412416910953835 0.611383660340873 0.783033789152242 0.7614410251099
0.00130809916515817 0.411810064009279 0.0617147041200053 0.327616501528705 0.909511312384729 0.0232785542691806 0.0365000614430376 0.494705762563426 0.0182249869962371 0.496068491901337
0.809074025372586 0.102875077717436 0.980550770787258 0.32304928303947 0.95846721988907 0.0172972744067838 0.396467178008152 0.456198750628304 0.134138241733695 0.325685248652956
0.494961569248124 0.0157136327260145 0.927700117335082 0.378027370396535 0.956361792490882 0.0433159039162572 0.198765450876425 0.518972129710036 0.177240951201997 0.41136546475379
0.99872939432073 0.823878699617568 0.997885856150424 0.75350277431417 0.988527344390698 0.365454296519133 0.169158763545003 0.569151563890125 0.424929111569003 0.585100074832422
0.288016642932102 0.0371708470929038 0.881363895765829 0.348988539116711 0.999419733686567 0.0402445473285105 0.15233943097716 0.52830406420162 0.212788521660809 0.457775032012252
0.154761639781186 0.150923344415841 0.869795746567168 0.556498861770987 0.997923311432395 0.101099333626484 0.195852482565347 0.551462564438831 0.120524086950566 0.47151215494457
0.01671292155907 0.70798488186588 0.816001757622269 0.392467772212235 0.718828841365614 0.0302035763791593 0.369432504975542 0.523306051185885 0.135856967487586 0.394846142233311
0.0304140218568269 0.583788260420167 0.99719216281526 0.388419905781725 0.974469021625319 0.0343325092522002 0.119217180001401 0.522500128868467 0.0764505533588406 0.464353082694043
0.117295382738622 0.00138831619396319 0.4110345811364 0.167326133807484 0.761244748275962 0.00827145344333452 0.0228818922397154 0.460123166441349 0.0489866007735535 0.208012741716324
0.023001489366357 0.00320907469910934 0.632264663553355 0.228210010511091 0.766453789063782 0.0138217901865486 0.0878568822006377 0.4574901692027 0.00516522777232188 0.218361730991565
0.954509824854261 0.829463603027714 0.998792981201981 0.809908073286135 0.999666464704633 0.720095994419128 0.79327484567275 0.613965250763121 0.273934118270792 0.701822653162222
0.438143407400739 0.120490878769131 0.973789577459812 0.493812889352865 0.78421892315186 0.124983256843047 0.402037118678489 0.537534055559125 0.0517672310011804 0.605390194119184
0.109102275390709 0.0898745213855109 0.955504488829528 0.153034817154412 0.872819432984474 0.0330021177369068 0.0874919039351798 0.517630769329291 0.0725932859357522 0.285060602744763
0.795609666503467 0.712783844442745 0.986887159647407 0.409036967474528 0.998957355556782 0.0749462650518002 0.631567424123639 0.546654812616684 0.0939116131261319 0.495815234787005
0.00407399135983219 0.0572955463422345 0.649607385249847 0.316800092843342 0.185292062937537 0.00401979685666178 0.0192071359907921 0.453202655404182 0.0369976550109327 0.226913420662279
0.338068134299304 0.0003371237072783 0.969543980664999 0.116332317623571 0.451436604002708 0.00725119733081346 0.423990339897966 0.473605215544719 0.00302472308869705 0.265495785371379
0.979773878969411 0.973307576228057 0.986307488318038 0.256124560783322 0.997654260403255 0.0226165725465511 0.165861584599424 0.529275298831815 0.0669008350573924 0.449895650291701
0.483539388661493 0.494088919685803 0.997301804800836 0.688237618110824 0.998942307406529 0.114711552067615 0.423022134911806 0.578192124477576 0.122344380278894 0.76388741699647
0.354020731734594 0.73742961958265 0.915092293825228 0.379402455560783 0.968268388831186 0.0950138787302449 0.159263704842569 0.547677136461827 0.0653210488679334 0.381655473593729
0.00406386138113429 0.0857972947776628 0.272014899753852 0.0642789495118208 0.0269705459924556 0.000152154891299612 0.0331746071256947 0.419494454481165 0.00692214131811342 0.151920293132865
0.444927931685803 0.241862944852766 0.994369454175179 0.672874891186972 0.999101446797301 0.0853102455652794 0.208843160716742 0.607572718266222 0.372377049781275 0.608021142318446
0.00274756238558594 0.689175840884953 0.983699079519949 0.533895736576804 0.988978624881468 0.181681101392363 0.539415567397773 0.52226300695989 0.114295971501167 0.317343001553845
0.0596427080643021 0.00926914693952182 0.657969564596965 0.481334648655868 0.995138341598979 0.0153390908521846 0.686106063780392 0.517115150936899 0.136707374153524 0.603031270099721
0.143322674160969 0.0881596226110932 0.844574376388651 0.682934707923335 0.879492187987149 0.0734071714531819 0.555815310604875 0.54037852258344 0.107540500773298 0.268541489319917
0.00638428102386311 0.836046383692081 0.9966440402889 0.411638179319952 0.741530414267721 0.0145339638931349 0.237009497490715 0.503606516269904 0.140737901092372 0.390507823709039
0.541934180501816 0.709410269470678 0.996700691789821 0.785382405765797 0.99981502043989 0.292727863120819 0.358949899651084 0.608917455277241 0.0725186485314289 0.634184544176644
0.955080030277543 0.459157779873211 0.99232878241924 0.566318553699088 0.973293691688906 0.244917078616621 0.184559920468377 0.553339702619379 0.218748409678278 0.538887013933096
0.961561281896289 0.959472657813749 0.999971781094674 0.756982362983953 0.994173093578262 0.193209552946837 0.836719691102229 0.567376253505082 0.199843012383575 0.452032221726816
0.0516663767625868 0.175355474031411 0.955000253292799 0.294976456095315 0.890375425687356 0.0308486934668812 0.0345600390693562 0.493670514902241 0.0307753980850272 0.277476765259725
0.510815044306463 0.848027972289877 0.97205750696532 0.358407034026966 0.982604584584156 0.0289656327209204 0.0654185340895922 0.492630149833177 0.0961681581316528 0.325649711936364
0.502762532698295 0.000378735666204234 0.129883065449697 0.258808327775294 0.974548158486589 0.00698306085881961 0.0363745741305871 0.478196279329811 0.00982266128205497 0.279970650992932
0.657816768228514 0.967159306676304 0.992449342721426 0.501295193453734 0.995019263729114 0.175001983208512 0.557599216515819 0.510890345476062 0.204556073394077 0.368118095473252
0.104785024793952 0.603634112130944 0.94918210294279 0.247487512331197 0.160525723694257 0.0105156400075695 0.208023492755244 0.492558667452283 0.0277495618984571 0.24252991638452
0.359002278698564 0.35000942947618 0.810521159133794 0.725100721524703 0.99197181928733 0.076130544602994 0.164513718824948 0.542854972583764 0.12002078164483 0.404559997138164
0.594572161600485 0.0861286700354382 0.881238182210247 0.397512828556341 0.897949901859234 0.0178573360393902 0.426435365800327 0.52538891484525 0.0482221611104274 0.349689299036553
0.110452274284656 0.624999407893836 0.99924392138319 0.722473538216177 0.999082566159797 0.157328787164322 0.555123933994103 0.580011726223033 0.676011737925538 0.731761454621017
0.730855965051608 0.00660318083805204 0.999495877137831 0.682661140249327 0.955007971408232 0.420613693684358 0.249666356752733 0.57836262172701 0.165986261294664 0.709658251627884
0.00295329563450179 0.055767821944349 0.557161719278035 0.242563773951871 0.601294508048315 0.00323244554686053 0.0859359865471721 0.467910050764385 0.0379480366252657 0.372855549929658
0.302101428000205 0.0676925791348694 0.184938816782949 0.3841232046125 0.96987846997226 0.00946755924993098 0.0983009247232406 0.528024202539142 0.0852922530259402 0.371361651227766
0.204302771663901 0.0859474358428158 0.740850869187721 0.350219862768439 0.981290861677109 0.0401610622522611 0.14893455160558 0.548452416544938 0.0864837395764333 0.603271662582832
0.25645612114743 0.945182242788532 0.955846669319055 0.480137142686308 0.984542377443785 0.152976670671484 0.0639456785032601 0.551519190347557 0.0514166468308126 0.377681787820309
0.682298245356969 0.110661545015801 0.669786210683615 0.438257080844456 0.674836681915194 0.00807274656120714 0.190592760442528 0.4418690310335 0.0756559181689531 0.445303688299807
0.0268807814658695 0.581528211657068 0.983764366038791 0.707913913916621 0.997534820416165 0.535300509074164 0.56870182862552 0.563422239856657 0.249224619971278 0.487652592701605
0.00109260913032799 0.484192464833528 0.971937650677123 0.480901447516466 0.922397676777439 0.206002887427716 0.168371302243367 0.539336182440602 0.0229693690302985 0.388968585565101
0.0176658036180552 0.0268183483942545 0.875575145221337 0.197949672083867 0.539053237417555 0.0176049010715284 0.0503332800682275 0.466132545614337 0.00667651885248624 0.320392180375691
0.0730112151098233 0.00184176693395787 0.826837812299928 0.212769574376392 0.921860054156114 0.0447720627971474 0.447994270328289 0.520996365044527 0.0310674818861582 0.380332830636698
0.668304027507288 0.259687003903434 0.998497521967165 0.543423500330821 0.997008117200381 0.0285140636264592 0.317006438802494 0.575731596005424 0.242633242422252 0.704642867832653
0.924761543595518 0.961307320470385 0.999928444103606 0.872063124759273 0.997551719088347 0.592042769167744 0.861049926741808 0.6312848701872 0.621813128072507 0.719060424283683
0.99247935093527 0.135527488910274 0.912068716598844 0.699594408214832 0.998668771460682 0.179438226440503 0.650143414563604 0.588609936867183 0.11841423968136 0.729772576065746
0.0106602979876383 0.000587312266801372 0.123779060807559 0.0633160012698544 0.0990133130264437 0.00130300634781313 0.00654495903575394 0.417242042319144 0.00327072006337847 0.159228237768679
0.00557938869979348 0.0271010825466317 0.906682500799562 0.260363490450747 0.509830593377891 0.00258743769969955 0.343148888630519 0.443385820187348 0.02285135210539 0.291565009266277
0.0895171160736862 0.616439640862135 0.264429868343725 0.434271115415657 0.990182228478829 0.11571365063911 0.0552102134166745 0.540542964889118 0.0568735526253673 0.501964795569081
0.959712399434451 0.699225334832195 0.132165634939931 0.287815340005546 0.889567476772728 0.00581770237603751 0.0431380542572328 0.463454488155348 0.0110950615413364 0.273811049503849
0.00272886502230391 0.00721039924500496 0.994060540729799 0.324238005550595 0.763959211460866 0.00719662654293102 0.175773125080319 0.45977022014819 0.0240750673814451 0.24215011092628
0.0407681929184041 0.0016449076063579 0.383120329033333 0.296055986480889 0.904082893783714 0.0601385260376773 0.132625366921047 0.528120458394702 0.0229326058857059 0.282365094211844
0.297913077468661 0.492094502928387 0.9859040720484 0.526036194784246 0.904325401018174 0.0193492932431492 0.176468842560403 0.502437260775162 0.0434984029339892 0.50787282986829
0.975697820280317 0.993470190341003 0.996748431725862 0.876435913453335 0.999816412009627 0.192460539489543 0.95676483825484 0.637803041303049 0.482984401534449 0.654654075927563
0.00437781803243739 0.513125498380586 0.998394034877663 0.199359649592616 0.721703363657124 0.134680230163184 0.15439293777107 0.478832901619781 0.047771495592183 0.389120263027487
0.00296148084643347 9.86940104547424e-05 0.899284698229499 0.17754927144152 0.488861567810702 0.00611778335965 0.197684147600501 0.430799179618065 0.00638787855590683 0.272717938112607
0.0450237296759392 0.37400283891841 0.979412241238554 0.640244691888213 0.989306770562717 0.0753805972549244 0.616802384861478 0.532445986979226 0.0746582921539122 0.54819026644646
0.953099524098869 0.776281354628466 0.975055341384927 0.573147770654488 0.997933406434115 0.144229421150003 0.851914086270502 0.569174592173609 0.101193150297789 0.587602746048239
0.857029443634132 0.084061896023009 0.989330403645676 0.36976157493362 0.715066687997305 0.0187086572727137 0.0779269554690075 0.511697064241959 0.0722266365201324 0.159871773791321
0.511042449576466 0.00232185266792112 0.988252218263268 0.361369119748905 0.818785267346171 0.00793110779635117 0.261107001680828 0.486555887387575 0.149947204277747 0.462847727574998
0.856453817965626 0.956837364780033 0.999747202004873 0.798999021026425 0.999665579340034 0.244706088347646 0.863408189900269 0.631112695188846 0.761728351449497 0.835936557037743
0.341978055924357 0.105025034704908 0.997256370526637 0.527920947354629 0.986788039922463 0.0905077896036142 0.129315860991919 0.513400935093433 0.0846820051186221 0.296718548529701
0.0714338005121906 0.0515918181966058 0.951153431103177 0.288386836292768 0.542527418415201 0.00803549830551244 0.0319292767946945 0.452601731338284 0.00500347346657934 0.276839823375461
0.14026411159937 0.453720394999761 0.69070008411002 0.503433158236749 0.796058611527906 0.00725250298604913 0.109232264518328 0.507437159108273 0.0141490607997064 0.283035380621417
0.717248538359354 0.15636187073509 0.969413467748361 0.553084854012734 0.974916626903765 0.309759653880072 0.155110225712412 0.549723839074032 0.152615367819269 0.612708633739799
0.688009559732636 0.513128597934756 0.420832154056397 0.40393890565048 0.999656633903348 0.0471512354757472 0.303090985689613 0.562649659351351 0.121059433035613 0.524644645277372
0.909725826498528 0.123280975006644 0.998552937890054 0.531599051560428 0.999759367929683 0.265128284367559 0.0282306620181218 0.576586739273672 0.148444217174687 0.606059816804978
0.821998968623975 0.96486794425224 0.924106592600016 0.866378330452107 0.998347021143247 0.622071636549683 0.683660042977457 0.620385207763822 0.680697957822024 0.742361583413158
0.0720858767045188 0.0165774122429736 0.9874438372763 0.105097159110131 0.364392966125215 0.0270482398958695 0.163250853900024 0.500519582406759 0.075586721506306 0.281243410870974
0.99941813444396 0.233915406210083 0.998896872655867 0.677239098173254 0.999421073404209 0.126719158672066 0.812116449168187 0.582149844646249 0.0243573292194428 0.506875685521122
0.996745627554123 0.24602859839726 0.999776161054991 0.849322013929328 0.99691306776907 0.120084788599522 0.329464585211345 0.577556287667546 0.370281717291698 0.69761004849885
0.599790388855829 0.0258250586514896 0.969547908438859 0.288484048322628 0.823617639614467 0.00898891570014331 0.302367190959934 0.507362493633331 0.0301330180107587 0.31828240012279
0.863189773628025 0.950192841500389 0.702418629808737 0.308504789491421 0.955905109323332 0.134907995799669 0.799276634339034 0.515624905537994 0.0565892706978825 0.523220891210066
0.974625761327076 0.150107350934824 0.997096251248753 0.298855146075697 0.945307374034184 0.105299274885864 0.362331949080801 0.489942851548156 0.0890149184305017 0.358550925060389
0.945334136535021 0.187014567459527 0.835379115757241 0.261973801583379 0.987455958561066 0.0108919370124343 0.0594556129789141 0.480421489369844 0.099897760155153 0.424177442090169
0.844334861846082 0.0015484685350318 0.0231461980492584 0.0744252379974868 0.239382883816763 0.00418505628076024 0.00303144127973346 0.433277298035348 0.00890831760701036 0.26553456293419
0.999955391374158 0.974892160887564 0.994273344985741 0.917550401425538 0.999522451851011 0.83215176580228 0.756851264529216 0.593266836057789 0.670879746817092 0.632557240360712
0.972916221005514 0.386436140903754 0.948727022728203 0.652384161105351 0.984650078690042 0.374308091105458 0.669718244808606 0.569549626740973 0.134142773141485 0.436983423128505
0.837393649723839 0.0803889706427909 0.970311364301712 0.455252685344401 0.959064131311455 0.00838970794062171 0.508341563314528 0.489344552800808 0.111261113702745 0.548086168260355
0.95304148801523 0.970468491781463 0.988492459758705 0.537141805985708 0.979325717572983 0.0107793489069461 0.825348088359031 0.521612611378546 0.0908989525203562 0.404326045664597
0.105582261741572 0.0918357832561515 0.160516644530485 0.526234834961347 0.975692330274836 0.0219114112351595 0.12671804388954 0.54945605772068 0.0262432049757959 0.451570091588884
0.132660739450438 0.217965474166143 0.96798124470478 0.647081624546278 0.959064390532334 0.288143925235117 0.306936006681084 0.521058859066821 0.12279274700506 0.400587380219124
0.00358600319495904 0.0861890244850679 0.500853082463451 0.0874737211464338 0.384491110264719 0.0010254755732306 0.05791391166651 0.451519169171732 0.0309313160392164 0.239124194424517
0.991761715344364 0.108512357462379 0.905309189901171 0.389946332648876 0.966957637223752 0.0390358817660877 0.628125883272459 0.521693869739026 0.0703910976649121 0.413635141152668
0.940849660450103 0.0063282271536023 0.455805056026637 0.416997866940486 0.960105955015665 0.0340386202637083 0.284975251346758 0.504054976524153 0.0754888243914941 0.36108432671906
0.537261719731002 0.0361011072745361 0.897375692911444 0.213632059726072 0.55739170747229 0.0124875676013862 0.0139086723436548 0.504827167596496 0.0496442414039189 0.365336650970313
0.146563365570366 0.0186995646415919 0.741372479717367 0.646986942920068 0.992827830284635 0.242903899072441 0.891354253319177 0.506586621272231 0.243326712410003 0.475392813898074
0.989842518980495 0.349987526223763 0.483288467042696 0.426346091027984 0.962098502388906 0.0144451441294915 0.237436546536156 0.504674854967814 0.0445150521506648 0.645103034626845
0.0354216576519222 0.731302785666765 0.201832026866568 0.764505785071755 0.999241246806896 0.068371429159292 0.143963982766763 0.567852657969039 0.376695082457751 0.58283921831099
0.98117933917839 0.260263903191559 0.998973106082115 0.76141679648827 0.997062975518094 0.103266610260762 0.208171653856711 0.5323606997026 0.085985643963374 0.647591445272705
0.340572517250493 0.0140458068846497 0.954677236359832 0.439196660166447 0.99872191485581 0.237616391270714 0.633843660577495 0.523684287518148 0.224443429586299 0.665653390473253
0.138021726446297 0.507732072487169 0.983887579554505 0.602300075288756 0.999761477633331 0.260287790172289 0.178149300990369 0.570411563143745 0.395406600995796 0.626625143205004
0.93627803310829 0.533158020836321 0.937070823482305 0.576353997664327 0.998153505734925 0.0325726994439096 0.124268094484215 0.55165317435297 0.165542815721831 0.603540054327254
0.563707460759655 0.0159121730186151 0.0517411876740797 0.0743988763526863 0.0476969632087411 0.00856129015620527 0.0291924600319761 0.431539304223895 0.0147895245144038 0.213559121042225
0.769748059224029 0.0401837298418547 0.743232107846762 0.261914196849646 0.964022288535539 0.00406984303990543 0.008554027742988 0.521016547679279 0.0338956934530396 0.506947053427056
0.239622227238462 0.0317658328763874 0.995118902636235 0.407562499591073 0.987444099192267 0.0298049155089925 0.839415475893506 0.559602041081349 0.157686304962393 0.542093387921633
0.758403474181917 0.0281593498248534 0.996614393264706 0.819852718959823 0.999723482704681 0.514647912815542 0.394248457618634 0.561088768390998 0.335790670564283 0.568014438672427
0.329948427668874 0.113393982328932 0.97732583168329 0.262447201222756 0.99076613690919 0.0158230699695511 0.18762737313272 0.471338205045691 0.0341488541176278 0.37540398791205
0.00715006133657423 0.165896398649956 0.989141162753488 0.404792834320711 0.96344601712693 0.0426271414915122 0.509429819806982 0.555873459369754 0.214996719607232 0.462065433500348
0.231846561953774 0.0964098250660022 0.250525250333244 0.43358672037282 0.78691337024626 0.0108989643083839 0.10804331948952 0.501683600730612 0.0233430506787485 0.408329369317339
0.0839326545229309 0.521759717837234 0.52934517309698 0.561557152175658 0.887297658341261 0.0208743958115901 0.104931142601507 0.525912195804098 0.240765167166016 0.619347299342241
0.672725067801194 0.827608594431536 0.997533835524264 0.526555800983459 0.994897756968134 0.189674223556604 0.561587057509605 0.551856944609197 0.254367695497712 0.576055255304545
0.0287308300810487 0.0132641441662064 0.953962916781359 0.190984261209353 0.990854186173889 0.0233925299961002 0.391978728198319 0.499867326232678 0.0370872613159141 0.352084338136729
0.998602552598031 0.586265888219177 0.999281054708704 0.561076668712863 0.983696237005804 0.147838126568378 0.298920158660744 0.613372138822674 0.156544377068971 0.414994742974732
0.684746548025917 0.971973457811692 0.988271701239715 0.701904919413451 0.999497530658169 0.0837146392408634 0.462518334001243 0.579249552690901 0.190531751677741 0.746464648436714
0.135083211389324 0.404125329011412 0.984414540909677 0.625472731076768 0.987226048747704 0.0570881270374989 0.107746677725164 0.551027908183933 0.173676128164946 0.700362260971985
0.797808667610219 0.00958189103015814 0.926618143722328 0.375422667359324 0.954612408085928 0.0533466618719291 0.265955795302856 0.538791778477133 0.242745091237479 0.484722527055565
0.513063588916337 0.62426721273508 0.99645566489992 0.451315774132828 0.748120004200012 0.0360747847099768 0.121040193677078 0.551186618626533 0.143931891674003 0.637100690173487
0.879797207015178 0.000687881154273077 0.972044428746399 0.200414933504788 0.789534274221686 0.0546527047545265 0.0811130367402886 0.506852545358007 0.022888706389639 0.342582134302043
0.809379025299552 0.190185961213491 0.94930440579632 0.395033794627077 0.987907144540997 0.0240989514142194 0.530056450557401 0.492175490299132 0.0361925051400024 0.465905231026279
0.158351000783652 0.508893453025781 0.997989323949862 0.803685740314372 0.941370173362006 0.424047056865004 0.110243729214336 0.585466032139403 0.336716088453855 0.547205281115228
0.00658461841642488 0.00114453240619036 0.584374556808155 0.113251345858611 0.378488182922426 0.00810725169727007 0.399364310259258 0.472677346691966 0.0088718897356755 0.272883272199828
0.997991143900409 0.020510584160342 0.804765623934437 0.407406996149119 0.701584330343857 0.00365876872937065 0.131538659591243 0.489388536968286 0.0464981563020793 0.337699933419508
