0.876644374214717 0.0528252642217074 0.85605038165172 0.591819175212509 0.996843986733215 0.0718752953759923 0.425957375644341 0.530927081867374 0.165257213454236 0.555248140449138
0.483344280664782 0.020159197051276 0.973190456338213 0.243266923260084 0.291093267578961 0.00298077957653121 0.139582678129701 0.496327621224728 0.0211261654148209 0.310908704449617
0.182698863582695 0.00152554413738323 0.392980502272624 0.178950777939402 0.957933436963528 0.0268381575878116 0.190456540326015 0.479483156690864 0.0230414158272378 0.504826782209895
0.980977094312313 0.952508475802273 0.999854999445421 0.852910996140862 0.998067307363194 0.511304925205145 0.601452326912875 0.606436700726807 0.507205164339835 0.535864043849234
0.997054781450347 0.984721677971923 0.987304015926539 0.839118452064862 0.999301165301354 0.307423407943101 0.366664556672102 0.633505908099326 0.453359120308536 0.827807674518953
0.322534028972561 0.052943442339643 0.813197880964781 0.47028898723966 0.97064004162146 0.0149720890395337 0.26436188277292 0.529174888564398 0.10775579583794 0.44470581487333
0.983205751072709 0.916777880425233 0.993810130476722 0.927656356884718 0.999849391378133 0.840394158521352 0.891473496497739 0.640441556325711 0.641309259517017 0.799925015736879
0.599599825727982 0.112961833103051 0.76884830529036 0.425318693613836 0.909341101289775 0.0208177823295755 0.100418755051235 0.531574941234575 0.0821900489542986 0.531430255054831
0.991848207528652 0.451846634742914 0.997428669367269 0.825374564274842 0.996841508708186 0.12698833172939 0.721642343461143 0.574261215432312 0.0872142441302619 0.677213704088905
0.0414728566670405 0.0188141331539634 0.998879827356058 0.280100258208508 0.977848315679051 0.0044042392773023 0.306248712184212 0.460606985089013 0.0139838797754719 0.406164566727677
0.554982242414576 0.00208705149519746 0.214143798269875 0.35552238316104 0.961884822596056 0.0365887364479527 0.67035092561303 0.518537643395768 0.0516540642950109 0.420897151437652
0.601757133077787 0.200351130917823 0.998965657837586 0.730698623897982 0.99963147592678 0.169067593075669 0.328353078557735 0.5907564712164 0.105497334828113 0.392393411819797
0.0319742000384104 0.00419778616942014 0.455286215520446 0.177445536347557 0.826048962442159 0.0046137168086556 0.452562583441636 0.461195283203892 0.0161737264725186 0.265824668596106
0.106078461830129 0.0867904271110727 0.997854140709056 0.283846239885532 0.820689289685142 0.0499274281905905 0.148606004452842 0.530256547259615 0.13431538243858 0.330117813946998
0.00515206818814445 0.938984907604229 0.988686777973236 0.562245432928369 0.987709453991822 0.0167205011583324 0.0790509399389697 0.501664442161086 0.094914438891268 0.519052781921325
0.386623158801242 0.454456177350632 0.999791914113941 0.286840765110614 0.847311146898757 0.00446868784583376 0.469980438526479 0.492432702009624 0.0317904019114098 0.324180565868076
0.0319236634325 0.0111818117423296 0.749263298742902 0.482866258358138 0.853679882707952 0.0232873487032988 0.0422738730556855 0.466193292268172 0.0796162437916047 0.439232039350048
0.417971439183289 0.111662624120854 0.992823001264156 0.365204272891696 0.996483435543822 0.217619290223562 0.0584493066489835 0.5895384337588 0.282116207452219 0.611629737902416
0.773158478191546 0.147567434733956 0.994466586406594 0.312647220137249 0.862122663578277 0.0177015024721242 0.276886632545159 0.491807606533023 0.0139505050716003 0.300021206153962
0.0772596194676208 0.233930861807062 0.210497394831478 0.56406887399755 0.864765531052325 0.182114855191548 0.477033240530312 0.531799199202326 0.0224586397248738 0.413313635033069
0.99827402080017 0.299085499563685 0.856609386528393 0.559349042542414 0.978256409797642 0.0947049674906047 0.367513112590741 0.557484166981648 0.116120991632178 0.576289910173689
0.499562177894873 0.125194683217655 0.281072097843005 0.609979616292892 0.89909434506715 0.0802171471644573 0.335346870587252 0.524355933146923 0.217724843864355 0.502334913274707
0.784973032353545 0.951270054332345 0.949848596950369 0.586181180798208 0.795391081094878 0.0377908108648051 0.637777345651766 0.591083638511274 0.154033559076141 0.778356113297985
0.185554364848736 0.0155991428432986 0.335860154885594 0.351534189813812 0.83275692172254 0.161550501425632 0.0808669407904667 0.479397714142664 0.0246625089709349 0.300599686715052
0.964971516370301 0.0460305804641051 0.979091725549709 0.22231882678976 0.982591097720647 0.0608575151521317 0.236450863631453 0.517199223309956 0.0664277709018354 0.384361927877603
0.968651247700621 0.634367204244027 0.996727755153533 0.48817374676363 0.988227292957389 0.123142441873921 0.405272003930428 0.522656691075167 0.0354064237848521 0.359797931910746
0.00757825913846975 0.0252366340522626 0.794487374209265 0.315572778684643 0.689283871899214 0.00509038137717394 0.377952202197814 0.508812875868178 0.0651817676017401 0.421324993510353
0.793717836912997 0.0277233956176224 0.275035556242448 0.373234853719665 0.983238862584031 0.136423322007847 0.290338252163661 0.517048466867173 0.0306260754627431 0.298283933913088
0.0548173320756529 0.764921311677951 0.938776800156758 0.76404511693153 0.996916733306082 0.0472773512489779 0.583631627158867 0.577583906781228 0.0938683820942818 0.615023291137501
0.014239314015092 0.0604790912125176 0.991713983973067 0.303820122938774 0.884182509328988 0.00721969500846399 0.0230733525350188 0.517970915248031 0.0728463846277241 0.442269108609073
0.575267057669863 0.00844673085886484 0.481124822258778 0.133320225089728 0.0279957916842767 0.00107710752180944 0.0826336867136482 0.436984537006263 0.00475702147667904 0.223575415780732
0.0141894610601971 0.329434134623046 0.245908065032145 0.224602574676382 0.485925235805563 0.0194869197118891 0.133055633766339 0.476021717689601 0.0209486752803307 0.325441997047586
0.198603737500063 0.0169808734217865 0.0730580965543591 0.209705510222317 0.609428142121397 0.00692619717663702 0.128831927332365 0.465606509408614 0.0144582684469265 0.535978892810204
0.172535004094027 0.975569049668442 0.0619392558596262 0.101785450058777 0.854133565532911 0.0128357002318326 0.00858651706785578 0.434036861423234 0.0242985525142516 0.208916975641011
0.997558263458703 0.826580295778604 0.998903632537103 0.711565655282028 0.999957989177588 0.542281404554778 0.306257418800618 0.608571629514468 0.293077080192636 0.709010458793558
0.410135364711296 0.0506885113311669 0.88703814898506 0.333625358722515 0.991542346463223 0.0242265440577986 0.303144510269262 0.49835063237643 0.0875967890226454 0.504804237780587
0.170916108266978 0.119165099540027 0.987595841465326 0.195035322102489 0.875611909313628 0.110938872513417 0.124926889269426 0.486399878653796 0.11147920479706 0.519063475812562
0.24880191093365 0.627805403043947 0.998167803610689 0.605783631115789 0.997410844418654 0.099456138520461 0.63488291164068 0.579985175188641 0.284910744337286 0.555839928542961
0.0173327675668949 0.956589308502608 0.664390181333523 0.556165160558215 0.992574663419402 0.224555605118191 0.341926508295129 0.567203846033694 0.184669825559123 0.705419923947206
0.0457243279783028 0.369311223142334 0.996253089737708 0.245175973481725 0.94093418011078 0.0614733393342942 0.0546880836335715 0.504347484827736 0.0542009036163264 0.45567178537813
0.0501176506904722 0.413926934102017 0.987923422722064 0.290089641266829 0.9784583824651 0.0259988101024504 0.312474687425952 0.53901862543588 0.0914125373324147 0.271569469979571
0.84054386218621 0.878385779184222 0.879812302129148 0.899056702747975 0.997373164460162 0.408817157444191 0.278496076983918 0.583144539173417 0.123629957578937 0.812721316971686
0.029000676612776 0.00459763044177478 0.271797430276225 0.113802225948399 0.705718210319599 0.0257321106111096 0.017209462462143 0.445843872190308 0.0282542078353956 0.261019213396365
0.82662342844578 0.182232231318112 0.000853520646552635 0.293708021670419 0.979726470748446 0.00536983252351284 0.388228218887914 0.492744945732264 0.0487034046452866 0.360595077014622
0.678060125752543 0.000970748808517968 0.952591167881964 0.462813419504768 0.713873797612676 0.128813065097382 0.581574938275338 0.504724178984678 0.0874914593895072 0.599053668758164
0.989145015925026 0.872022592123979 0.979790529599358 0.526415177511972 0.996995485578474 0.209842122231295 0.233702745171744 0.559133538374192 0.173480929499519 0.656265860464567
0.640641658082904 0.0101934322707684 0.982670311252341 0.59788944391192 0.963106315388654 0.0741191090293379 0.159851035865502 0.537279784589726 0.295696244970525 0.437615489151838
0.849343543512206 0.0126048946233188 0.998047071599833 0.403684997986154 0.770638879513546 0.0627174216622317 0.210564175357302 0.494239739666274 0.0502479729804325 0.375139910291262
0.132494773029172 0.710711083870394 0.999565229101516 0.901960271266563 0.999714653948897 0.180075207539748 0.505629645669272 0.596178748761105 0.391723044943209 0.63082145873833
0.43131660765936 0.0749288432247226 0.996774568267864 0.683807964666803 0.99586675314346 0.392440622753812 0.889913754439496 0.561806463665778 0.176951636643781 0.479914638382123
0.940636182574529 0.412405679900002 0.992620904428457 0.675287855990292 0.999565746755209 0.291117032414416 0.28489600865211 0.570130955529502 0.25224038014608 0.500090290205879
0.864021031320115 0.112638864899397 0.99425583735772 0.66066523661204 0.978691323976716 0.0333094106542788 0.517761776367613 0.562046192904364 0.412877914481432 0.423011654886783
0.066526473122858 0.00136102963537794 0.569042085165687 0.0925673391752724 0.550299859190009 0.0108595423768216 0.114797505812539 0.45773835916991 0.0141809476455479 0.215002310256261
0.540763875593996 0.104197360065597 0.791650258528411 0.313875355199949 0.828399129704013 0.0448933006457159 0.0220366296619209 0.513006616755666 0.0704628520959727 0.545170716459077
0.014569256927975 0.273496024250544 0.950737475125169 0.331804888708995 0.88146277489447 0.0727730202531307 0.0653925828855822 0.520393874069998 0.0220604979770301 0.471192587055177
0.342053126238438 0.87974350263452 0.95183440438282 0.478611755216246 0.783468919124724 0.137377548811246 0.169473750248099 0.550848757447103 0.151164060021846 0.377030342922899
0.955605291646872 0.378465120228846 0.999968611965429 0.732537245756421 0.999596285284468 0.563294218945373 0.486088562553049 0.573345843411999 0.541813323268918 0.595151639379424
0.603633401886036 0.000644663348932576 0.998903518936432 0.464950538738929 0.984830764792708 0.0688780888300667 0.477087161663807 0.546685772692166 0.118274907371716 0.595885690670647
0.0972971406345385 0.309934984909351 0.971806373643411 0.221531216131421 0.962424298988499 0.0197325635253816 0.409513180516806 0.487703637585355 0.0275785716802011 0.263553373911296
0.948293525861452 0.0527883196748814 0.553527591923886 0.480834768592275 0.448237090362539 0.0254808334243286 0.140299745586862 0.524900916962892 0.0427495289996931 0.363720709132706
0.0961462396130834 0.0164017783012479 0.164236189441568 0.198985775383692 0.236156467824345 0.00934456065709822 0.118471081340248 0.449941662101013 0.0457418970037454 0.139871800758578
0.987255103537716 0.736984947372544 0.99700923684054 0.823089318007933 0.999903311571294 0.62889642314207 0.33468147349556 0.604102759106207 0.625280317319687 0.687332563631921
0.660416743013833 0.106918320830516 0.903109560541358 0.212121255329738 0.793884257477196 0.0151371666020297 0.522008972957113 0.507641823848467 0.019303676456495 0.488850086189999
0.0395332584409067 0.0620069740616122 0.946456378014123 0.387724548152859 0.987775265817404 0.04573505733931 0.177861730212259 0.507866799158168 0.0974340736147097 0.36913052679725
0.870019944167353 0.392339282859138 0.984272330388153 0.4591408573779 0.984149804950642 0.0363406273705513 0.758130893087291 0.512995020569941 0.345226112217953 0.412465054005797
0.404984395077592 0.0808397629951959 0.989459283784807 0.596573513344873 0.948645917236274 0.0609384468490375 0.201578607766138 0.582351375252401 0.196642280551356 0.605563008637196
0.250305440297462 0.758585334939127 0.828106793857546 0.28620357625578 0.589063430378083 0.160131061556924 0.227403637780044 0.534587766939604 0.137968022808377 0.524153835673505
0.969790895102001 0.946863605855311 0.978368214312909 0.539271722665469 0.995145187996722 0.111674197306766 0.0855400429430504 0.520832913277686 0.183948914289094 0.532239377464978
0.698957506467315 0.541913114949549 0.735032755703107 0.35544229675059 0.319931545549692 0.048329227107906 0.101009273241368 0.462621006608164 0.0124988646030265 0.425815668470609
0.914106017207053 0.963184457903097 0.773344654931842 0.507817762316174 0.912485825618299 0.0432306080021012 0.246331689584742 0.574612568479429 0.124453185591277 0.390280323610158
0.946606271769061 0.587304852793568 0.997798413742395 0.474171267498783 0.883953229948065 0.0295952675183842 0.42423236402646 0.512765809727242 0.0250416365295839 0.415404073961335
0.819580220072787 0.0734125318407237 0.955826156735746 0.465900372684301 0.983132151091319 0.0334176566803315 0.431332972590221 0.512974786527843 0.14625813065549 0.574130075702398
0.475856352729285 0.303623040737794 0.951634237888885 0.596613943436807 0.991701213090563 0.296583114568441 0.68759326074003 0.562874178687177 0.184829383844531 0.534885774281645
0.000867770913130764 0.0168256181650665 0.549632583054682 0.484937446051447 0.425192165093997 0.0138950823661596 0.06240816181641 0.482661043122404 0.0158013681692255 0.24130886619402
0.90145939374841 0.180042903228084 0.949482295281598 0.677758881076204 0.999929934776948 0.289936709937328 0.444868798558921 0.58501523043466 0.229173382682121 0.649469870887898
0.745999671194741 0.549572282216141 0.532146600246761 0.545493973595384 0.99488698934338 0.0764153589801512 0.698419544221133 0.549093318773732 0.0480256718989584 0.607375247346843
0.16297621513193 0.853712468154671 0.969034486534915 0.640291678452411 0.998419249032562 0.716857439563593 0.35974697570731 0.582255249092265 0.276669464631985 0.635005545038382
0.0684208977623562 0.203104499850801 0.995636922401447 0.414189439304385 0.997179709659331 0.134881340094341 0.0884905105910468 0.577971347193591 0.164230934651485 0.562976436264832
0.990916006129053 0.883092868835228 0.990358938150453 0.76126431399766 0.996852946659199 0.467480748993508 0.241021933737427 0.586577010284528 0.262650578571747 0.583868718294603
0.979230159346584 0.0888442106077769 0.977262366246958 0.849912510280271 0.999953197421816 0.489975942327637 0.6860376691481 0.600429988126166 0.301280594841444 0.590289171692967
0.265322553594287 0.0107363386946014 0.0627574505512219 0.426242727842046 0.471104854535545 0.0284692492526692 0.360118782377819 0.46862519826018 0.0147670840952625 0.434216653432346
0.735602079120227 0.0615079828468117 0.992815313675899 0.411190292977441 0.981037518364063 0.0554535514947606 0.682006042192506 0.492966995329599 0.0997575862474592 0.251849913649512
0.00449179505454401 0.0159523993989434 0.996217010612849 0.176242876236365 0.9858787447612 0.0492955146523142 0.0222432299830284 0.51052256468895 0.0765295365674598 0.445288199875957
0.214346990721247 0.0697877707434191 0.980482229569839 0.590706323984083 0.998503373303681 0.202410754835316 0.369031137997494 0.534520514563479 0.0860937484914845 0.5729315967894
0.400910046966997 0.298527704018809 0.982033971262452 0.142097554658082 0.882874959871002 0.00350438417373719 0.0165159931838041 0.49757616898907 0.0537706640691042 0.301057286542723
0.999766982649646 0.824172386780589 0.998305190314712 0.720711865311482 0.998662406074621 0.614584164464065 0.557381347284426 0.612977764968532 0.560556343050987 0.590004423035639
0.007392438400454 0.00740846377140444 0.829702943127434 0.331370182606784 0.886982285108993 0.0109090059066508 0.250369880420457 0.493587989296853 0.0656460522214327 0.435316437910722
0.999422511320388 0.0942049591417659 0.974740879113435 0.652920962374806 0.993468158909633 0.476166537366596 0.162756626181204 0.585264947201558 0.219293763613165 0.682358943404853
0.0120482430334797 0.00116731072650667 0.973685118026721 0.122086089029962 0.484448270286052 0.00211542437843724 0.00726575389505515 0.455322395093709 0.0317590028749522 0.274326905083519
0.772362460408934 0.0181382315956032 0.996816865434642 0.650579324062355 0.997775556173912 0.404492939470964 0.0846243729930584 0.553689244896832 0.384423159840045 0.45479044510062
0.693332225338577 0.00220911574538725 0.215777221646499 0.0227992116311483 0.642540823698996 0.000309161084710875 0.0334174840558545 0.412005565016715 0.0155072761057644 0.0975378322178251
0.837123552510544 0.00183866575369972 0.944871173484827 0.410870532580165 0.718282270169095 0.0206771645103167 0.0251960552576945 0.480608391832849 0.0316746058044242 0.519752651077363
0.358699435314996 0.920810283150055 0.999549679911694 0.68113343604377 0.99146451210561 0.449113904734517 0.163959135651538 0.579462378602062 0.338870993258894 0.436422674806142
0.358856638672325 0.996310467102532 0.909873662302003 0.660953288308377 0.99426482325479 0.0644151299791273 0.501747882371024 0.553526887010102 0.233189991828228 0.473952565855232
0.0162124449064834 0.963321057013745 0.988686436322566 0.832734187637283 0.996698561773468 0.422424207144703 0.946910925007785 0.584716858263754 0.187065248528719 0.452160364909473
0.987643182589264 0.895362648319348 0.97970963283616 0.546335936584077 0.996175279078881 0.4558334093045 0.567534221667422 0.561379680246802 0.208438489245455 0.694659388101498
0.720030794192422 0.0814053677179537 0.99670874170718 0.640236688494451 0.992307193573017 0.0623846070703679 0.380234461099031 0.559128587338699 0.336092782356594 0.444363338337932
0.644864716515749 0.485148004151677 0.988375687594897 0.757261032615518 0.996479924844161 0.269475597262408 0.856456798310992 0.535701410551004 0.159158526504578 0.437029836399406
0.970358039892512 0.427727931068454 0.556302919046554 0.572146279669465 0.993241402821893 0.17374866092931 0.218147530411934 0.58646775376972 0.116753545909731 0.522150294881811
0.973383976789461 0.486475702058055 0.962040839966461 0.432189684937634 0.929318181707782 0.0888944131562923 0.645188885255255 0.529705491187849 0.135206416223198 0.445489632874258
0.655125391591217 0.0945947193866303 0.939275856366272 0.510379396542656 0.936661451090646 0.0433247380583462 0.208509056045517 0.552332815099064 0.23431005173407 0.603200773044851
0.145727458647398 0.885216827314037 0.872703496504107 0.696772579762609 0.998007471479212 0.187001687355377 0.411618854336122 0.584888798685829 0.0310974404060839 0.636675472414937
0.277322529854684 0.00116017727486231 0.867083613674081 0.399662833134993 0.997746224196987 0.063548636557918 0.0242114662967383 0.480218254251361 0.0313494284003666 0.535552750042425
0.200486534251559 0.00690652944562175 0.142667301624104 0.160291358533783 0.635125808564466 0.00442779800088358 0.402014764368978 0.480945690464396 0.0240340449037124 0.413514149451514
0.92499044116155 9.92978075100354e-05 0.893885466448646 0.158592345193865 0.853411507261701 0.0128492205527846 0.122865100724847 0.479165038214899 0.0223427910843902 0.34125594913577
0.71992034970208 0.502969251822821 0.976022701090911 0.571475887394509 0.977835165993659 0.0731123522438135 0.0612195570704487 0.523048441593862 0.195657031701371 0.310299405988676
0.853612593097441 0.0383633993004264 0.992124273149242 0.567544478957026 0.958557255282826 0.289132582818881 0.463927157380646 0.542315465342926 0.14246032710947 0.640344459535562
0.748516354187295 0.137542140605746 0.910987916721207 0.519984128888347 0.989835174426335 0.254122996279419 0.0551987102788661 0.547542107470615 0.0914670177732312 0.369260157437368
0.570579811640361 0.000649410346879244 0.96979266882119 0.242447786615437 0.456796657421237 0.0383587011284422 0.0531355826749568 0.482887407334603 0.0263918399127459 0.520186384052837
0.207084726603953 0.330165669977521 0.81736700444386 0.204044387987113 0.783408870145738 0.0683011819606182 0.118714108967575 0.525784596133765 0.0394114579891247 0.220465581370022
0.799375245095205 0.032409847337538 0.935382257817401 0.277113881465647 0.764761574126601 0.0269186689473805 0.364133996568529 0.52129797115047 0.100706596307655 0.395195671737869
0.880608848959816 8.31834309130615e-05 0.940276705186996 0.139274546308447 0.51523235982605 0.00122970551328908 0.0568940268284317 0.474436053901299 0.0229647196749574 0.224048769909948
0.889225305133669 0.661712579028402 0.23337520125682 0.361325895943642 0.832093523466751 0.0600769838670376 0.13120367392882 0.529817702135183 0.0720266993024897 0.520235162452525
0.267136204460404 0.578723188531251 0.83093614823177 0.232835182710832 0.868823970959404 0.00521764431863554 0.110829961345172 0.481059969956675 0.0193995405624006 0.397560792412719
0.0120165049886038 0.114748820019474 0.472104136488736 0.483349525924935 0.98315330734797 0.0319737777082475 0.08878780865217 0.519585993758373 0.0980390600758368 0.463713614419369
0.990801119020359 0.103395439280195 0.941898756948027 0.390974265363254 0.727511026030939 0.0142969377887236 0.391542422400249 0.502057143894398 0.0331978640884686 0.283299072781699
0.32209059716334 0.030822353304017 0.989309212074249 0.518184238021766 0.988211584665832 0.0474734613383278 0.131274899914589 0.540687176527369 0.140843618345312 0.62373305493646
0.977287294322316 0.68261439716195 0.999820339854075 0.426654641850863 0.93279550545488 0.0614990154648355 0.441378110457003 0.54877327196459 0.186696730066609 0.562905157023972
0.751611573455014 0.845121878103897 0.955794231677625 0.619737601025048 0.978980009913209 0.0141281169379589 0.561349597699979 0.52113074989597 0.0800076526396891 0.672322425091147
0.742506259333136 0.00907847000605038 0.969891351777863 0.450878166766215 0.939581625769434 0.0829987999371337 0.260023569538554 0.525579068820807 0.084699119767954 0.384622817090824
0.833619157996076 0.00917032982982177 0.945917464972923 0.125772257242715 0.913755259696774 0.00574533041469071 0.0873893381457817 0.447596171545587 0.0148796496036443 0.270559936388503
0.0116087542591419 0.767442070106691 0.955210145472439 0.438118280159202 0.99457496579759 0.0641245867161211 0.503378155342549 0.55476167274159 0.05371954440145 0.572913434047287
0.99320205186102 0.704418775977643 0.840344449031212 0.675764272534125 0.999855263657977 0.172569544356076 0.148704007980963 0.566072399375193 0.212843468410177 0.54924223576082
0.772613970089074 0.877484803524224 0.97953257374839 0.562156588316967 0.988533596649999 0.180559696870751 0.170848103226487 0.551824913089708 0.290577123138264 0.51195106565629
0.284890411841295 0.162216418897772 0.997581393737091 0.539635944134292 0.952874535412684 0.0194409479046505 0.250773223548694 0.494941727502571 0.037933509192682 0.43533737297604
0.571440566128762 0.0742660759306938 0.985965107291408 0.426062915452641 0.996672841059315 0.127497635106019 0.239340513967381 0.553653088374521 0.17181928454347 0.446416580356955
0.332895170773037 0.465500651440769 0.903615979315506 0.530833502477275 0.963395091743122 0.208433667349637 0.669590998478641 0.553227167685896 0.0630301801147969 0.588422209007431
0.0359858141266104 0.00309014418432899 0.00228137377617332 0.0676927837865267 0.409578080091381 0.0025543055991715 0.0914882446098723 0.434698812513015 0.00725818491551069 0.319779441552177
0.00493429468297207 0.0127259314344958 0.999474662344345 0.576734178802359 0.999742427103825 0.0319925430230278 0.472819744859489 0.597227111272651 0.148706939191984 0.420761801183981
0.987898042102406 0.0132277466074643 0.743943717557066 0.167144220148314 0.646612540424187 0.00628208053843087 0.17865296532372 0.474993644413813 0.0288048135736807 0.331941842649967
0.996875990757754 0.928939156246237 0.999211665774381 0.756466069107229 0.999848621587737 0.82341206888887 0.609492662002478 0.62007687442178 0.486474669952079 0.645843974850506
0.443445314680458 0.841743387604722 0.246932087330913 0.780790705237124 0.999932205470574 0.669618569943681 0.236451200469434 0.654321896830479 0.472396777551852 0.771109279435648
0.0585138672200785 0.0825224411403771 0.820136943456968 0.638849458470027 0.926119080948908 0.0234158695630183 0.368306785816809 0.552752527039451 0.119499869100874 0.560686904864287
0.86265007789948 0.484764356466817 0.988981963585005 0.669181559880273 0.998478031615562 0.497822593396709 0.746887464424475 0.577772558859898 0.45092550423609 0.676299744173618
0.494092684196763 0.173157382269999 0.995831285821728 0.372822283554585 0.946157694152822 0.106419270528558 0.0415500593100629 0.48702300676192 0.0896487931334324 0.487659737407631
0.419125767045313 0.999639956106725 0.996629558667535 0.833301464345701 0.997698857637953 0.552800835355229 0.28676880587505 0.617541114331399 0.376610138011816 0.521170816456811
0.00430529906173108 0.155047935706017 0.337691913597179 0.0996183156580947 0.132199317195892 0.000962249182523832 0.199694852095916 0.452613414190937 0.0162633542888015 0.227289552829128
0.175173109134008 0.0760198436685827 0.209135420468181 0.521911066892832 0.536591788516482 0.0199872643738995 0.15967254702685 0.494716910511855 0.0237940378509102 0.261808982032743
0.996219785681474 0.402511315088168 0.999959086234028 0.825489812033825 0.997853753806148 0.417399539430287 0.960913693209911 0.623168234913938 0.229678964057249 0.730789514692073
0.615256319191788 0.0405978836329919 0.99180895973805 0.0912208073341983 0.869599963460818 0.0224471336578021 0.297607096326645 0.487233224046524 0.0243032715166054 0.355764824066686
0.455757963148305 0.106386426092797 0.990303271233879 0.553990533261267 0.989877624814137 0.359136824797417 0.434838413997255 0.567820181828253 0.311998749341062 0.502640417368497
0.356043868023977 0.00467730600810744 0.943593808648052 0.544825235024246 0.942947200964104 0.0667146488026593 0.768749710163749 0.533544765256522 0.0514087519075426 0.276142278202042
0.599306531254146 0.827825357481447 0.996170247689746 0.548955033850649 0.967738807005656 0.157053549209024 0.68016179074591 0.566868458966219 0.283743162569169 0.426327914577828
0.0429430159670221 0.0118974695375789 0.166244705103494 0.374317893398061 0.961764634802654 0.0306812036285274 0.222539222360531 0.480096648449001 0.0445459369447465 0.362985018034197
0.259160357315131 0.714160912940313 0.942374468024866 0.707243545796893 0.998316216235196 0.393005879087143 0.0583773850486467 0.545601058374464 0.228069226601898 0.689639883263245
0.992237395159353 0.185883742493642 0.996434890924307 0.727636716412694 0.999684901860734 0.164756686856685 0.745770384267409 0.59252260124652 0.263764184646644 0.677733096293065
0.455232385570889 0.0491443139445959 0.999450838376527 0.511247538805705 0.710216403350368 0.0900771716126527 0.0590719599430045 0.542127734428976 0.0556939157213891 0.339309635309121
0.715361554122829 0.00661295513120563 0.681267866511371 0.441852138960005 0.996165425720896 0.156769725814647 0.310124870011693 0.538285828551606 0.0459155343803712 0.39280031792924
0.616269937002192 0.985462064974131 0.929238558220555 0.487000106581403 0.981559596788656 0.187986206379744 0.121964427188329 0.584391260010354 0.176329516050507 0.346062519817598
0.0344182742815945 0.000219224526597023 0.0241235569199682 0.156625746392342 0.522188771169047 0.000912653057025128 0.0578352757557943 0.448345254522392 0.011882207037423 0.372082132938689
0.960386911863001 0.336184765508894 0.69399889455871 0.294714975584211 0.982315486195976 0.0332804262486296 0.0497655458286408 0.514267946825618 0.154399130531507 0.360126555022298
0.482178585548833 0.248192246375146 0.999069588377681 0.639671246974051 0.989111148191452 0.256849043262135 0.113078456598817 0.526221672262671 0.225227741102116 0.570284708695287
0.385341276894541 0.00629019071678369 0.870770380908101 0.39408825927542 0.904118046312736 0.033582022863098 0.102648446817969 0.488942070468435 0.0774128690403217 0.433765438131442
0.547920351929313 0.957220766573964 0.999866594498206 0.583828910277167 0.962482773861496 0.145478660668886 0.436038518598046 0.565896880250396 0.10552394488957 0.64104108135847
0.247790112882537 0.00173621731472797 0.999783380238873 0.592450334206777 0.992959426914943 0.244198078889143 0.367510389047404 0.557701594779362 0.161932465607263 0.323863900573312
0.244663332167915 0.0255712044102717 0.935150704447703 0.214845390290609 0.159987486807753 0.0212121409321435 0.0484518703860742 0.460538003680953 0.0277415255925217 0.406192185037977
0.979759418163909 0.743366440360864 0.999692987784156 0.846873649957082 0.987881919476891 0.144130699367444 0.595913346115885 0.583540307786677 0.434034008940305 0.551824324122555
0.88413175757629 0.720479037512016 0.428563143301834 0.432153742879182 0.910002209868771 0.00789238803176143 0.0617474407279157 0.513590457203896 0.0465204721829293 0.348706983441341
0.474292655045491 0.570371322213314 0.451782433255668 0.422133989648607 0.80201645770444 0.0485934839089593 0.176438545541573 0.542911281791764 0.0970382914805642 0.663502390311937
0.381643155801456 0.122040953320017 0.813217803397524 0.442002327718901 0.933058253385521 0.00323293799007057 0.230331795613095 0.498909234467476 0.0343172551607633 0.292901328586494
0.59584363629671 0.942402276968053 0.993560121219756 0.539046368023036 0.997938951202279 0.222609869935904 0.102528552724051 0.573475863287812 0.155985481266319 0.448230619371606
0.936125880511122 0.0423597890929659 0.893268612330408 0.630248338110742 0.989365614717468 0.229891331581477 0.257941538219867 0.544939504197879 0.169681411225679 0.529816953471277
0.905303732707312 0.103196726065004 0.853767887100317 0.222069168115552 0.909970412387831 0.0031587391174937 0.114517100253499 0.531200353722168 0.0365413872507238 0.285192660487406
0.727308965002041 0.0121462035466477 0.820375833706436 0.456890247040195 0.977037417412326 0.0165707472251628 0.297971334189522 0.504216506075314 0.0424002187985799 0.632059442848331
0.147806125252236 0.00222676294652799 0.992481032071716 0.555864789336044 0.976607033806665 0.0419786733972702 0.2857105547795 0.52954839077835 0.0971974689404896 0.437656950684652
0.519475167748864 0.253186626649867 0.995142068061628 0.369741178352659 0.98716488089775 0.15333309095947 0.0100535045901 0.51122371496966 0.101073585656704 0.63264018682841
0.107144708539408 0.753161741335267 0.989622186849052 0.453619622899187 0.992375716540184 0.0720701251664084 0.282504866750576 0.5328824784865 0.0674558081031438 0.501861259275921
0.925166189085355 0.85543556521283 0.997770378406109 0.868767208403063 0.999738488917338 0.565504518762171 0.895007495061882 0.631390444135381 0.82333172910013 0.897594300217935
0.991614619412287 0.946550126898353 0.912978038859481 0.624544419594477 0.95904220392991 0.0250538826872278 0.143738715283782 0.562764273813786 0.078702465235192 0.478574544213836
0.169148698578553 0.143378510314218 0.986715427046888 0.24587852539321 0.975779917063393 0.059378713063385 0.763277677737462 0.490541963881607 0.0310487211637433 0.482826298235875
0.987593464977787 0.337709298276847 0.999663146738558 0.49753667081856 0.99333778491351 0.0148602297580642 0.39002046031385 0.519730242368629 0.0824933465537435 0.522796594808729
0.865601089800235 0.999736006392095 0.856548338030304 0.825838601332229 0.99924324621019 0.480405186190495 0.807096053496572 0.634514876551828 0.365802551030413 0.740498711757788
0.985261383991268 0.0707170535055538 0.999960866209169 0.641351388341047 0.976910783930326 0.294321973775185 0.812416808216392 0.586657546211651 0.233538640058365 0.58541671144154
0.86317096990537 0.851652973895896 0.876848449080714 0.380452250474574 0.90860171094615 0.063381582772966 0.0990166310728322 0.52020942397558 0.153312010051036 0.553869482132588
0.718680630248438 0.886260890706238 0.98894555602787 0.723634856931791 0.997125832675628 0.40877969755984 0.553835398532164 0.618862671011748 0.283471298541886 0.798294796720586
0.69625841964732 0.150660195454512 0.917263506149828 0.40902364747088 0.991990840255848 0.0153799859497521 0.163646838409041 0.53842753088316 0.0123584813415689 0.372238144693701
0.925649966520216 0.896623086860276 0.997359266207577 0.794775177514812 0.999763932048003 0.0752685936037387 0.772269850719236 0.592199125053329 0.348230385071287 0.496080838783732
0.783813929973195 0.975207143707036 0.999869097540716 0.739626681844953 0.998801581710397 0.193943488241386 0.418800653179425 0.589917868961894 0.492401804974102 0.600349900605114
0.00536460752957591 0.0035694241049414 0.565101107720735 0.0363772997098491 0.140093307843819 0.000455708724115713 0.0296184891627066 0.397578769912888 0.00646906635627449 0.189624454940155
0.00316093611113584 0.0824449632227458 0.960746697795421 0.113681090169485 0.572105510072568 0.00102317305242587 0.0482853761639326 0.427129836903073 0.0110117914781773 0.130827188966428
0.859762618673333 0.00185392751545209 0.913254564826421 0.181685099966915 0.440464117882593 0.0075815508037325 0.158792920618503 0.459945905964176 0.0140703182353275 0.369557405597543
0.134904138551923 0.467674599159233 0.637424651841341 0.544833778369545 0.999178932239998 0.112639537706634 0.115698397480926 0.577466447185192 0.568646912985354 0.633380250856633
0.0203435324806373 0.853278029638606 0.998894565088889 0.603351408147541 0.84244548423946 0.212925362997061 0.491918808919073 0.575867389987655 0.195905857821061 0.40970235516056
0.227116460460821 0.00448415163755735 0.757236230007996 0.238230784775924 0.775005340131681 0.00373480804768794 0.0291929307397875 0.483441329442747 0.0423815414026721 0.187590242863389
0.557585558323623 0.624479688893969 0.999725019340975 0.655914586392298 0.997051341893345 0.531179570972924 0.637130954452945 0.581409871793083 0.43768803480188 0.576620810239549
0.41210995335779 0.97838762069546 0.999978759946031 0.647838507354636 0.988097558332743 0.387082382674889 0.28536339148053 0.555228885714068 0.329240769588028 0.808880523772334
0.477347199537539 0.671431550075935 0.931218128511136 0.617280527533476 0.938879872652437 0.0340530944838063 0.0715732055390783 0.574171841442598 0.0827453564815991 0.411815418778066
0.242672537896538 0.150333613020196 0.999288518630801 0.640444124253273 0.998230111869426 0.0656975034259675 0.0316826960062856 0.577018057728205 0.201119849375317 0.524002053610026
0.870360586865617 0.0534207118307448 0.764844121556973 0.399570276822366 0.91583515991878 0.0487739214831821 0.0168020661192076 0.465680549428458 0.0381509610538768 0.36410660450335
0.966402271287505 0.198502172591095 0.265665428470065 0.786382349927858 0.993366228910878 0.39814866589214 0.167858966398138 0.583964275734149 0.0521426426862391 0.616885699815445
0.000775457383566647 0.260310364840651 0.474518750507018 0.212038370143657 0.85871570252394 0.0027260654787353 0.148252614787572 0.456004503562795 0.0201086419474934 0.28847926684458
0.049073059833922 0.08336146534792 0.843652996874628 0.289189085183815 0.98586182860744 0.0951839175603215 0.0066345323391814 0.52533790741304 0.0398132317567314 0.583298514052689
0.787924640706635 0.133793860004251 0.862562789540789 0.755515891749759 0.999584090180358 0.194829205995451 0.85568710736332 0.591407350832628 0.392896317940341 0.389674001399833
0.995534123194046 0.00627541682170071 0.999390798613284 0.438506768433995 0.966577242179019 0.0289942455251536 0.157104020125899 0.535035591069657 0.0999476263565974 0.317024398386587
0.79411667811188 0.167518088530441 0.808254619785631 0.323782962968257 0.846778250338682 0.0615119072022198 0.0609743359467128 0.498556343720442 0.0358193794199179 0.402136827376866
0.210238815128489 0.00341780410820943 0.792119622545981 0.311275704912919 0.883601972645217 0.0131912928671291 0.0102992338385024 0.474826319588725 0.0347256949568801 0.30455334155409
0.997353869358794 0.430248831347632 0.989261634133945 0.550096431924155 0.93785463878161 0.199429433773358 0.148602508059396 0.522953282730964 0.167980095621842 0.627070914639848
0.0495868622643889 0.0548812791928691 0.911572040301045 0.117705174576194 0.253989160432052 0.00515606537580131 0.00889755446513803 0.445088492350744 0.00539126439032699 0.112171122664571
0.929336837933052 0.0530220201974775 0.999613555254578 0.466450619081379 0.981027488467985 0.230141722637509 0.452595545505354 0.569941286701123 0.108508005616091 0.479097830981295
0.661794614146311 0.404272968510117 0.918480284573902 0.548960858308366 0.999491001660342 0.0796265826622629 0.758448285479403 0.546749279048367 0.105815975896845 0.337233306334705
0.0761234033484663 0.0438468219968463 0.879892107225312 0.485310414826023 0.866045939381896 0.0513182924933179 0.435811918438536 0.523568969879287 0.0355120395429669 0.439756441266596
0.364409422972938 0.0247369001130708 0.995654064842669 0.73830201303532 0.999353861088634 0.0390876577516147 0.137990483041841 0.566676672832014 0.186111617860561 0.578815634354048
0.450567252099076 0.979484852662902 0.93336852269616 0.837025325144291 0.999983413715655 0.360577654516837 0.714138808368665 0.576108419109347 0.268981349088096 0.593888559609951
0.138438942608413 0.62785400803479 0.972515110778462 0.729781822855409 0.993879427449584 0.0100500152070131 0.208874503458406 0.529573715621977 0.0562776690640169 0.626228355740706
0.837874072745817 0.0914116718107057 0.843390837079464 0.52836463133681 0.984107054400862 0.0878724405495304 0.488497026031674 0.510168156797066 0.0703456737958599 0.523680889162464
0.211372227338726 0.00217375474448379 0.465324932381305 0.366905148759723 0.936293814422286 0.00451545144661626 0.389761267512809 0.483602569037037 0.063996375161901 0.32041650591785
0.21036772883071 0.135155748609598 0.997473535864407 0.505980068832276 0.982431556280634 0.282881156663398 0.201209509459011 0.528783319401523 0.129594958253265 0.470497316813651
0.0101897233401248 0.00409707994874183 0.492309293741648 0.417875847833664 0.998061287399506 0.01385268216256 0.00496877405455115 0.464184154338356 0.0459167908890393 0.370223717811422
0.795293272235392 0.757172106536699 0.976681519536179 0.424592308431372 0.98848247624131 0.0280852793638256 0.522451785014109 0.500946139955745 0.0187810494734023 0.505899470447159
0.891555005288519 0.228405837991684 0.646609308284748 0.295401789757064 0.490788214429202 0.00942911170300441 0.252365236336149 0.48010694949832 0.017909814360756 0.338505975539214
0.869137818289803 0.0730576416091581 0.986042607811567 0.417186836480718 0.980719588011942 0.0485230238956266 0.297666428421424 0.496377495524247 0.110771223966112 0.678191047608164
0.196254134290727 0.963674202861556 0.751449953735447 0.450104229291331 0.976143299115915 0.00615767472560268 0.487275880096632 0.508141187975183 0.0636883472921208 0.3448554027526
0.811067525131902 0.266933871134692 0.992869159291402 0.736361907152866 0.994764476322609 0.473972083198376 0.411305202235878 0.586379675653043 0.206551983288784 0.575785988496477
0.00142434745516364 0.000359145508756558 0.614561504846752 0.190553197634481 0.581550726585666 0.0100509363113538 0.136835509986755 0.473042595214794 0.0136664064454558 0.39932391410669
0.43994468754268 0.112514071296094 0.944097704087939 0.551565781017536 0.977431599727912 0.018819264343601 0.421207236484596 0.52204450861048 0.132367798431731 0.592590726111584
0.110217335810229 0.0587884934696286 0.919619859980239 0.368040042635915 0.948839869439886 0.0738698491064106 0.862883767263326 0.537180774234191 0.0696306237974485 0.491857050030733
0.949215633608503 0.895385588568681 0.265235567069127 0.513925572844514 0.97320979915862 0.143760551220958 0.156256698358836 0.563928867264477 0.0394107396764287 0.530898121778424
0.183566077203494 0.014876119815338 0.742999198578563 0.173043096767324 0.9452245970422 0.00148054196262904 0.0828986299807459 0.476356802875135 0.0712318493987722 0.195896099970825
0.423469378005438 0.0262139334990722 0.904493353019046 0.203070126763135 0.993111647451009 0.0208130643471049 0.326725062686195 0.498899830739999 0.12161094310467 0.389517017531278
0.304353841879245 0.219791676537088 0.996232754660859 0.503248674746844 0.955655347643055 0.112903792822453 0.065899196771855 0.548978452636924 0.0882954399821127 0.573258344477965
0.0426828040209373 0.211500448818659 0.99755542454573 0.542165411350301 0.781316001945225 0.0808454325897546 0.23875840684336 0.542373698747711 0.0688248854759094 0.471732231320706
0.000773750580259519 0.00749102737401478 0.470715711894909 0.178309550318027 0.872020868836606 0.00720113579543107 0.0264762311656076 0.46657368263349 0.0119123296733176 0.223129278827679
0.899100001527185 0.183885467154812 0.373485771390384 0.329529571164627 0.787120742726541 0.0173384781336929 0.0797946607575675 0.51118026361431 0.0697248443488172 0.191437039079834
0.450637893771171 0.526792575432999 0.0475087647668761 0.330593047088843 0.928417746039916 0.0444752544457013 0.0737828107401878 0.49656846587106 0.100301083515119 0.262815267722708
0.443725822947473 0.542941744371308 0.993583471813759 0.338996162031648 0.999115287758391 0.0684605184853473 0.196371578740741 0.543903087882305 0.192411061293766 0.537978437707808
0.0113158011542598 0.216251108422104 0.173686343499663 0.493462314056812 0.992647049424074 0.123189541305326 0.301402821202088 0.552127534891805 0.0440766300829845 0.206174456757882
0.660752167014104 0.0389640931489803 0.83794801313505 0.467443405544072 0.994185551620138 0.071082621400607 0.688807636656393 0.533738704068778 0.0561443119448704 0.248916224784935
0.950289026487935 0.162016399021478 0.996472610295444 0.682340601285439 0.999882801514102 0.180464167543279 0.259417868469746 0.586456309928845 0.301061227861743 0.642353333240663
0.14309164395035 0.0137483779088464 0.144175028154425 0.178536070196366 0.859928044568857 0.0110441819300401 0.641169177096638 0.471268926689987 0.058353105875502 0.486600093648873
0.6476124011249 0.94543633433683 0.927092523595815 0.760815427727587 0.996351216258728 0.560503812886517 0.269293577218154 0.560787441668877 0.291850870099254 0.514165946818541
0.427210518393222 0.714101597132531 0.98064162901672 0.582766516653899 0.927627938074316 0.158596508893267 0.347327016436726 0.54226607210891 0.125696654832353 0.487553721995133
0.888046230918053 0.0751584718355252 0.873227349066351 0.571404222535756 0.998691453328717 0.1948278210667 0.0476182675527859 0.536861006493389 0.0455578658782936 0.55633136856123
0.197551684188834 0.165873743518214 0.94557799662074 0.602976543725691 0.809601988962155 0.117930228381802 0.819257143440879 0.517147274714819 0.302113521550068 0.596210437773487
0.0455705252320801 0.117239994370479 0.918825796026032 0.665877743559424 0.997469864528142 0.429316110911825 0.826378378262936 0.56393260536346 0.22272265047239 0.676551389289846
0.00290363353952989 0.0128183063484689 0.705538492919029 0.154839666241382 0.981013191628612 0.0239194496442548 0.186028621769519 0.486972189817961 0.0486673555758988 0.384084704222771
0.97807776283294 0.00768130144791615 0.906027898859375 0.35626105010126 0.84599483415991 0.0307299031933559 0.33057091387935 0.511301809465605 0.0167267966414643 0.415200669935546
0.958411519122718 0.503473708137368 0.989796814494442 0.622720232833122 0.942203999082859 0.0162846469763565 0.425186320139055 0.532561910253814 0.192805188277255 0.746626947496756
0.327917892326434 0.672602540853812 0.935254791028469 0.627013253354111 0.981238800862235 0.122389979494426 0.329104929693924 0.585440367639636 0.262997731680593 0.350148662315489
0.987650808812579 0.153236161412202 0.898210188842967 0.390258135439597 0.998413836069864 0.113486456370576 0.484044763205947 0.563840992229913 0.22538423659228 0.610658041946829
0.38596937568331 0.182419299873479 0.990854371640862 0.671051216900448 0.981777491478484 0.0253906452171087 0.156343193847995 0.56562683309123 0.266618016433619 0.64899777945216
0.927965699528868 0.0786576280332544 0.846578254763541 0.425022730782396 0.989557991301949 0.115447047083057 0.541880358686497 0.510644671381885 0.13801186152564 0.499790600224229
0.647115660834905 0.165938181159058 0.989273273188209 0.488009798913933 0.798521126991763 0.0419443905765365 0.330587592513576 0.500315279361219 0.0565909204874917 0.262818927507626
0.783657532336425 0.000995082848214068 0.83902132665345 0.29727821292022 0.926643876947196 0.00885955944931736 0.0670125667282671 0.495320926929714 0.0478522991359869 0.394636589152743
0.175892196112111 0.474427429758484 0.819913779282711 0.269069297468115 0.924816487830475 0.0720604169260126 0.642398852864563 0.52435647801538 0.120724004358589 0.434923986666348
0.761822344728407 0.605919965023034 0.96319226532025 0.202775321371707 0.91989375988865 0.0315364077716009 0.842568270958502 0.509967170615802 0.0331406132062071 0.658196738392148
0.846042187793988 0.0676807660752365 0.99903882499308 0.528124703244533 0.994405009907687 0.0126067074476656 0.744465154087747 0.509155153381223 0.0324553938068251 0.36044766853289
0.742129868981465 0.00689260838359484 0.513770242949994 0.22258654891897 0.861466514230332 0.03099174596208 0.243138397076529 0.474011971411863 0.0349331098474456 0.393588768434313
0.834012153223015 0.73067461242445 0.974707413798905 0.695112833792417 0.983652077427263 0.285140505326345 0.10667169863176 0.552637499558553 0.276868329068731 0.654133772073419
0.103143780244519 0.306937907370692 0.805770275864679 0.275817728267855 0.923564501347239 0.0173453963226229 0.339548335998837 0.487882604920523 0.0368505388919004 0.200393346104931
0.187169844139072 0.675862775870835 0.976821716658606 0.447561722966165 0.719172926790033 0.0590170588621296 0.0335035909388138 0.501703894024068 0.0366656749779772 0.325397843236916
0.994188486629897 0.187317043454343 0.998976467836219 0.299166888386598 0.795935632317505 0.0985466012862903 0.335098963819541 0.51396941711589 0.0860524206098509 0.401374127290145
0.939970333548054 0.122352189142897 0.869305594236456 0.661561939560234 0.88599690049183 0.159215636522096 0.779717849688978 0.550038974826597 0.206633503110984 0.664853948538944
0.254092191175762 0.491477295537044 0.437586440476044 0.379690240829392 0.118873045792927 0.0144475874424602 0.244557145806617 0.487305331843797 0.023281459398486 0.256676421364966
0.0263284339501877 0.0789598675186152 0.953826242774903 0.255300243016512 0.858636321999459 0.101545690426498 0.495503773416092 0.53028717975898 0.117590990357526 0.416018248310753
0.013490711127041 0.0100774992178844 0.743995251336321 0.433331605676005 0.928731014922593 0.0830113826351602 0.235278989516835 0.553387829803855 0.195280745095569 0.400566708524681
0.99472520788914 0.809350961493502 0.999890530512403 0.80321272875276 0.998284058894791 0.878258309385531 0.161004367907318 0.655604000741403 0.469507157044657 0.879296426490139
0.25225062417386 0.920467215035619 0.99949861299184 0.809974508287902 0.99632850597202 0.209038456759559 0.869556504847079 0.608445364390582 0.728922996447246 0.801360801491209
0.115552441367041 0.0987993010362665 0.877919412451135 0.262676595427593 0.982456668264096 0.0475846138511796 0.0492928899011933 0.472890387372539 0.0793989771653086 0.379964898518155
0.27573022460815 0.630718880007579 0.977495464541441 0.546287770821305 0.823857044759865 0.0620749104956776 0.0785772085972533 0.520888471223401 0.0309404097807874 0.413448475885122
0.0464889233008629 0.00679612697118721 0.855957238475326 0.277491767200664 0.747882887174877 0.0103667775679395 0.125403820613811 0.491740097692574 0.0125534446316026 0.422287279467685
0.02297280338395 0.330061283725527 0.94265649590877 0.772337995539312 0.995878943538824 0.22480796741334 0.120816788590642 0.540523680597297 0.120407091325561 0.506410110724748
0.156002083656802 0.396108326238146 0.935502266699558 0.523697361930255 0.507744175571501 0.0176073035079156 0.208246789394513 0.518988190532739 0.0542075927237038 0.388016574350954
0.0969239501522995 0.0253817236552544 0.464857606190339 0.31705263870929 0.804457178512422 0.0386855997019386 0.0947130021849573 0.464475931292253 0.00825130018605225 0.381093007054283
0.115970908773342 0.0144906784497125 0.812467508660476 0.3134209421153 0.994242620057562 0.0395265692791098 0.0988145106595411 0.509120624540216 0.0570289192990875 0.243673007596288
0.471540502374681 0.0112163824351208 0.78659777645134 0.481004531646152 0.967137224565781 0.0776206592676577 0.294481235477563 0.520705038752565 0.101194276647584 0.510635536421918
0.982261401933966 0.669436502024241 0.999587007161273 0.79867946642757 0.992848432462666 0.0637664889527877 0.282792865209807 0.578586920872771 0.577393682583445 0.585218465512039
0.115689906110561 0.0653163348128423 0.929480750065188 0.469213684969519 0.776131828037506 0.0148697871885363 0.224149270189694 0.502581930300746 0.0363937724738123 0.319402191652279
0.00251780678136344 0.168138006598682 0.99072164092183 0.524989699247491 0.653561870487784 0.0355118684864365 0.362987365417858 0.569185000251608 0.0318849392333795 0.487357930446793
0.575713157136542 0.13708818572287 0.987437225980189 0.812751020878239 0.983846596901172 0.110057941649769 0.718164021428456 0.580835415452169 0.0500160645210681 0.552316079707647
0.6506210011455 0.867363007013561 0.710694955685902 0.663409203515454 0.999394262055687 0.393152241240115 0.366978879250031 0.561079895776156 0.260421979162312 0.517403237166844
0.792921757571411 0.864013256755463 0.999735318647187 0.650219054597309 0.995426291780238 0.225381865462175 0.633047688489962 0.613564959093753 0.222955965650766 0.554271642400467
0.041751391609717 0.0013089146304107 0.928511130274318 0.565404018186188 0.996045598755495 0.0298081460916655 0.31543866246912 0.535870851470797 0.191389817944769 0.386368876582825
0.853826201595784 0.0181953789668714 0.892506957611967 0.680055163297229 0.993005779495708 0.0545535376621851 0.195931539725134 0.491957756707024 0.27084439985929 0.641781663389188
0.998751000644252 0.923974925890562 0.83929032914739 0.683122027835246 0.994647464952344 0.0712948998798354 0.256304392427834 0.540704502645209 0.181226009570125 0.602206315727684
0.00242773298310638 0.149526383698803 0.868097156441778 0.20514402549107 0.898018861575942 0.0279695218826994 0.134510363494898 0.465591111246923 0.00928541892438791 0.287981889170238
0.998759171918643 0.749946929707661 0.82371100560073 0.642196595401999 0.999025903224239 0.455654960464341 0.658083180752898 0.551807621799514 0.228510467541596 0.658593170022683
0.940526141066868 0.0189283563900366 0.906409078016428 0.282572363784416 0.584745326999695 0.00403027120414687 0.120613270954341 0.445638763856838 0.0215251209367478 0.371149149682417
0.087427091373519 0.0915489576448252 0.998648662742397 0.48003661238744 0.895382827025157 0.0954881173633966 0.127122521801265 0.574533532111651 0.182811651335134 0.456296167372562
0.537794425632409 0.237022200829929 0.998183602604194 0.845610973190295 0.988457241074914 0.517958304663696 0.302949835374324 0.592290598796249 0.504906811866633 0.785330927750474
0.0907117682061529 0.087042971670858 0.998721238479919 0.453903903371176 0.998386613597355 0.0271880286496343 0.289484076064469 0.568751737705717 0.179107106801268 0.546776078352077
0.821874171594285 0.757998482702313 0.999984378398999 0.722705651362929 0.920253379790626 0.180565274509146 0.139315352467724 0.578637814664968 0.264306880140124 0.515948348330158
0.981385352987977 0.00965508325831857 0.970291082214702 0.435226190329483 0.998249858117521 0.33434238051529 0.168949459562414 0.582661749147336 0.200917856108909 0.634185756692589
0.326807719950129 0.949220653541662 0.931803229968825 0.796646235633916 0.999976070629769 0.186673080869781 0.578048668171547 0.575410468365103 0.472083971759334 0.528908842177773
0.525375366242543 0.369525249446256 0.974940360868872 0.564316864412147 0.997343139650997 0.101597780225393 0.633771204791394 0.545767038850985 0.11257045133919 0.405112253735909
0.361340007720571 0.194156401575546 0.994924394624815 0.412972786886078 0.939166902846563 0.0632589809310047 0.143438469859913 0.488284749780825 0.0291501051732482 0.438276743345017
0.781425868609962 0.946051404443991 0.912019803187261 0.371327120167738 0.984383638492649 0.118356619059328 0.155232771365725 0.500098243258907 0.0786841879241321 0.445019486594023
0.00578480724663953 0.276983815594454 0.904957457540861 0.0561418363571009 0.960337160313237 0.0281366016252539 0.145238080229814 0.47061461301794 0.0156757888046966 0.225681683823868
0.0453369252491634 0.834173303851448 0.99784342340024 0.596908766885385 0.998042496944154 0.140095971277075 0.54227430376327 0.530417614621322 0.0791584767970812 0.5708854458384
0.689939710044846 0.575966367053534 0.999732860109197 0.78653509197614 0.99095823805191 0.612555648335449 0.592247347855128 0.598050879569883 0.648854847388675 0.809047708989141
0.174173680927191 0.100994254426959 0.985574880322631 0.256400169993442 0.189553685323014 0.00471528634306892 0.851787868449461 0.504723643805558 0.0362198079025823 0.438046857156146
0.419971699927006 0.965599473822146 0.99675996186664 0.808166273250733 0.998760258353495 0.379316462408568 0.895328337807723 0.58897513055547 0.468373587174068 0.477068465471695
0.728410007262478 0.914767857540002 0.991530621172309 0.509625520585487 0.943535556711052 0.258445996919887 0.156236411040322 0.560491747471779 0.319016269791671 0.591516585066418
0.815181255158671 0.100033464670392 0.878557296143473 0.401713773849875 0.95348742991257 0.103787871581676 0.260985493776662 0.495418260139442 0.056988496495395 0.221259791416267
0.49953850055115 0.154881675134959 0.9893431486056 0.626930770010124 0.99694631765826 0.246140196134365 0.282964219729308 0.531996105973654 0.161590369844743 0.303366376904972
0.987256610730578 0.990397668247365 0.996482266404217 0.908546492728748 0.999843276366064 0.537012944314817 0.95642845373731 0.642239407466796 0.705154714401591 0.82878570116281
0.995222289882426 0.399187304311275 0.978566182048327 0.77955529474832 0.999959205193639 0.205341028581225 0.643790618337738 0.604558653624122 0.584653758252751 0.723689243741308
0.524305763742793 0.184964647393832 0.0199703101305454 0.282370102768979 0.864915604453815 0.0394273323610467 0.0111311222073914 0.483965309100271 0.0124631686613075 0.589716429248255
0.00716017731277227 0.114367095666132 0.807555005497736 0.382613144147059 0.896511628685208 0.0209540471407951 0.324466370513189 0.531795182505459 0.0546780354403324 0.396265907671792
0.468234178195743 0.00183427994068533 0.546140084732109 0.3696777014992 0.276955402776536 0.00244785381683707 0.193744139783041 0.512695785418385 0.0469593567228679 0.214037159356379
0.0452635896048448 0.00992306541221925 0.692840779061195 0.0729461256367968 0.102993264988628 0.0037739076427765 0.0209661234993932 0.440157938524574 0.0132234549265195 0.263446093925247
0.110201863398147 0.84027939577913 0.739831273505998 0.456623994649493 0.95613196613608 0.108395792246096 0.236008852187454 0.556009982361128 0.151362423674947 0.453011963607652
0.574821255838361 0.0586887361392121 0.996890950795464 0.401266767995474 0.860599315756181 0.0273294191866645 0.542389540933402 0.483000256300823 0.128566321708245 0.329579907995531
0.117492362204667 0.932339399266285 0.888950470203699 0.526526123591926 0.978949855689693 0.62536394346692 0.339291964998848 0.521507357034295 0.158050710318814 0.503011142405313
0.939724136873461 0.0454758725333644 0.971603530071295 0.565759852201888 0.998406003508432 0.361096200854542 0.37871585308909 0.539747662054444 0.132482593942794 0.645812372893677
0.151302933683969 0.812454975399086 0.963028759582705 0.615972000675188 0.988117278821229 0.204762341716802 0.481714391696281 0.54145844586206 0.178828349051521 0.427823245809115
0.591391749294993 0.00345559451242136 0.723324565749001 0.258681509648504 0.770759422417898 0.00764332723310392 0.474568715335254 0.466832860063254 0.0211649785474746 0.427620771695556
0.21070549719271 0.00102836599053016 0.988419616971028 0.321310337678851 0.972957683758068 0.0403548586362952 0.765401283853013 0.549390005420975 0.0505218415865157 0.290456536066687
0.862183964116269 0.228726984135154 0.931492038060573 0.293666385880862 0.994583968233056 0.0882091184400253 0.326918379048183 0.505035173009024 0.0667244139832892 0.548111217163132
0.958886599569258 0.985651376601989 0.953929803643856 0.339933851552264 0.994684162362654 0.0720105223857909 0.269837597658042 0.524410998797575 0.249137142283011 0.559021571959108
0.998779891946608 0.449379674623248 0.999653248023165 0.514859746271291 0.993509504269972 0.257272287999466 0.0697350988430626 0.539440216686748 0.330140758214367 0.171511715401633
0.16891917158447 0.0484252569201948 0.999910338115741 0.845090565345923 0.99818769839793 0.318770055661774 0.465267473676388 0.569510353181109 0.322340014816036 0.821667752454456
0.460375577441788 0.356145119192521 0.994756702456396 0.722402548712578 0.995161104774973 0.123179133094551 0.675009084625575 0.524227625977566 0.349126993329204 0.581298323334522
0.946145293362464 0.389670175669804 0.993145456442316 0.806702656638177 0.999777960738204 0.117750197604867 0.445401084388016 0.573867706464285 0.375717866805597 0.606831006617268
0.603595849925284 0.885792606778421 0.999493965626021 0.684926817721419 0.901528652817331 0.136561237265679 0.190727794397358 0.555257232637868 0.172900132348754 0.670442480341753
0.974088551437546 0.0814600816553664 0.994998384094541 0.541810932820445 0.997472680331981 0.207716906995538 0.621467383344309 0.56722689681851 0.478424994627728 0.584222481021397
0.0319258538493934 0.39434830700129 0.963145646106073 0.516119543705781 0.980054304749859 0.348531188032659 0.949491341980641 0.546276165992932 0.180905401258319 0.605838231019034
0.912366828663618 0.00953130263849079 0.960404222859745 0.627528785033967 0.954269244725575 0.426333428932391 0.612194567100554 0.534460115700678 0.135205274759657 0.599039538520065
0.0286760187113664 0.200568052575812 0.967598868445078 0.716164318925978 0.979075129220994 0.172081640301213 0.235233200080814 0.540344316020366 0.241902918991137 0.275232238720447
0.509430232475639 0.211015314054383 0.95619570005346 0.514120083925847 0.971523176170738 0.069071338241431 0.559727701383679 0.549168439808835 0.61250041216776 0.48158695720709
0.0341103842802344 0.0856272245794694 0.177209406370223 0.419562095870977 0.976351536085736 0.0353400870739479 0.0881508917329994 0.531625199984573 0.0120881114934587 0.330034875248162
0.626358402593987 0.0529623769412531 0.745554918320467 0.599456974411059 0.957728086568144 0.27435592517406 0.544454967194223 0.554554733618521 0.420610845122452 0.734448166171449
0.172243066320421 0.610580181590882 0.0292341810957279 0.327214353884697 0.977413453073057 0.121694135470957 0.306172721996792 0.554141986546785 0.0725506025713766 0.406841275405735
0.39722402505915 0.189552334248392 0.760614698128786 0.336484301718857 0.925856043881011 0.045231526317222 0.0744612576892806 0.498420085029874 0.0638196330197225 0.23675960419961
0.998952140939198 0.986021720286838 0.947948459748346 0.645594103966666 0.944627302838001 0.0156594192158627 0.276558423026253 0.510545632133012 0.241811310513297 0.493101156085148
0.967367118979757 0.0199364577222494 0.831583022392324 0.254683149180611 0.985749244292979 0.0682101960001026 0.112596212884537 0.541848585471613 0.043326207139107 0.348320301050666
0.285564701477911 0.87721937986964 0.994247781962465 0.700410005613631 0.996137523508074 0.121206727350394 0.12212985323112 0.572854487471989 0.122697970110363 0.6455889311734
0.25489257072611 0.00279572081044397 0.819534350207109 0.400581920091329 0.99352366073875 0.164040677810431 0.33706387609155 0.543683004205541 0.11847468946625 0.647896500216264
0.0188243584143175 0.0043547358654482 0.710008530904252 0.329706982761977 0.85972512928389 0.00547646892347714 0.657953646106674 0.507187887786707 0.00961642308018119 0.306529603442014
0.982593333794252 0.634226421154736 0.973999971690687 0.622587194377442 0.966822602650472 0.180899298214345 0.8351555847039 0.574412427914522 0.316183647834072 0.474391455595684
0.355038795841301 0.523642001986692 0.818307432662376 0.614109062130037 0.996976885674235 0.11229200877843 0.0732043732084812 0.546747549359787 0.189769151419103 0.67355924958127
0.00866247357724992 0.00842385171149803 0.901873258511612 0.311154431571425 0.539488322558541 0.00370852448636707 0.486667530997988 0.484664574106481 0.0487733081235192 0.207430662071413
0.850684974663169 0.698833464994609 0.999664240690838 0.619259362229709 0.999282354656017 0.132496231043345 0.111506458472123 0.606989901804628 0.263378289055389 0.78993305566232
0.96056341551873 0.583565731163709 0.798031315009507 0.767563920387121 0.962981495171184 0.0202059550157034 0.194369851742755 0.554171349379562 0.176998124097194 0.489259086775699
0.983382751413756 0.0722510048460677 0.924779218559198 0.624597714241934 0.999625096594947 0.119149520991467 0.110758481295355 0.537045505025629 0.149507273130414 0.790561984188179
0.708473828294949 0.96230360741365 0.999136939407495 0.899143158343242 0.999799158594189 0.936634137994206 0.436600673251784 0.627719489612336 0.886458707800176 0.765144580859997
0.986414204997969 0.0191731833463887 0.985084148940942 0.411930491808164 0.993666181227254 0.0655869247644823 0.283258609415664 0.530184601043783 0.106054566512718 0.338380973958891
0.475433925958922 0.954007089661022 0.988986769039419 0.718970728669527 0.994182224219838 0.102586797179024 0.28758596389634 0.5489868246951 0.220227454359462 0.652136272348716
0.888187249295773 0.010916575157156 0.726820828650693 0.423828279593026 0.969582656152936 0.030812404178161 0.101123594637224 0.537158499397426 0.0961524136497638 0.36106096233679
0.452632618269579 0.603661769705853 0.9815260211231 0.732608714686656 0.998102126680586 0.188940015252708 0.608423155880251 0.569086925790238 0.206529339983089 0.711647578460183
0.465577695900513 0.991336037723502 0.998672588489152 0.936981490721063 0.999660099896361 0.729014297046512 0.97604650200193 0.634382396055419 0.643615043120452 0.783000710902133
0.121715839096412 0.552223928420997 0.965668283217188 0.348209744273494 0.870785903892342 0.0283252745311977 0.627193748077267 0.506911993443945 0.017288011576189 0.330091954899428
0.334817197273016 0.00287332128380697 0.34451369740157 0.216680553136964 0.191284628735317 0.0482887602246589 0.240437867893888 0.482728771639802 0.0451329850279639 0.502892659083854
0.430066593502451 0.761040700436212 0.996707878001677 0.519878880914835 0.984391801494615 0.0526662250834156 0.167516787934165 0.571154591346791 0.498803174523138 0.706082217098563
0.759630840182661 0.0312389124155418 0.916818564129061 0.433541521422215 0.886994416476966 0.0587008037123589 0.425059387358022 0.525674301630543 0.0602467247140308 0.326251574684919
0.458366137572865 0.309836715628318 0.9894332132979 0.488324002269337 0.971401238872084 0.0725006232273767 0.598047242373044 0.529808579292206 0.0421780814607659 0.581171916585869
0.310348291693813 0.0525242187276143 0.488170795401907 0.11772381103672 0.89387856422037 0.0456247101643473 0.0955881690274139 0.440596588373242 0.0121157588752099 0.271756872251917
0.171904365192525 0.113672286638246 0.971437817498858 0.788184766159311 0.996398052896859 0.421477900080304 0.794145948621018 0.577166155651496 0.24920296480749 0.72016871054632
0.015609481716657 0.281380631502265 0.993634312777384 0.155944189609453 0.656659258486673 0.0299773296569766 0.0155045708559668 0.457290242014876 0.0189311957334035 0.345898883219919
0.8867674983455 0.43435630436087 0.200223960646645 0.542801881979727 0.967418242951941 0.0207269938855515 0.227383390626424 0.561037266629005 0.150666168317061 0.466175945306837
0.925950244004456 0.0951619110960252 0.886276914066929 0.382764543138945 0.92205211777731 0.0207857241982797 0.0755595827478901 0.523283521384695 0.0377254211079049 0.336822735391991
0.986301970400164 0.123649582031849 0.915228430851926 0.706147635595962 0.998269094363664 0.135793519498382 0.813945681579237 0.578353665735734 0.613249991284552 0.631848083474366
0.0142262391568691 0.295584114022273 0.973716554923371 0.584657760054255 0.995764977716341 0.0895206490692938 0.766222630597538 0.537706442370616 0.167323258739824 0.275506898058944
0.197877612451513 0.727687645400769 0.980603412542194 0.320513186149214 0.989408458053772 0.0102500249231132 0.0896904063311432 0.492188174058977 0.0771210776165962 0.427247255063146
0.00944801502193007 0.0319207952850951 0.0620824790690618 0.256505372590778 0.935032016808843 0.0431496233485767 0.246029714770317 0.486761807736295 0.0397492776399917 0.377709181646093
0.728640656807828 0.018517871682373 0.997367282296216 0.345026976118919 0.978016938482925 0.146005196136711 0.0787360810766498 0.499743851740833 0.013110191978368 0.358162077289111
0.99122155603337 0.191253648762872 0.965817928499345 0.693913014551969 0.992734099622933 0.0387176272243648 0.0948650367593992 0.526660349811374 0.160687410990062 0.390457987508256
0.826304250939297 0.128179387548229 0.999478137299177 0.893900544636779 0.998924530230861 0.579758159094619 0.794211611083209 0.616204583596954 0.699485208194781 0.819708675485193
0.989144740368113 0.00627404438086836 0.974126344743694 0.613341715404217 0.938632820718662 0.225229508437853 0.0966919747081941 0.523371203377702 0.109946916703383 0.373188206481375
0.0805710965285004 0.0240600554997102 0.836974863443539 0.255052224948414 0.676446975958321 0.0166177396040442 0.114792188410743 0.522702868651208 0.0453275674491549 0.417235732558467
0.0496812995943147 0.792317925289398 0.976975684775021 0.457187305554493 0.97247867210492 0.0832281703986148 0.303392769791704 0.531429680770329 0.108092105312708 0.615606573916461
0.682372739585406 0.00299240375230939 0.628913222606728 0.212802186219353 0.897977910702445 0.034372204096153 0.34044315445719 0.50854729985042 0.0230296789838133 0.389612591110551
0.415930969837001 0.00428671731549504 0.0838787934152485 0.174582530942048 0.388145582327043 0.0138892608980143 0.0640205767606231 0.477220529853185 0.026831736436888 0.158123751580937
0.0030008239328507 0.0200944549629724 0.865989481771322 0.274271935934039 0.405775699421558 0.0179385586820303 0.0482419328729496 0.480682923998846 0.00941031735304727 0.223282158304042
0.491950098110746 0.0028720954622455 0.936860122948247 0.0621589473625664 0.142680632509637 0.00971339255333859 0.0741734353153677 0.469817003665554 0.0252839420913413 0.26687909933658
0.0682548713538583 0.0145698597842125 0.963438394978623 0.22405158870679 0.981866460387648 0.0125768881183812 0.00598688058473176 0.470921562411819 0.0483631362431596 0.575920110284854
0.996486794112436 0.814412210528403 0.966066283072179 0.854066974857222 0.999308587836109 0.257549927805223 0.284844604569255 0.555856180483777 0.184924741425818 0.548464771688766
0.187622395137832 0.25548141601662 0.974015239307253 0.43208561764179 0.995985128208371 0.125232783368033 0.542881684128381 0.562060729460772 0.695504909646096 0.627346029892357
0.988161121459318 0.729976145454558 0.998009380095134 0.688808072236389 0.998907440062195 0.332544495148698 0.531152590201721 0.579928725799515 0.540847338290068 0.478823723248107
0.401584186503466 0.00077937306687371 0.604624898269828 0.175064641643858 0.620539561197204 0.0327843629478378 0.0503628101540273 0.475745069088402 0.063744079180333 0.207128314588427
0.1572453459661 0.000303414617191518 0.84202294389103 0.428348271301689 0.88656225891781 0.03554645699876 0.0246334973341598 0.48105620320439 0.0404468383464084 0.289464788291408
0.213218515882446 0.631328798824566 0.996536210430789 0.785134824659342 0.999844375775964 0.446752811550567 0.12172826181887 0.581978281034403 0.530305901440307 0.633607661178136
0.945084279521827 0.989934880610689 0.998982514537389 0.812734727754087 0.999846105579906 0.239980114226495 0.871762771982124 0.618296466175372 0.477935215892809 0.815454114556707
0.989458302938919 0.00969185520200274 0.997691129862135 0.527000221548648 0.968874880995261 0.128456249156252 0.399144693330655 0.538446645127673 0.0564837116585689 0.485224791822272
0.934159136870628 0.748999894950977 0.971948454807324 0.43177004494203 0.943679145958832 0.00528677950338055 0.0622934783022057 0.503863297919991 0.0436115943512516 0.399744276470459
0.489504581750544 0.312059581460639 0.894846095904574 0.547806235190942 0.923366616373751 0.25556925587951 0.397623719504207 0.567340769879358 0.138749376066045 0.582120725080101
0.997035978872829 0.912423141532438 0.997816076048795 0.630044884501728 0.998660212474262 0.275302708031018 0.570029798995486 0.590237114863461 0.129615989660378 0.607738345782241
0.398779153416303 0.182574448762376 0.889859016341409 0.549545016745009 0.915035788871701 0.260293022903796 0.31011350133398 0.535733816416212 0.100743929472368 0.424023218908843
0.103454890931682 0.243193301226427 0.988115661174022 0.492032769881436 0.984035912371034 0.0212976913303499 0.552953094004236 0.544149314001941 0.344806930412675 0.500456921960543
0.198164094165525 0.043810879970225 0.564425904136243 0.506384735400178 0.796135190058047 0.0689386963182106 0.0582730072529399 0.53578508450371 0.157503049640633 0.48719775848863
0.921420473385554 0.994103877172859 0.998973211513368 0.846763391494435 0.999470010931966 0.393816500098483 0.929528643109674 0.569087859677695 0.651041505509543 0.581558554906993
0.134859249439072 0.0231801620355258 0.760762352212283 0.110331407059351 0.159422637560925 0.00295636172371675 0.152579886696153 0.446789214398388 0.0228701388979596 0.333600360594959
0.0543029198352351 0.00912702950207809 0.780408263808273 0.163459795334175 0.320662115827726 0.0327613331227412 0.224534785885658 0.49034450656513 0.00945198001771318 0.174929446939814
0.0281149736952576 0.00636857980114664 0.166240465255744 0.118881029154352 0.502819794523825 0.00377754496824328 0.0231088423634767 0.45524865533116 0.0089369695462716 0.164113681102595
0.831022775530031 0.885164080229831 0.985274801251677 0.621229739430089 0.999287470658394 0.0438562915787712 0.30334967199996 0.503405310212158 0.0874138814936568 0.4538342087626
0.0711257049422339 0.000588770635259212 0.178727302439269 0.692606242551168 0.959244703972012 0.166276016547005 0.20586276765942 0.560853137812454 0.279418333359332 0.383868128951737
0.99012418617942 0.893799709524203 0.999851325874743 0.864829928976475 0.998963595559897 0.829528279142098 0.0930540396801534 0.597320293968925 0.521482534029591 0.833670731792745
0.0223311273796324 0.00105645638165272 0.902280975153771 0.21039987943152 0.588419657864859 0.0583220557135831 0.0862320290913306 0.458943238082561 0.0129873453967816 0.328090895761655
0.62503260539264 0.000458069019269336 0.15026338042228 0.153215848941466 0.420169559648622 0.0272925758781457 0.506491998195108 0.483078737546811 0.0187409885157891 0.214715837951423
0.0944134609001599 0.0890421500659219 0.498733191910096 0.189835171700808 0.371049174136366 0.062729097080329 0.0737670783337526 0.473794036574916 0.0148970293043674 0.294297452192427
0.487717542722795 0.0186834229424942 0.970681868531759 0.661919189888074 0.88718828933914 0.0646420765206374 0.251781800697272 0.541435657118567 0.0170900213144766 0.616964192749526
0.780030737256109 0.0354530041242514 0.763944753570963 0.197730779264177 0.869570429082343 0.0435148194645847 0.357083174165225 0.516525154319375 0.0784279912122375 0.47075672785046
0.0569952182975729 0.864474875829552 0.828234194447582 0.462695058040287 0.986865719001586 0.0929240351983803 0.20107007122431 0.518900989224595 0.0860417288408673 0.55179833278275
0.997431448200865 0.864017742851955 0.954059447920509 0.451958795637074 0.993089823568184 0.0492910612675506 0.645280754376006 0.517991954011486 0.178861393637151 0.493265393224629
0.746112592708841 0.437754894671961 0.99946831190191 0.704113186225756 0.998123306127981 0.232203374089686 0.8760519875817 0.57782230991338 0.800574992471052 0.528963502888216
0.996416806504899 0.562815125413405 0.980379500795508 0.895656555114788 0.999862098944318 0.44418147213332 0.617085140971595 0.612419301680272 0.439284851011289 0.678600098797092
0.965102316120269 0.00441588724090956 0.894741690111372 0.355863368994729 0.932991484792871 0.0464517980759231 0.0631185074538374 0.503658939357434 0.098278669512514 0.56467740503654
0.654659080505484 0.651582480065837 0.261330135178948 0.250077896892392 0.410208136656992 0.0198490787608835 0.0587696417091784 0.523080228586124 0.013318836517548 0.307220678060358
0.859375023390533 0.824444013691314 0.886196030161326 0.823955894892156 0.99966494328966 0.475950953133023 0.616610607220718 0.562985035767167 0.378585570632554 0.719898680152358
0.878507368343675 0.943569599002764 0.511304591101434 0.478407350204574 0.998944052574627 0.0452894799006575 0.0949711784629733 0.555679083165608 0.0987253591143799 0.656454248551359
0.93598421487795 0.00340581891472431 0.964308550711522 0.488416347719906 0.801892200904088 0.0285409644642039 0.0949808926081938 0.528910539706172 0.0712749049176914 0.418837627240802
0.990836371939503 0.670219366859284 0.997661452787658 0.760063186392181 0.99843635681752 0.501105493929933 0.595068508728869 0.606314033505086 0.639462064050089 0.818946639585032
0.591759829735526 0.928723004573195 0.996408366198219 0.720794176716365 0.993660753621284 0.224466236977073 0.160488637858581 0.54454125825449 0.178493659440271 0.763070409296892
0.0700339067658313 0.130554624823489 0.929705189929288 0.168190341549872 0.878895098487731 0.00434133064563699 0.0937851120843011 0.466527849017474 0.00358387186063774 0.297081838967318
0.534537591609255 0.117274772056211 0.950845951683017 0.304624199729532 0.935326145434743 0.0482239407101012 0.0739342209623503 0.495071556076686 0.0538073654733901 0.523975305557761
0.0178568243886332 0.0468019765889706 0.254606973151556 0.0777148156009474 0.0246674842448729 0.00432713400215819 0.140320027347033 0.421090802806338 0.00550814114529988 0.111850882737367
0.848625071645889 0.953224634019899 0.999847418660229 0.675709380097466 0.999844792514456 0.459151170874783 0.64822207669068 0.621819668562449 0.650414017663409 0.542623867433615
0.0381130385772236 0.000235909812804435 0.0354367162756308 0.262600312275479 0.0498723795207493 0.00237754146727083 0.24277375812301 0.441632395034589 0.0243442531383548 0.127086138516657
0.248696507775083 0.527456468353557 0.996144416755943 0.460947019829957 0.991338158213147 0.0160722018778575 0.547367466994973 0.529669498303721 0.108696973841434 0.467037713765046
0.899288002057559 0.495722347461932 0.818846190397585 0.11186254534456 0.950440878149946 0.0494230764073244 0.43078509039828 0.474180528924139 0.0125951073405273 0.350722200532455
0.962452743581318 0.000412964320659693 0.975290584470348 0.2977752809434 0.183516141816671 0.0262941626357883 0.0852411965511229 0.459920085202052 0.110462498263372 0.421518548005898
0.977521114692616 0.0652916692671733 0.992919601829488 0.763971493614896 0.997225082317177 0.303589767677405 0.870293476037012 0.582578222372447 0.424780966406003 0.577169790816519
0.737160889167144 0.144174910901872 0.990858428184573 0.449582792752542 0.876928552394013 0.160927885147585 0.164656299064398 0.542488413284956 0.0906339604359588 0.247333192845405
0.838262428174114 0.586750151506723 0.99937548945915 0.244178908792545 0.976989423071679 0.0182401864420389 0.0839753701042926 0.504262389774094 0.0165661835640878 0.547726064851942
0.168410681135917 0.326947771856575 0.958778903285626 0.714993093797542 0.990919216015199 0.150161424243975 0.479576184985068 0.533464886921151 0.400132576861434 0.521434052265926
0.970511848464578 0.00333022621096961 0.738968239561381 0.746714565090673 0.994356666232291 0.0917525451563741 0.749098122671529 0.548153690698983 0.286957367616839 0.520712614878944
0.364473711654532 0.35799318223759 0.99992410376756 0.664163631212485 0.999259305943716 0.448609050019318 0.857571912921799 0.6179274269862 0.584532615332131 0.794668003049948
0.992573727780638 0.70695858388417 0.213399571947251 0.413858181599782 0.893982945712599 0.00520289201759558 0.512627032151193 0.535198021027945 0.111151281187783 0.230286525627734
0.988450696923215 0.266863949728191 0.99965018592121 0.874141144069335 0.998474150151315 0.208169889278466 0.942591812597495 0.582204096446782 0.370159757250003 0.823956378836368
0.393884379520585 0.278422680155753 0.82446727104499 0.54449623968353 0.998767461811406 0.0746864163305099 0.240280987753175 0.536998105790148 0.383178535782638 0.408071546949897
0.0711243403068237 0.955013565067262 0.957973813054123 0.574033109214299 0.999008078664801 0.0908005529032621 0.293451180737286 0.554447236326721 0.280071787049144 0.558251117202237
0.328224853434856 0.76141733942195 0.999984948513507 0.92116354392254 0.999968795506656 0.609357359299007 0.886700219940604 0.600307483509401 0.651457609783019 0.508448260102971
0.0143560295697375 0.923564143875766 0.831891794859662 0.713024698674115 0.99378324234627 0.197689489508881 0.681738662907858 0.558544806091215 0.242817809676885 0.723530930713326
0.802767078987961 0.017147276702148 0.982138074766751 0.48580149586654 0.973345808058858 0.0799351807231785 0.285595390173002 0.527411775414245 0.0336627677496926 0.603074917421377
0.256275627855924 0.831984627660166 0.998891617683846 0.40369228819689 0.962861536933307 0.0352874797443401 0.207460130040589 0.512261565440452 0.160985269437124 0.275213381284377
0.922943531031163 0.0129136923448015 0.871728371610917 0.497532740519446 0.990372111606945 0.0321316061583943 0.0904029592303472 0.553186513662562 0.224117938904391 0.345851893384059
0.6581856635855 0.154876500264055 0.673274567992669 0.409615317192731 0.992813323249356 0.0369686739142319 0.178796330334978 0.521740052748974 0.0857819469216907 0.42266290949502
0.116088592486972 0.39400807152609 0.946520758665127 0.22630712087334 0.888518287015728 0.0114416751746732 0.028727603366316 0.474702541247233 0.0225293635949084 0.331578855412557
0.0287674222991655 0.718813159199931 0.822351875785474 0.638287722010234 0.962532540686307 0.435495367294778 0.754301259584833 0.587064412630954 0.343137607893478 0.655593791044643
0.976569025969476 6.94981680883184e-05 0.617025962006504 0.328155749671496 0.464877212093349 0.0190484526736437 0.372393801400478 0.511723741531264 0.0563266778276903 0.444811648422497
0.724243239837631 0.0210303679419462 0.964962479606702 0.28535612403557 0.874226986596669 0.0226882646425127 0.37787365934674 0.503796184630351 0.0275637464496255 0.308177071737166
0.387617282769999 0.84609072793491 0.807574393379301 0.484387486204543 0.982501833334209 0.0750252021909149 0.375304294668619 0.535309815927769 0.129214746755623 0.261078709221036
0.614232194486274 0.182800282166227 0.699323157684625 0.143047385645201 0.795975967749424 0.00857161199977958 0.00995759812935209 0.453556278353577 0.027452126630516 0.224232344489767
0.28163736762189 0.000524538994677565 0.454214437985809 0.214327131965659 0.692063357772565 0.00465912910164079 0.0180481832850891 0.488208152256594 0.0185695607622731 0.333316908750334
0.0707697642030704 0.0101044632671629 0.992271654434358 0.447863770455616 0.115205331629847 0.0467503505771089 0.676149683484625 0.499717569993726 0.0305347516740688 0.39669405992346
0.627094294002013 0.384539336157185 0.778642115642851 0.292568420008294 0.915273900880547 0.0115989282174939 0.0258002030494347 0.505024528697367 0.023641461366866 0.452759009270608
0.243941365695611 0.414675439225451 0.893590010609966 0.57451519989721 0.996873812694469 0.0609341892313114 0.789581835067327 0.544542657785571 0.255546812991989 0.613473880790491
0.998538107857358 0.273273332447552 0.996998083478709 0.505329150845831 0.994565379376007 0.108456576668917 0.156267404674189 0.581807447123636 0.104604418865042 0.495429667385431
0.136532064075367 0.00754316569644542 0.487350041513282 0.302013306649593 0.993198280181407 0.0598318253852207 0.177501860327103 0.512669775272998 0.0848946854466786 0.387274172167117
0.818999822020465 0.945428648823137 0.369335068428182 0.315375872586399 0.911329727662979 0.076800922724005 0.350063452045733 0.518774467392361 0.158268364279483 0.435090324983097
0.859384549470638 0.000664218568307406 0.61182561541388 0.222780666749168 0.939785192942344 0.00771502999084547 0.163378866666194 0.463662859352382 0.0127946036692008 0.245670853544769
0.0207358271891945 0.381870601403661 0.970008630236935 0.568616419264538 0.986532960056 0.323923380280328 0.622106828135401 0.564576700499723 0.0938228423847134 0.37478119346993
0.99703564795267 0.451427163034472 0.746609707733573 0.537153588070157 0.152542507214803 0.0106872302839918 0.273855915053055 0.51064714548136 0.046607785680784 0.25600287666973
0.548041393235385 0.92080964577282 0.691034475303545 0.416843887279209 0.998853730753419 0.177375141777452 0.621438352219708 0.532793225939834 0.028234607883658 0.436735648788901
0.853581180583669 0.97546849523416 0.999954857534587 0.85968064510814 0.999918101798009 0.773809083197286 0.543157045773396 0.604809816828933 0.3769743153453 0.529289920722956
0.979024162809735 0.00497484426876665 0.954114758032177 0.337178691773864 0.483376223335162 0.0329787371900797 0.146793362543203 0.530455540118387 0.100655575040246 0.514005597940151
0.544044964086687 0.277440023781098 0.997441632209944 0.646762222168214 0.997011118502911 0.331047117333475 0.205852413006225 0.550515495750908 0.0438196276005965 0.748360388200318
0.868908809406139 0.00866645300815585 0.049631237485894 0.183012996314426 0.130488952832538 0.005530864514473 0.0422597778214044 0.472590672385244 0.0210464147034864 0.379252039779009
0.0121631106981539 0.000780551880814117 0.4112779573906 0.0662543868234271 0.227622974356004 0.00138622943892696 0.0962821190405101 0.435788432954571 0.0101797251305746 0.311942032401716
0.10752368073008 0.14055374491762 0.536130157550669 0.47684088897871 0.985687102399176 0.0480338670141465 0.399523406119472 0.465663683403851 0.0690523961335346 0.426258197784115
0.923662827123917 0.00573353934825134 0.85185728050047 0.147626314957474 0.796490649697058 0.0213248473017128 0.0162801951846621 0.467665302110428 0.00448771141032321 0.269345455542923
0.137295674788563 0.913554085015713 0.830607017421848 0.321552830032086 0.989026677041618 0.0595876157506932 0.0428635636906734 0.514651952459448 0.236621513771102 0.491898435437022
0.969679155363046 0.071819732682664 0.668142562369329 0.292798227499711 0.294113411686997 0.00877705056762877 0.526634121717079 0.478047986573283 0.0640051171750482 0.233415838153914
0.0194583040184768 0.884735924946509 0.849691561352511 0.670094344786619 0.998082757945043 0.0821843653726531 0.311692383652798 0.548368105698411 0.11078087503382 0.498608113570627
0.267827202399859 0.259016104898033 0.986405872233103 0.744072865013351 0.99936963557128 0.0606382955601534 0.740757039979505 0.524908795415088 0.175145506777188 0.614876335464519
0.836282683800989 0.193561910573489 0.883784822023916 0.602752326857512 0.990721065390168 0.140451674063366 0.31082206092801 0.502474561341636 0.208814683416404 0.553705486057825
0.594367483390702 0.667173578101368 0.998165541984904 0.541551714920865 0.998322324407231 0.123541602728978 0.478333538687712 0.512962118124209 0.139096225483391 0.612551889280645
0.991713641420541 0.964131432091542 0.999354271152486 0.932645106610728 0.997985443349444 0.350836874613647 0.222842456108102 0.579551179715893 0.327283225066294 0.693749575870219
0.340266087574547 0.87198253385036 0.99409596030109 0.764355090616258 0.983905247678654 0.14482683329834 0.312558112002903 0.619959579396432 0.606340405740937 0.565016119280552
0.548359299868719 0.507250547463642 0.992079771867412 0.75807129924668 0.985313636670716 0.435460831323414 0.409247227952344 0.577114746649788 0.246044719616147 0.693390195222925
0.889821588483088 0.839538747469339 0.995592916797798 0.615403682663693 0.960048516849576 0.527977138976806 0.728480737309605 0.530723425042005 0.353962794606239 0.430658184543836
0.992803299108497 0.838294028729097 0.997874206466413 0.65358673650342 0.992074980217971 0.261190762535393 0.606083769258635 0.555970661188301 0.243698943267118 0.678320457624124
0.457198452679932 0.315000617014602 0.919011835103447 0.576385103732345 0.970062927772345 0.0979331868518597 0.488025722419227 0.541978988360205 0.370878544711505 0.506670877443003
0.000298320418525275 0.00125231593653826 0.696151424029915 0.232152195871459 0.369066766080128 0.000652992036642232 0.0166751025562949 0.406863537615366 0.00361411653261716 0.303737417681101
0.948811172284331 0.0123393836760098 0.569071398257833 0.473532337639474 0.990323615162515 0.103338551054422 0.124423745462747 0.529565722274429 0.0751312561897128 0.448378693647829
0.438560579625703 0.302091066357131 0.993966156783047 0.491415654608146 0.999739017778624 0.0938906728125585 0.880781674284328 0.572776210802523 0.222217506784278 0.728940688130453
0.217922617021392 0.0186759492199995 0.120106960620674 0.157803539034558 0.360539551949367 0.00544936181315408 0.00334941095478097 0.460802008127925 0.0192149520389606 0.260494515665778
0.640749046009864 0.3494674485321 0.874178712912613 0.316671428871298 0.855264182199658 0.0154709182704679 0.212868561470658 0.480358482193769 0.0400534845529558 0.690781928060884
0.96157500140811 0.641403564216656 0.985130639993279 0.535614130619769 0.999620101738718 0.46588604277899 0.241368546472839 0.594907175517919 0.565273381905806 0.677539014008005
0.989153165548867 0.0838297679355035 0.980314766970792 0.892792301485524 0.999221012196774 0.314679857898934 0.746584985619909 0.609585446810737 0.53027566049531 0.492010802507629
0.976351471877267 0.993332649238696 0.969861556059002 0.666586030245767 0.980263359587531 0.170713376839547 0.17939750924475 0.563847931241755 0.218262660892119 0.593237328837842
0.0270958230235134 0.723330087497046 0.96794954922932 0.554334973154259 0.727307607467029 0.0594317708314231 0.307968114809152 0.533554864968801 0.143715215649533 0.516616857616983
0.0275656374194371 0.0101460018325888 0.900732962483403 0.263223396180619 0.745567342765318 0.0169340739729473 0.0118116698592278 0.491806672626999 0.02027139539866 0.378898551272921
0.958011778921806 0.983066245256552 0.999807338818483 0.802690488779614 0.999609265759946 0.145965732025399 0.470990002772338 0.628632075532203 0.713736285486475 0.73654083471578
0.990544491318104 0.749844741720498 0.999446441676582 0.927097697149636 0.999930153728363 0.910524449972429 0.821353913545645 0.659436870684748 0.654508208044226 0.797603087429575
0.119249484432525 0.0204520310463084 0.557985626604258 0.239802872033434 0.800644349851256 0.00449691178096151 0.0926163772738015 0.482742629121355 0.0507479881959654 0.414736081977133
0.192892480641108 0.98881195090169 0.998958913669165 0.845314457288664 0.999668221995291 0.25310794603279 0.469822916353516 0.5836796287899 0.64418528754728 0.530576683943523
0.731201813218328 0.597789776518885 0.868969681001174 0.634870559860675 0.987282980538151 0.124470861796657 0.0687606500019647 0.54122583095191 0.0948787915431758 0.440210619366434
0.655552522545628 0.0620203747433194 0.621751102031762 0.116487575241812 0.132507414842018 0.00828595320005857 0.0876854165042549 0.473663066010835 0.0181133540689753 0.439617048139502
0.724505604482792 0.0473650027499045 0.889534696171252 0.332740886515001 0.947222142024182 0.00708419513906871 0.129673091006693 0.479557736901264 0.0325522919144144 0.425880536330427
0.0016804996078404 0.00168723527932996 0.201491482922862 0.20464825285153 0.209024604192281 0.00518160720708006 0.0986589601340359 0.411652608228731 0.00590526003660633 0.250791377048237
0.375955712540935 0.00650253749631052 0.961903592480145 0.325850422343895 0.307823857981665 0.0286817917583326 0.0917738252362511 0.471962063256399 0.0347336340823423 0.401799465839196
0.365475948664602 0.918728638306218 0.930674801827748 0.688623905858548 0.999652265777792 0.17504324819024 0.591241105026807 0.591763173172218 0.0511451528446375 0.599621671235341
0.745116658962591 0.0147809326496702 0.0634255301410259 0.340381463358826 0.973328254470811 0.254830820380508 0.257979756634472 0.510409633535687 0.131332549867966 0.576515397639338
0.954833940597156 0.432232181907014 0.998031203254228 0.575612706239844 0.995494310596642 0.0235820600920738 0.87782547584853 0.581217673386324 0.201543857247511 0.555009899969201
0.221282573612059 0.00553470578492481 0.951387422237194 0.30354135803135 0.335642924748443 0.287450795593776 0.525791747140015 0.525305767381831 0.0701136146038317 0.547395203695313
0.197515750001451 0.00258870754584662 0.953341916482485 0.377730463793512 0.847063784964885 0.0645954602646727 0.359874563083121 0.524328264497261 0.0224700706803527 0.45253495712145
0.0801667465388824 0.000498715296931619 0.940716314063668 0.169569848869588 0.723864661017977 0.0825280524832302 0.475532981986147 0.481266736787793 0.0434301433203059 0.332808921280759
0.546800726966399 0.0548255777767635 0.696175267532631 0.338583824133658 0.847007729270523 0.0150672308717977 0.227239982847437 0.491880635632599 0.0280982262223103 0.502704435033941
0.886311138689217 0.864449458178341 0.997292081431341 0.633238242911194 0.999441220735719 0.373116883454567 0.620246353859184 0.570580329739747 0.324230695079754 0.551854608109288
0.36398678541183 0.00446192630096101 0.965902643311072 0.222548308651102 0.891246094658325 0.019447304011375 0.075800831995724 0.469821558924089 0.00940178892551934 0.386727170646158
0.00112169340862446 0.522216588011919 0.224727428128742 0.258677415607695 0.702644681469144 0.0216449002038918 0.0623618977868916 0.499450247669341 0.0738095443191989 0.414750607803154
0.570079215251869 0.163987724173042 0.992019536430301 0.608850945261523 0.961486053272743 0.049860509950156 0.0729134752963573 0.537347179860009 0.164188158208005 0.549177687550556
0.466421728908802 0.470057095672895 0.959139429981936 0.503296862964468 0.991897156021219 0.496454541911181 0.224904131073267 0.512455465744533 0.0524640013882648 0.495434122524084
0.863806665166387 0.994580763857733 0.99942645991126 0.667060915623462 0.999442090794128 0.194642463358907 0.531904215890868 0.597458970122332 0.250568816309993 0.693771212390106
0.0706220868307778 0.118703615426352 0.982618534421643 0.757510054357113 0.999884434375072 0.147773945011895 0.707857674391289 0.578561122717602 0.181888202359446 0.680151485607555
0.159096273030242 0.182730148172204 0.613154050604294 0.492271719514461 0.558348480813572 0.0103621610349096 0.120593856427007 0.490386196139103 0.0454161009726884 0.577092919456182
0.634413287383768 0.992692142429792 0.99909908431411 0.838150924888778 0.999994622937251 0.700803306787209 0.548538317888428 0.648966909366009 0.696207596053004 0.890700466354183
0.00977559559067585 0.116803181222816 0.0308938729851317 0.15783300693616 0.538414016755489 0.00311699596068293 0.0491790386784095 0.447893498258318 0.00973286848173428 0.287262501399214
0.986766721733075 0.0993407600184416 0.999908264373019 0.414223305169902 0.982008027490717 0.0223114561514599 0.0426190416319885 0.507188593830186 0.0795059283538058 0.463403473603419
0.0381635382930079 0.000177351571543206 0.0974227052364061 0.189383664719201 0.369642436559671 0.00524316407535464 0.0183219970509255 0.424665759031489 0.00213925841273114 0.0996193188057741
