0.910135141008491 0.0060501296526253 0.988136683659026 0.736384204657184 0.999487935237853 0.290933016972679 0.608293922627807 0.581471214738927 0.134086619510301 0.483366098791355
0.245106514580907 0.600574364561214 0.991645541196035 0.891106136667136 0.999946723945032 0.805448623865605 0.182583333375396 0.561180231326501 0.573794541314749 0.703453083896965
0.107038874668901 0.0332132331138725 0.822364779403287 0.302324004790108 0.95449176736855 0.103606940484724 0.529660487655168 0.483310942843194 0.113548702757121 0.276684069203257
0.934855265282895 0.0357656950556204 0.842559660157944 0.513192045810892 0.799414706226309 0.0350061770762578 0.212735487995221 0.521089391857869 0.0895335634352317 0.300860211127335
0.985323069831518 0.0362447805234353 0.849876574897401 0.484043966514933 0.983904805817038 0.0502308023507859 0.65319185986843 0.527292342769081 0.0570081625135266 0.259902041106795
0.25708234691082 0.618670414649907 0.185439864037981 0.24297631681386 0.98161593592173 0.007687988896119 0.405694701892932 0.508341919826506 0.0363043627208758 0.233294262588893
0.209295987905477 0.933976010311907 0.999774995278042 0.724076241738266 0.998270633109533 0.598717102860763 0.229832256244868 0.565894115325474 0.269040545452511 0.603416090092162
0.938936874681955 0.000953267317565053 0.75191977680581 0.130015047820582 0.918392106012533 0.00319451076778977 0.441510533078515 0.486234875011289 0.0762691546363123 0.35594347597978
0.849069208608672 0.156007372748009 0.988336448297384 0.441129756470261 0.856192797019537 0.00511074181766813 0.0351419144496786 0.477670474216917 0.0364237411216397 0.311136570536917
0.170997204530436 0.000690415083121915 0.487561204624959 0.234869345904605 0.982899195595067 0.0240976011601331 0.929585989159936 0.497463716910165 0.0556315221909678 0.297407393823948
0.520935399574228 0.0874552487751723 0.0809868600885847 0.30006665422485 0.83388599359872 0.00812920002920542 0.110130698687117 0.484307234013616 0.013577967073581 0.217947980016951
0.817615615825093 0.140354219199961 0.998969630333365 0.66274827047432 0.9700802077079 0.295954261895918 0.345730162709977 0.60788561215646 0.513006163144873 0.467680517506898
0.999893462472982 0.0896524284828357 0.997428329932253 0.361447214255851 0.993908287762739 0.0889155435602336 0.0610769547957196 0.521638133864979 0.129689538019183 0.296960754441875
0.301707267060139 0.711601137958719 0.961479208940732 0.640887378749901 0.951178934103577 0.0292211524974071 0.613513874484912 0.556691580785053 0.223798106481103 0.567513300207861
0.00360724173068755 0.888019544367873 0.858370969423257 0.251592082888638 0.852055685838928 0.00354562523812272 0.375717792977895 0.493313580893227 0.0575294885933692 0.201587498542071
0.730316653354215 0.543553352308234 0.925352854234158 0.468595952969393 0.970781941339392 0.386541863464723 0.0925055858545929 0.542305109611662 0.140006862925282 0.707547653449602
0.996306679167107 0.947805728249576 0.999194190209959 0.921014629817339 0.999399359039155 0.639780459682664 0.844468193937406 0.662678556310674 0.783804084672849 0.751261991737838
0.792644525292218 0.00491494505527017 0.639645423854437 0.527998830401309 0.758413894059788 0.0273966428827724 0.391577327684847 0.52920273671684 0.133965650359707 0.564921344484203
0.293366115770381 0.926065541304165 0.994162542376298 0.795655344016058 0.998747124399119 0.729082251592469 0.352804517717528 0.603496439633526 0.441123450510505 0.743332741709038
0.569136749796339 0.118326070899169 0.999558431222192 0.642742326120258 0.996275681525768 0.227447551612407 0.0867116019104611 0.575811831389116 0.37875905955844 0.619160668559723
0.980544044747032 0.0789827507691886 0.999678248679441 0.733103890685513 0.980368670268971 0.41132056884975 0.669999336796395 0.59599083680512 0.17081334099829 0.625299886855529
0.949958696646292 0.125421146864399 0.991889077301721 0.304940242035527 0.883542003612144 0.0147452889257929 0.18655617843577 0.482936836496123 0.0490291549637959 0.453586070743984
0.00257033846426903 0.0098110372607614 0.660734328594938 0.404015616599003 0.860859223198352 0.00280664199165815 0.363709687864437 0.498904713460622 0.00548739473152609 0.417510895965747
0.999048831194923 0.995182422809209 0.997491164895274 0.834803887888694 0.999742905245704 0.812648438968656 0.295887096983337 0.63436425241479 0.557177186658303 0.69678992965056
0.895918184950412 0.00322790831461425 0.984961353952685 0.341722216340359 0.919662387767468 0.0215727456227376 0.162729800247761 0.554693550159037 0.10853407281359 0.374432734730494
0.112939516519456 0.560261709168484 0.633440929530828 0.351195336329893 0.989296604263726 0.016507438297986 0.00759098700886317 0.502810954244801 0.0455463945155542 0.303976428675999
0.646477345965842 0.187354150620999 0.967625400836459 0.455479744603812 0.945056108479737 0.0796338526302253 0.686690318992686 0.502111769243715 0.0278761145588393 0.425898798957875
0.436349189168543 0.0135929743837394 0.974281578560343 0.614046650957442 0.991133127882162 0.315993458418295 0.597147415603316 0.558396968305233 0.166762185264774 0.352184848569458
0.867297717951221 0.0509007277650135 0.339843344708657 0.447716374272005 0.993899714774609 0.0626224586000658 0.569940108771505 0.537478907506761 0.238253917886566 0.565777989918255
0.127776838857489 0.000592465899933658 0.423297887981846 0.28433878117339 0.454110070411933 0.00247124360151933 0.61076165357457 0.478583329158489 0.0668853183024632 0.376059547271514
0.846224698436835 0.200374073191927 0.974546785438799 0.742675873398367 0.999511392473089 0.582169452381405 0.808145197133851 0.586840238538819 0.228879002587251 0.671950197746254
0.965494209451577 0.20354441612356 0.989578378380766 0.366289424586378 0.997220924292706 0.0804775417999087 0.23244510647262 0.557897061642191 0.228671877648598 0.544629219386029
0.977054943342637 0.830354964041036 0.977496504185029 0.581453620032451 0.980383140898521 0.376320006159153 0.120837587646433 0.550816740813779 0.0382670630471656 0.575003980291519
0.0703984035109032 0.000939098011958441 0.953039344981478 0.205805381359521 0.644083926028646 0.0336201585136288 0.402213922765064 0.471542570089422 0.0166957159006671 0.15092748812715
0.446664989069885 0.00326163063923962 0.99490908013688 0.163860375670641 0.167703643899446 0.00192167718981465 0.357148463909653 0.46614927623771 0.0276273454639867 0.23183795722003
0.957563092498199 0.103585984859478 0.850868418337761 0.431595331310295 0.964916918340949 0.272754419609447 0.389669750602313 0.517833395395826 0.245672170485844 0.457835939820379
0.0965303838073334 0.533740487535222 0.499649172979341 0.563773113626661 0.992092722727825 0.208432110045855 0.0822881579134669 0.536393729201054 0.348101987544081 0.545397908908527
0.31888195787498 0.84806754120644 0.904984390619762 0.354701961249718 0.618525591411226 0.198252804949503 0.126664219940284 0.540297321150877 0.04553140182624 0.586326989103726
0.753893947910691 0.619345156490255 0.968581177323066 0.682605360085385 0.997726485292232 0.47592774426103 0.948036715768928 0.575865493549192 0.0910447796033813 0.531928402302802
0.889962466531494 0.787980744191972 0.873836085930539 0.706051306717452 0.997767802415272 0.150767004071712 0.818572258352556 0.571274931067095 0.148415494100454 0.60235364451488
0.00298422496881385 0.0302423516828488 0.872234664313488 0.125257323283251 0.482358750911505 0.00431569492311167 0.0979455408958985 0.474284391914826 0.0484290253968921 0.255200054701134
0.668210647641196 0.26426860523804 0.952997514555927 0.446252289028518 0.954560976609733 0.0266078026751599 0.519158574547012 0.522710662628634 0.0490296421328433 0.439498015152829
0.837801950757581 0.0692283228128238 0.995433651076916 0.358520208446418 0.981321620760668 0.0199265500168788 0.0439061804417721 0.496674695882554 0.046301711952397 0.410006412470747
0.777305945489104 0.644677271124802 0.999362990055031 0.774356452549441 0.999751435125817 0.505944414105641 0.453590203372421 0.598617961538326 0.361195275051763 0.790030877215447
0.473933180388535 0.999257796245996 0.995174922288247 0.87365290570857 0.998034927106985 0.746237898766829 0.731336708490381 0.57569654035516 0.430290518764214 0.831521549652324
0.0185904597162465 0.268907250650129 0.788249636614153 0.357172918483224 0.981416139222712 0.0309738415423812 0.393129447313811 0.504975942020891 0.207046861954129 0.312060458104664
0.916051261476346 0.479491794813953 0.190187862099308 0.134546938971425 0.120788696042863 0.032364627802395 0.0440586582347404 0.483207469899903 0.00278405604875433 0.164827780707713
0.996288950124728 0.956560045698382 0.996641287739733 0.673085161597575 0.98812133670638 0.573757142535595 0.142369201427872 0.592809110325829 0.416211896750111 0.624190327712387
0.806404350635692 0.000306037016197602 0.974348992078777 0.533052403723784 0.973300729476889 0.0314306848523294 0.102659738420656 0.503396142338147 0.113280730013829 0.410117710086732
0.998227515685787 0.0933571225075963 0.999502840776166 0.631939706192342 0.996001656760458 0.2416666588603 0.0965253663177779 0.549598723026385 0.342904977224248 0.711266844629984
0.565837843829973 0.0141342088128619 0.724857459529615 0.26105179565834 0.89866345941094 0.0395583443336234 0.187183762452363 0.516968933070451 0.0945634260663556 0.396688128266331
0.526262993388566 0.505694567366112 0.985517757396605 0.572309461662953 0.990883755904802 0.10086900910595 0.629172050253916 0.573671657821461 0.199783549133514 0.792509145285747
0.874780975407783 0.940938083148156 0.989559487380403 0.229067374339712 0.352754356605689 0.071337488375619 0.174656539526301 0.485984446851949 0.0240373908261359 0.571153165547824
0.440735545880193 0.958296950445494 0.997830305379222 0.388414596054316 0.807080158737404 0.0407825530376275 0.301380460651451 0.528736438091417 0.0627104857422582 0.556439538796482
0.183063032938818 0.00681001976798024 0.0120434843939802 0.15565692941184 0.540610317206816 0.0016507665668956 0.00895210144681713 0.46664826021258 0.0331660888390954 0.249821217683047
0.000773478092411906 0.000135685826902768 0.029557317673703 0.0722945756100163 0.515074983270311 0.000735786689817608 0.0386250986144197 0.395997484145198 0.00546984315195543 0.182835908027869
0.970118796968555 0.923391684370732 0.999693831960395 0.605218075207741 0.989207982765375 0.122418404038472 0.305931211245928 0.589484208550897 0.477522176763152 0.834709605120772
0.0575838338245564 0.966986452221075 0.255591404878013 0.362221064221699 0.976320369262083 0.0327154098375251 0.249519024527214 0.5396186754041 0.041336535806173 0.507227096024651
0.0145919598834919 0.000767462986599736 0.984730414136238 0.288158631916318 0.917698667399075 0.00914746914102232 0.0724215009745908 0.497097845498628 0.100800402874867 0.495270436007934
0.987373262807361 0.313446134332789 0.844762440041359 0.721543488011008 0.999953219182803 0.544422466320186 0.28993593687902 0.579078686832983 0.219926472734421 0.719051490642666
0.0584442592247912 0.8290568564946 0.996937096540097 0.511816798448203 0.996174758516207 0.0491423244946914 0.483049382228945 0.564022808862111 0.377662173769851 0.357408629223498
0.0614498056162627 0.444014220283997 0.813283768639557 0.436607262463284 0.509190194282499 0.00579448233163047 0.472373619255661 0.482340141292455 0.0517252175328114 0.288499842215537
0.950492780915664 0.960353226263138 0.998660513687184 0.785900833845489 0.998402752841302 0.735015651831388 0.301412582197906 0.597842289017022 0.419574179660906 0.665466863050411
0.211778609368112 0.437645245211181 0.985836644877285 0.281131327065717 0.894361905543498 0.021135716013302 0.0139307496068374 0.511929978472344 0.0293278583064287 0.444555007694412
0.070307078074859 0.612993421924562 0.0198341852449435 0.178827595545842 0.955319087350196 0.00665417308849353 0.0440637346872689 0.47613834948681 0.127257443103487 0.290372491027872
0.282232251324422 0.0429708179155406 0.621617991198058 0.485241972520441 0.85565730581143 0.0627286243006754 0.175924840820676 0.516111884234307 0.0141647484428552 0.522056830679105
0.0364762442767747 0.467818380982655 0.972436174938182 0.642290739546541 0.987891094468515 0.06506533050547 0.0534267672185072 0.49970063006769 0.0754242474673751 0.547108396820093
0.994475987191533 0.721216274665715 0.999934583803589 0.820384158032265 0.999940192302114 0.390020615492351 0.522508921007115 0.611707723524748 0.342735468761692 0.796253907335058
0.0521059652592942 0.00794596228407557 0.998036129442957 0.310029632038725 0.993178887412642 0.0383629827905765 0.428526466302931 0.532084368516713 0.220082629085051 0.500698291117923
0.984442003268719 0.0206390068997448 0.363536652298254 0.153094652856168 0.175573839552209 0.00942140631476554 0.0621589518187532 0.479983911464911 0.0360221497512866 0.283738674271425
0.996564218118539 0.487682213059257 0.994995255761387 0.379862712183112 0.988331709788384 0.111381083682857 0.195613874319986 0.547819968041591 0.193239836774503 0.517157759437819
0.633623652443814 0.230583434142854 0.993967418244923 0.455088525738738 0.995355304183904 0.334638880950282 0.125129294603247 0.554741601631346 0.566513745638134 0.565973159182181
0.851128848334386 0.973968073345306 0.995337206559647 0.24575197966796 0.985696406279844 0.0307435713555344 0.0724899419416309 0.50208021274766 0.0379926927808325 0.554031704264559
0.996769759446952 0.26476662931171 0.999660255379217 0.835931774875997 0.99984632041262 0.502646357895256 0.47170417030555 0.592809337054811 0.656533929223609 0.653690080302943
0.738156850406031 0.726764422714915 0.999949262073837 0.671426554978628 0.99568953698744 0.131373385834195 0.463876335048822 0.540537146634948 0.264445203856685 0.722488972697089
0.995548171040252 0.818258101277668 0.656604533968232 0.668789282782113 0.835549374763112 0.229029905795548 0.401584653368372 0.530041630931429 0.206174712437352 0.57230560172186
0.0441499477912929 0.228261712193119 0.940511904394139 0.541959723349504 0.966643471988882 0.106231477870482 0.764222306651884 0.490437909644887 0.0556971215825237 0.636442955904468
0.998997025562764 0.809003949617716 0.996754023612548 0.62338463029026 0.993439593959596 0.300290529499383 0.508688577635892 0.568203838109154 0.258927260469693 0.523003696275228
0.0728392470560027 0.00021073511872808 0.977621203933284 0.498561891330412 0.780800378106845 0.0752852703475743 0.0330737201951436 0.513650954218544 0.0416671869174045 0.415167779807328
0.0649161615078003 0.687198803710728 0.999653531485066 0.426031251357189 0.956672008553127 0.0436369171390103 0.163679170320664 0.53225920131738 0.454072454572757 0.61555648090595
0.985029288485513 0.80550071685742 0.997884597832871 0.693035807747116 0.998200754922865 0.42543649813205 0.085209519559965 0.584375134747151 0.472865518485944 0.640802130095832
0.992537471400865 0.40335309656424 0.825808720767718 0.491851340374524 0.886469270230501 0.172700435068153 0.615474956766417 0.49125576177263 0.169077430847544 0.56945168679137
0.999472220736991 0.985336884010499 0.999987116658691 0.496669428001408 0.996706878559964 0.168499426756265 0.0590133933376811 0.605902009992519 0.228532780058168 0.571661112280151
0.0555697179869661 0.3179750230228 0.849218682336754 0.4502402071687 0.944191084873107 0.275771476306931 0.674188309122748 0.542869141856177 0.0471638502639898 0.4358700883227
0.0172338977717439 0.589206331345255 0.998595696935625 0.453512447687125 0.986038644563975 0.12188187798015 0.15944009697834 0.555983115271992 0.118693960211972 0.231463862363215
0.405555689751473 0.00170898947653436 0.53727775013291 0.345735573645328 0.490818488044657 0.00415460899822641 0.232399282707528 0.47994225522451 0.0732906100352899 0.370073479813512
0.69467527575765 0.895073925073512 0.832449585550888 0.639796707647899 0.997777898430189 0.106864396193124 0.0866696593589151 0.589025352610617 0.212368617115369 0.599517886463967
0.0178177927714595 0.000914881940067478 0.989810390272019 0.319828127814299 0.963778416557641 0.0874007268091327 0.174698067997406 0.522072236648638 0.0931436159878473 0.717661842819719
0.239455004330562 0.234273376293879 0.996309539814754 0.405165827866616 0.953855299312572 0.0258100842882171 0.659970150757145 0.537463099431892 0.514157827112582 0.46399781038127
0.518282976343211 0.197670273683245 0.992927225419879 0.70948426806205 0.996771001657171 0.686383337922888 0.634569328892072 0.578504766460819 0.321078317908431 0.609946513325547
0.621843542896452 0.801421088949065 0.708105160016508 0.340954830527048 0.984016548908579 0.0273797263719862 0.0446458397602083 0.543991947202104 0.12778571742324 0.427278863165223
0.396407659371481 0.531258243959666 0.999318469716556 0.549410524504576 0.990932916576347 0.140146811915947 0.567368754359236 0.578885002461988 0.127087536542258 0.580934435291244
0.114349626666989 0.0234889918374614 0.990330102384797 0.367957411026627 0.991933284664738 0.0453162704014338 0.0758089707754624 0.543515251753081 0.190228094956437 0.522080497070229
0.642388326095165 0.982674851441902 0.998753424345607 0.389951748531197 0.870283010641385 0.00588074546512682 0.0638368467297621 0.541306743182726 0.0650722757683695 0.487116627126289
0.843641196293846 0.223321337769209 0.845596732706731 0.559164161227232 0.996910875869783 0.188322783583306 0.457347490662823 0.518885129456195 0.198092614924464 0.495266166780693
0.958608126291996 0.565077980424056 0.151230137056502 0.35513228783026 0.97786561610057 0.0417971914948569 0.539597740247993 0.501095123009734 0.0853000858839832 0.444642756006206
0.949809622361342 0.00199947129548058 0.922613634860736 0.235857559040268 0.92550543929698 0.00981747271258919 0.162314892439516 0.496489276852516 0.0268541406729181 0.556918427494662
0.267046340533358 0.189882433647715 0.990366926121695 0.338715454162949 0.450739218326413 0.0387263484290116 0.143019818695313 0.515969492499984 0.0530743109639587 0.438869364365609
0.813786517841723 0.339187663110814 0.0376180989200504 0.332436425175264 0.423346575101723 0.016067661045581 0.340831465776901 0.486367159302207 0.0463572176535989 0.353127528637904
0.0547575202568941 0.962032244050164 0.770620839416075 0.339713515449529 0.965000077850859 0.0473932226457023 0.196786921910657 0.507357175381353 0.0656110613209688 0.509642461784322
0.985341222841727 0.486149925851254 0.172955385159108 0.574949518157225 0.994382696184658 0.0538417524649372 0.548433621009838 0.522830535053696 0.0448237252565211 0.468340597019597
0.983761578383914 0.457348266085733 0.757939809384803 0.601646264589342 0.992191404441281 0.0928546242420481 0.103478318089836 0.539614256281918 0.251624269646284 0.613356742297416
0.962680667363369 0.875147678748144 0.996737804775279 0.847420104524124 0.999793737188683 0.809934798699 0.553017890940329 0.638013352899844 0.649775852920936 0.596267660578191
0.10065637873054 0.882998329573901 0.940379258437702 0.629555664759812 0.995589333400242 0.230927513572102 0.0669162789096561 0.534891108118746 0.126415074546086 0.679784160113029
0.0134039108720107 0.00499020074937775 0.41422110032408 0.389476409450315 0.851952011969939 0.0248059407662669 0.429843659402954 0.49214902698771 0.0358808436608921 0.29395901948311
0.724257210035409 0.490328467975101 0.996127274484445 0.260578982217391 0.798643628645017 0.0075451162113049 0.159185296065133 0.471918105648353 0.0325941183479653 0.226394390187388
0.764377762374183 0.538659771374636 0.0536725097625454 0.732605142441599 0.995512466077813 0.0363916882033896 0.0330655281674351 0.515975526200757 0.25980357610094 0.648549246836072
0.0468661764130854 0.0312694154761411 0.150451601849788 0.230879785436177 0.820397666425141 0.00499274659492003 0.361667320453492 0.495814428164763 0.0158106087422839 0.314034259132657
0.0802732953004573 0.108932400742657 0.945436067246986 0.556453645659035 0.8778567232967 0.0150171007590411 0.092935205378697 0.47123760549292 0.0539984716502787 0.331665319851374
0.164232059306161 0.171179433785228 0.845937021983004 0.278861734093825 0.415377810689273 0.0049264623758967 0.180980117356068 0.47198987518462 0.00956716096565277 0.297117403166853
0.675313019067004 0.0648051284203337 0.0940712935630265 0.339975410343182 0.950910215011008 0.014266919819594 0.0755919012466838 0.510236307205276 0.0451707677320575 0.347923569144052
0.814085838780806 0.00464971769082768 0.986840575263664 0.429361419376406 0.845368395304534 0.0557593231721842 0.262641209446984 0.479415585354405 0.0251038409521363 0.509833608890525
0.665676988253541 0.279868922566025 0.999437784359235 0.413749737392251 0.974405695410653 0.0110919238136418 0.0925309048467947 0.548386356306198 0.136158203887626 0.499935421533217
0.342453059715481 0.0582069262363037 0.0369495284593764 0.490726096180307 0.927988737721147 0.0324277318016981 0.19172815646235 0.560308873136757 0.0491179076896146 0.583922661571397
0.733585623919842 0.00630165128307377 0.809567748267289 0.230089736990088 0.379295002519464 0.0079963896246069 0.0194476404791496 0.4536074356158 0.0351535225376846 0.292894782791619
0.246767396989835 0.063570555915193 0.933722546547186 0.333909178506127 0.997466326467248 0.0162757692237638 0.178470002327278 0.503154121065402 0.0666053322804308 0.510539443901713
0.111224174582337 0.0800896246923786 0.731480831790543 0.0910102805454616 0.907670402441182 0.0100576636599703 0.0346675258985297 0.480871357068106 0.0477667182155684 0.200203394062853
0.52262632196993 0.129862256830742 0.992465351954995 0.223210526994117 0.93986816998118 0.00619299281978761 0.0210134662225203 0.518753209427104 0.0600269076821706 0.321159351699459
0.96704223126496 0.997469147504368 0.999850834473172 0.876022870849186 0.999841820335731 0.45771026499867 0.290710507554091 0.650979518216502 0.582645441963926 0.765914461187691
0.344293752937076 0.997820593049423 0.999934041400874 0.89091670802675 0.998418816338448 0.0909413572251361 0.404424142292976 0.572922020354511 0.121593979489753 0.672650373880615
0.47786101747364 0.448954617084966 0.904031206635013 0.5741209101311 0.958303293114994 0.120877616476503 0.0743258979836429 0.559958598567882 0.0744777122774647 0.553859367726533
0.102537061070776 0.545298146186966 0.994452789098264 0.520879054960151 0.532807020270053 0.0610427977021352 0.30452927042052 0.512966919550029 0.0445027454221438 0.338122627991479
0.100640832601296 0.500163862493363 0.874487527584746 0.222491653090587 0.970741213834108 0.0971707352165698 0.276003750907524 0.494081932140315 0.0440263223163261 0.469695249265321
0.115519552214479 5.92976677385319e-05 0.471130614656397 0.116778842374407 0.20800919187737 0.00551429875665255 0.0175029278801345 0.457494908609961 0.0062558210559532 0.226855506455927
0.00415189757078265 0.689519318151249 0.991294655704937 0.391343227710248 0.979692028225398 0.145495451418938 0.09478064378815 0.551909389223384 0.237013693288645 0.635772261509803
0.679059145951839 0.846634987716578 0.73748339956172 0.633240316313706 0.999033328993918 0.664776337020379 0.127571466636983 0.571871137671469 0.196334138943811 0.508582960597739
0.191711252428609 0.282164259896888 0.990720161146509 0.218219148060727 0.211095065466881 0.0113276906027489 0.126948246206387 0.481315258820887 0.0399548561483266 0.3849716406762
0.00458550048787871 0.0581086334177388 0.659836945093739 0.379985177460183 0.250555025676885 0.0638512782454006 0.264739166570294 0.533647189332993 0.0744639262264165 0.46042356410645
0.273909040693325 0.478055434645959 0.999345180290263 0.31313668796304 0.993704103789724 0.194036899733869 0.58997803530966 0.520227318572191 0.132582690083331 0.36077882330198
0.246130585835348 0.0156239852851114 0.999754754141509 0.353207842180201 0.981385434815794 0.141580504943663 0.74289505990885 0.515669108194325 0.0387872467742152 0.410683835098624
0.269391876275397 0.751957881046398 0.98836231083644 0.612098148197386 0.99774021721752 0.0572552070171645 0.35817468688322 0.554441159979904 0.163026770489437 0.410227265405288
0.000405543464955315 0.0124096056490973 0.244696185174538 0.245318476828098 0.526868813810602 0.0148186127965633 0.0493361310072187 0.498433458427671 0.0147783149929448 0.343475626562147
0.00553589727412526 0.278740359632545 0.471002585758228 0.251179963559238 0.599549316912856 0.0293150157865925 0.163231351313591 0.500175752575085 0.0361958049490624 0.222545757280494
0.337829528977266 0.950770610961725 0.833231074285636 0.687222019173466 0.981262699958234 0.226146293829404 0.418298785544649 0.584888005735722 0.111907263942926 0.593803019679613
0.00427035596922526 0.12143933933674 0.820869518722438 0.447148775442212 0.998108215643421 0.00945284946377244 0.0467879280094297 0.467902900738297 0.0891752268005967 0.351085772279185
0.379712881452519 0.0246275430456049 0.466569937987306 0.301438562991064 0.706888400828469 0.00635322860266977 0.142904078500995 0.482433226701032 0.0193969458870495 0.222719821519839
0.18562265001459 0.986695726444257 0.986192798878678 0.622728222866065 0.999258905034544 0.403068012579845 0.111232464056641 0.58746950335818 0.327285706291398 0.634234874602065
0.0152905798586699 0.0773135576716041 0.956653036152269 0.67274920308132 0.916355322669043 0.00476957445638549 0.0808497117349632 0.522554919416394 0.137384573705392 0.589837302710748
0.876360644923274 0.96929360880332 0.695428108428998 0.565186430603151 0.998250893569362 0.246996024338143 0.651489810401578 0.562568666690692 0.398042107838726 0.514048122269252
0.240956729036635 0.00426979886153404 0.765461532741547 0.107469785205356 0.5257916046513 0.00438550685603215 0.045107945452975 0.44872646069728 0.0144864748447122 0.221733791565863
0.595266653415849 0.189838563403637 0.999167402856986 0.502246341751 0.826640485134581 0.0789332325583749 0.108670635338322 0.528078970986461 0.226811911219246 0.444071572406797
0.739814524534609 0.965898168260277 0.977988028329942 0.542891970585169 0.998771506148809 0.352750955693515 0.232338153269164 0.543614050639387 0.183897174914628 0.515138930410842
0.0383429843836752 0.886755900824052 0.999970198336072 0.464383769559219 0.971263763250743 0.234833589912622 0.392568970406541 0.556618854600353 0.383022412991252 0.451545507908846
0.129984666166416 0.955724435433714 0.912404543628448 0.705366864895891 0.990457365729176 0.0788042117256309 0.438606761502536 0.575768904104617 0.19629097697132 0.602041400085521
0.886359494455705 0.385003218930602 0.992241323128605 0.599988263343537 0.993080785380116 0.403508250369445 0.28159350290489 0.57476182923059 0.140391389948888 0.546936763723608
0.498756988674355 0.00207116914966547 0.992468930030792 0.25178983080344 0.753036429859353 0.0132398142794904 0.00265195987505209 0.467075986525636 0.0333332150549553 0.282588908521687
0.993570672808506 0.750291199363781 0.993374169438758 0.790023604593416 0.999709949541303 0.363144209848922 0.204991160493934 0.569637781833373 0.452328875795202 0.637079138640735
0.694836397383858 0.582829204256449 0.293399292357654 0.360089997227077 0.196907562636665 0.00504366119614187 0.053188929319198 0.457938915820834 0.0541717736694592 0.322298115280422
0.978110187072443 0.594864947438886 0.988523987135767 0.763336859015454 0.999600086525165 0.235644565269815 0.285963689080863 0.596905606844009 0.324995700624287 0.695238022533099
0.92227692329179 0.824648416642845 0.989904755670141 0.902296536789027 0.994935534967055 0.316610838954273 0.566426752400222 0.590793496688598 0.285807460169853 0.672605996786863
0.520222952365488 0.997995616877187 0.990713336134088 0.650835578741725 0.999593966359608 0.73100929725753 0.127171010887392 0.598810711234003 0.24398015457643 0.598861744201417
0.724462615167982 0.0146829273702198 0.99406920772461 0.761952559339616 0.993202004193987 0.348387389439204 0.865150939461508 0.583471767595236 0.113270134745201 0.605423588232345
0.617485197576651 0.434779622438219 0.91551016292704 0.501903829346011 0.975891611880787 0.0464895280072666 0.820317400974053 0.56997233979873 0.171805222526042 0.375688319250108
0.810927987393401 0.998402806073546 0.999554293884649 0.846046288639519 0.999362789534716 0.304158919548711 0.867776657583176 0.586068479848112 0.371086707154822 0.658457714153962
0.0108028542604182 0.139545294672821 0.979208396142544 0.465657469670022 0.993767727874904 0.0288915551368058 0.317027387905306 0.508234229570469 0.0931461742337639 0.471156743857409
0.934050874452788 0.632291851022923 0.529029497906416 0.36053406237731 0.934294965066521 0.0733493835445894 0.0925373426581704 0.48180095255892 0.0867665525965786 0.624074065803186
0.916392396286018 0.101273729717772 0.971558085619108 0.610905640349369 0.996540101894226 0.159084690763549 0.0378977197688776 0.536057640867103 0.188177767035395 0.437163398971136
0.0455770234979805 0.176562379936557 0.779787204266303 0.20586757534145 0.96336015735711 0.0216957091562917 0.306744476515318 0.495568334476908 0.0480444290806157 0.358859593966158
0.931635535215165 0.359942075104298 0.939097436705858 0.681609115812651 0.999267786305801 0.267888938010545 0.0929268391653476 0.615900038738983 0.336248642230587 0.544569044591014
0.937199234885323 0.669036473171337 0.999785090039377 0.669071679793833 0.985425277079643 0.332148177331317 0.625027571941093 0.567149471664499 0.105835674918372 0.656754775226779
0.834615914541215 0.0913698893494932 0.998274144124923 0.34520597535841 0.962705370002283 0.016892859795433 0.330204400410418 0.540135838674554 0.0489514815061009 0.344359514382773
0.118004629742905 0.575985468613937 0.816672838528704 0.604394134545193 0.999235356209498 0.0971907649699622 0.867085240836614 0.587401109616987 0.359017686755755 0.497318994166222
0.46968889807049 0.0131170973256251 0.973809702474397 0.611255709132796 0.991343028990463 0.0591059336590163 0.234802539969434 0.48704250085603 0.358085244937308 0.591405478978873
0.621769994758956 0.275968623912962 0.962976251749412 0.51419161914395 0.78905827124735 0.0923904397450386 0.162047327849183 0.539775693595747 0.0835072451266358 0.48610844234392
0.495455236147573 0.245037568259651 0.530423378676042 0.195945381350013 0.848755897373571 0.00723885775939743 0.0354207768462387 0.477705700200939 0.030088201048734 0.227629330643056
0.810723526760098 0.0169050335258083 0.992898920022604 0.57974878834932 0.998958445734294 0.0477181276515237 0.549338074799814 0.534863207777434 0.101760186070868 0.572072084777159
0.032200088831179 0.85477059268804 0.995284661775747 0.803896532727481 0.978953552208788 0.0844080746168662 0.309973473378427 0.536109450927128 0.223137090492179 0.48254730564152
0.441401974409138 0.662248630779338 0.9516752848452 0.0820477465120604 0.452391069438423 0.00329816756694387 0.223034887701034 0.448150982337527 0.0142520776801239 0.283071184595026
0.00493443116547464 4.07556574020746e-05 0.815300239614636 0.0861859578030428 0.208587438808424 0.00112563565343981 0.207380228773166 0.437344200544942 0.018408866621278 0.0938378273605226
0.880489854867787 0.222207794624301 0.999090496686742 0.440977258019965 0.999270528167997 0.206447629753084 0.0366089708099475 0.555272783621594 0.357123357132607 0.611670634667249
0.961250058910292 0.125210808678006 0.99926072655796 0.495184693731638 0.963607217584769 0.0506197352825949 0.315131485136699 0.56512786175474 0.178510442975282 0.557249333321691
0.0349539927061668 0.00154378865736621 0.320045929212296 0.204178663632635 0.889245415359683 0.0210209121583749 0.283069946653709 0.516555334335309 0.0418726909636351 0.403023693893503
0.0154387350001274 0.0338617338851654 0.272867701805375 0.140384036821947 0.238632288963703 0.00157849016047632 0.702171275779308 0.443541411698051 0.0163321349036326 0.289882956759847
0.823333318108148 0.0766148312740363 0.257736792783865 0.317394898362255 0.969942499084539 0.0830918090811254 0.111738067226174 0.50510177630027 0.0686126023984949 0.449765402128654
0.978813381757962 0.0313600719939247 0.98742326914113 0.552458502929721 0.925217988706776 0.0594813739004527 0.263873329307195 0.521718369700309 0.0748344358226118 0.575976421569983
0.0162253864420787 0.220861860321415 0.997143758443882 0.298409319703204 0.912012620052498 0.0105372539393616 0.0810081330323926 0.492287215887752 0.0407136969852322 0.280608583690702
0.768187559541801 0.764477968463901 0.996732028619696 0.884668182793718 0.996359568331636 0.23018444290623 0.304324582959555 0.604396404950264 0.264820740152325 0.724513740669675
0.0272205942881844 0.549824583730886 0.98033144801982 0.788044820861584 0.988908089892911 0.362147001557801 0.597136974259459 0.568233917071268 0.290666797142881 0.574612155702147
0.485199776467384 0.889205228813007 0.946675042788145 0.69511971868712 0.999435914117775 0.57425607827306 0.185666993349982 0.598400864677816 0.243660925327204 0.75841831976694
0.403031856946163 0.488563180127889 0.999419395234271 0.446838093476542 0.960987198951067 0.14035410833753 0.102889118063263 0.539314431793183 0.291449537174383 0.603493394676211
0.96610934213614 0.0254748099039598 0.898105146330206 0.519963458337378 0.84102492029715 0.0466875978557804 0.340498156522158 0.523094983011752 0.20854122613009 0.392198848206036
0.737870149324459 0.159680596735751 0.77733976733717 0.476184438958962 0.989804281558628 0.0653467663606178 0.238475301621128 0.505579470150402 0.293451777644418 0.497589097389603
0.553344304956221 0.206959507784688 0.99610441887134 0.678671056240124 0.981327731845402 0.215424301596947 0.55459427169143 0.566925657393443 0.132774919237533 0.635290586183364
0.832344593882979 0.049445713209051 0.701595349476976 0.661188725018781 0.997627597328312 0.0282868805923973 0.255993259549621 0.55701154376324 0.163687304287563 0.431946006023298
0.990690311827417 0.950018103967641 0.999279284042058 0.846755440181772 0.998517362642203 0.288542767566333 0.886829626158846 0.619303571989765 0.263786453165208 0.73436224812515
0.709410079595351 0.939765727019925 0.9998626887222 0.794949779421536 0.999597435622486 0.430767767677728 0.573746407645835 0.603145440775475 0.294559192509337 0.606399530099997
0.781405757092645 0.0138927176946133 0.965785344603036 0.263778832328217 0.974767106168958 0.017174238215084 0.0122978872456323 0.535644749754231 0.142929007914429 0.443808300107784
0.0833522289295109 0.925201475724977 0.999969678506385 0.590507505852408 0.969841120109938 0.146593339496724 0.0696057371203393 0.580552980617126 0.081575564500595 0.662211478204882
0.376238194103636 0.406677367087292 0.830860756897055 0.210366281079009 0.819777758528304 0.00189209778954381 0.18116108092047 0.468118576656112 0.015073934069626 0.324502061035673
0.979378029711237 0.614137465836838 0.950158176279938 0.621219607286922 0.998799842079927 0.139130851771581 0.250777127361314 0.553531908417665 0.121420904862652 0.617674301025179
0.605806878847721 0.736501282161006 0.946422903676353 0.269010537163716 0.854949350110798 0.0565782953087691 0.0201338040052541 0.525635797202416 0.0555127728897915 0.386654659296284
0.99462242912005 0.251770817882037 0.995274175558673 0.213973021541907 0.519593231492409 0.0603953703568409 0.250568398223804 0.513710261018597 0.101215299069509 0.273606832825584
0.15905797552315 0.00678188658451695 0.968760155688542 0.217792139642744 0.145148311308254 0.0264087849544523 0.154180760806873 0.428496329014441 0.0318794689716842 0.354512790324105
0.774422303821185 0.0336883612205609 0.989013771099024 0.419802192111026 0.987196987535816 0.178993094687965 0.144741714770574 0.520844550998199 0.116528182771895 0.462839531314753
0.856686971406027 0.0156121867030951 0.98907530812556 0.358880240615276 0.865042406137485 0.00903046728261341 0.165604519860636 0.497287759962956 0.0590063222070343 0.197210108564611
0.015863544204948 0.870997864100742 0.999622076336636 0.699027113895213 0.998614307517227 0.48117544102604 0.26185823544778 0.555393592833963 0.405918499067774 0.722174142167625
0.00719347246619032 0.748279260533079 0.993784658295083 0.486875464748339 0.993008324194987 0.243962268875489 0.394530249922877 0.544996052336087 0.113072514645774 0.548244403383799
0.977507890023043 0.0922343628709614 0.997879205710637 0.265335174814242 0.994916717169131 0.07139122385615 0.265292513977269 0.51881328391441 0.0704677996567337 0.599945739857802
0.924089858622422 0.0174993886286433 0.999332428836549 0.680443624463869 0.948537353569168 0.186138432361033 0.220929216123296 0.566992772380195 0.200249805265484 0.354854894388281
0.978487653537094 0.121123002219841 0.931691087678186 0.377861210364317 0.961730074499682 0.0738793557153954 0.11540387735275 0.522919406218168 0.0569875431083472 0.476219229918011
0.931069439423505 0.70508592597802 0.993411427148241 0.600881155522571 0.985264305952715 0.219534972728236 0.759823610794415 0.548239048724797 0.422634073020309 0.607954038256789
0.0810150208179956 0.460705450935317 0.0924657335344658 0.2600176081128 0.901827099922465 0.00370237019841189 0.0138205613391611 0.497038195702503 0.0251263081139837 0.404030889652995
0.0943254573296444 0.561743264527463 0.991797984166784 0.44298859825049 0.985253579824447 0.320248874160402 0.572408944166231 0.526003824983877 0.112704070477785 0.68294136197951
0.972696878567105 0.695353821294694 0.977255920580991 0.76471077517371 0.994117109856289 0.254812034478765 0.398326970041169 0.606554561014071 0.14373129402313 0.604786726286708
0.801680452865877 0.31243180953855 0.993129665574437 0.343525586765712 0.720209442925186 0.0721109433035302 0.0538604387927211 0.503827978874289 0.0628175508589295 0.473905860933071
0.966370608698376 0.215143994649997 0.792697526016888 0.192538178032508 0.384828887104886 0.0116633258571578 0.61296140921709 0.492583825975919 0.0471011179241668 0.438442137343563
0.969734199466649 0.66939238198913 0.297807500360779 0.512917131571164 0.994423245719547 0.134383903262785 0.49401581565636 0.537823608234375 0.0973922693979146 0.553154051899796
0.00397717490974657 0.754014186836174 0.39730656898194 0.18193370412034 0.977377646026816 0.010310719759952 0.105023772216376 0.453664994630919 0.00778598109662985 0.400069040117086
0.990996016908566 0.0454288949908913 0.953367058786852 0.810087390692331 0.998777768405327 0.133352059834583 0.693729430966523 0.585683459054026 0.457514678391203 0.700568589393841
0.914466305997968 0.0332463168612548 0.953821785233343 0.512841787672551 0.99309776810878 0.0272783333034345 0.346779264133871 0.525065037707234 0.033214344277495 0.354113578002383
0.0195093124025638 0.0062665804566956 0.991319027272297 0.51525884020394 0.997297655592679 0.161784329457009 0.291635010171082 0.584624774116465 0.187373882297174 0.705816263826092
0.954456576035043 0.000844895272029442 0.99416328461802 0.500756049975493 0.994015929999234 0.0272814791075126 0.413062694778714 0.523397733788843 0.113339572456454 0.441484977873784
0.183976389522483 0.370359891274251 0.947152965753886 0.338470970996114 0.881536209169138 0.0410449810714624 0.0331410961442819 0.520531832657208 0.213059898229767 0.494258315779048
0.0906798648737502 0.0325563601821584 0.964634055148879 0.162581603517972 0.725273664981984 0.00876805439069839 0.338528570727234 0.502570034324342 0.0177547842688872 0.223341493948725
0.981158773960881 0.921266616680686 0.98697912263882 0.538152082314513 0.998681003213811 0.165905043591197 0.0658184534699117 0.557991838403425 0.413239999090047 0.449945869568194
0.0110072708938655 0.0197812721417804 0.121253895198288 0.0685644047597358 0.893592427496994 0.00182915913897558 0.0624343837839498 0.45547422473045 0.0113479013404001 0.322174974336116
0.857638365011928 0.902026391252255 0.994938285395516 0.596999261756543 0.972082961702578 0.0189102314625474 0.952748612698105 0.517563438064783 0.151146577305316 0.721509149799374
0.996748295114598 0.000293903299735894 0.996796604088854 0.235921325373664 0.687792517415228 0.0155767861856277 0.25838633201946 0.476352837817398 0.0714346909442933 0.610153521362402
0.91687598303526 0.983318597946204 0.999933379002913 0.824764905792155 0.999434995043317 0.23961985770816 0.188663645050793 0.563296788257645 0.793257582068252 0.629241559711411
0.0552352468419792 0.00259643841286107 0.825533865789272 0.37423957804572 0.659942225929296 0.029224245963772 0.0669017081112628 0.51542428969033 0.0514225850029257 0.343280875729546
0.68390254407596 0.93030212891544 0.954376462686811 0.316336698743939 0.987286130248219 0.0874941485814245 0.463332673185128 0.547695314167677 0.0921319670511146 0.314599500884733
0.0760619099056571 0.00609305742933638 0.991166675094395 0.381916815516495 0.997434266907249 0.0480442886404415 0.30702981392328 0.53596393425008 0.18549710007456 0.623980436541654
0.054716801659581 0.0248958657855499 0.804916198867796 0.369187744099377 0.570635518768025 0.0774605697164611 0.0909060417410492 0.540429203001785 0.00974976666796873 0.270761802626937
0.0171502693222332 0.00201909375921776 0.133404090282502 0.121126669497382 0.620905451395037 0.000977997471433355 0.0101703464781941 0.414015605577998 0.00562113126181002 0.136145550544442
0.627814521827599 0.139764437185711 0.996606050050162 0.804501513099507 0.998734049805204 0.673730020071896 0.874701790888904 0.580513683544154 0.3235065397098 0.63187088234472
0.95570531069203 0.323340121264281 0.99137264003395 0.467980562407601 0.984346726263921 0.0329075584278429 0.0096226969504929 0.52386587837084 0.225252474029793 0.25540156923305
0.0444620843527132 0.0549271064027947 0.807416271469718 0.242447037529037 0.906803706760367 0.0622326409809931 0.279360383539918 0.52080033978734 0.0512489229272619 0.212240039077182
0.417914241738284 0.239062899277112 0.996188500304001 0.60351093133363 0.980981423803605 0.11504593900774 0.100804619095346 0.543556932276034 0.0720901287994187 0.602442555416382
0.753903248347555 0.252183764926405 0.999659943325787 0.721931640400547 0.998442650288429 0.203215874324553 0.767146847490336 0.568908141761474 0.183586596695998 0.39507925579519
0.173865048783088 0.0331075633928951 0.713863895453478 0.428677726951059 0.905014564557855 0.22618505942666 0.434366942947486 0.508075870954171 0.0883303883930231 0.221526281582089
0.978333308277129 0.00105508150760594 0.968315756628034 0.450659882192491 0.283947228628383 0.067566653223442 0.121199965563071 0.496227472429258 0.0148420936512575 0.28610436725207
0.660875435302092 0.114994112563091 0.990757742121305 0.32073237450754 0.991560500670397 0.0704997957111375 0.287785230766497 0.515830624974449 0.0355116053154961 0.336372898066516
0.185675755315806 0.796992688499115 0.989320291451654 0.292222131508807 0.994158396296497 0.0392871063317616 0.0384765871916565 0.506146877253433 0.0310037090816429 0.511216156713733
0.0211331722454924 0.9399713814343 0.952294663025033 0.452971189608117 0.958880952720388 0.0229950524625119 0.153512195540441 0.47866263780788 0.0106298378845236 0.277206387135874
0.419681161403892 0.0734118704192015 0.900737734120336 0.411494615711837 0.988250241206559 0.119019322110387 0.0561028479133959 0.571110547029564 0.156307759315846 0.672179312102705
0.958971408479441 0.544684881027672 0.998175650338896 0.727735305529968 0.999373807841938 0.385249274356396 0.285590469774426 0.555634212195895 0.446117289463039 0.53579783312609
0.0974830568438279 0.021444902351701 0.0267507854579562 0.118521495537055 0.203481569127733 0.0184842811275585 0.154545065789709 0.483960430346463 0.0111072856265907 0.468240937405411
0.977445538679203 0.220282891378344 0.471694805718054 0.504092183877225 0.998771587307138 0.0744956235517079 0.389576344221147 0.521975951911124 0.0390677175466695 0.445457417069839
0.156033437916323 0.0325490247764433 0.991632723673579 0.420823658806157 0.983156074451636 0.0494366082371842 0.152518920716147 0.542203929078877 0.227362700850237 0.73109166403838
0.856847451885851 0.139558252010713 0.851902139685739 0.332494648568703 0.925669748014448 0.0207625487262549 0.103457763902511 0.48584872200772 0.107709640494358 0.396471028478335
0.35499228424456 0.142094348361096 0.999796085305317 0.612542515293977 0.999507976752633 0.0446833371944489 0.186292568571886 0.546480947912663 0.094293085279316 0.671531574038886
0.450856866901265 0.393468141722581 0.830221076411822 0.374807715217143 0.845934513081508 0.0640908301824107 0.317252021368004 0.499490886073877 0.0593021825148378 0.508739579394234
0.0298512515352337 0.594518370836381 0.969306358117572 0.105004192597087 0.22514301364579 0.00290525703301318 0.0139092803782665 0.519452458484514 0.0273761369196811 0.194836525593182
0.782318340180657 0.178434062300262 0.938212813151285 0.237988633701299 0.389117359315434 0.00632918903457974 0.224635128062557 0.476930508676257 0.0580542922413824 0.321081121024378
0.00163260876234854 0.127971082581503 0.975309425503973 0.297173603349325 0.665828771531032 0.00793084933686497 0.381017994235976 0.491020920473453 0.0311751284189274 0.482415186187931
0.699870765091021 0.699314669888643 0.983201608728448 0.777990026415808 0.968980828347986 0.445671949197599 0.340614905943586 0.574975910749946 0.205248618332779 0.487727667268789
0.235321193115554 0.00050013117452848 0.917752220324734 0.454968198383227 0.99952173886564 0.201223434278344 0.593398246396061 0.555610031092056 0.0745512027747555 0.567201344510767
0.225580189913692 0.963261065570495 0.999951299226735 0.834220858596338 0.997352606243111 0.628336431304999 0.210687095984548 0.575987989330634 0.50077534363033 0.78613220758382
0.711164386763251 0.0607884780084564 0.977250547294648 0.347193548286503 0.574777830690596 0.0450654696334107 0.15312485278935 0.476545716713589 0.043354757829839 0.38086328192672
0.10413703525583 0.00849805118524278 0.998463881185414 0.570529298840463 0.433682130801752 0.114580147651688 0.230700966626187 0.524730777173305 0.0642947175789383 0.474835103581228
0.0109679239865931 0.639100277220311 0.99925662679038 0.801328803972688 0.949440736059072 0.431560220023483 0.895714776287053 0.576395994794261 0.212011639963584 0.414331680461897
0.966851862477384 0.070051247135548 0.98472206118743 0.611697627624425 0.962365785299282 0.188458386789413 0.804665004072828 0.542316059233428 0.285471208789909 0.500071513606669
0.952462950672651 0.440495488689104 0.948201177641326 0.558469994521559 0.998905471114061 0.162277693648304 0.284966382100544 0.595193710300109 0.102057778450566 0.390861927201613
0.969006981806523 0.588570190696161 0.985351051959127 0.490180304355104 0.978708930865783 0.166925657590356 0.115511759423669 0.555316672897419 0.125246550118722 0.392737171283097
0.962696731738813 0.980147365103539 0.983903003561787 0.794527329957481 0.999368141051035 0.460431640798137 0.719251798792316 0.580339402356885 0.25866284898539 0.842383499539828
0.0245776463010291 0.00154407803043159 0.120311687721562 0.226723912986825 0.576975444291235 0.00616071721063332 0.0693396540446945 0.469812811671659 0.0163503613626676 0.188849211865425
0.750041325740764 0.0453150221922134 0.915387614594035 0.667159897516476 0.994198959005448 0.1525521115965 0.758683925199416 0.559023454358378 0.239325034298045 0.553072900796869
0.0967284179158554 0.0129173634501367 0.916181085441723 0.361683947598507 0.711471544479687 0.0183743143765958 0.100541021974288 0.475096329515937 0.0529569432910405 0.319109806565878
0.879656756002807 0.747118666639664 0.999892345053566 0.825951758992319 0.998697250524593 0.553558591459914 0.834479908112043 0.608270466795742 0.278806656383172 0.559180927686033
0.672191115550056 0.942027320966674 0.985627848544696 0.645140686444873 0.999091001713016 0.347847925701407 0.40592311848675 0.600410719918473 0.446227364683019 0.821076996953604
0.189513499114908 0.883236263287479 0.770467166274332 0.386858255943154 0.730570626886293 0.0332273238207076 0.610181220813166 0.50976222819129 0.0554273672289109 0.324405405807442
0.0878772086035133 0.554079210462885 0.977542321416536 0.76777267133723 0.996680304722839 0.336412123464321 0.105862894735818 0.565539586866837 0.254034224706244 0.552809185777866
0.424711042399772 0.0229797485548477 0.896049463361161 0.236056630979002 0.798274257326003 0.0258211454820614 0.305181977254941 0.501051378121279 0.138055631243063 0.31849268123114
0.677684435356311 0.104261257767934 0.954116608737678 0.392210787412155 0.778443787514272 0.0702156980503823 0.106903578232946 0.569690193229399 0.159769263083892 0.741616417622191
0.767010444813388 0.591076611914057 0.963064120494787 0.512702333182937 0.97577919089143 0.0398286123898628 0.400416107231548 0.5513642009276 0.340766013153309 0.402518936981641
0.46772703790905 0.997651161015821 0.999996741860943 0.916699458083938 0.998458101368741 0.447934142492758 0.579111751066326 0.598337240120662 0.486240047605161 0.734988641032674
0.0413647049501806 0.0165723852009113 0.981773776400126 0.0696709360028618 0.0512261339279526 0.00949536133559457 0.0508642663350853 0.421131160090149 0.0130759550184073 0.244557351133339
0.937147146497241 0.667977024265082 0.998577552993883 0.450767762342985 0.977634872188823 0.0350741138104055 0.0513184682926497 0.505182206362807 0.0284370244936015 0.299055933490042
0.184807638174205 0.036918955421859 0.934000178450025 0.315550732645817 0.994532830955964 0.0496245314978069 0.402391529066232 0.524481271481939 0.0869972327239502 0.482742867046511
0.880792868424432 0.997950908160945 0.999211559232277 0.915043994421311 0.990422552456355 0.454570864559096 0.210985405323997 0.592760525894908 0.353524360093726 0.594944436445039
0.971966329895175 0.0561257420526651 0.738053710280543 0.0965731442741601 0.615546127668984 0.00414139827060851 0.0564790635986305 0.464605251517305 0.0362640409050688 0.521627282747329
0.453073974604518 0.712434861762041 0.967872769511159 0.347924355818697 0.924873853658732 0.109544740534052 0.774691971749942 0.505833781437221 0.0707574033539587 0.504550912718909
0.963454359162766 0.844260821562644 0.999987103839327 0.746605900739904 0.999757582416067 0.255682881635904 0.714925447728761 0.597120678677815 0.496336722639809 0.723387436552959
0.354370277074957 0.00719789043600567 0.8847203453663 0.362686585634353 0.746304176720236 0.0463973929691312 0.0919230029503466 0.49543926114903 0.0612211280931777 0.463177270327371
0.107584339432677 0.31379267173308 0.999542816804412 0.32775505537432 0.994583929836482 0.440917651977378 0.496185006134637 0.543535759261482 0.109430659538068 0.620706583009668
0.831690582275617 0.102750899674711 0.767900056438813 0.584104346538142 0.997113857789776 0.0623524521684349 0.496884915736486 0.537023523839417 0.0816734916157942 0.638841875623065
0.698709423152712 0.466602993736846 0.995418530312271 0.768678812888698 0.998335238574801 0.263526020617707 0.62078177795967 0.579152311441246 0.376720693184837 0.456976991849494
0.174218434471593 0.0382910438874191 0.151804783071577 0.154282381792602 0.953773472731968 0.0306468308714598 0.0354370367447934 0.47583165934562 0.0473922256776102 0.30200991650332
0.960553585650261 0.734231283012714 0.998986916952952 0.550444197791871 0.999143174514255 0.172350451103747 0.60744104999873 0.555032786994489 0.147434589040643 0.484995673105744
0.992777391641846 0.990766513705312 0.988173014390113 0.595917552574144 0.983208349504546 0.063508335877821 0.0541719892958571 0.568955278479395 0.382179520123918 0.65756207142036
0.236125068559958 0.544544237697562 0.381109392280582 0.521492381796773 0.991375324607912 0.288785995598817 0.159027595707961 0.547319544927288 0.0827732151855205 0.673686457391944
0.965289187497473 0.822545341467134 0.997418749148471 0.889658872975025 0.999933302777814 0.56820430099614 0.790375929566667 0.606571560972709 0.688271813559906 0.634296082550983
0.89488617999817 0.950742763527729 0.999812296469788 0.863854641556179 0.999390611923321 0.349220555974341 0.683651529019145 0.623390364821526 0.51023346446583 0.721306914205731
0.217211207162161 0.0573124198320889 0.0330670102261804 0.380315681712243 0.973527171492953 0.209433676661238 0.347420501059168 0.546490355756859 0.0371631273120479 0.481471617681483
0.131738974385053 0.461517279366692 0.951660421081645 0.572485076689968 0.99729237970639 0.0630967369502033 0.142897101571936 0.542800002802644 0.0792631291910888 0.44369748128981
0.892458629675571 0.00472098230957208 0.976992759396589 0.560609355748073 0.818908432280834 0.0279460047854418 0.620404600170931 0.530144168631594 0.103106745462066 0.530283459246389
0.0293752964778938 0.0277008500649337 0.828018507764531 0.373203290277034 0.792596119550793 0.0185017328436322 0.182650702635306 0.523914441149896 0.125914740685062 0.385683495983742
0.0986324116518676 0.997703042011629 0.996848044394171 0.876588747339428 0.996672196771914 0.724368222686049 0.168362995800408 0.603096291410195 0.353985848701519 0.704305811749427
0.00276718181868509 0.0117936896395567 0.982306468546753 0.205021506926675 0.937990642244402 0.0414919193859726 0.219878182681224 0.48861304385977 0.0241691375338232 0.35129605680224
0.943815972921171 0.987478463182632 0.999387619255074 0.778186750236175 0.989094655814772 0.448807928402446 0.769565615605781 0.599546483256492 0.50825778632092 0.684742173985555
0.0271870893890234 0.0815040861697814 0.989125592458183 0.327481146105947 0.904687686749646 0.0399990141434395 0.365332307010607 0.541587658789305 0.167072671575039 0.362248394872614
0.000888940131713698 0.00402577459063324 0.98786950684995 0.109538577456654 0.848335255866917 0.0198226814730999 0.0340479122133012 0.46494700602118 0.017805035567351 0.281824710861112
0.994722996918596 0.746145004413931 0.995084862989682 0.792185454506281 0.99985822053468 0.303099845577694 0.584772143401872 0.621924229327211 0.62089694578436 0.393167357389597
0.934824649388605 0.877623264049474 0.996124060112119 0.729580460654672 0.998725710671812 0.245406718433443 0.777687341548006 0.588278690037941 0.212003733492069 0.417454312213739
0.276384390961326 0.885886243733735 0.123018994654202 0.448946557015126 0.966043420944934 0.125571382914379 0.423234735108058 0.552641974677661 0.0403545714124626 0.412174143601139
0.180722325964877 0.0319808185684678 0.997417351989452 0.489764121064808 0.982059236205335 0.336857474182678 0.719260181087087 0.603520330261937 0.143103820611838 0.641313555479508
0.988772500603127 0.0161944739482255 0.967701972415248 0.680594707432464 0.999411250257454 0.119450911139492 0.49116870764686 0.569931786377779 0.294092934905991 0.633604260926671
0.603444894039189 0.0887968172242136 0.253072509952886 0.331412302973649 0.931016388440524 0.0275313445172839 0.188231129865268 0.509796312196799 0.0170482772495028 0.412907263324437
0.0702673773896253 0.00119098518350939 0.176263785150509 0.144354455337889 0.571097900974996 0.00279125268176375 0.303833854357185 0.46688271452784 0.022629638799691 0.408940468482731
0.980544912176695 0.217376286629565 0.916452877982244 0.793611408797969 0.994572049148425 0.370097163159423 0.181494996431365 0.59701440599517 0.461888291410606 0.695617463992412
0.975580681138844 0.180478774210652 0.940985940355887 0.4759549198881 0.934741004531305 0.072550151556233 0.659537681998191 0.545090198426401 0.0638447723781711 0.556269449155159
0.0842930460464505 0.00213393475220272 0.996284854661619 0.468654279344783 0.939681604866994 0.0738993942934407 0.398817013290611 0.521252099684717 0.0819714025809286 0.489745100051071
0.43716822053135 0.302472638383719 0.99014065762851 0.269839753376731 0.981674724067771 0.0908924864999597 0.202422336762922 0.492985373090584 0.0904910296835357 0.343410031789272
0.420574012321329 0.585293533891673 0.999512932321864 0.677161178881912 0.962584278927622 0.250278649403297 0.125456158785671 0.530464566163588 0.224670317215718 0.64089038146989
0.473026413801852 0.110490997887633 0.980909412256913 0.752669518531342 0.99405082395527 0.342147549854501 0.717098986561677 0.583462725433876 0.344626696877435 0.694540413613895
0.00208615522599361 0.895053905148134 0.999964638575492 0.374561014469969 0.924077107472555 0.100926881507292 0.733505019194448 0.560666009616752 0.131828553216676 0.528375140972533
0.681773864839781 0.514255156128682 0.987832148347588 0.378128694910774 0.914948676880248 0.0390207547303098 0.232877349617078 0.525199326071258 0.0943346820337372 0.391147957193532
0.172985441755753 0.00214698083187663 0.975465748615329 0.186698028024167 0.575466745270401 0.05053034832444 0.433869514038123 0.487400100880329 0.0222405767556696 0.376648724745812
0.923215734600518 0.0153888131079166 0.998094033097304 0.352996242877618 0.975874885230472 0.0192738730135971 0.0425406826280008 0.533819364909859 0.139251888281675 0.617477520588628
0.808375081949684 0.430253465484947 0.522033490993422 0.289525273197322 0.908028332146586 0.0508224990555417 0.584075057845308 0.477042442936023 0.0116317331620254 0.385307515907606
0.0335106044533205 0.00850443344572536 0.323128951137358 0.354556682531525 0.991942404921906 0.0520201377018247 0.625987969416373 0.522969595682026 0.0962122597466475 0.386575923540614
0.0311151794027755 0.0455249790551655 0.988696976001645 0.430979653863201 0.858996027260079 0.0318871100258528 0.723718948790526 0.540681985427003 0.174418335506774 0.629753700391088
0.942126744784808 0.0243301204693864 0.927619645648873 0.278138661832265 0.969733364863814 0.0249425370814367 0.193334555471501 0.484079074013121 0.0535821205311851 0.443043744762789
0.264122311600289 0.678608249447574 0.97998361544637 0.416311594655176 0.99870292158117 0.0650525259602385 0.223913989207493 0.517584868765789 0.0844121038038741 0.592367276723526
0.931223809667853 0.800512502202929 0.826072993213938 0.328453821499782 0.986116476544224 0.0252277883082268 0.153818511956442 0.466825104464211 0.0352458761930628 0.143791861471265
0.0116498664663357 0.0258948448253947 0.180184376809868 0.0765585054426054 0.00395433200494306 0.000692331664426201 0.00880319720619976 0.400419707750303 0.00259959995430713 0.177040994680857
0.25075232111388 0.00888097790894789 0.999531509412023 0.315723300400064 0.914082385598558 0.0345761533977378 0.130405271401815 0.510808242030628 0.104485457226399 0.380408587749969
0.556682948804455 0.00177144539323394 0.690051572988776 0.211714227017739 0.332204843241221 0.00676282238576993 0.0788601139991443 0.441427134878124 0.0162997611175419 0.437040134697696
0.991850132958639 0.861139032214294 0.992452210978067 0.689080027758778 0.992985251031132 0.147228351681511 0.0638310745036992 0.541582700398569 0.297061876890115 0.730966586513443
0.998841902031132 0.985081946095176 0.95788634538852 0.830684801723223 0.982795706201718 0.272568571301548 0.603064549510653 0.589397482654933 0.12827972564956 0.638203882101174
0.709853472016706 0.437232604070027 0.23559884606312 0.263086824967233 0.982808818198734 0.105307827929707 0.100507614304057 0.530237892139421 0.145370589831327 0.435425029408788
0.958016641661737 0.968350394384062 0.6347263994717 0.71743094900613 0.988689278735591 0.0911585790507871 0.800061877970612 0.578910566362075 0.186180361272468 0.600834067988975
0.993068067456618 0.0473123345958302 0.883947725726957 0.667857504965377 0.942140114445011 0.381914992073262 0.370989774908631 0.556482185849522 0.198148159342928 0.554104270429616
0.23929785765531 0.802504706770332 0.991893040884617 0.698426426999982 0.993872468329441 0.195593530502069 0.368369214020139 0.586235512446278 0.243723591054491 0.502830915529194
0.926092639028313 0.994803250170416 0.998856051123574 0.617784639277864 0.99823515495427 0.199418643409569 0.761712576614877 0.597603574789917 0.357958133600103 0.615540540331165
0.898440555580296 0.0965373872340555 0.999711886775074 0.744505854701716 0.997482125201139 0.069341890295695 0.26595138880233 0.528347335728798 0.298843754609375 0.358455032562714
0.449105918102336 0.28762338850111 0.997280098359554 0.680490062098624 0.999061607716375 0.165376332543109 0.835722551660233 0.556963804317972 0.303335550283522 0.832579888669721
0.0820307037752775 0.00316042401435239 0.958319722107398 0.263185647220487 0.782917536464364 0.00900601745898644 0.29511985063455 0.48532714331805 0.0257233672480883 0.46328844439544
0.899822482520515 0.0136358251136614 0.962933768868513 0.693204045378436 0.984045487573498 0.033838669601778 0.240421538956076 0.564241618573837 0.0732826995351718 0.567175548102513
0.00818195974172248 0.00903804805760965 0.456468775239804 0.325326133149677 0.931483240350386 0.0104252105532292 0.188936480893836 0.522518026581751 0.0428376441479789 0.362057990118512
0.945968543638701 0.861167029223092 0.976472510218745 0.710452239579892 0.991966627403281 0.278873377087354 0.271686348654966 0.592401359163558 0.11145913791327 0.540867169154518
0.0334368438196227 0.4008472232648 0.978443763840635 0.454045337391642 0.960944286341479 0.0153460832554393 0.319369815367239 0.507102929071776 0.12392464320227 0.450996271413759
0.99024966583591 0.0978520522786829 0.981309676108559 0.180631791269538 0.861196332780968 0.00164375636129488 0.0216829329041004 0.469600912438274 0.015769163578735 0.391298815546667
0.456294144391298 0.994838672448176 0.97463468764634 0.684633628572982 0.998140046615582 0.26425956737408 0.403996756953591 0.57359364843356 0.383388105963738 0.691591920543006
0.913661911781373 0.0594112485826799 0.911595471216397 0.875761577204507 0.998737202384618 0.37295248842123 0.482450525910052 0.57667830901206 0.42842872710576 0.69959074880866
0.34588623742231 0.52253705319766 0.986953843951482 0.368133324867903 0.951247975702895 0.0417401250526075 0.146834452793766 0.494140104722373 0.136779349326223 0.416076061654809
0.0462241534654157 0.224493672432469 0.990826762147526 0.650744899343641 0.83630847919345 0.137579315716513 0.234532906564858 0.502547684639158 0.0720442555360562 0.521828086997452
0.974155427823629 0.950906969132066 0.985110645745511 0.53741233428883 0.997758464736473 0.0477956587249211 0.169173425398743 0.588359588202239 0.438849894292372 0.701503456514701
0.0495771322607723 0.38371985319351 0.946264028880214 0.260265994959685 0.963143545118223 0.00778489194541184 0.158085670670312 0.478932225934837 0.0644545047749798 0.30609947171163
0.974563554646582 0.0498870625032216 0.979526999069328 0.648806003443381 0.99915344915928 0.0990281770895921 0.544473963832489 0.545601760775443 0.122225680470687 0.557510393880081
0.886564704279633 0.000367745735896261 0.387821652234715 0.363495088004423 0.995361707366601 0.147002063477872 0.339059883435502 0.538028859626605 0.137912172513818 0.498796230617032
0.379821232689544 0.0521466774243461 0.386492288458357 0.74756361403244 0.998510704148966 0.264374531031094 0.741449809022346 0.581654213530316 0.606681161949615 0.787056938126959
0.0626292989189108 0.00653848205538091 0.118892809431816 0.108373110794727 0.825776434402064 0.00661665806558095 0.010105735105383 0.44627870615418 0.0113394102238965 0.241915362479546
0.319009657261088 0.0393426360853751 0.999893959750013 0.915842519776676 0.999980482230071 0.220990627996308 0.674590724162793 0.60926643926089 0.479185628937983 0.878147027590274
0.18663020779547 0.151553488852164 0.936489928990309 0.491817930492973 0.887247740754103 0.106902876860688 0.0769144895247875 0.511386369861128 0.259802421356143 0.490380077618109
0.990535243281571 0.237089698630246 0.986647267947455 0.60061975398375 0.996620607683757 0.079012799562445 0.283538662857571 0.558718513252565 0.0197610222075675 0.397175494237938
0.678378310958612 0.853464410861006 0.999586603682898 0.524062256195942 0.995099332693169 0.412059627393819 0.119547900664518 0.567509143747288 0.51686848362827 0.478784694640595
0.0170469487432653 0.00168408894351133 0.962882334875573 0.11829305072688 0.851141630074516 0.00328072694225346 0.0803930385869649 0.466849785204265 0.00512430261408899 0.0806640876237064
0.550581218392979 0.0574007619591875 0.998991306013687 0.293682658489494 0.914394161268531 0.0318956137694215 0.165787336212153 0.500227759478952 0.0573945252374998 0.380346301926711
0.830693167618205 0.929502378769978 0.957228678763677 0.703192627184834 0.99984915479003 0.170809856526268 0.281624898535132 0.574383567934655 0.256479175902153 0.777702981357143
0.525557683681114 0.101688521526085 0.746712313221662 0.479967055723824 0.996944875814618 0.196552728159056 0.626274596480793 0.524991684046831 0.0674360023877878 0.37337162101182
0.164865482040332 0.0141223534234242 0.212449658904429 0.609205179625884 0.993169952646986 0.114277534430278 0.0643093303853194 0.521123763527015 0.0820375974731817 0.545108796723954
0.748112358958207 0.405198763343948 0.978004917454309 0.816369747932593 0.89044137198455 0.320737382581887 0.414486402529861 0.574136207062074 0.498331527139624 0.553636161442131
0.0111203639428744 0.510297058077079 0.98277249989671 0.553008410149648 0.987008772418435 0.103878546979013 0.417365632397843 0.551800533647752 0.126205135569173 0.594377173087432
0.261876990445018 0.362311796935109 0.713922945979185 0.539674455243407 0.996453049230307 0.383220563670742 0.137097440681317 0.565858714536509 0.307792423420174 0.581480782605932
0.243521379554475 0.12919327461817 0.999803873764517 0.4631473172601 0.981857010178858 0.123020370488944 0.162043229627377 0.53540918991566 0.155344980787804 0.327446231620831
0.971320340491019 0.577713456370397 0.967520979302085 0.579040169778799 0.995451877636456 0.376410846521084 0.132880067090714 0.594350885213396 0.111926430914256 0.455680337951315
0.00759932452720446 0.000279014325845728 0.842148274717748 0.203165170477698 0.355386108057491 0.00102837898148648 0.0333404104141156 0.471595769586037 0.00960996154533755 0.269106796486039
0.928242959887767 0.0171176089517266 0.975275669969437 0.328742319371507 0.991291211012023 0.0471153369504437 0.717450432625009 0.533398296497904 0.190593207426175 0.454792571917347
0.988125961324248 0.144941252591602 0.903843823645799 0.26668211010319 0.980496212251729 0.169032917427644 0.206937828961168 0.494910394876484 0.0200620385199325 0.222415415284673
0.593805946671963 0.0150244092439097 0.960460940949346 0.128425244122699 0.729366218378525 0.00497135817936237 0.0317008433689885 0.450541137797253 0.0275982928283731 0.223915889326603
0.728183076387347 0.306819418657441 0.999004766653961 0.583830129852621 0.998864256134945 0.367747614590015 0.482495081534737 0.577457600041002 0.22024510814524 0.515023773157453
0.0213475563460011 0.00494169904985713 0.866881872145543 0.219020266141832 0.910281510710042 0.00326894195101378 0.0598563130121457 0.497175783469722 0.0230286052954771 0.285310521012839
0.00018771459759807 0.017382691337658 0.153574410922615 0.403233336353177 0.808723730147197 0.054098080821439 0.156161346964559 0.505836295112474 0.0232080037218685 0.327272953167648
0.123398514409905 0.055276507037314 0.999893574765428 0.438927650782369 0.994487695650568 0.173426905877405 0.0962471693645985 0.512201374759868 0.310616482500139 0.638669426365739
0.998097662933532 0.0527852390620471 0.931042060907003 0.346027105372756 0.985848496574308 0.0279194257446121 0.550214568672684 0.535119121433194 0.060512028055548 0.283897039349951
0.655294910336067 0.769078208910995 0.999218673890531 0.555941964567974 0.997307842792614 0.0595542821264062 0.336705146591449 0.561135991507544 0.162746809813774 0.449330145716564
0.190010058760397 0.00671309508422491 0.996033239942193 0.280468199748924 0.929365468963613 0.0828840808650748 0.354748653941386 0.519229123268125 0.16356971688008 0.352476347809522
0.992664745188056 0.99643689726691 0.862926614885733 0.722600838720325 0.992660711407665 0.240803721183691 0.34703104346297 0.573710258526892 0.28615134293374 0.43551609304682
0.994929580613132 0.2492631796797 0.977653981567657 0.448085542326719 0.995118064769304 0.0467450171232405 0.188917181411554 0.530528391855858 0.132159013495292 0.609823173186734
0.522626632999768 0.000451376944730016 0.26245553601166 0.402461947722004 0.991729634211061 0.293879799499565 0.0891443137548215 0.507269871518993 0.0734564497113752 0.393368779403136
0.876293790316534 0.814722912890583 0.999985652311261 0.380652480251522 0.977433794012762 0.0957393164819487 0.626798697589706 0.509452128492895 0.256405631574447 0.557069478798128
0.792398258100595 0.78170295690336 0.933761281933528 0.436024650221987 0.976658925888667 0.075971607210114 0.201756955103286 0.557182446193597 0.0600229811406957 0.289140368866666
0.177497702666228 0.00775760204860396 0.99176708179741 0.236285067831321 0.947811378249953 0.0140657047277087 0.145679516479897 0.511012132347521 0.0147442782980214 0.512332974540357
0.0861122039273064 0.00495768608408702 0.129895568035746 0.208056168272982 0.984410485728029 0.0367215973799357 0.0625935400339696 0.485240337650336 0.0383519160881435 0.299124610313834
0.0514548979050934 0.167698117995708 0.293376685927555 0.553086087931473 0.97434415212772 0.0156395765857616 0.0448385275326149 0.50316061615608 0.0922235292774135 0.480026169966899
0.0845483647555664 0.889996722328111 0.891464627117959 0.406719039698676 0.919282248503765 0.264022419414759 0.302588147223577 0.512978955302407 0.0623571841881668 0.484209664769635
0.694929300170268 0.70224668203349 0.526456420608284 0.274486544570341 0.732237155944265 0.046643049569921 0.0311060839843684 0.512064069447071 0.0717944397129196 0.497371319305499
0.978410425072256 0.988599816050963 0.996411274287035 0.732368185613208 0.98984836544828 0.647778561564896 0.259806468278418 0.604098543127512 0.258837881471913 0.590339487314085
0.514904449836636 0.640923106789732 0.992896771935657 0.575573429264321 0.995551781138471 0.0607402219683761 0.501184660141956 0.562776482508984 0.157496571898187 0.62600794294416
0.788991236308 0.0599552237245857 0.999340399056463 0.85408683733281 0.999970099849786 0.485323624577853 0.660754539884014 0.586830573467015 0.650862467681759 0.62865990286338
0.560623303130841 0.992917498640481 0.989011816318426 0.366063446781229 0.954925763639423 0.0782544112173886 0.478161414384367 0.54207252659518 0.309067539364529 0.725771146992858
0.98466943463887 0.268612207648679 0.999979723001852 0.83631689929824 0.999972370098963 0.191577458767423 0.914436848812984 0.613310787737443 0.534074114653889 0.638502718692745
0.836140071848983 0.00269041265659974 0.995113229657605 0.244050312488283 0.963721775761385 0.00899034461984381 0.248036684868087 0.467986291135003 0.0435943656773565 0.488659348824034
0.635504840377078 0.312675820945915 0.909384093757953 0.499064841917854 0.99799669744457 0.20441176735855 0.0232037363533079 0.510831986276635 0.106272006419036 0.468962536397066
0.0608512915119036 0.0081576975926539 0.329292517717715 0.190031762754823 0.194044569744918 0.0130849486662649 0.161586109291348 0.489484842207937 0.0411317021514314 0.3222142743321
0.728112163471183 0.0212529856103064 0.988295950778368 0.316167937521431 0.663204715612798 0.048048090592097 0.131765793192333 0.517274592670542 0.0586132428097399 0.427860444868968
0.745580550204471 0.141842846819525 0.31842264761968 0.315919261552161 0.776738707163385 0.0822773890645878 0.0866097357464286 0.517648627296426 0.037269253238029 0.264161784213345
0.795963365754183 0.467104323927914 0.35341591782308 0.31963958083143 0.794533588654754 0.187502628025403 0.148518749276318 0.522561929279286 0.0698546155845164 0.450368474505105
0.518499836504179 0.0913047617685592 0.896800905056241 0.397382906994426 0.88572856169056 0.278926513020899 0.134439511362854 0.53156323798713 0.0311753306089379 0.402297756373944
0.182456047791909 0.00267996532684486 0.974417933572476 0.624935802647636 0.906124875065983 0.114952139249579 0.051357478470104 0.524259700740129 0.171678895487845 0.505008394571197
0.569812736743658 0.024937053523345 0.965747988459308 0.478368323809058 0.976326242350723 0.0236836977348773 0.455758957961168 0.534759580232615 0.0872072894955398 0.404987197871556
0.998653870778306 0.100639091727689 0.946241557966843 0.539040805165721 0.942704742366996 0.0391365090760815 0.849941993608563 0.538589647283977 0.0850879875596084 0.47617538681183
0.230227258481323 0.146956000635898 0.976864662059801 0.495571445793998 0.942904230758469 0.387804567830581 0.307781466138126 0.54078145294836 0.145901170889977 0.47478745304057
0.801441495104653 0.00308442464601462 0.479466989485314 0.435899147767745 0.996605114239817 0.125558039592708 0.425333416376411 0.527897349244695 0.13574493379328 0.381332663431624
0.935472511131749 0.955838482895901 0.931731828937191 0.422544292755092 0.95415802014417 0.0533979182155339 0.533815197795498 0.557263917995549 0.263767421057521 0.384783060208255
0.984727692612919 0.820122565586876 0.945856231791423 0.636537668159238 0.999687449619758 0.129377069122475 0.206966097947856 0.588358322214231 0.141524297687605 0.45948468454204
0.187066242220775 0.488296444375104 0.99763563621641 0.412398066841196 0.937569609758332 0.0102882638936584 0.00323188566623504 0.528120987568574 0.0499839205084284 0.468110887004926
0.959143242643918 0.00354856934620567 0.933608226551325 0.559290211057163 0.970097646027774 0.151332314022115 0.29603904037982 0.521195771645026 0.103926724099064 0.453230033003361
0.236373327632289 0.020545999256664 0.994333064747381 0.184190179656856 0.621828552577958 0.0232104073632389 0.498845566962901 0.51161468970533 0.0975509619030051 0.239462086627049
0.986400299898669 0.373959704266172 0.801505393019174 0.257433554823668 0.995122995459165 0.0663170484550936 0.0903250527607294 0.50289029552014 0.0388231168425599 0.469774657795322
0.216172124853154 0.881062567087169 0.998045490858467 0.908255411825916 0.999929438304715 0.802983863522002 0.917421533925856 0.587600357984891 0.359544194742802 0.768975771340585
0.97040763222574 0.010097582806224 0.800260439080561 0.511595185289782 0.972617489972247 0.0384470177037631 0.244459753957569 0.500007141492645 0.020891759078023 0.223793267501051
0.0363506284019791 0.00402947866234171 0.927038320032616 0.152424694908732 0.912270996794016 0.0356081599205885 0.0111990306505117 0.464241371919219 0.0125189079190995 0.231432736716507
0.838814559157963 0.212694388754147 0.5970302154468 0.408951432960698 0.920642493229633 0.0982549884859522 0.126965234657773 0.515860575986371 0.187552124217122 0.476730519406632
0.961335184656653 0.00516011970898148 0.655261481402039 0.302159375875901 0.843589237593451 0.00260177024309333 0.154771212745033 0.469473304983337 0.0581302231250639 0.213706862501696
0.504795734157974 0.177567328661085 0.99939708842067 0.698269710345531 0.998275040708758 0.186618656386832 0.290567360749938 0.566683700464243 0.277013524756947 0.46948145230241
0.964455838567363 0.011729077292034 0.966654669116842 0.451607382966928 0.968169038317576 0.105473261703704 0.147634703813315 0.533153374887035 0.0138225096520235 0.282444160525429
0.754240355307094 0.45137977061852 0.813809817413624 0.775605276946622 0.999930306370568 0.358919102398745 0.520390901375692 0.625448821286274 0.482896528234036 0.646834413063846
0.987249413180108 0.162450133334649 0.9917233532146 0.713677108418013 0.996354028052151 0.37066837347859 0.403470651584365 0.573722600669208 0.227612285681898 0.675679614727191
0.920562785330658 0.213329897639822 0.999931547436012 0.386005230939239 0.998166084539683 0.0736530583963436 0.0830873810115088 0.556013458291121 0.353062699962392 0.368711720030559
0.189062321581098 0.0415561928906996 0.88301975813658 0.569611819525026 0.951484886646703 0.0721509397315204 0.300733401288655 0.501759975843047 0.365371899564923 0.341746018403126
0.24736607152111 0.154366265167408 0.981129855972862 0.428430108956582 0.945873895338688 0.0871488597185264 0.166782704925628 0.511809110393871 0.0386658485867548 0.431372147422288
0.949394980847366 0.419286719017425 0.958701473163015 0.357767118852003 0.695355417070142 0.0399976611298425 0.173777100696662 0.570223170414033 0.121692010658073 0.481391800600594
0.386415353751057 0.203596192305556 0.315672720474928 0.383876744650955 0.422926857806276 0.0123220702039804 0.387407465995179 0.536786552158812 0.0802237336574865 0.254879583748367
0.851678434207517 0.0793461876306797 0.669413361487431 0.722686426203607 0.998060016769374 0.0954135298291427 0.175034223257294 0.591514697650171 0.215049497820729 0.506652365120112
0.0840592081723394 0.820294046966463 0.997289196126048 0.862615337895329 0.996806173632506 0.210292427336657 0.537244662929685 0.55966357055604 0.295820738672804 0.797065526095553
0.477920240084748 0.084953069991644 0.99639721683636 0.464090393518166 0.988475831118491 0.0140334166657203 0.00393946071830224 0.517205955231161 0.104378238116158 0.436889909776196
0.995362191826483 0.322279772269149 0.999987797554851 0.819372866118046 0.999274768948378 0.516320633519654 0.327618974430196 0.605488858609128 0.816250704087327 0.701877974157221
0.437896559007962 0.86326583243538 0.990730901994466 0.61618298537114 0.997985098922561 0.0373778662741573 0.0824858805033001 0.560948848231653 0.0714038759771387 0.420408298275567
0.0125591039035223 0.0104275368389386 0.191738317726832 0.146915117965233 0.0376563358796186 0.00330647370215386 0.0986717249278831 0.455655218405295 0.00668449654211392 0.373269824182701
0.0337355749770047 0.397666119783615 0.774669935523003 0.182624267337312 0.83121189231808 0.0423107024881407 0.0472470443880111 0.51487169362058 0.0405668462115113 0.440999521742711
0.0914308089137506 0.0324335452404117 0.999529965345604 0.713905788237058 0.999008142229516 0.537663891920789 0.305760391330592 0.577059367758117 0.421260727909694 0.777562427176863
0.810321513295499 0.994982226074498 0.450939665032108 0.586299085182441 0.993716757693807 0.131036022997339 0.454572413736386 0.571071712167202 0.35610494194131 0.734479958836604
0.963683020893443 0.019943025283269 0.924680880039656 0.52447115137135 0.906777374176032 0.173681364725448 0.662005814631089 0.550301695580282 0.0782575334620474 0.587692769129702
0.489384538494589 0.00751316931056944 0.848740149721787 0.315374591518086 0.952403174843004 0.00854734285219014 0.059376177694411 0.497703630130919 0.0355253948576634 0.285807266840792
0.563858274213624 0.232495452304308 0.998625300941692 0.292473002875323 0.788979499094272 0.15844761964578 0.132671200764559 0.508036320740596 0.0347278012582486 0.587618244946534
0.738233378030225 0.211383623029307 0.883042501854785 0.308648756985925 0.984035913422278 0.0713285573037663 0.110811807274346 0.522172125578101 0.0700926518085976 0.486697369473489
0.971277502661042 0.368964105827848 0.999261391792084 0.469438007621208 0.956141557681082 0.104009667249256 0.0528002864279679 0.531291750580156 0.078244425873598 0.599090479464037
0.0154162216849579 0.00892121357424895 0.988808985960844 0.242763196624672 0.496785605059981 0.0151746488548378 0.209954526779162 0.494782579802369 0.0384339094414303 0.276056501292989
0.965290179771452 0.0914808656432462 0.992996558425394 0.577530645970637 0.982543430772078 0.203284197824399 0.343025651393828 0.555096933071457 0.420257266671408 0.577876090323979
0.685621236546773 0.318750602146387 0.967415645457847 0.719525439489953 0.99792515903208 0.415261489164137 0.672227522858178 0.586167744995476 0.290030107246168 0.652205738804327
0.306865800138093 0.0021190124463786 0.94705221853281 0.147377760937183 0.935729361572486 0.00964771777937004 0.129307132327785 0.491275429218352 0.0745101020622677 0.123951189326932
0.113822274935524 0.668591828698096 0.994991036580124 0.586767773917442 0.998436267582791 0.173969750825918 0.558968395386232 0.5480260671089 0.161234507006866 0.497377368478936
0.716780151426127 0.310240361359915 0.815487284259991 0.658667756616539 0.976592631247108 0.182574456896075 0.71034427014356 0.552794855663496 0.130033458000421 0.677900518403262
0.0205198191820652 0.0525294050639049 0.99930606765597 0.155377746305116 0.928285347682815 0.0228615036935497 0.00895510830483992 0.482871625645389 0.0154604432552289 0.472165902909502
0.907787155892037 0.00115653774164411 0.99566061815872 0.495580634979887 0.9474357657783 0.120152486140993 0.173812511860518 0.534573928383523 0.135513311864049 0.545870544079194
0.000680769897352509 0.0357558285201879 0.117904847933437 0.177219062307003 0.791537729834492 0.0525797293133517 0.0308257804078511 0.473760550588372 0.0225838554233768 0.371385904331554
0.000691322693533623 0.010779547975693 0.205751470850276 0.137126205093195 0.79748637561042 0.00257901968834918 0.0548936325685807 0.46901622174508 0.0438250909910541 0.24485683844704
0.216796318144113 0.064956496578719 0.965884507495198 0.610461194791664 0.988076508644644 0.0402403259597468 0.18131246228013 0.496717397027347 0.0648204928989942 0.466547899488997
0.309192137422761 0.271101406332778 0.995943318756325 0.836414336979149 0.996627132190626 0.294409824652128 0.24741604770275 0.562111572471919 0.0636968587658366 0.647447957912703
0.705321404255526 0.775949137446922 0.833943636764012 0.522015243613416 0.996322584459722 0.122794188856696 0.200504133297565 0.558044624709058 0.303628858964973 0.492970181603023
0.071757011550792 0.0391513961643535 0.0451952405030769 0.236805404019897 0.771188657865839 0.00601965100491811 0.335354131263806 0.509516596214973 0.0219302293611423 0.251240077626798
0.890432111351121 0.425332794094069 0.995865770434617 0.716949688244816 0.999836222303146 0.257291181287817 0.759266387051397 0.589073905963641 0.232521483433758 0.694059536975819
0.556177130139609 0.175830430964354 0.962683779896776 0.42853426003945 0.718480207144714 0.0331732508996308 0.0404653809681475 0.527175836496608 0.242606259312422 0.265692073511628
0.80239110754808 0.19755457470697 0.995255118525266 0.842757348913041 0.997617107571748 0.622665438185331 0.918053113224716 0.597654995208083 0.56836326814712 0.908304058733175
0.252535585965093 0.261538216818559 0.999591780492288 0.529079751964228 0.996398693683 0.105029506322947 0.796710324156233 0.578242276326176 0.554900039720033 0.663609532325925
0.0030177535068106 0.0159023539995629 0.891268350243669 0.465733345890009 0.999006133855035 0.173700484419688 0.480908781712008 0.550041096831178 0.142446194571468 0.734813748140869
0.730216785139611 0.0198986929976276 0.9576075244079 0.282546627681505 0.811394622494563 0.00773221403697508 0.392192024793652 0.484433162615651 0.0761230928829078 0.367820905660965
0.0991587645225199 0.921898509459137 0.998828489472868 0.437518880973385 0.968630047028273 0.0879894811228012 0.271711127256411 0.552266818890483 0.229154977441599 0.658085426024373
0.250873967913798 0.0141454808580124 0.780942164902895 0.157056525020925 0.033888331108279 0.0107103161789477 0.0129883427278092 0.499253401919662 0.0235324211136146 0.213837752135061
0.928500298980707 0.115395300429291 0.985980424695685 0.286394295351035 0.659147808625471 0.00386685482548584 0.168464135073213 0.492888200841943 0.0199214231926957 0.288359111782334
0.996973894169169 0.325814348207654 0.989282650894626 0.658674810022573 0.997540127516803 0.111972261786894 0.120860878454119 0.601722102270217 0.215420724093852 0.674338399605638
0.955465235735317 0.00731165178888798 0.789711474907849 0.326546104245127 0.932598657927774 0.0196010181454744 0.340170071467875 0.53814378728893 0.155161566956676 0.476873427254085
0.378371869771409 0.551600191695436 0.530127484348727 0.427144365442152 0.990165470910289 0.112023363025129 0.8484403505775 0.529850050745723 0.0481520578081073 0.432904166693878
0.241901843734951 0.949422168296617 0.997936891126673 0.617210521707573 0.99950276462816 0.235044689277566 0.410895797699349 0.548900509901447 0.326969321055253 0.560373459416653
0.355994631037158 0.265692289647429 0.999109853361039 0.801268234271151 0.998730374702202 0.119016663473149 0.107304070779445 0.586176353832242 0.48454863269752 0.707195066353127
0.252579905220258 0.539502951230669 0.173480664568219 0.278077016008759 0.950216627312695 0.0437258330654955 0.214888955965275 0.50705642545648 0.14195584551604 0.445753436418672
0.997048806172724 0.924934937819006 0.997163307455384 0.834255174988307 0.999926840867922 0.628604643572821 0.605054383919141 0.608583764933634 0.446018882506092 0.76419569729876
0.907001401803359 0.0753435233107621 0.804842836732531 0.468146888428333 0.979404465143339 0.0309586913986021 0.795485670120278 0.548914671748079 0.115099419901332 0.508087283540156
0.403087254880513 0.0712435353692868 0.986427532558824 0.534075973107627 0.997629166494656 0.0582187799191749 0.787909692445296 0.536303996391087 0.111640948408503 0.463347128031327
0.84886100004551 0.000261570262330681 0.893393851871898 0.290740846194679 0.919592933437569 0.0353948858511544 0.321987666192013 0.500000037153413 0.0262157792010482 0.263686618277758
0.621694498846862 0.655656671330224 0.244715068811396 0.720022576694433 0.965293542183513 0.0741890470239839 0.076212559117353 0.520742468759611 0.212885195293568 0.46749591389467
0.209608328806791 0.0418023463440143 0.999002466616865 0.439121067776795 0.995925338264092 0.323211185668087 0.542404252406794 0.569889063446145 0.118130485670373 0.507211833450024
0.105260837133381 0.197853393719667 0.421731829853997 0.231639646039665 0.940956854552182 0.00573520782139955 0.0139934633471253 0.488786282523128 0.0471908464771652 0.412118910193445
0.889863093510463 0.0424226291641584 0.900782425212946 0.534415856824666 0.994513932544945 0.0263890404907052 0.184972673984148 0.602656803192359 0.13598211639018 0.610250629652188
0.96398726904414 0.976838218976006 0.866190489049384 0.929954032555512 0.999871786721555 0.923481672280227 0.31934721195927 0.659630493725459 0.567279913358912 0.664656389080997
0.926614239966689 0.995827331949612 0.999977214361473 0.92136117444454 0.999956904271229 0.817188254261572 0.906896375256973 0.627547528844429 0.39531980513483 0.804214489998436
0.205106705780807 0.120750811009079 0.223744862108909 0.288608339375035 0.814814092568953 0.0219645860563487 0.274424493066556 0.495659973182719 0.0745830068412392 0.422090190298721
0.0937113574053343 0.96864452355553 0.989636707186161 0.431186318957716 0.969001781345992 0.0951389981499319 0.39806908586014 0.531159259705828 0.345245891122847 0.460439372121186
0.127342391621202 0.000569593024407926 0.926843296621382 0.125030183535544 0.712071358426141 0.00648384765288316 0.0997504522199009 0.463028071543843 0.0262716809733217 0.331137905108887
0.106305023916967 0.0221592065807979 0.988078004237281 0.34186343250575 0.538792775904304 0.025022050669242 0.352604131254444 0.482796817650404 0.0820167302615392 0.499890274915312
0.669862023983049 0.0305031469512854 0.998556084902127 0.43223090394014 0.936692169168248 0.194696308105404 0.283617576235066 0.526017886234694 0.174743740544267 0.424450036375294
0.00023207492466834 0.0517311356246528 0.825926138678575 0.184737989799135 0.478449407379901 0.00145129978771832 0.0732372412705534 0.474262739115 0.00705419775474609 0.18015853496906
0.993539811382939 0.966961770214745 0.988422695800714 0.764663402171389 0.999846638300494 0.11869729325892 0.866597538690328 0.58189995303373 0.393443964869102 0.735209581478388
0.786278623456912 0.505487798440637 0.925220520486194 0.610780003408647 0.971720268994324 0.314092877045195 0.171007936736845 0.592659410448393 0.404139452709908 0.61211817892882
0.04965502796116 0.996278196212177 0.983703035837013 0.857461615239871 0.99869022521436 0.801299884710745 0.906123711507846 0.637974180007842 0.402411962137649 0.703342281378166
0.923872057485196 0.870233288574862 0.974874960052714 0.602868263312478 0.998787319103748 0.297510543323308 0.778953272114111 0.546744807632552 0.279309485097664 0.670154405476163
0.468868536267702 0.0921941965878772 0.368638541366951 0.138239696810779 0.37847603612731 0.00803001468424923 0.161162133074029 0.450184093733009 0.00842370459667747 0.294017835816168
0.617722313696693 0.820092629678239 0.995798221533981 0.405142685683016 0.664116843930479 0.0254302182767778 0.0936849140192544 0.504582103927541 0.0481126188846592 0.580720334325359
0.85190350611916 0.993049318609972 0.999855870471109 0.834562026898318 0.998741756204222 0.787453493050205 0.911262225989533 0.608996002534573 0.59131864215459 0.737773265317464
0.790705068878308 0.0142697369938377 0.997557223563912 0.602375558902924 0.994116896494268 0.312065867375913 0.567702767870609 0.548848629030177 0.145186133599749 0.710622210766343
0.0257038174074491 0.0180018755386255 0.00741308762928026 0.472901321453237 0.990783381409918 0.0331872972953766 0.434323072959449 0.526688334595141 0.0921541298454186 0.502325304967257
0.999478467598603 0.650199334748303 0.991332388639958 0.873237986370711 0.994050591507101 0.400136940805834 0.364527950534343 0.619670484193414 0.658398840133269 0.813859476429457
0.248599899987833 0.18844960223704 0.996257704811618 0.5437443960136 0.995306179904657 0.109850525900767 0.390006733922672 0.561099345633093 0.208476240639004 0.523358146571407
0.0277285609907839 0.152524367270278 0.998472502303762 0.255273202708978 0.977399514386433 0.0163075511141175 0.0641776534339283 0.473428220113374 0.0108421053531932 0.460727723844003
0.705014149914148 0.138969060632519 0.255735912876116 0.561239723215393 0.984330827243771 0.0686458533064752 0.176100236704069 0.494287901911261 0.070917492693222 0.377741439300619
0.724534245539175 0.346390452000869 0.953515887485232 0.250899220864625 0.848852042462497 0.0275675044061617 0.307317239454351 0.49046015240119 0.0536494858474679 0.537210624120918
0.973540397115609 0.580720678758646 0.999308468504625 0.880626548464656 0.99987463851998 0.620748023420352 0.471710859257276 0.6232415169742 0.890262761460993 0.858079279275285
0.000636836850321582 0.00100367104207352 0.984282552965985 0.20422382152229 0.357753027670928 0.00372165392923343 0.0894381197834058 0.465748187042836 0.0200168413149067 0.377538595791873
0.453670011238578 0.250986353328191 0.637089276742926 0.383790285530451 0.968216373228991 0.0882990126479155 0.104044701856936 0.525864377280875 0.0639495376416784 0.376176022192116
0.29475886497734 0.00528860321058818 0.929468426705497 0.1094100042106 0.0599730391169559 0.00438020985382732 0.169036445127044 0.468069454944269 0.0252340373018525 0.206516573123359
0.59128552106946 0.924478199565967 0.997888927771241 0.396192998576837 0.984672817477207 0.187510649102759 0.428928220815839 0.547032883079724 0.179303348713395 0.541295977047898
0.605737205508555 0.0578848469836215 0.588349114186433 0.761024865184484 0.898688698115997 0.198951563186201 0.458450652669567 0.543968971244871 0.200005451447027 0.667862137341669
0.99590963138365 0.444198727383264 0.999795821611976 0.783252053851011 0.999566702808898 0.488954284753697 0.356028041497375 0.638370669711952 0.325784479571308 0.786341218488993
0.997177524189152 0.0294748730325756 0.943913555473596 0.331383978748046 0.940046704117564 0.0641117757090676 0.273589593552371 0.516587668968136 0.0553624940974117 0.380691369836839
0.986217696242299 0.145775414976532 0.996153182769114 0.376637884844142 0.970852057655061 0.0326735726627848 0.121171552369917 0.506740226598498 0.105209689565141 0.551066693497616
0.555829126174279 0.0576408227628169 0.92817261657716 0.476458474526966 0.84929390139191 0.202957706787226 0.0888975035607448 0.53154734654308 0.15723142350006 0.606042867178395
0.82086708778883 0.00408515340617398 0.991301670550812 0.254006893918956 0.603726809150553 0.0023771310150586 0.0306184487743686 0.456127005708137 0.0111775797402435 0.247535015576742
0.766215240033234 0.0950699230649872 0.782642165950767 0.284913388605649 0.771635639982493 0.0144426894769572 0.0863618687721989 0.509672419233601 0.0217985654473613 0.444561921838845
