0.038398114561535 0.466965646992074 0.196183142403832 0.0135652049993885 0.59391977971116 0.000734907959072638 0.44990574223251 0.587787877090424 0.549771543828699 0.442859944387279 0.438563397441485 0.66607376707384 0.284591400939139 0.291404212886489 0.316694639826159 0.858615386517906 0.702854863314299 0.445603826610342 0.0695986811419231 0.104990957202361
0.239968858350391 0.503602264749721 0.294389494226328 0.0735801610708927 0.916254198570553 0.0475708386462349 0.413067682892446 0.557227674895967 0.246731990625712 0.332032436277817 0.430741284615624 0.636921894181379 0.0309135740848901 0.96064567213201 0.924748294339199 0.849526587606919 0.551988798194344 0.755367030799131 0.319551863302642 0.371214195192316
0.475683862907148 0.530315829080589 0.190104442937588 0.0369810573091359 0.666759242152391 0.147812702574093 0.580033063026746 0.546316914982796 0.504405535291396 0.589476837867769 0.429924357159 0.730997098602468 0.0407206710371261 0.261687968501026 0.286751645516211 0.616293484891169 0.427938842849784 0.235430998716643 0.00529849002903607 0.346945282102251
0.328154309722548 0.572196484674692 0.200463445424168 0.000962144769979191 0.599562650188722 0.0384010463919196 0.66138646720529 0.585355448465657 0.525944823045472 0.630324215582638 0.41331472893996 0.537576335561191 0.455295986150183 0.257280888564246 0.873484943976551 0.287375233784907 0.607333902267205 0.446575111871923 0.886006785756944 0.391334177329606
0.843172977739952 0.417852275846616 0.402657862367042 0.0403730525409942 0.417092213410472 0.00586915288167605 0.523482099918866 0.580058222684543 0.597155207173872 0.607823091236145 0.426323418717173 0.620022247412857 0.333500612937763 0.828165772297862 0.704131041332498 0.834875852225878 0.720622654512253 0.808798093778098 0.791380969986092 0.988586043630706
0.0224379417720815 0.385956127076076 0.0704141957532363 0.000458752266793012 0.54239485158546 0.00547918913017896 0.377570634473409 0.496725406530806 0.354558479147209 0.267982346438422 0.350404932641542 0.412457154959549 0.574418089053307 0.19055704340673 0.0810305450906108 0.00669056396920339 0.11873559255859 0.375603589408572 0.14174209658757 0.327471966873216
0.0842025984164547 0.503041015910994 0.1354679796882 0.0245422313891347 0.978335500795009 0.0135514818453765 0.480565917509305 0.627807874057113 0.468958376023333 0.246682488396425 0.376857426416636 0.404272696274695 0.0224313086423185 0.0590973615753657 0.0984692048625531 0.0789131796512896 0.471138999105131 0.145480828141076 0.0391106336515262 0.0847865815726848
0.901583945863356 0.463852995924461 0.120863504455215 0.16945212188313 0.828753798264606 0.142756260495629 0.596358183835772 0.780434671899566 0.501093678174053 0.560586464953277 0.39389703341335 0.598162113585191 0.260810086320621 0.754557096733338 0.878230028392996 0.354124704521119 0.588887215668196 0.735528587476708 0.276104519502726 0.0017388610128099
0.638725039347229 0.624785567770991 0.060034256479408 0.00611636075791892 0.731945011024661 0.980085914308311 0.495521694235212 0.682962090853759 0.597173641900635 0.519264909719905 0.441227219760164 0.317649791966071 0.0654184023183336 0.461378263134405 0.74188417807448 0.399368794288689 0.273864639834674 0.843159970941573 0.0862386969548538 0.427926858899627
0.378526414580304 0.653896832639023 0.234983315653917 0.0590839943707386 0.313567940183132 0.163360759545715 0.704379903660177 0.729185829709209 0.586323030378827 0.765575433340572 0.471214166992953 0.652744516068024 0.0361677632075771 0.845022071192234 0.694503806404372 0.993619086153793 0.711244276923606 0.966873231146601 0.551434373353737 0.161751415088516
0.412012246836095 0.649263068779894 0.174355926056649 0.0155369687066646 0.788848060264496 0.979083216060922 0.541629965267306 0.741396388194308 0.579009203732563 0.549393354865604 0.498725653641478 0.609341021480397 0.0741291769832536 0.622369584161807 0.127083022579338 0.921937868844971 0.569393935003683 0.609319381632892 0.872046926074932 0.0873583217647069
0.558745400982439 0.637868106611253 0.280490038551042 0.0149858556550271 0.741578481036098 0.00207726019658581 0.592936902453351 0.517343043938922 0.516764524698735 0.512740304085846 0.432449864339219 0.519174704221814 0.288508142548541 0.0619588195574755 0.649354251559943 0.0204077584417309 0.509927378503509 0.738453653209312 0.249954469972626 0.999276767547328
0.787379407816092 0.67266144564227 0.290579332781626 0.0108885698267452 0.72900788502822 0.347899269814113 0.719419223749002 0.631452832863912 0.519104883674385 0.65937340156585 0.444768814037418 0.759533948303312 0.00145943973660049 0.998794492206448 0.906067930060452 0.601527293028132 0.538020535592028 0.73175330334242 0.209808594705594 0.984990704253586
0.699666394919089 0.678099989759331 0.34906419733161 0.176553590569731 0.812445593491654 0.550261304867086 0.687085587116649 0.830554545048801 0.523719770066457 0.681009638497458 0.454455133521371 0.794563610403951 0.988387726579734 0.574971858183832 0.615530956153217 0.82335697901357 0.880350692916691 0.897005237128636 0.870752487317141 0.948345367204601
0.978948822509436 0.596984418158616 0.718242515428621 0.7433638329814 0.729764382209922 0.754556408236833 0.706934912837264 0.717095885984818 0.806085620685357 0.806079612780764 0.49922554817132 0.860181980310128 0.256685769512618 0.961966077407445 0.911483029463208 0.880843803960795 0.910461574454426 0.933987904576263 0.713373946068702 0.99718127451724
0.505825648858006 0.584371435330263 0.202930920861246 0.0326086349174095 0.972333543497339 0.998135658261571 0.624766455834668 0.609567155075271 0.605311154862946 0.791027700437476 0.456317166627813 0.66953564038058 0.320787523099472 0.995166296446353 0.780781558791689 0.576416969248971 0.6940453196901 0.903026747652287 0.26019014222328 0.81975792736913
0.0210118742134786 0.363333776329269 0.511267301457798 0.00214250127284564 0.708582862181224 0.122662149332436 0.406803197318106 0.618452081393907 0.318035538771685 0.195516149787681 0.379585473144297 0.319637453480679 0.286855458952113 0.0357032622673342 0.707923988984543 0.0408723743148814 0.326193861034101 0.497045946017099 0.12548662020575 0.631153498764236
0.07988016996488 0.479934970712612 0.0614480199989715 0.00322969625445716 0.447926963616718 0.136677420775841 0.493600660057881 0.554665116033334 0.525768527677525 0.292511994460945 0.409598279741773 0.441315138520897 0.028150426153095 0.00225386062647773 0.160061512738991 0.13741387473064 0.245015815838551 0.312643140016356 0.689496582610007 0.29592364725264
0.634911339995217 0.3861658826669 0.0949012224164994 0.0043593408464487 0.435344743526632 0.000474682914257873 0.45815995587128 0.531711745490492 0.253652728891229 0.278844357321633 0.412631503448997 0.494616926762163 0.0785316315988319 0.00751109111395813 0.167725863185686 0.0371603473333626 0.392768102181271 0.105140023085377 0.0342362082692542 0.036886712964834
0.123500897689463 0.235517464385363 0.0568271161200499 0.000355607330421138 0.712888419415704 0.00389762015399027 0.345751650866727 0.311121037224493 0.336862016634084 0.0894540268011801 0.307504509558179 0.140913255899911 0.00974861088291993 6.24840916798515e-05 0.866323925238593 0.0106239894021811 0.0619986759530004 0.0433985703634757 0.107885043624517 0.855275243637868
0.924766752705774 0.400208812200469 0.463088269767116 0.0402417442583734 0.441555717686269 0.000626782449710865 0.631253101815882 0.412346093689321 0.310241104162533 0.622183793884041 0.435555020611545 0.481447631346259 0.352587595192633 0.986543335729624 0.641207712626575 0.46166747132512 0.4522152464436 0.880668281718551 0.0651631879892276 0.860497393867864
0.489073086773936 0.609907621333904 0.0938577454907091 0.0342496512748862 0.673409718207508 0.849457730220111 0.614624993735111 0.584029964226679 0.495195858147373 0.626517790447714 0.454973863335603 0.676168851831083 0.160279996951158 0.990021745215855 0.929976064990085 0.876156081448215 0.513308319494362 0.633604266782009 0.248606133021665 0.755762756776844
0.029933060862152 0.323471471866826 0.206680939958191 0.0328795571010871 0.529599046004547 0.040824325061237 0.337840989937768 0.357047537135247 0.530968059152923 0.269108996851862 0.36356782788183 0.278631719428127 0.243113873264981 0.740289943784284 0.296696152510521 0.00110675644710122 0.285830757612929 0.187339991714615 0.0424396333716244 0.82833169132003
0.638524989395993 0.620337716450797 0.468183200267664 0.112477016495949 0.150800964599453 0.027825089336981 0.69250572924151 0.684498248115824 0.57178217563191 0.626774260889637 0.465627545392393 0.535449396163941 0.554866156735445 0.966923696654296 0.428958347920596 0.333454783762654 0.692120298116233 0.591287817845446 0.299210147249693 0.744224970414916
0.129558329285964 0.489433793369202 0.24246007252886 0.00600092951461157 0.667415846124242 0.636093671347463 0.533446308400567 0.466193182023373 0.202327084613131 0.247461615073833 0.363492540544095 0.608079007927598 0.0333320344985873 0.648254492370968 0.699530987847007 0.00309667325560003 0.173116158386363 0.574975893443619 0.0605801586197165 0.37531419265358
0.265620813106324 0.274783701334981 0.0653084138441872 0.000213297345972297 0.511789359537747 0.0360658008502496 0.31717376904026 0.626488134082006 0.455543260900922 0.230041785823915 0.341252191186681 0.244044884673173 0.00699642542774062 0.0314955823511003 0.187659804291545 0.0135951132504537 0.154908378918815 0.370814053768912 0.0536704202904724 0.25409228609547
0.921841561418456 0.412979035852951 0.299914009179584 0.00620257515703211 0.440292831338238 0.000745947342538961 0.509473685749856 0.598057215263997 0.611051533102962 0.351800597029355 0.426491588727982 0.494620753155547 0.0993529482085975 0.158899276042304 0.885191288082092 0.142349664013977 0.584373416584483 0.307631092095912 0.072941637040507 0.726375617335852
0.0562157056035656 0.48000946396777 0.0742010307239518 0.00101681191805801 0.367684876605168 0.230949177612504 0.445436804982601 0.362658298290166 0.268147411554571 0.201268471339567 0.35268857047748 0.483192258382216 0.0644157995957986 1.3157287256041e-05 0.304501555972317 0.00478428212893559 0.450187674635951 0.611177227085648 0.0370337847408638 0.504809868422309
0.152968999596221 0.569040118216214 0.442016540211495 0.0646905134465414 0.436787215108163 0.526061782292941 0.646386736725775 0.554016574794547 0.370710740104313 0.569370315918931 0.439244243248149 0.657924462468193 0.129875198078332 0.705824913722625 0.0180166415206714 0.80290011328911 0.834284314978353 0.719134801870575 0.284269938324178 0.205065029371708
0.526191958358497 0.553821918275421 0.551133815334014 0.0162333032239685 0.809201409595178 0.000208027748421735 0.645486499460839 0.65925548594978 0.465726207117411 0.700492047784506 0.54864461251733 0.643408945993361 0.452614799383183 0.717296034999605 0.770548016871294 0.98719109130027 0.754937965758884 0.863776507852603 0.196620196085013 0.708865544442145
0.80900868562351 0.359334746403106 0.355152922944558 0.000592054046428627 0.498003931554122 0.84926450520378 0.564068950691966 0.599344377599436 0.454277788071803 0.313288542411459 0.402429562144632 0.480034683358212 0.709557984611447 0.360981652117189 0.191919534198758 0.0345174526082012 0.313558738575091 0.226110424367754 0.211817425731666 0.981581700056502
0.55003696259699 0.566001521480802 0.350478553530737 0.0813772209474902 0.466076235980832 0.134682050478578 0.722912260407386 0.694164299401501 0.671484862907534 0.613601300617761 0.47039440376856 0.744490012766877 0.440921994121576 0.999841515865671 0.839505374234742 0.844762124397872 0.540062185790879 0.92422431717852 0.0470506262252563 0.993386017947834
0.332914207835835 0.419206295997991 0.042594672790107 0.00236913508888816 0.210996388939561 0.588611857314222 0.528793722118381 0.598846097439754 0.467261270115154 0.244105186167018 0.413156004467722 0.528473497796758 0.00473637024861643 0.0210228409471328 0.289871809168905 0.0701312953689359 0.600854729214407 0.766877955412638 0.597016207754816 0.049390260885369
0.0965103821154823 0.443532397897874 0.0412664175491422 0.00171270885855386 0.374882156568472 0.0145794923582047 0.470523378496357 0.686890332851611 0.483372040823629 0.344090220322716 0.370583723687663 0.367272449209305 0.344475660899532 0.0444003112040132 0.770131084821263 0.364561992135674 0.0618900108453804 0.342629310981976 0.0290685493422816 0.627318504852155
0.218552231105048 0.280893859351847 0.122581028232108 0.00495746618662259 0.769045899072206 0.000183337974336974 0.260920436567421 0.645270535045837 0.375834946169162 0.176675341155909 0.337812409003819 0.234611545187897 0.118665433166216 0.132369178536408 0.10177073454942 0.223844874895995 0.271550779125814 0.113662848022423 0.0095114589220468 0.330700586831759
0.844877897163479 0.591653045629091 0.157247559103044 0.0404730947381147 0.58352863811693 0.94165410715883 0.599601028045566 0.794264785758464 0.548233259406039 0.625221684872589 0.440885136616334 0.793970304751594 0.785292621719232 0.996161984039296 0.275843857924911 0.422181166462181 0.548718562744316 0.691132924640254 0.0367925821293831 0.601969911582801
0.993047411630981 0.722959977041166 0.823940640238143 0.594294495023931 0.914035213851306 0.989639908073145 0.7620980418533 0.740435629475848 0.440513395571304 0.886292837547075 0.510805167078268 0.848283798692873 0.463508435500601 0.91330755605221 0.143048708463894 0.80966236489339 0.781257477714812 0.951447948164982 0.622697636604609 0.985202965209722
0.0994884702789406 0.342941482920915 0.357552657397191 0.0101904964467345 0.106296887911112 0.935425962035009 0.474355744281785 0.402639827914056 0.45137843708834 0.394125425681979 0.431352607295562 0.279257071970458 0.152790500925144 0.063444692556003 0.154053267661959 0.150884262834565 0.436180674299968 0.119067995646695 0.0193136391897383 0.962245421322916
0.282951245629862 0.433637763301652 0.0209773360669122 0.00420917777251073 0.882345291838894 0.992273008235517 0.49279403467534 0.317165816164461 0.37704904715396 0.308094108296458 0.427785583673638 0.33352423990704 0.108544901657402 0.273793764299795 0.602555286839408 0.502624882901172 0.207782763568582 0.265747986193295 0.0260660747169617 0.0852809067695219
0.00280669032145677 0.193558141168622 0.00693665699448541 3.6994270283774e-05 0.537563539259739 0.000512983389237002 0.271323845108563 0.477803023068496 0.489512024572045 0.114537878057234 0.290786609307534 0.106525416593355 0.106890398390752 0.0179921373365636 0.581289298413283 0.00104572821547288 0.216347711434787 0.0522173708802121 0.0433768242176421 0.000679976031547107
0.769432022562574 0.719404615034759 0.42712223072867 0.566793766135609 0.729854206571553 0.0477582346072965 0.764338239907083 0.729274063966679 0.684174052578576 0.839737238192717 0.461631217348416 0.809705849131204 0.759035432480659 0.989102340248564 0.76336127261027 0.923464320654172 0.809723021546621 0.957702252098035 0.983759134816668 0.98122701124489
0.336878367121175 0.570059269700845 0.203112400086128 0.202337536119817 0.891291857150148 0.996723517349346 0.721130397681948 0.76464525566455 0.712387740196468 0.665577115109291 0.449893449639936 0.713376221247101 0.223021073183501 0.115267885588835 0.435573412177749 0.47150586793641 0.625947435409728 0.863685828998465 0.0647481583033947 0.159459956386667
0.0432615297833593 0.490344555240852 0.372540426853606 0.00328518513619556 0.187239928529736 0.133022815972247 0.625492310496705 0.608792620756182 0.636899989681743 0.501200430489486 0.436638379571486 0.515562588378711 0.248460328833776 0.236886511493477 0.602645942041581 0.540837181491355 0.787025956745179 0.854110486878314 0.00168937185585296 0.966926875142736
0.625257503413088 0.750526488289219 0.270016522277047 0.138295537991819 0.973024374277566 0.00356500682769546 0.68934816746238 0.587487379411359 0.658328788710205 0.748015210672824 0.435441969350347 0.626344200685272 0.0835621177772909 0.937077112395997 0.264126191045589 0.88626658830563 0.847510283714954 0.94529021965915 0.67777619075083 0.0195966785991804
0.150452156868088 0.626404240230387 0.0783180516028989 0.00888338228864156 0.521301979640529 0.63463736585831 0.610238812134067 0.482023882691315 0.357665044423443 0.517797979539352 0.413393835020368 0.395736412771595 0.321723154661676 0.120414368110289 0.301203064219617 0.442287137339925 0.725168369330498 0.281167923385345 0.646639535355938 0.0497380886700914
0.991164314123593 0.767207827953374 0.393337131692982 0.276641485951356 0.880957425275727 0.992176023299055 0.835193595413177 0.729790846048382 0.879631467076053 0.823865840857301 0.590238345368111 0.879492767917297 0.83482436627397 0.167053761158489 0.918439284478514 0.998443938563143 0.908502842228413 0.950303272139345 0.859180449238524 0.950545457721356
0.87891556714882 0.476960839415072 0.0993789195149873 0.0526602235754489 0.528876188670676 0.050517089358855 0.61698359121847 0.708110621226328 0.364199012718508 0.381719531424127 0.445884334780317 0.637324419825865 0.392640711903564 0.992751212622483 0.148774375750322 0.0698067043607975 0.490945957163316 0.532155710782009 0.356065286344852 0.758977244318546
0.804625339734051 0.474910069237183 0.269337308164092 0.0113085225259742 0.748770928221179 0.841965388921728 0.53887388318667 0.601821692492138 0.523167234410867 0.44711400991801 0.406007384734783 0.503789656787697 0.10827656390983 0.999159781365517 0.125548366418093 0.193921286211785 0.775866542636789 0.685458237215039 0.602412184219253 0.257957177235262
0.139149444331542 0.437953631940464 0.300794681054169 0.0109208103677869 0.797519981457993 0.216961108338968 0.569042846877382 0.585842780641468 0.401327545712221 0.53952579418186 0.406450004892987 0.684514867859105 0.50047194893683 0.595688029492181 0.617933331578493 0.354646113862896 0.164663359703132 0.690129700320531 0.219307093299506 0.885635098064063
0.178206010477024 0.319348224054224 0.0260887056474698 0.00117334021225342 0.754024175635076 0.962149916294448 0.359528137502433 0.616878334011822 0.357824715602491 0.343520469026924 0.362588855388002 0.26883471935097 0.071105911345284 0.989797387419383 0.476909266799183 0.0087019499804851 0.266289060384581 0.36172468060718 0.155185264401027 0.988780192525658
0.0630368427774265 0.269083254116389 0.0482151469895275 0.000173668872232889 0.50552772037219 0.000729639915240824 0.359289967967468 0.475119615745848 0.394705755675638 0.237464265151481 0.318652753477853 0.242816066720572 0.246407234203537 0.00331665123880211 0.414759448670985 0.000577486223859099 0.168299871912353 0.113099647390373 0.0012231346689023 0.00148959559466871
0.0129609112590146 0.392177306152577 0.0574653798867582 0.00377500750149433 0.578880036094344 0.236354556155418 0.371787645766239 0.579079564998841 0.428813510123679 0.221807538889269 0.353119523549529 0.490268705745506 0.0151390751288108 0.00613637508430143 0.518643748916472 0.184736033425782 0.238615372906452 0.41491516984694 0.00614006609207802 0.186600508181981
0.122179464404788 0.353128639336035 0.228008477754879 0.0164686312401166 0.666409317431352 0.020610751670107 0.42063196480564 0.492849499818496 0.552456913613046 0.288666825728014 0.384254970134096 0.342241652478678 0.0689657959979891 0.00465449414830627 0.207684755234982 0.0747278407164419 0.606164530495871 0.747650726979288 0.331306543580635 0.196431881092475
0.13171390948422 0.544398316797183 0.280774785289889 0.0130821479588771 0.421385770803873 0.99393401595372 0.640953050949135 0.702527583244563 0.459254564003214 0.445751144761422 0.386950920182066 0.434105449823035 0.0985277333459207 0.0116700413026426 0.777478480956524 0.127934254383403 0.518279122587809 0.148298034179273 0.192218031968464 0.128142071018994
0.498344849249779 0.503590943241557 0.3618365633734 0.0318732437839094 0.758713221601533 0.750085389612455 0.73806281428247 0.595164991555298 0.660582726477379 0.574104087987809 0.467259193558976 0.629318751889351 0.503874478532827 0.82119734835799 0.810815169141721 0.658856217415773 0.312402154843297 0.790665545198976 0.694993623282402 0.0303734569396019
0.693369517210265 0.639928624147119 0.496785817732515 0.00594085039607643 0.674955034003228 0.451666821010583 0.745070729368378 0.543027026093814 0.532795797223825 0.70282716813868 0.507966684164633 0.623653012899472 0.314837309893848 0.99763768694306 0.558887030792464 0.833181870577992 0.837956390284567 0.788083679088813 0.658863660408037 0.00186432322593889
0.0426301093798533 0.495779751787628 0.260594940147784 0.0232924085287613 0.955171296889361 5.15113103658302e-05 0.497085500920763 0.721622477672512 0.712832712429575 0.408026883047115 0.418788284963056 0.595253696352331 0.208611078436247 0.00532182951815089 0.193611064961153 0.26143174881481 0.119000606202978 0.370995352430268 0.232369513720512 0.974581101190143
0.227328345043328 0.530086182009322 0.202566099777457 0.0216786480722831 0.612013414336321 0.971573971487382 0.578975613611694 0.477977885467746 0.685511276198891 0.513729230317274 0.44125049980034 0.404394481729455 0.0103848083105154 0.991733123889058 0.581509324673744 0.791520244021177 0.655432803326194 0.836155027497931 0.174862733208701 0.57681558994614
0.182279615838087 0.513698475214126 0.337656883924819 0.000113198841931975 0.399227732763284 0.000707379458441464 0.459886019102038 0.493447399023368 0.601622216068946 0.423632195470705 0.404398486146001 0.377537684669693 0.0999958935452718 0.0868921486318247 0.60062165642385 0.397163316944874 0.384246933426405 0.216638414675965 0.201743743935891 0.0386891047004872
0.416583041250545 0.515441361105642 0.318376900305481 0.0213129008276929 0.407570146361582 0.11646825928323 0.5573065250649 0.617998928578408 0.722970085117697 0.37960644422627 0.394668261408746 0.338911091968472 0.533483892760782 0.0229274281992375 0.302909083671119 0.293703622975563 0.595295662062579 0.890055332308497 0.309701448708776 0.0693846117161863
0.446428948071591 0.5261405601307 0.176305951156226 0.0250837446448173 0.613570517419143 0.0277633882553344 0.534963020024407 0.516033440654185 0.380142708735524 0.602938415310389 0.423068852530277 0.488558765789482 0.173861231607037 0.997459623327094 0.659209271634156 0.120665718941256 0.483757920315594 0.252497777482614 0.436076710685952 0.605162876928702
0.754431220057189 0.645760275989549 0.158785621302637 0.0437635695759353 0.620879524915618 0.965871119130157 0.609962647865854 0.6580549150567 0.689091330404844 0.604289527783272 0.473194260846963 0.707011645028338 0.210189931355918 0.0235916179172252 0.555989071041389 0.724749416121334 0.882762929786499 0.94449746877469 0.709910196847563 0.984736911635101
0.46424376677863 0.682780882476953 0.462684505863194 0.104654834533523 0.918854227791183 0.0667416838018838 0.6738854392681 0.794561109587097 0.693208928924192 0.795350317384071 0.437255417317488 0.683936193016126 0.00731659780154498 0.978481322478307 0.924375190878305 0.674002476657065 0.857929165914854 0.898836678348803 0.255333158852336 0.739759787554727
0.87446550804252 0.577112183022602 0.170989305954843 0.117042718942491 0.613278023496181 0.10699122939497 0.58649211563193 0.695975847733823 0.585318928575175 0.684773331826081 0.41446250799545 0.526404750664673 0.0334772550088353 0.304425636801431 0.272090097143646 0.619826537151696 0.624822179694363 0.939785524396939 0.819136084290217 0.985467142804744
0.193837744452071 0.270244619910458 0.314058154831879 0.00177494219100017 0.746161703727698 0.018433087416037 0.360359716334281 0.521595895661854 0.495227260083631 0.254100265465896 0.386144514155355 0.334511229908055 0.049043888673079 0.0866009367627908 0.784378383019443 0.114759661326488 0.523136924109351 0.615538785786356 0.0211044295249709 0.131507541162114
0.791166143952954 0.407900786967542 0.299399083916676 0.00100376641971056 0.563033626307601 4.59525908270142e-08 0.461418861345159 0.343680100491074 0.582439238684132 0.327809633147636 0.397086958461413 0.573773943956481 0.0413278192503337 4.27050466442474e-05 0.508281493261531 0.401129131328029 0.724866797845019 0.518695077465001 0.113844551778062 0.102423664882062
0.00634981218325008 0.304923342507578 0.0458267972396821 0.00803694670560431 0.531308393820015 0.00487473724320833 0.347721071469536 0.564849877038463 0.265826454732409 0.291727795151858 0.350557960340971 0.530598935184031 0.0569763402186251 0.40162145415776 0.197969008753097 0.318058407445681 0.191662598853398 0.377300198877825 0.128569382549373 0.85294761443809
0.345727151504359 0.433470789042083 0.107028845036851 0.0361931827009325 0.783515409593816 0.536995028572601 0.637889451022642 0.564552285986702 0.664332984613297 0.554506512305965 0.424169705854948 0.699881164284149 0.690447896192602 0.838179834004167 0.288016401451379 0.680634226894455 0.36906796021385 0.657010776643424 0.264338628251622 0.994569679522833
0.0326824361443931 0.485507747267259 0.0236954681437162 0.00203506465232312 0.886114885792655 0.00822302038970368 0.518557579798276 0.456584538849274 0.5542183161977 0.290118779617994 0.419555105064929 0.306885823981103 0.033962939044679 0.0494077820338144 0.165339371644902 0.0412736164983513 0.441638488457553 0.765199174917812 0.473204956026114 0.524501473631692
0.107870472731446 0.480267737240749 0.456660921470499 0.00547892221045842 0.940228779922934 0.000194703950379422 0.468779921236586 0.528328674255031 0.431507728320572 0.425949768704037 0.419936883982696 0.615959263987192 0.287057359432666 0.11939590443027 0.253388213245937 0.194101556091104 0.352640378909358 0.443306092234757 0.0977346356388193 0.929291520550125
0.330918852151042 0.530393398497335 0.112230876030525 0.0125883356175432 0.80966979388231 0.98026733761037 0.500037251205204 0.518516492704162 0.533332618847596 0.300927973671348 0.419821549012833 0.576998020092986 0.0123981534444046 0.842915537081382 0.520237905014783 0.103647120217464 0.0961590789771994 0.629628351221306 0.0532320873757571 0.732367459776002
0.0112163622077386 0.0777146193014112 0.00378694113819696 5.285860420053e-05 0.0789706836761444 1.28976071352754e-07 0.168994333685426 0.398330222645048 0.192715053250458 0.0383857081213878 0.243518912886362 0.230426477130153 0.00172022345591672 0.000108772250992723 0.554834915352335 0.000431125683885543 0.0383681002729037 0.00458552556985746 0.0049692930733697 0.0617871669157309
0.0523523596836757 0.298268782714192 0.218762535714137 0.000286561115150328 0.288242087909201 0.00992540976591568 0.317483398972191 0.507284839064823 0.196049016807727 0.188375765012914 0.335849228291112 0.274855637913012 0.0828159821146799 0.00845017490331848 0.401168454106039 0.00532652670620459 0.0825192702695197 0.135608159846478 0.00939270767554789 0.910351798993634
0.981435580024911 0.567068239734815 0.258601145644642 0.0124207140140669 0.732360178525165 0.0491098930517293 0.526278477522819 0.421997923811893 0.35478001528136 0.532344960999727 0.396537748005107 0.554662627689349 0.0978488795778402 0.692853399991329 0.0710015114636505 0.0537531399215521 0.667909369729042 0.646546924366064 0.286414247984699 0.919216331828394
0.0620280617783162 0.449023743900291 0.0795961595013071 0.0129088341192223 0.479981091784025 0.184801265845067 0.43529637434285 0.708326700868792 0.518351305224025 0.338874687654804 0.338351978704451 0.380492807009234 0.0428019163376592 0.00618425235571359 0.288185448418743 0.477069484360597 0.217912417227425 0.107485073620893 0.659402300331509 0.910364106899838
0.0533913673735101 0.18043771445514 0.00998021609301056 2.98996773243823e-05 0.597080823323155 0.00242335314531134 0.182129262270361 0.352385351604392 0.10397016643308 0.104073050199836 0.283472578530129 0.313970452049295 0.0747565970813862 0.000266962276334306 0.0871797322400277 0.00107178373189402 0.163635471478961 0.0533587530435192 9.3360054870359e-05 0.0172108447497719
0.983247362021887 0.598437950017113 0.307826914043547 0.0749070100027867 0.861536478504466 0.0265579365626603 0.704335494942682 0.59968572009789 0.591797787629611 0.771457156867806 0.503399666670024 0.616948110091798 0.376611835560855 0.196455318298276 0.48369119869336 0.66488088624762 0.695869873418548 0.903717951457632 0.927564400583117 0.801798260418714
0.547107368021034 0.795435280565919 0.798535959097787 0.636844820959846 0.484857907422101 0.947585113141112 0.783885213394614 0.704062957610047 0.77512684913475 0.899089851100096 0.551079095247244 0.75313260000382 0.887331058631674 0.998466090616407 0.184777787467527 0.742178892473154 0.838090432526682 0.985737509648758 0.989569703001169 0.440619540059097
0.0443815144960439 0.174346375079812 0.052066681385713 0.000355218727155809 0.684961917557844 0.0061262571153954 0.345291041064921 0.589198581028159 0.393296678752217 0.143344264098228 0.32554199860879 0.189383045504157 0.0163812257489178 0.00429317418954969 0.555359878423847 0.00370144809740329 0.401838636058496 0.081122583463431 0.0483850156852343 0.0211680090708909
0.198848848451739 0.348563391028257 0.33863422591076 0.00570453085564726 0.838976213989707 0.00346235636201865 0.426901300084762 0.582562981845262 0.452775328644184 0.427467966442858 0.38478424279897 0.428539750612755 0.67570165895656 0.116267862303993 0.372651482859936 0.0642209058595933 0.385296128787598 0.563069087916549 0.625237194592986 0.194158352857384
0.864401588099792 0.551078537962564 0.0221808268079199 0.0869556468734972 0.357131936859751 0.00766922797910018 0.672355307853663 0.702633492858113 0.616609178875803 0.674969600815922 0.450193620756815 0.397023931123484 0.169935358290392 0.99811317264212 0.181313483581333 0.320873186922004 0.83090587420381 0.667834308239432 0.187293391937769 0.580753417921276
0.0353310147096892 0.379704338796363 0.729850359366413 0.00168026803240325 0.211572304785251 0.0072438181639256 0.572867774053994 0.679640412833731 0.251169718451799 0.409767837723445 0.376241615982082 0.374735414158673 0.108422317025701 0.00158702638796224 0.685174106769635 0.0535234760662532 0.569547779015004 0.269983394181183 0.30531601334657 0.00618908246747588
0.331200122204956 0.388430342490747 0.0282971314054974 0.00537245839722082 0.736884908849333 0.990359042002632 0.524767977749608 0.596221433433053 0.47934452948235 0.181917278047056 0.391491889036327 0.477175636567848 0.0572923394938497 0.713779601223913 0.394917874892584 0.0675825254336496 0.328045921363939 0.503957450717352 0.246965889507354 0.00888624861100863
0.0613503087637742 0.507591263139245 0.177706888557485 0.0172842937100249 0.864285123509629 0.85742767712096 0.453544338408874 0.601920789694012 0.597926385408399 0.551213769556142 0.411336437115269 0.504909755046926 0.611014279232412 0.0534254991334379 0.424600974292146 0.0622817852048145 0.374816920865802 0.196314418753453 0.763376952209243 0.455084400947474
0.0770223787236665 0.485605440170568 0.145189819403065 0.0171682961415298 0.56954720311183 0.0512427115266952 0.468810786046254 0.494375913221683 0.504234377091829 0.361616682947245 0.437695435841759 0.37128681155616 0.732319383981069 0.969263263640911 0.337847515336145 0.146768226754786 0.203888188484153 0.477090832997033 0.0514324780159188 0.08289113840322
0.0737243736038902 0.391967524240137 0.0850347172750522 0.00543120290240727 0.929095481647163 0.837565790218438 0.357316420409149 0.472668758815994 0.435448624292718 0.491119031441336 0.382063226049345 0.449185319133681 0.288622647732824 0.115587450811671 0.457163743755879 0.219042172061803 0.226617844879741 0.646023258297151 0.012740458301569 0.35827609713102
0.0529921038776509 0.315513536469354 0.214174975579843 0.0012543721995813 0.154986275115538 0.0978272893514164 0.419157737206533 0.509489143816866 0.484428343092894 0.153192097296103 0.342591865608852 0.274906138691884 0.0652875500301312 0.0912483557319761 0.329660362263233 0.0627799574880236 0.190068405885372 0.20254964512975 0.551549608809132 0.505462473424896
0.743332402782563 0.577660936914592 0.0220433562617169 0.0184654529812037 0.632338607340093 0.00681152035372136 0.581298568186791 0.408401606769934 0.548105812038086 0.401156221454145 0.473444358940529 0.500200600190055 0.275599235650351 0.418433191465999 0.182069950305277 0.323882413969493 0.21088841106062 0.589888965513446 0.0390575246640645 0.439658721251793
0.266793624553855 0.324812614532902 0.101297343471225 0.00279218369224405 0.522431009307825 0.0569546375711767 0.390998745237783 0.420930457517447 0.258704277164128 0.288750553763452 0.349009228493431 0.391065624511508 0.0568300998235716 0.0715321491712211 0.765571808659898 0.00379041254773664 0.0497055231670302 0.0836329700716749 0.00318782611330483 0.00983043266687167
0.0506487047585938 0.402243886401531 0.435875117463927 0.000866407162457533 0.158226816430698 0.00198664258010281 0.465874231561741 0.405960638135704 0.169346365579416 0.274370219332987 0.354394274648862 0.335580554773546 0.0165351465470485 0.932319899320509 0.56599384560431 0.00232919646258244 0.203324506163698 0.348500956105746 0.132720579433323 0.0091672234461061
0.0541583268138853 0.395134673274264 0.0659043529061705 0.0188473125897847 0.512638678512076 0.591813837204003 0.509613513133978 0.495456995743953 0.233494229014619 0.327107082580649 0.383216544103372 0.307366388419839 0.0988568360963808 0.0247678755452242 0.63838366159699 0.0185876197860455 0.200847818777335 0.665475962389431 0.0513893870228142 0.0506955409122767
0.0155158647023116 0.568218649904227 0.435634491467606 0.0240077229229286 0.823976644644369 0.833226648299215 0.570807251324031 0.681467485928735 0.531163883365884 0.614492425511027 0.415385068157822 0.545658488888493 0.831263665665673 0.733782888063296 0.518963300778551 0.379923015829298 0.761304374001608 0.260861527006721 0.079072665444679 0.561503824174157
0.742668761207012 0.623967857634307 0.366763183451945 0.0391029406297765 0.392623068168718 0.00132018326201708 0.548920279590668 0.674253498013234 0.403725505174725 0.551813743613754 0.444756904660116 0.684495225523692 0.0805444924949626 0.974848639222019 0.200267314782177 0.946732114906129 0.820518566896544 0.737992411862082 0.432455973694194 0.0330640993914967
0.334665992414613 0.573610882227182 0.266859521047909 0.00565729527150184 0.582868715769725 0.854153588142088 0.522434934533873 0.593336219931529 0.499033335032668 0.633736048974039 0.409831816190991 0.392082646817805 0.0435911436852365 0.997443340003035 0.439155326592922 0.0454076441983978 0.333660623999353 0.561414602334784 0.0562534799072624 0.0568117546802966
0.0912388754502283 0.41500943479362 0.382698512663997 0.000564518698315655 0.774365591798071 0.2806174941074 0.518467598395016 0.58764971404377 0.271136828140036 0.254627920762339 0.367375491470971 0.338133470675379 0.109175562157314 0.475674743288213 0.0775782125341124 0.251385606969871 0.444492929622708 0.333148228158607 0.11280676288105 0.593512353716878
0.0255178715278063 0.383511990601608 0.0198111549689771 0.00309294219046291 0.171906681238375 2.19389455544734e-05 0.461741342618971 0.636653680474787 0.469779839310277 0.399824580427365 0.444674433609618 0.639712526339392 0.324466534272979 0.97671674537749 0.0644298710884524 0.00536314651702386 0.191348670879158 0.188512499445923 0.183304082873884 0.920756997053248
0.0543633697016658 0.213462618818435 0.111056092507576 1.90175278187362e-06 0.69700749916088 8.2693017258096e-05 0.234999688642505 0.400101090157572 0.221138716231723 0.102795142258549 0.346760706090917 0.148939407825799 0.137701633019476 0.000162345915608281 0.726127232591482 0.0100670784913097 0.0341127467210516 0.0131201085062555 0.624310709325476 0.00425397057441499
0.174156367636274 0.290444015527301 0.212890284693111 0.00126140039562481 0.619704426629422 8.35266974718354e-07 0.360449926346421 0.491751788976558 0.279131937460901 0.130823069653904 0.365687461813735 0.329067696009741 0.218650844371797 0.896813398825918 0.189084345819894 0.0201959099823562 0.0849666584675866 0.103105355213709 0.0436571384697596 0.799109852424462
0.0018683366069535 0.185936980258227 0.264986045205915 0.000834353356568167 0.129264642804572 0.0115621528103514 0.337824408322332 0.600094860747749 0.264283766478253 0.179622546599095 0.331626065358356 0.315216565077089 0.031519325047605 0.0121260325198969 0.523414254059247 0.0378254919171167 0.0504462847035509 0.225724735175158 0.00195306599138862 0.0255367856799583
0.393969403232513 0.426438372472581 0.0414994484526329 0.0350605163752406 0.32290705890685 0.000471824360702934 0.55376646570249 0.632515018429951 0.380060454987804 0.698911314934957 0.376382761434275 0.648347373814299 0.845505332855014 0.743171079227141 0.762408920075409 0.10464963687835 0.243166807017032 0.227345633523128 0.666657962180598 0.929930189834514
