0.24420669032543 0.45964806174485 0.180707798250951 0.000475071527980322 0.552653799607373 0.972362573904807 0.521435132215616 0.471024933534064 0.385818683971836 0.53263351739841 0.427756838421316 0.496861070264835 0.199609808466102 0.417655451226221 0.645224598376122 0.0133730122689506 0.120509831848743 0.500731796732575 0.0451948970364464 0.0891255176957301
0.509708855254862 0.572042117751349 0.487538573147649 0.024067501029805 0.368375432006637 0.00336994431708652 0.586126430890376 0.599782272787586 0.482166908899274 0.598165443015917 0.406495587483746 0.496619064208117 0.299826589322977 0.99371442131093 0.579678673713314 0.291584793099324 0.205671907700098 0.550467238291939 0.511335012373049 0.984832273530857
0.141872763215133 0.489803881431809 0.321447403589675 0.0139464106740989 0.142515562352823 0.00740650822513682 0.628156942006444 0.646588056459705 0.494716031504498 0.602688014465174 0.459192794154972 0.562747855474225 0.254014871100703 0.00431154648943998 0.960617506018281 0.0640247217132408 0.538759400659326 0.746492219439271 0.332875512919878 0.326303793865508
0.749927028666812 0.533910366037978 0.149400555849969 0.00860309369798876 0.183695160112305 3.1597506064953e-05 0.565381069159295 0.650161707894461 0.640402986558917 0.363484801227911 0.396624837343143 0.399956683572172 0.0730257525417321 0.0109859750766993 0.741456059642223 0.75126907909924 0.381192372118391 0.127213958920485 0.126700998475875 0.0768225991509977
0.462266406840916 0.608520472021616 0.200464449229775 0.150406926526882 0.394379650696824 0.0311083243458311 0.729596875261951 0.629045028926552 0.845993443888517 0.717616551845878 0.507404866807441 0.688057509197664 0.942956918146418 0.89896390785845 0.765896285946721 0.853397808779135 0.648794142687049 0.913646903545578 0.79806980872823 0.575512338478628
0.372446508997538 0.588670390262305 0.0321681914392672 0.0125489661176131 0.898107997808463 0.271659593782164 0.474446106258691 0.690166818525641 0.471035467127857 0.381166705584663 0.362165359301255 0.43585617956836 0.946809669704262 0.288501277697998 0.216663528018421 0.104444506133898 0.355081973341439 0.763655885497968 0.465043640678113 0.603329104579085
0.218148605052749 0.349886029558671 0.210721262671365 0.00371884951985353 0.782510726561536 0.186124311680809 0.339058742228183 0.416254741940124 0.447323164995837 0.217647348959359 0.338657625424189 0.336363921746338 0.00207820538738702 0.00375927163065427 0.15828779441825 0.148119552449365 0.147165544934958 0.133188091707731 0.0451104147914301 0.940948987413214
0.173657284124674 0.437287428319273 0.264470556982761 0.0334220665207442 0.746426409916394 0.000490459892841062 0.564080427667748 0.589378847905436 0.379690198169619 0.57738469071389 0.43460117409974 0.46787904216807 0.0853534338314332 0.343138153097407 0.214199888023767 0.523307464509929 0.0376259481160283 0.552235874164292 0.00739289717850167 0.198846173840136
0.850117873403778 0.377637495971047 0.458671638903569 0.10102105144147 0.816000781324926 0.0138648211628138 0.591720536500938 0.608013803909763 0.424548430541561 0.350359332708326 0.426715705133417 0.535863556613978 0.0890388311133773 0.00824593533674516 0.150065635063775 0.190257017302344 0.911605190106959 0.530642459402931 0.372873179437355 0.894152927214297
0.180292707912461 0.63631749648502 0.132154345194604 0.00848328079710404 0.909392655204832 0.776707937988678 0.55358786975736 0.444101136618721 0.642637370140687 0.501143124000707 0.430261515746824 0.572980090628136 0.0746503353502546 0.867405142374988 0.0440635745292848 0.254521898973984 0.653600516214746 0.625064982769982 0.164523578751905 0.0610845495624376
0.412649360214458 0.566806702655587 0.191676633834187 0.0291930363037845 0.514545021565065 0.107886578831989 0.589011248094068 0.597303601660299 0.433481100330052 0.495099249418191 0.415115759249659 0.566864315675354 0.0546703723045458 0.350267480126608 0.478395997961457 0.663001261845357 0.865066788094507 0.780367061439101 0.131697769004568 0.998211965782753
0.0593883209602813 0.470366780961746 0.0813806575945682 0.0118599779508164 0.570189266161778 0.0157165385205375 0.496546792396381 0.455084153872347 0.346034664617876 0.254649413800842 0.360945521333579 0.544007141212242 0.500890708289166 0.162383948300463 0.299251991700038 0.00325012146668186 0.270618226619238 0.212789172695618 0.240390893918088 0.025331079552523
0.818396683581465 0.312296712852574 0.113922399257898 0.00382883034409365 0.364784514348611 0.000527611696342861 0.375540147067545 0.693919914855046 0.606235721327426 0.286792769907462 0.343554676805904 0.242867158511221 0.299940798086852 0.0014980261846324 0.418700830949971 0.00278722387873746 0.166144445299929 0.27090715632064 0.153884072901316 0.259354682983177
0.141011757544078 0.168935403762195 0.024215546228804 0.000296397132564765 0.843064872020208 0.000415875545105029 0.34819945884068 0.468693862403268 0.364946147246809 0.112094595591664 0.284724983737045 0.237105110506433 0.0920099198278082 0.000797093353672903 0.376738316018168 0.00374171760743608 0.0239503394267127 0.260872231905123 0.0340792931384596 0.261193276139587
0.0696174238763894 0.359917050780222 0.0661616341666537 0.00316471995621445 0.130829890427521 8.53282492541858e-05 0.394277043728069 0.6188649160553 0.445293247478442 0.253883905668591 0.363935525587095 0.315501915666843 0.010168369355055 0.0466609145934262 0.783894543635078 0.000337532791983932 0.386324571541048 0.0639195700988469 0.0200003506617514 0.142162584590062
0.364675245074754 0.3749168257035 0.338371898015813 0.00416627172576978 0.630104592422095 0.167880746965628 0.398376684057976 0.57034734352171 0.50914796056097 0.478692022808486 0.420078325191028 0.429970918506348 0.0585306210037913 0.0042589205018522 0.52338432957924 0.00668879754933318 0.689858489299542 0.328101788941721 0.648523190065587 0.0609914154965475
0.939776727739091 0.582173961579334 0.406596899246566 0.0451416386723184 0.738480128494526 0.0148307938993078 0.666330564332987 0.664430090577963 0.613352352565968 0.666742939337507 0.484761967004426 0.777352038773285 0.271035251795511 0.471405005279253 0.329542848134789 0.168712557827679 0.785304347011893 0.660613875567801 0.648700230458917 0.387945654659215
0.239000435126665 0.321059232946355 0.138222660422831 0.00181429256112681 0.224976035672211 0.000779579863538104 0.386971295322898 0.494992868510906 0.261428054355459 0.211351827767973 0.342149430577685 0.378200047843808 0.0831837664886616 0.000570524394975999 0.151850849857029 0.010854951858586 0.245300088891049 0.211193876888632 0.00205118607170705 0.188093977447413
0.0858548032483946 0.256436292397116 0.0908667873274097 1.63751937598477e-05 0.479437506342976 1.82666834469724e-05 0.204445197883508 0.44863244859257 0.218341863002871 0.117449963533181 0.326501366210649 0.151152648575597 0.546288256485866 0.0496064745578543 0.196395386461891 0.000366967310838104 0.133753735648461 0.0383540840273969 0.192456316458178 0.360743584647322
0.0383612321742031 0.216709529263183 0.177077034607247 0.00609114771112545 0.239574681337137 0.000226643219441381 0.244526066814999 0.476158714862356 0.414894603840714 0.176027683920434 0.307400480610089 0.275815970128439 0.120793383424886 0.182874053502625 0.292241704814054 0.000568317936723463 0.0865109727114609 0.0935147950469822 0.00394689161750307 0.915438901613585
0.341890964185789 0.401106301692801 0.084971046455906 0.00207567684338225 0.504010874538808 0.000717059124427312 0.524436200011059 0.635290872043585 0.535459102714654 0.608552819667882 0.450844776953832 0.335789544489483 0.0520420193178399 0.886461023961707 0.186505006070109 0.0338752732755303 0.507718588848634 0.472269669378058 0.881567013004069 0.00774583105524635
0.275837789471623 0.375199835182135 0.422460824330177 0.0347330942242356 0.377363022985803 0.498788077641232 0.656989680085776 0.73719791099488 0.506053936584013 0.810637910401284 0.369122630153814 0.423089058134253 0.349330442757864 0.863954761087182 0.328546915295055 0.3183906433617 0.500301586995666 0.6423529963635 0.621155052827576 0.573384973747778
0.298079426245482 0.459673267193249 0.31260253761419 0.00102871483454307 0.572319979364253 0.0627773297373256 0.318837812025226 0.65197783477861 0.420890098065714 0.276588319451469 0.3706911306822 0.350485233605332 0.246596285054616 0.597421636326907 0.717545851037193 0.0950765692165928 0.518072763808041 0.620021075167076 0.235255338866621 0.259764507295463
0.434768379269607 0.562651827314649 0.587966129804309 0.0144149450637152 0.571475017464967 0.474055486658367 0.59295216050172 0.364340102375642 0.485490279043646 0.690273619546321 0.396166882224356 0.581037640063091 0.689825297116025 0.949124612573373 0.372498105458348 0.260312993056795 0.386735853910632 0.808069395190468 0.353051606450158 0.996315946532289
0.964071300859889 0.486036801328961 0.109285024296759 0.0234878393125849 0.820432549137002 0.774405890809672 0.5261457557013 0.725929247890148 0.469023553834411 0.611809582731052 0.385115598782137 0.662176715647801 0.678831198089048 0.184936568761059 0.758566057382113 0.428445490065525 0.25142707118246 0.689357981826003 0.308619706855714 0.981583053881155
0.81970905159208 0.450396448740748 0.142875232361101 0.0107802833219906 0.50937583778102 0.0650949415216385 0.628598034647293 0.572141016431422 0.422287057795726 0.449472530211544 0.409091995875253 0.649057227410056 0.259483366266493 0.262716141609109 0.327727171282935 0.805324075747458 0.366148462281224 0.794698221873264 0.107934794827624 0.173538154531483
0.0497912091661673 0.37376323186047 0.089751564105326 0.00599783536253993 0.881331591467242 0.0008124006504728 0.551627694369113 0.616775927080633 0.429368061492066 0.528686635043459 0.415886659596379 0.350009506981359 0.0167217093263071 0.000214706896588853 0.486805951797776 0.0388765963270363 0.284198248033923 0.749202370916764 0.0160590997380964 0.885290632714681
0.679379594030141 0.465968778779594 0.218425869077817 0.0106657183285348 0.860964682715532 0.759653267231601 0.514352060624198 0.468873388113016 0.727293902958322 0.545438359988215 0.444486732324789 0.639334682995789 0.781905559734589 0.0630045399243803 0.6539879392317 0.541224895113258 0.318841210949014 0.519839701695756 0.365528941461039 0.518963538199599
0.0955376062942238 0.242789074704383 0.0400890389383357 2.58229062213562e-05 0.706000368881923 0.000386581806052837 0.356128212628441 0.542644884497815 0.380611874225131 0.0912643464190754 0.361970534969298 0.17979421449514 0.0156482305179364 0.00366242210530725 0.776858886651472 0.00475440394994776 0.0905340134044763 0.177865704509419 0.0319842219532244 2.99662410463508e-05
0.0945074402540704 0.266456628022524 0.0592651392823 0.00232216967549307 0.531358429140558 0.00360700499729806 0.386735097418656 0.390589405798975 0.23046270430701 0.159742909766771 0.356044606956204 0.239468888551566 0.155679087718838 0.00374877526444111 0.472619871604687 0.000650277448525419 0.223425225120551 0.088985433367999 0.158907435131991 0.328692597604245
0.0184146929749343 0.330528178690303 0.0246391335457302 0.00088108236669967 0.142305144946053 0.134062101025285 0.322895378209204 0.394932060038536 0.335656165121674 0.211376142437542 0.343602950459658 0.226712781192812 0.0210097721414088 0.00810799089041095 0.608394332140943 0.000648709127051689 0.10717947993521 0.0126663439533867 0.0178143996010278 0.868737814122214
0.00451922618397418 0.305435140476706 0.02541535661533 0.00148838070423881 0.708295523785653 0.0032701412363571 0.333306425438035 0.382850059043454 0.380711404819487 0.155629140082406 0.352262013941323 0.521888202662209 0.0363818203910749 0.344514455753959 0.68121531405923 0.00257594340321557 0.0322422657684202 0.0427943157493836 0.277780174862627 0.00060843914843982
0.952056386856506 0.801717167379275 0.689243967150657 0.322804875970574 0.94776281974295 0.000400661504101852 0.749514480554484 0.77931197881527 0.769821584320125 0.877472932445466 0.461260015739909 0.868642148038547 0.859456803221832 0.985175402760389 0.747702472771817 0.969850497859281 0.899194353486474 0.94622551247836 0.950982917488815 0.881667351932238
0.11219466320478 0.328518936711756 0.0728603128495837 0.0015396780371814 0.296768986203805 0.0181568833321765 0.421101271425328 0.585192635534192 0.226787935155495 0.200871036746654 0.368612728404788 0.268732023593358 0.00562090450773524 0.00270950372204224 0.239504291481775 0.00135174832402457 0.208672746432139 0.341217232744981 0.598879309253973 0.0383321248857127
0.755427873722863 0.74450729288719 0.228599934646473 0.503590336118144 0.64615613547996 0.994005558058321 0.72045638357435 0.679705036273429 0.755541723333874 0.825455233798952 0.47766527813274 0.859903223542103 0.720676362574819 0.982783408973912 0.309711031137685 0.89184252799563 0.644203888082709 0.639132278177213 0.985414276783896 0.928698009654515
0.00432137593140469 0.213899324463495 0.169920937059328 0.00141648977928136 0.858359319736872 0.146920977443794 0.340035910408773 0.492885272380637 0.353830633738715 0.219649657557538 0.373655380351576 0.183386936804605 0.258057915841964 0.000578284019051261 0.522026500290415 0.0216929954765207 0.0875378356277003 0.413501395338072 0.0334234507356543 0.308630196829063
0.742871612465794 0.514315439541959 0.222911551215409 0.0770372891805067 0.583230423858063 0.98972412531321 0.509811453919498 0.631760809279607 0.696404392667508 0.57993968412184 0.491181633232331 0.78774094710755 0.0652717430353839 0.875239668688422 0.768830884951699 0.792907212448942 0.399627159530044 0.862192518146552 0.560280875783621 0.993784582358555
0.0225652082085681 0.330843844721321 0.474551956205597 0.0142734338235702 0.648030582493594 0.276472870267113 0.557076502727697 0.512068459549433 0.326215470044806 0.410113317474059 0.423340680912651 0.31092107529125 0.408717529204569 0.755129696273255 0.0690153593416241 0.0696034119470974 0.200608304432509 0.659829965776415 0.282642734091324 0.786804989383485
0.0684683049310457 0.296775133026572 0.178833946927575 0.00169502093472386 0.1785637734517 3.2100519958664e-05 0.267399938915649 0.468437429645547 0.380597304385901 0.289565379384807 0.331185233207067 0.348530220914301 0.28793190310787 0.0321711705649936 0.622417631344107 0.0135197572895615 0.0297854456347602 0.0995593177726201 0.0461492432660979 0.577122543359413
0.584691493710057 0.652913558474762 0.111558788579818 0.0219922068304456 0.59560430643744 0.745148510069047 0.705036778028079 0.586402716642059 0.598453726660324 0.666613776108546 0.446907477990762 0.705993536819618 0.0632351349230476 0.800732327316825 0.475072837362631 0.775481740336392 0.724293797552322 0.930322762448826 0.638740508060721 0.389490257799854
0.354205908984375 0.374775558022754 0.106144824796823 0.00246975840507596 0.543675703580637 0.000216116771137033 0.435072477585245 0.360772676530917 0.272878058569022 0.291348628692477 0.360137980736967 0.35073869435509 0.0868597540947389 0.0213946850737285 0.289303536363009 0.000606262091841762 0.117823722941369 0.215869262294788 0.060896955500752 0.994356771755067
0.10765497147854 0.448866607038756 0.524337119416237 0.0102968723686871 0.733384886532462 0.00179956812457834 0.522871965330471 0.641356737233988 0.455162256559635 0.442842056483309 0.412249040922998 0.591112398810439 0.152875568932946 0.197451297502632 0.161281431981175 0.463195331637601 0.230926838103754 0.767057690790078 0.949724770567502 0.469548174493033
0.0430968175964711 0.393186075658716 0.10288866212977 0.00528052775848217 0.291695144506012 0.386590281233758 0.510215792256407 0.538315748591463 0.449859824142589 0.393721946967224 0.408098597203441 0.499334703210229 0.116438773712301 0.156174396342382 0.825475573450341 0.103698769738115 0.462174397449469 0.658206133056296 0.217811672883045 0.804476018005947
0.128020179964884 0.432849197557293 0.0215120339189276 0.0089578089645668 0.535022143660208 0.000717227229340025 0.336511266184482 0.389885056136585 0.505183493436188 0.28996583449725 0.432985995266293 0.366414650245049 0.340848984502562 0.508628771934772 0.377550919794821 0.0173403546785926 0.153341088505171 0.512489686780935 0.202797073474787 0.976235724738115
0.984570218630623 0.755530457654696 0.872392125550087 0.75376698758208 0.932267282094843 0.999572224977589 0.839051436012627 0.760243851444493 0.806315890960797 0.914122788355043 0.509081687576952 0.83079353872002 0.293922690032574 0.992370982666911 0.93515932458687 0.989445248584881 0.894801121850402 0.982592349157703 0.998077211076046 0.497978350748344
0.00611417921478521 0.504105241894644 0.208772427088441 0.0078840277250781 0.488329353822232 4.82045723629104e-05 0.444947953401013 0.474059737014481 0.542490038046547 0.372392180592663 0.449683958472293 0.534707875684009 0.00700199567425358 0.783908719924352 0.918324889744634 0.143057441669665 0.407159343222955 0.327476548475223 0.0307275438351193 0.962539416103571
0.967082829437512 0.746690752198735 0.722119292725748 0.349163713225383 0.758697963152543 0.999883368079286 0.790798430339309 0.582850572790023 0.803801780172037 0.906747914141392 0.526544144894526 0.849277288030481 0.526528887705056 0.987416568418101 0.983190760259263 0.957019721154717 0.913728691438116 0.93195686557098 0.979493169936957 0.533296724998273
0.139993869152123 0.332601248225192 0.694640456462429 0.0358773630973106 0.891506832142421 0.00164575567880687 0.513322016851265 0.576423724411341 0.38958602788337 0.423141436532816 0.358270257398526 0.429613012905197 0.0146501034281725 0.352079432145908 0.651772112350263 0.0153995005785206 0.0852957763944345 0.337285428401324 0.248388430790953 0.006798498565461
0.468073401809933 0.333868277620688 0.297863143487483 0.00310288964767869 0.294306686239477 0.952864385492508 0.452866557358024 0.552552758972763 0.458314163555318 0.495876331484738 0.396477601975712 0.438859082702287 0.0892039973012874 0.777960674676681 0.469123891421807 0.189109235360403 0.47728133685738 0.333806375094014 0.271619473652348 0.929165583740572
0.275321187327025 0.432670755529026 0.0986238127286789 0.211931046482669 0.902353697400703 0.0324204750401158 0.645756819444243 0.562701198034718 0.745508065162571 0.642174314190368 0.462891115781376 0.600129343374718 0.320593599334855 0.734206344222871 0.15479677111154 0.957912635885173 0.735246200580991 0.821418362613515 0.484339984906346 0.0456538168729688
0.0412683641273363 0.289439819458683 0.0523111178590326 0.00108089329809213 0.473965197630117 0.000370769052624491 0.259825648590087 0.39592923739984 0.270909100796176 0.176843494981768 0.413339488711712 0.279116350834201 0.00712089759354872 0.00186280393897025 0.575327092587951 0.188199121542226 0.157103565883515 0.0706062322445531 0.0385856520533396 0.0191259168850747
0.582290082621285 0.680481723624572 0.835093105127532 0.66615147767648 0.881493535675745 0.984550207995354 0.694069885954175 0.790081476331546 0.691903488735924 0.765476994520086 0.511157839634892 0.774391532459387 0.641263674402562 0.997367351530523 0.503144998431807 0.939347320622197 0.768519783738836 0.959558746884755 0.939858704382903 0.441191454621388
0.328128499948284 0.574398190485644 0.0318343428172846 0.0193204216601031 0.902020641756486 0.0490686968944422 0.609036966898584 0.671622566006259 0.537700021986529 0.526370516826859 0.411123599115146 0.563201526625137 0.0823746334373664 0.0786209006259653 0.561221475767854 0.922313543633749 0.510312369734275 0.499472895526882 0.143796510443356 0.857021539612025
0.0711476962229519 0.232387789846028 0.00501472454047159 5.30007654223563e-05 0.756304493434878 1.41329277675375e-05 0.25336107680825 0.278867705682076 0.381995606690069 0.156316733572544 0.278687391139826 0.128441598170518 0.0801109293956574 0.00166670931442854 0.624071475285579 0.00621964277987819 0.116346772957184 0.0685339584654464 0.0176901952589304 0.0693757901837616
0.020266167225251 0.214571920407605 0.203088818850619 0.000235206319012123 0.275923021790273 3.05792774326548e-07 0.218528241893442 0.462215137629466 0.352572897828414 0.0954418477965111 0.321431023755283 0.135309690093575 0.0795923027982703 0.010943064149253 0.357594647631463 0.000660255299482192 0.079487530367587 0.0691465713391882 0.804003254400852 0.0040272435047791
0.740027917716216 0.710064109153283 0.860019602177239 0.700467396935766 0.594548840640894 0.99833760349785 0.642102027920317 0.724829913574103 0.575618763776663 0.819495351236085 0.482684194886259 0.749508555261856 0.309327061558644 0.998301893862994 0.704162659390797 0.988151169771678 0.822115115873263 0.905654197880602 0.437761901967405 0.743959433794431
0.730686989382466 0.44962733604735 0.387581025244636 0.0591146010437652 0.550725062206957 0.967765666043681 0.495558208467087 0.577414101393462 0.456018593925049 0.567869629978031 0.433284062352221 0.553748632334114 0.060662381471548 0.910398660249412 0.325562782200014 0.0690109461783237 0.396601719673923 0.239608309617596 0.206489635242968 0.0405396032991359
0.796093809436286 0.593270843569121 0.966712163158375 0.0134997520133807 0.893728328667482 0.950040864179133 0.686619189911354 0.628587722416385 0.626368084502104 0.792036108315487 0.447744440062424 0.756266005321426 0.355515471884344 0.911096045387789 0.161912416840091 0.50909586446833 0.865710392000919 0.958608788470289 0.601732165138082 0.831180530064614
0.0132123499445335 0.323166282473833 0.130646146754326 0.000446381673742859 0.617230041132675 0.00158783713986868 0.41488867581171 0.367745905174769 0.333259563426108 0.230887288835543 0.375252044738898 0.347401208736206 0.0476793257672526 0.0296365708352294 0.340834592954628 0.0118166686255171 0.042712171820913 0.0546405113146397 0.0428056099344568 0.34925376217045
0.198776496761719 0.529592973856978 0.121559458278275 0.0040090736847835 0.425924173747541 0.971919740739091 0.64528824055667 0.687017763274833 0.311556212109382 0.36930484557711 0.451362751895203 0.506454838836754 0.233106575873885 0.0327124586958979 0.262259365292234 0.00129120081378075 0.528243493775593 0.526966334199809 0.188126931789353 0.0496702955727121
0.21865700049249 0.433899487136716 0.0335463167058482 0.0041533417416175 0.895988761293413 0.00187902458597829 0.357629812027775 0.619935926024318 0.228391326155407 0.27434091414915 0.359027564165264 0.337054391638332 0.00848979191823083 0.48957314862636 0.0381713314581622 0.0170199766323665 0.0949812236363873 0.266873395624245 0.0507123636931132 0.0213718287558754
0.186236739447631 0.302812668459431 0.173977476538682 0.0324839959143624 0.541992748558541 0.938049720588706 0.478259184664802 0.562804057933005 0.512365018795804 0.427037393720117 0.396563695754667 0.50557419870809 0.0587694531854677 0.0530227910312185 0.604163334115841 0.17833143984496 0.598225301276982 0.489221568741144 0.0730848371984937 0.0278559359080754
0.359264760285921 0.452635643698885 0.0320551728177921 0.000933505061888373 0.852688158969518 0.00159052906682307 0.592887673012529 0.700699160377908 0.445699766068403 0.327197501541713 0.392521032351923 0.536814071620508 0.218464039430807 0.193117479018778 0.355313576777211 0.653940979796271 0.155109944905254 0.378608713008443 0.215635091432369 0.140677738152146
0.0979157506292517 0.360406424535948 0.0892655950769448 0.00429787709185321 0.464360810873359 0.0214139685226331 0.482344048018425 0.537134199749473 0.321098987962892 0.370636116203265 0.342688260603584 0.418911734251232 0.47250917360691 0.000311333383320112 0.0449025655125935 0.0304822174792435 0.35546590562759 0.75200990517603 0.235458682387836 0.0837732455843517
0.0680472337782948 0.473101476099284 0.114302574636177 0.0088572246784255 0.501903536134436 1.35607692484015e-05 0.688840372177753 0.572308647844603 0.596855276168794 0.538174004430132 0.447218927201538 0.534573249309034 0.122732727513686 0.782810392541039 0.917036144187652 0.900208265272066 0.398611466254912 0.824826348260916 0.354818676251291 0.986013759603319
0.645486788507725 0.425511097646541 0.19196209296768 0.0507514147246058 0.236135663321301 0.00469787792550856 0.562149825562642 0.672748042799977 0.54435401171905 0.543096518676193 0.432470568909421 0.609029915655069 0.187771217538885 0.786990908682866 0.587050352716782 0.0565776320613679 0.561370013816438 0.187378899529528 0.15720168654023 0.035998376262852
0.0912487827630822 0.598258233709828 0.566636210866821 0.0179736019686144 0.575334756147906 0.950452165113514 0.547754575234931 0.785712798174893 0.768691932480232 0.668511192300535 0.443486128801506 0.613732356066077 0.0416501617864805 0.99675046921642 0.32907678629859 0.179670144865198 0.643998485121219 0.790500660992431 0.138658270225609 0.99698299365205
0.883234501595655 0.714937228568888 0.127297748622317 0.157658313131698 0.906347211269102 0.999580787939347 0.771438898695357 0.481334521161701 0.688619133936577 0.718984216510445 0.460662822101355 0.768032310078619 0.359205812486139 0.957059429564502 0.394431456459855 0.875459478479498 0.652686180569408 0.95604923871246 0.824028505416657 0.897807829128733
0.156519615078142 0.548895318510005 0.262690388588666 0.0167627769979199 0.95990116628349 0.0762303466697504 0.534518518195908 0.590305064908739 0.726302679621014 0.616357413269949 0.416417988730863 0.604480359840778 0.0574857321834522 0.103196966229046 0.392738912832591 0.909734604755849 0.746763976177505 0.937087475441553 0.783290756039655 0.915278696417149
0.758743700416456 0.537276246910259 0.684561571960682 0.0996120681590537 0.88617155175603 0.00028743626705443 0.59800104459702 0.582669223177845 0.769713567874868 0.686293249260488 0.459698379809398 0.608807097571506 0.0353566330111297 0.118589451101988 0.43191867312895 0.533213484601509 0.77312404270425 0.958054845811287 0.91763588270661 0.284636812232835
0.603992063751094 0.583941012466677 0.267433241379625 0.124543854684645 0.438025615855674 0.18361468656524 0.631077572605341 0.619486230777162 0.630677278890867 0.764649504612726 0.521911456814998 0.615943130866131 0.245155363189811 0.999698823155622 0.818781555590209 0.705412172955848 0.517154927614506 0.98228731266981 0.658692063877192 0.322206243189037
0.88955678292116 0.688610681249265 0.215466225649749 0.0732598302293504 0.464815432889804 0.997736429527696 0.771231665004161 0.729425366373659 0.563506349239826 0.708938755329367 0.509417061279162 0.606546207654332 0.613491688777186 0.896327682060153 0.531861949629786 0.24543053941564 0.935477131199392 0.892686703734297 0.327213760068959 0.289833078113971
0.121501493539878 0.510617799702362 0.584118538079889 0.0640052562165536 0.66832052362446 0.00161293343772089 0.628272396081177 0.786982678669017 0.521761496657838 0.585216413017386 0.45763194851029 0.687497949909044 0.170252764336788 0.704341353231452 0.951000617808363 0.725552051692781 0.445460013095232 0.570769732788057 0.0688566374305855 0.907351150498082
0.153756667456648 0.504503328564671 0.226367650208074 0.0135112285225899 0.9424848510199 0.0469287763851675 0.54553237791502 0.751017392607856 0.471858466084177 0.553495340176476 0.387194357089769 0.539496506107357 0.512813576065255 0.556303999743443 0.699440083290639 0.207983685126364 0.493081662105456 0.524578939069629 0.0205811662764018 0.667233229406268
0.0777315092143576 0.487583884918345 0.0523755638794943 0.0165219402074134 0.514227303290219 0.99934632599004 0.395465670425473 0.496703853526492 0.496212011914627 0.498488201497457 0.404595969880723 0.340184662796676 0.124944164908501 0.595554554333687 0.420490728972396 0.0149144824887589 0.518330356786061 0.658765196624436 0.0587654359668335 0.673342086302455
0.615184633132861 0.426786324904042 0.0801653565715599 0.00910638340932049 0.271353070312524 0.995864959230559 0.565470533509638 0.653218529629801 0.673123815173336 0.546374526285952 0.435452227542833 0.532319920993461 0.234946439828697 0.966752612374036 0.760945947470571 0.957675249481877 0.596748858596285 0.735214442536029 0.790173673682543 0.971363353251422
0.264758805231043 0.43661262714324 0.221721810746117 0.00165494251013217 0.301870422855064 0.980313326451702 0.359811851743979 0.446241659652316 0.485083639387453 0.413749563012699 0.396928713667899 0.462466080903317 0.10210373340915 0.0818113561582223 0.706243228279024 0.044626836882022 0.512881240391396 0.579281154618452 0.305948737472223 0.943429244579598
0.0882581839674777 0.386636638511732 0.25880251226945 0.00881565570727765 0.623882204153892 0.0240410801103655 0.507108687837643 0.656540275211906 0.392824301380105 0.261977482987303 0.40751160329283 0.286786672820026 0.0548592398971154 0.113160578946877 0.159299677704187 0.00782424852444909 0.42081258508709 0.182791020751618 0.0319855080485871 0.0608390790612729
0.0208341572581196 0.239897587061795 0.057257824101788 0.00135465746467359 0.403899710421321 0.0923646562508122 0.311340704861822 0.568396539929088 0.412409292922454 0.144880799367907 0.329917947263127 0.318080926617019 0.00371661185898775 0.410662969063333 0.169930080710496 0.00157976377501554 0.147010928723035 0.153552404267737 0.025170775759495 0.406516793401358
0.0816089049727118 0.26990094249613 0.0062703928211317 0.000429694612521254 0.0814340147325072 0.00357743387093254 0.287567844094203 0.408479645631131 0.276397134830834 0.0538677601665846 0.314195333161293 0.147550698086194 0.0040333582147637 8.44340010740379e-05 0.474031040022173 0.0301472792882366 0.296778981295879 0.0504302372187987 0.013965251106675 0.0122854209765055
0.83463495363018 0.595138522919619 0.051684310451853 0.302653765823094 0.544041822704042 0.00336024787764816 0.614994483683774 0.517700686355313 0.572054854966522 0.712153879986067 0.434863336539357 0.587240743284322 0.57170254824001 0.0148983191212819 0.89549641184274 0.925328470767947 0.804649980082028 0.859189501504101 0.128018011483093 0.882534162299914
0.47079475832299 0.513983186301956 0.295262409575865 0.100346108652683 0.948672927106667 0.532548449803054 0.450934330840425 0.57708960094956 0.59679695512673 0.423092065029372 0.481692893684341 0.42190255549741 0.20128827459859 0.995408309647509 0.871652009350511 0.57407500390588 0.525401353160842 0.371185640092714 0.831280582907404 0.0639429428866499
0.205803403054181 0.357281097829723 0.181435276531184 0.00601895805077141 0.146042866686995 0.0357920136357064 0.505451341696225 0.750070133343713 0.357711138979631 0.27967262926346 0.372412632836922 0.468316736458782 0.0282083683092243 0.0780548050011216 0.727017921595878 0.683286625185543 0.71235212258637 0.391689356507407 0.292155613243426 0.785500936996304
0.438569773476402 0.531251509325956 0.0959833303327334 0.212224117387607 0.933803323669283 0.969597813755731 0.577997585110786 0.574657759616056 0.574167673555882 0.458772641310239 0.449716979701654 0.51451546177419 0.662260718555356 0.00138247220438636 0.558014460254205 0.6765505774045 0.400993414113877 0.606095035420493 0.134837756896936 0.777063031529988
0.912159844613038 0.55859622807715 0.767474158391876 0.00433895463922379 0.195471809158751 0.0358847807216619 0.649904569041809 0.476222981757798 0.301578312129177 0.782777260607419 0.468869630070582 0.622804397063908 0.0459075308645455 0.996839887312099 0.22172974677577 0.317644775868906 0.432885883705617 0.831488239298047 0.644264501364382 0.766740212312782
0.462083441240438 0.386589893583097 0.00451094610753097 0.00593614213064669 0.436851025219795 0.566839898898612 0.465932071544058 0.36752047941859 0.328038687112458 0.181375135983716 0.391634178267152 0.37304431070076 0.0773487860663464 0.848204016680009 0.587672723401253 0.101569955657461 0.30084869584232 0.0625137306242712 0.327776083988581 0.619549133485663
0.786368147797419 0.427607805251968 0.326366937340659 0.0315218900596613 0.856025760919872 0.0269836979000885 0.371971379766693 0.384986093675033 0.550017548242824 0.34515745995947 0.367659498838676 0.358728110149582 0.15102434153297 0.749746950368732 0.675924056858061 0.0592695255041513 0.586835742653223 0.832417658193061 0.198395656751564 0.122883691115201
0.645115602477891 0.397781187571312 0.107393854029006 0.0766050330210303 0.775391666523508 0.194766227712719 0.524073536013588 0.739678360725486 0.372789130752558 0.448536054146195 0.407685775139758 0.487912573039398 0.557367733527676 0.796563072775063 0.812153868230069 0.318325905013202 0.31591792264799 0.620350414826491 0.090538861804417 0.964236093153562
0.196688863346682 0.620558510959007 0.423692830896356 0.0349638027666978 0.836835557414531 0.840909793777691 0.75203958159651 0.486642435877948 0.633089991509733 0.650002244834614 0.502096507490753 0.687709789303914 0.505950617470265 0.924274704692226 0.780333578825611 0.977432866546681 0.348764979051464 0.846179148218941 0.704940954030107 0.292139429812418
0.639474671194858 0.523788912673807 0.611619587114696 0.0458725612327633 0.577949702400754 0.371586566967463 0.718012718742991 0.8073980498307 0.67470608434657 0.345671185879697 0.395764404503185 0.674550281116947 0.203137844901184 0.853660209603751 0.110160401541139 0.202800967869952 0.514123287061545 0.670236812011683 0.0141649627636293 0.134530156759986
0.416368372901355 0.514383441852941 0.314874711432986 0.0387884618654757 0.15657915834556 0.838981042318554 0.459200489443642 0.588058158781696 0.332710160426996 0.479500627385027 0.40581754144735 0.556570666914222 0.0101541319209303 0.667360229552244 0.595996525037309 0.110046555539394 0.753229304069978 0.633235398641738 0.374807061283597 0.275953260148285
0.13198584390556 0.394475593998082 0.0758978621924778 0.00707400073910439 0.79874738390846 0.00594567381171759 0.49830196013525 0.504135068538367 0.454203891981549 0.242691056094116 0.415059084524565 0.368726144433275 0.0475056832454026 0.608290847499083 0.108619377314413 0.00860531694337283 0.176258800705499 0.577488583456677 0.425137892851062 0.0273462009578774
0.702010967200482 0.762474487053465 0.960433224504131 0.532710328022041 0.872616092252458 0.643333208104632 0.910080629129798 0.889089405113513 0.806055369766903 0.887572022861278 0.537858635643496 0.838037694334644 0.949223705359767 0.999355692961034 0.496304195479736 0.999156286482546 0.973424333398224 0.992595869769659 0.798671564534586 0.758095550383311
0.122211037749899 0.3853202713861 0.131176290922336 0.000675855705998021 0.470985970662992 0.00648061954304535 0.540916885312373 0.586095862339478 0.433734274445206 0.401493429530304 0.361893528380922 0.439954429702047 0.105793311835836 0.984660025981321 0.728269291967445 0.125700808491392 0.79572523290329 0.236560096988228 0.00240160365269875 0.999904367943252
0.0662569168465478 0.340126231973279 0.074005376108286 0.000255532498584075 0.833872762423983 0.000756620393003597 0.497050236101375 0.771417558447731 0.485452757986802 0.181611625150208 0.402582154704382 0.42904403893193 0.0303712360998673 0.158753666758216 0.121537936131163 0.0589003209068139 0.364137602184199 0.151048108559571 0.021570049179744 0.000290469726724828
0.680057292637522 0.366667477680704 0.227327856438227 0.00728643952236048 0.360758552119424 0.0208652966988044 0.431389221522735 0.527254761480097 0.495832071676283 0.604301489183131 0.408121538126321 0.492862229739645 0.0700146874745537 0.999123813115978 0.516477245495535 0.067083545534465 0.435939873730852 0.342363677685528 0.249061330823967 0.691748695227324
0.502487836740864 0.433537276850306 0.12808307312809 0.0103033912986058 0.803804724242822 0.0113004656851566 0.434735129229458 0.573429944689643 0.352433895901345 0.324614048415582 0.400700676242299 0.297979948668419 0.231830692753007 0.00498655576970664 0.85656595376381 0.220429541992266 0.585278104086295 0.283974830779259 0.134352681653229 0.744344212296842
0.021386147372774 0.442810892054589 0.25490436641004 0.00101654256738879 0.377061391471267 0.00158368975063497 0.452931689172522 0.493482274205763 0.583855416495988 0.395701675297557 0.381402929702034 0.436827735783229 0.00778083437574433 0.988453078267361 0.12830423991711 0.320875340844012 0.223360169315726 0.54274111190788 0.144216305984935 0.262077080507255
0.661113693889836 0.583119019520342 0.201483078806776 0.0753786005520024 0.795012737932798 0.708169182034301 0.671095345804397 0.754840201254589 0.475444754717986 0.555387131752212 0.406612581768339 0.568411081171329 0.0366377121437906 0.898885197790884 0.580094061827043 0.366271200368856 0.756683937115455 0.801861671923536 0.512413526824242 0.792961889752461
0.83684639820579 0.635985893639916 0.646332025194619 0.594915017255411 0.914932653662568 0.668133135993107 0.794938515402231 0.635931844133525 0.757222484547431 0.863776291487391 0.50024744372031 0.808257272794451 0.343145703774128 0.996453301993032 0.492107126971166 0.991501425485614 0.800198128971129 0.959641084894269 0.842627401917059 0.98966712572947
