0.895767837260171 0.635610569082533 0.518610207213872 0.307515130288605 0.696374736818678 0.964510249728308 0.693639029268294 0.549939452664498 0.667236884757122 0.819390158523672 0.472415342178396 0.566235831380397 0.788434203021001 0.993063582945587 0.411175779797988 0.919568645149972 0.455120820057942 0.807337738266318 0.331116217399711 0.0888552384990092
0.557904299617942 0.611524620378063 0.619488704318901 0.0399710721067054 0.860928824854084 0.995706817625241 0.752499354742442 0.510017939539741 0.622889048589519 0.455494353530531 0.502521500816632 0.748058496580105 0.609627841325166 0.843899870350393 0.935263971480742 0.971111410346336 0.229757062663652 0.776580988646352 0.319027631957927 0.591032586328269
0.13388945735531 0.339356495518538 0.177047557813014 2.86205972711579e-05 0.458742265400338 0.000700111685954537 0.424176341145579 0.475346879258648 0.290526049640747 0.236445376533935 0.386693608982794 0.18695885943152 0.0324678672817653 0.329877488445569 0.859372766530881 0.0417575722169023 0.0384723217781083 0.460694581847124 0.264199018979255 0.591996104670278
0.00169661152817212 0.262673425321857 0.0361434133286399 0.000481537391076441 0.407589528148952 6.15539078883483e-05 0.350773516014287 0.432604880882884 0.28957049643805 0.162253838521918 0.353031754121296 0.185622301554917 0.0132191299544221 0.000349059562951363 0.58746033893221 0.00027212190793487 0.329384450184739 0.137700669907322 0.00754817767566786 0.758746369179781
0.0114114521286914 0.376217764631809 0.0181306592625588 0.000592226787455002 0.267043031688066 0.718212707055168 0.425039116297911 0.621900679915062 0.509715995691218 0.486952264139606 0.35585838408257 0.457547765259311 0.0431194682297895 0.216251721199195 0.566444969375019 0.146045478801276 0.0869483458923208 0.748519840117509 0.172138714477239 0.0147065160786317
0.783384039383938 0.598265194394327 0.210252904638879 0.24497069900885 0.588130811518645 0.966775987151388 0.600609002294337 0.554927117591544 0.665323506485621 0.6230544584189 0.487091154463818 0.709052177404929 0.32530563265443 0.234279706922507 0.576215865045912 0.402789450830408 0.697176762800181 0.762626563824093 0.011209883046853 0.0636188490989523
0.934796764575371 0.767217588222943 0.528148392510822 0.272938075887388 0.864943216719356 0.962848874453015 0.80759548501555 0.601268961384712 0.555809912599223 0.835982432186572 0.524070508873728 0.821483470497408 0.655833711639603 0.826347664161201 0.9477890631064 0.968912554595689 0.851892404638764 0.87688636780734 0.561381064372635 0.697109802459339
0.14990482786311 0.39950393742954 0.048251368539664 0.036648653509803 0.663846901831568 0.991942443451635 0.484676547888711 0.676018434291143 0.373851725001323 0.334165779670222 0.39687925127324 0.408466397597947 0.239579582338201 0.0225450407199152 0.544154770399456 0.0257636488683142 0.491764016702875 0.301123451861391 0.765087025727704 0.224446483968655
0.0406629354083301 0.405968636775162 0.225153998916254 0.00998023175404227 0.88030460205307 0.0349309641980932 0.595530807538927 0.493251238612157 0.443142318735536 0.319377241823911 0.372394236917169 0.618176578832199 0.00822886632105269 0.000792793892438769 0.485635313484115 0.211426312262296 0.307127664880161 0.449787206249219 0.0523705077881131 0.463970751382129
0.145636185584408 0.647932402337593 0.0609527994274281 0.0351789387113104 0.850107382707736 0.00420514307343801 0.823606634113987 0.621384646108986 0.566461769098306 0.749840313878572 0.477227592247191 0.863620542474238 0.338984347211541 0.997190764345969 0.102911045459425 0.994674786112946 0.970647143474569 0.870113836611343 0.985717259507682 0.161139272465042
0.0723731122138123 0.193362797686282 0.0366057032803872 0.000332930469274863 0.397026118022767 0.67895162263849 0.454891591130055 0.616085699659065 0.291417652375784 0.320534849658408 0.408050423630446 0.281416941529942 0.0337551676930551 0.235324342559367 0.473148008166792 0.0119741321936812 0.418875565814475 0.135536720616277 0.0600497455958585 0.15667814179698
0.388008380791666 0.476392709398855 0.041791408685474 0.00588403944645525 0.567304709780613 0.124474661720493 0.464708383455966 0.409447457279911 0.527280380886778 0.166984881392906 0.388021754400291 0.369080112742805 0.0677741557308647 0.0839881759671672 0.172732675070869 0.0171066375206399 0.210439417054876 0.920255189663147 0.0380253641162941 0.0125952594397329
0.369687831876578 0.425198922958574 0.30466597373381 0.000342413514864637 0.290031798237724 0.000775947916786015 0.453079581543764 0.660004840811012 0.596365534838823 0.307860360855867 0.378044498315257 0.517104121654416 0.276262463699145 0.000725176661940154 0.644560768599003 0.310767337023548 0.141596357717189 0.381866749362118 0.375922714548043 0.820932862795521
0.712179311308748 0.572213906950063 0.754040908298856 0.364119486427972 0.95933603159616 0.864197771582618 0.703929775556678 0.67694138769334 0.586015547852072 0.791608325369134 0.532438721655777 0.789286897578078 0.141912502154016 0.903627798282428 0.909986421979253 0.923770827502185 0.659935696232874 0.925051239860857 0.775965661282709 0.813762949202889
0.979340245152821 0.758792988883834 0.283032487602221 0.119524021525043 0.895989671457359 0.986571609473493 0.770231418163507 0.70809258590956 0.795474350301321 0.863638791979104 0.48034792882004 0.829891095540489 0.773852940932122 0.999326296969309 0.910217410064881 0.995797858284752 0.910010651865022 0.957804617093484 0.162384354483703 0.643903118390186
0.504809815058733 0.537612409959902 0.143566499293454 0.0637165068049394 0.490685412105609 0.975636760619356 0.599633099461727 0.53005377627142 0.553559899320456 0.655863027469456 0.466587992792931 0.621328418678857 0.0270570118300284 0.261041468379734 0.612469077898826 0.12866720353823 0.507173624415547 0.793396294848327 0.402787720250917 0.120875838107079
0.0702470500718965 0.524893936311633 0.361547989797521 0.0183033776165779 0.926595537617241 0.00391879086316178 0.638536505788077 0.631899927872568 0.492319125325464 0.558425098220892 0.412008089914215 0.649947145608642 0.359136453329797 0.90964730193968 0.89707490676507 0.349193140350574 0.520996934262517 0.902606093022742 0.809478405907271 0.170091393952452
0.473698952595804 0.582825295133044 0.253746077949617 0.255272500816656 0.738892305315987 0.974648001322225 0.672936965173488 0.743269664562458 0.66101796730413 0.605710178653243 0.41096718174335 0.692401991304984 0.00375741510311049 0.152757285711129 0.290424020491542 0.733131314638123 0.787265740970361 0.933057263813105 0.579344269502616 0.488491774957417
0.0104775137820664 0.345429581297086 0.267558483243763 0.0121668457525024 0.376957382802596 0.562949495572012 0.470325219652335 0.694000650808533 0.399850643945737 0.296549159559977 0.338573431926631 0.377970492890873 0.126863400813727 0.000112113141981559 0.414173202651128 0.743949658046371 0.207814963892609 0.493050788838562 0.150982599510147 0.93573633034013
0.205350732262301 0.328098247325284 0.113451103579713 0.000779406946210127 0.30734260319096 0.000599381850432249 0.448188548744026 0.686043416252247 0.488541275813303 0.233416352876729 0.381409990084927 0.286177170528075 0.00939951568167108 0.592564584688556 0.196328474830097 0.00523392070116109 0.514002258085556 0.137863337727435 0.0483632640119683 0.0105780487556621
0.699393468144359 0.647133473827664 0.397306192583173 0.0966793556084076 0.943781067700186 0.548619122393041 0.590602927817893 0.700508197931965 0.624978534803308 0.713843365309755 0.466124884927521 0.651889531793124 0.265759220144268 0.0248423427393947 0.406511894359768 0.287252841735721 0.739079255562526 0.812180161851934 0.626875106650694 0.851122467992601
0.654559718349518 0.420606927174341 0.243560558601321 0.00187883726704696 0.944431803009082 0.0240624753524024 0.51558475175096 0.579000161216777 0.426005621396417 0.540878005931211 0.386752611103258 0.666301677588893 0.11769637717109 0.205719123048663 0.524154841971768 0.182315406151097 0.339667856508364 0.767420580884308 0.0813219522317718 0.288261942432804
0.219852845632118 0.32113678715808 0.0638056380588508 0.00087387674842048 0.361067217892734 2.09960291420578e-07 0.330982589429159 0.613055652462676 0.428748035884558 0.179558501489225 0.391522032818794 0.26998675843718 0.0968719107396908 0.204535101602521 0.0813350563147915 0.0679142819532139 0.159232270157818 0.141492714043367 0.00688378446155273 0.00653403244764532
0.195515534563485 0.351199433796784 0.118468378966403 0.00446046119823394 0.608535635084565 0.000260919738573133 0.472510865027387 0.688621682962232 0.24279749855395 0.179447209663675 0.370310812106923 0.344960921807859 0.0230592667014851 0.00791449720291203 0.905137739495648 0.0906643256414868 0.272699265165691 0.391767180687009 0.175226818224037 0.0702514827293945
0.810554952581835 0.557351611567594 0.231906315713478 0.0411130195740043 0.154007934881614 0.0861886055675665 0.559744239895095 0.433516972966683 0.573277771579944 0.563128633166274 0.453152362559119 0.617384325436229 0.581672362046071 0.198300907811048 0.491553595939508 0.298313491732574 0.320355212442217 0.567999289559622 0.445546627403464 0.94538707540937
0.648051997291348 0.756664118959442 0.242944716730927 0.93547766535251 0.882180640666806 0.687512525568152 0.795200552740533 0.672822602426731 0.751319108167225 0.82824379461481 0.522148826736725 0.758670676795153 0.753459370177452 0.999382399653059 0.0205691288160083 0.902465898353727 0.9413962681977 0.958859836671649 0.925433189060947 0.918800004144686
0.0382295634451024 0.453222845843365 0.294136484266215 0.00620357447898237 0.325423551378239 0.0591852146542339 0.439626611300415 0.52755263084685 0.621451863143588 0.491330089426874 0.422617719427127 0.600452968227666 0.304386932112648 0.174507255194818 0.329924932769242 0.150762792715318 0.365357277578419 0.615235247753489 0.222774763582297 0.1161265754289
0.0769230993730606 0.36045501356359 0.0981496644240536 0.00576872034151282 0.563387261687796 0.00168383821276166 0.399089008751038 0.686650107982695 0.44225381911996 0.289053503324549 0.401232225597542 0.253823254548369 0.176255087839317 0.00491135381527518 0.205013144122726 0.0202121482507852 0.192865168089238 0.504070175387867 0.204961551093392 0.542851587465089
0.252680067372805 0.327423610531141 0.0165718836030731 0.00310200794182269 0.565090521402923 0.778783475663009 0.440738258884466 0.449092635338774 0.394392554961622 0.406540746286495 0.366866144197998 0.489164529624149 0.174622033375256 0.0261387508773608 0.197813274016584 0.7317702372984 0.438513571076654 0.331916323577686 0.242961647191325 0.641456196812248
0.0967591189137842 0.474480711484015 0.103496074975159 0.0370731688588731 0.660371143319604 0.528905239995938 0.485706957765321 0.550336438729029 0.569271268395129 0.471333486063099 0.403200823703344 0.436735840725974 0.0465017532311242 0.973196005051264 0.354230931510746 0.164089154200093 0.694943978960999 0.564889260010715 0.11921355249558 0.997443699407449
0.455534998908919 0.667719618841029 0.191401827300258 0.28970210250073 0.778685873447919 0.519067436326188 0.702207913135788 0.627193644489724 0.691968445650225 0.640704174087587 0.442621340563406 0.676682565660018 0.257187232556282 0.912087244492944 0.0450725346271364 0.723370958588022 0.420818070206802 0.937055351111392 0.330605018463208 0.970228665004018
0.0144031152264823 0.148386058616719 0.00398666418658459 7.40668764938063e-06 0.232910663182544 6.37756791322937e-09 0.231311070282554 0.368307973788843 0.350696433039303 0.0700596854979964 0.309828559584686 0.114472309451614 0.018812407841426 0.397427478439722 0.270173094499731 3.92276572290876e-05 0.0323943717829424 0.00348516557398827 0.00258445278894567 0.00159528219244497
0.622482274951578 0.555164515812902 0.0909700638566339 0.0961072260281308 0.829944370337317 0.0121128640623257 0.583174102705125 0.720978141592404 0.444781578744392 0.408282637362051 0.41426327543983 0.580321426549947 0.0137379487807061 0.0506706517554694 0.631097192803594 0.540870358694569 0.482702537562216 0.481157479235854 0.0383462692200886 0.00366097273610945
0.115353478785043 0.441940013429325 0.0490785661369487 0.00599135632330589 0.855952863988906 0.688179317630882 0.495709460245228 0.623213919274773 0.475346856504958 0.348272584081337 0.404960946706139 0.593494925806317 0.239805776744598 0.779466501886471 0.653788317340336 0.218967119390844 0.515218551937264 0.533265852984394 0.653682375787654 0.256105683717274
0.0872855701891873 0.544130123190655 0.548484629140426 0.0220327214058422 0.369255614768043 0.988473540180984 0.730654592283376 0.761733578505919 0.502693954760384 0.497614512769878 0.413447751069855 0.548734000584378 0.154661900343073 0.405492964726667 0.833595481930524 0.175384562848365 0.599239301123499 0.672270250873155 0.233922051665782 0.935458015643705
0.889329177891416 0.49607445511671 0.460614475346826 0.0151834993809694 0.836808103087136 0.188727146642171 0.752015709620243 0.639872087237497 0.492427746577413 0.648998259346785 0.449913761425072 0.750921006588889 0.365381126026519 0.879050824272682 0.452329638903248 0.521244664122082 0.935148810059092 0.924166607564762 0.733562101563978 0.816606962012779
0.476661126662435 0.543010464951121 0.321853142716399 0.0183293818063063 0.495287834654721 0.00433502311373951 0.356431404650308 0.720248082980516 0.466460836744606 0.532124732519593 0.388371509302803 0.481955758635293 0.298341240091402 0.0363573060885884 0.604103140087365 0.170275932169695 0.197700702539932 0.324715302627985 0.0805159213189636 0.474486983932338
0.151718685616176 0.639091166365044 0.110859743220239 0.0930149854442019 0.782769117465454 0.993495325740452 0.607882118123163 0.687860061326638 0.651175924503525 0.612539824891832 0.388808532117321 0.532457706343795 0.246021161291223 0.779973456073359 0.519828276970456 0.843446065250774 0.143570275200058 0.936768343896238 0.434143281428058 0.0912717064179579
0.923733349561878 0.725254882009276 0.143314078263545 0.387509798929762 0.886618363836892 0.0502272526780994 0.769194791227966 0.710248980591375 0.668991826656252 0.625720055873552 0.51050229790447 0.783108396154785 0.0417949987645082 0.0352968158314824 0.370665878639178 0.984780574466314 0.898566419480567 0.919993882352793 0.800066941469772 0.988847161008844
0.0566497851589593 0.313855519130561 0.283544000858249 0.000428391077661777 0.810323315145683 1.07212205171865e-05 0.496432935386488 0.391471581665002 0.450544207638361 0.326655764576202 0.373453389986813 0.397988300134648 0.00870348364435256 0.816639554029033 0.223657654564176 0.148016317121842 0.490390674247217 0.0499215523505293 0.154788189444397 0.0798662375779297
0.939061302730005 0.710960791855591 0.240535753960449 0.961662285711578 0.909986124099736 0.999868282586877 0.823961164042914 0.497737184492486 0.873160118019316 0.86427313492999 0.525039169214953 0.866866162139163 0.870086322447559 0.994853635830721 0.69516042190191 0.979404416603291 0.793957320691235 0.977417570750771 0.141367234804928 0.917304253590116
0.759504175284623 0.45523846454179 0.226891224495301 0.039157043132421 0.681787303168284 0.999497029487662 0.40636633953349 0.847668626333836 0.532389642009578 0.323564119497185 0.39252813661487 0.38493740971308 0.0262487912127957 0.00223069726776872 0.394824453006025 0.0124063769417147 0.223032328542046 0.505767881385241 0.0585792412261191 0.483918336753212
0.818072472156921 0.653779556540363 0.416500753515967 0.0639935493253008 0.49795031631382 0.0266894481867224 0.672630109098094 0.774273224258779 0.776703113803619 0.660905221841499 0.457470332017209 0.741400262200438 0.55323740573194 0.966612145038648 0.774194102792951 0.881670670156067 0.613410281205634 0.856745763187095 0.61652807626129 0.341477034188239
0.980849284583278 0.563997005507789 0.738819995368522 0.267613248393317 0.827254994865131 0.301805206511601 0.661045264114695 0.600554432576293 0.637341003760988 0.737093249064446 0.455756151825179 0.801433273184709 0.763724744577206 0.66781470014311 0.597402988876222 0.217629642044744 0.657167120978567 0.974699582739286 0.0994405042437771 0.569194571204004
0.678076037886677 0.465865234911445 0.28026174659998 0.00625914766532081 0.183919645026439 0.671491660950299 0.527212042710521 0.488257537847839 0.552155163205113 0.538287454619184 0.442571715744143 0.49927446366666 0.0167465566787526 0.0608415656971041 0.410832342271936 0.0359838515606706 0.328777185362106 0.255413329256601 0.0224934381218493 0.515194215263075
0.0840158158975379 0.379426768423858 0.00547542677122086 0.000481976699621863 0.656802518250806 0.000189162526286857 0.476012042800644 0.516507611757181 0.477411045460032 0.240190840205828 0.393602940563488 0.353310549317564 0.0656772604012727 0.0168263845506229 0.0354975949972789 0.0137053047152736 0.0616758811792956 0.254639865429864 0.0504319018125653 0.126695471786497
0.252161604328859 0.412845432948803 0.105837782487064 0.00202856938625093 0.257017218301384 0.00141509868505039 0.412776056568806 0.258492447268122 0.24863885672062 0.293261565831523 0.39805982269069 0.431116238019584 0.0497718180851018 0.00786259482548807 0.578702276326715 0.00150125129086218 0.511509057638969 0.133432517694987 0.266210199700864 0.0182274109328486
0.858981836341275 0.558747487886769 0.341617001075765 0.0170097564188262 0.89329794775367 0.000693544156621614 0.598017256858884 0.618710776404761 0.752962133434107 0.741549521821937 0.411905055966139 0.746074616415173 0.479704455735049 0.999965173576276 0.801504830836837 0.746425252756513 0.753174829614669 0.847915158256968 0.351248993981902 0.754621101316007
0.0433829867398155 0.415791138502647 0.142816255480333 0.0242331643940721 0.581967415059728 0.000276301632629258 0.710442858355562 0.493361673788988 0.459770097813062 0.400450269624887 0.386455599577345 0.703991045834375 0.0879547152748089 0.134102412573179 0.897604235201691 0.380639685752522 0.161833420465223 0.801955124383583 0.425220364628937 0.482434849711522
0.140757318800201 0.556305901616702 0.228653553323613 0.0314654672928153 0.783023279341315 0.119741204134597 0.558231931489222 0.737623538407406 0.576714154157928 0.536958791336168 0.433728110878694 0.632768535596543 0.340114779597749 0.270882073693871 0.0768480460251454 0.239581343558411 0.500588577138167 0.66319105568219 0.126591914928824 0.461885695123079
0.205094229225345 0.698869081127429 0.62654039160342 0.735127305911806 0.361752303957926 0.999160205431594 0.764865274080355 0.730716261938592 0.701172721014556 0.690656204266885 0.46831092135289 0.862643719874336 0.41125569707236 0.988230084794711 0.824748152125286 0.847466204532987 0.871766337535882 0.920343128566034 0.647053775143668 0.837964405766958
0.42944470303261 0.506018972311008 0.273762009339677 0.0565840356765653 0.603558923339208 0.559606908194386 0.722535741239731 0.805228191467727 0.525764219181555 0.592217873285179 0.45152513451132 0.664107602446856 0.109265671439774 0.00304557267068545 0.462160624211123 0.832183245038223 0.437635749781007 0.704194999158581 0.624110929823592 0.41928240707182
0.0812035140994952 0.368291917119003 0.0935481307996248 0.000847724708404847 0.873844567421075 0.0145901546864487 0.314323630769269 0.522785976350419 0.285976006562705 0.268117846636306 0.369565037315301 0.355866158944213 0.152404247045434 0.000137581101882738 0.50009975511174 0.175862589699325 0.092508209526195 0.130672605088439 0.0630510636958712 0.0258698281156524
0.0270629805226705 0.452550993748664 0.180884020129424 0.0196504038832998 0.750452171980309 0.0241903355364837 0.472744961169512 0.244824378358229 0.412388170102041 0.385566729671454 0.401538600778791 0.420800501056034 0.0666782074358501 0.318589361935855 0.321062393633266 0.381649523286678 0.565080512425321 0.291339055682094 0.0365607207625958 0.834074036392717
0.549443877420085 0.481017713664735 0.0872348331487241 0.00119570005156831 0.734460626518061 0.156986204332487 0.439059347914981 0.579852645523607 0.340595628529689 0.453485596591808 0.380483310313082 0.469972801008542 0.0411196223033752 0.110075589727354 0.483106981981853 0.00530546844298401 0.679423349125127 0.154995721811535 0.00287694299620382 0.0265623838222396
0.130932608025691 0.427809756718967 0.0684421632535158 0.00114386552106668 0.819399834454158 4.28149536632691e-05 0.392921336345452 0.545049193271559 0.420558021319224 0.346220478842412 0.330767322738439 0.248223207647942 0.200259807080164 0.0967529384439017 0.882465240719188 0.112221794304988 0.0379771311692355 0.165079208221818 0.0155307764649633 0.612314256088548
0.575962796341337 0.632550498860981 0.319171119044964 0.178227222135661 0.87401093297131 0.795452828937372 0.742388482353374 0.63188145483549 0.646866295481059 0.838895039821525 0.493507459891727 0.721053997154074 0.323301777469237 0.969641197753526 0.900579575056077 0.89487263710301 0.752907343808595 0.975919226387541 0.696500579230351 0.918966720459414
0.970049071083005 0.72094521984023 0.143346024139498 0.108338101183854 0.859471753015677 0.086674105209504 0.759818060183147 0.661944300354582 0.508524764662573 0.849313071095786 0.447461098558683 0.759973761388351 0.760225788495368 0.440645211435662 0.772336664054877 0.951315883353584 0.963614939203091 0.950992037618569 0.917619440601141 0.985338194666543
0.901201311866003 0.619066766619243 0.528737226804613 0.242315835444781 0.183374973109505 0.0435353456476864 0.711621846272438 0.647063399451385 0.77084571672665 0.667468093840053 0.513252701814118 0.75659545298073 0.413221089213637 0.317044334834521 0.201969295037469 0.86311361596089 0.776970703526117 0.850047418967613 0.210470733608103 0.152460667812114
0.0831421575034588 0.556586947361109 0.178582794135373 0.0249917385163423 0.645588361062386 0.00816569647385502 0.641611666467037 0.546386039422462 0.598162723854109 0.530544079427679 0.449130380657541 0.419803749484083 0.152408980907399 0.141481025523661 0.129785812334672 0.224862219553573 0.477931933760845 0.68455264233679 0.803583051057865 0.383339556214919
0.143311501777051 0.460469253633928 0.488585709414124 0.0376446972310831 0.570066064784769 0.0218743505789757 0.558984954260842 0.761013501402189 0.401806162887808 0.472636245527127 0.459056960450955 0.561010355043488 0.215104824457518 0.839008739913444 0.66227091206566 0.355927770595369 0.504441007421471 0.346980734288705 0.870458562571409 0.457628424631258
0.175939446670896 0.342332214557441 0.0234472633774029 0.000315588710811069 0.520012947647695 0.0300397558782651 0.514172209969462 0.664628918153228 0.350802321601431 0.528222973218625 0.424048944549254 0.70468899227062 0.326444924067614 0.00861535581426232 0.704666297481122 0.244386625461052 0.19910413692594 0.607453397078874 0.0215095879963423 0.643536957001802
0.642796852902098 0.451050255367628 0.500883314239737 0.567282991524122 0.887092374072638 0.109884162783213 0.78464778305037 0.661525496344905 0.422529575709541 0.734377366229929 0.483081682912412 0.834204587149264 0.931890699768475 0.981336165162647 0.537247385410811 0.886143405314399 0.555005532801051 0.960282137563152 0.893140058037463 0.940207735557296
0.00737689077977709 0.347922746639789 0.00361615438363307 0.0011654805372676 0.591309327261174 2.76381444299084e-06 0.381057792088763 0.641535177874324 0.273871003093763 0.169658983215869 0.409343754854614 0.4140772992373 0.21629329559185 0.00104215022665203 0.646975624093382 0.00989715078204365 0.205583813553948 0.187562588971028 0.0600987665726205 0.997812167447818
0.752097836783514 0.317073564674783 0.267785112424861 0.00437838742004483 0.472450935639012 0.00113444910674854 0.53453807262125 0.344009821890355 0.357746975662614 0.284473390787257 0.374664534965849 0.485624666526036 0.247841950399743 0.00165507862174199 0.932721955642954 0.659111312231342 0.155135964384892 0.347567043795452 0.535512203588865 0.996260625084235
0.28532350613584 0.61412262518849 0.534307196663617 0.0834903968007465 0.901526085599893 0.00063075279245437 0.704777036438445 0.483148101813434 0.448331341271535 0.596783555062452 0.448320198868802 0.785782951220031 0.889769285014745 0.674058802406105 0.760416674186478 0.234294002457848 0.782915408619919 0.683352873589908 0.868445346607605 0.124734938283311
0.0567044728916666 0.254811454868981 0.0507134986252541 0.00369637708863824 0.375860179603724 4.9920103264482e-06 0.288435894158812 0.412077503894504 0.409133731614769 0.331311261386061 0.353495348289067 0.379683959553503 0.00751248856495954 0.747429404339601 0.0171303882472798 0.00751529980841456 0.167359401520763 0.295109662243836 0.144174234620703 0.345248801167111
0.15487617868892 0.411527117650169 0.161536148125335 0.0910565589442218 0.297516456123532 0.563708011811159 0.426457281910804 0.682127030771127 0.444445990893466 0.402255044076499 0.412175857090617 0.616173911986401 0.314704714310135 0.209637085448018 0.785203614919485 0.106041742765019 0.533872818458611 0.600996205715291 0.184401049532625 0.0019646456020022
0.680979264291886 0.684929836486179 0.702017799648414 0.811312076693377 0.524868025927629 0.971408723562471 0.736551957715129 0.519854134350844 0.709040731529283 0.676012177414093 0.499381955561238 0.648775637056849 0.153835406346789 0.474224096833843 0.884669245192384 0.80155857951936 0.448653326242831 0.969586052092548 0.962213552518968 0.970201507350199
0.79521327275473 0.228061588934399 0.109584042918839 0.0018794087170092 0.608513015650551 0.377061961754251 0.431368051197991 0.581626849242888 0.349818716594061 0.311229137282028 0.343006872346419 0.382128107043458 0.0243372516777833 0.285592974616777 0.136559320046597 0.0380531096636515 0.179403596383561 0.210849584460456 0.234208733955407 0.942494369596238
0.758229162349425 0.805052369785556 0.343304936397283 0.674444216862694 0.933285772548712 0.91500143074019 0.750683594210139 0.733785730262835 0.332503442122084 0.799484989733861 0.508404245978339 0.784966447250774 0.0944377365789797 0.520358246830026 0.224839315632294 0.938661017875297 0.89692600264592 0.960657843040784 0.902486251861604 0.804158618825921
0.436384722680921 0.369045517833935 0.378544830758982 0.00250489077024274 0.587950912715902 0.000351514127169354 0.429017352033994 0.575241269595764 0.34287835175977 0.414199489995156 0.360315352043751 0.406150576817092 0.480184724627735 0.730693861490419 0.685201712604587 0.401562746466883 0.384367492281179 0.263578639008023 0.0221575215319412 0.882245847404969
0.0853968600442737 0.373000738056663 0.0448947255339529 0.00290545237342353 0.445232481818061 7.8628503308236e-06 0.512915412065147 0.531408865748756 0.387497044649511 0.414752360879453 0.371145716181455 0.332561977832367 0.09713896222994 0.743911694054296 0.0718643050547051 0.133666329471823 0.415903390015104 0.551362374459406 0.118532664514992 0.0254332735275693
0.270209199646194 0.207949367763535 0.0368748638191671 0.000398688422460181 0.189610562473943 0.000320391136167704 0.277333122627859 0.314678282025407 0.324303129769494 0.162677460293218 0.304489974388127 0.206908609958362 0.035844045991061 0.0017732621425106 0.0303969060341942 0.00020848615576094 0.097549812722545 0.0304703085077483 0.00713271457518628 0.0432206153671025
0.00578354370378281 0.223499492994102 0.0316590899818821 7.23791372936259e-05 0.728959869285089 0.00183687804422676 0.220313758802348 0.385275065857809 0.16556121191289 0.141603075973645 0.331624354667589 0.156369368822696 0.10224351781761 0.00382944629011068 0.770958653628596 0.00182958297204312 0.032404798354998 0.0276954511690312 0.0210046212414359 0.10861705184808
0.976976148599301 0.641336888102483 0.249697410916721 0.0789775473696677 0.502046998667087 0.951536401983881 0.667227099955818 0.567540511335885 0.475670569468989 0.604064107835536 0.476465720245307 0.608485828556689 0.00804681664684148 0.0294875266900946 0.243508757493081 0.962985527944597 0.936879805947916 0.808462097801958 0.383688447327645 0.57494541957341
0.0272467089865292 0.397737907356391 0.0279270639687976 0.0130363057345356 0.256566260642599 0.0020658420843286 0.447277260201945 0.450185397701235 0.442881933852975 0.357737756690297 0.402749553194002 0.484361925579044 0.0343573609889203 0.893013369086593 0.882319568835195 0.0825051355920322 0.376561110635137 0.386859370273304 0.193862351715321 0.175569184862139
0.98364568910361 0.723206139383171 0.482736267149066 0.727641520496641 0.740298320377435 0.81070476624041 0.781452706009487 0.598617120417065 0.779515813391717 0.834240984581317 0.508851758473594 0.764794946473875 0.819586487276872 0.97773856135035 0.450302033602971 0.84080974476502 0.905784780659106 0.900598898265104 0.996667766461406 0.81130072027953
0.451250660936032 0.535350398606558 0.163347928294552 0.0155428973997837 0.801640671499524 0.000307555440597763 0.535199503569853 0.679358730081056 0.297452221958172 0.527001472056548 0.421698917815021 0.670763148538862 0.387048836297389 0.246768386840788 0.319872360708407 0.522626522219292 0.49492842073655 0.810246260160424 0.0432655734319518 0.182932547352093
0.703918235644577 0.515065742255947 0.21917052090353 0.057291546453319 0.777438643046289 0.259446195725796 0.556704379091824 0.676141062299625 0.422695092586213 0.646921843497726 0.400492203695198 0.546620197729575 0.262723620466272 0.958590429686339 0.602023164202165 0.59679578071909 0.536610593127364 0.660806443795601 0.466593600566207 0.384570039876796
0.329326766824971 0.493458222518653 0.0564071137654266 0.00797291607537266 0.251493763060203 0.0578503766540352 0.610304479989152 0.667312182010182 0.481716821989604 0.371648132624636 0.39799551292379 0.473298625587191 0.00459032947916216 0.332827912220176 0.356963194353744 0.00628735095131808 0.644304923753413 0.210877015189316 0.0206682329002148 0.973242269499376
0.105353061682331 0.33891367525301 0.279762571050245 0.00247645367435963 0.251433829360812 0.65146476587714 0.406481877739808 0.757077369497149 0.508693439335461 0.421754805993241 0.408707302156918 0.543762975545034 0.0893537005876713 0.99929538830468 0.232202364327077 0.274937796120219 0.503139483123794 0.823744079822674 0.325265846028124 0.980020350600249
0.116554320144224 0.504942057233574 0.348823585816578 0.011961489581931 0.553648520005757 0.000366736374026986 0.559921514438497 0.718292547421294 0.672352432068316 0.540834220699034 0.453981591187554 0.690193896658233 0.226110761657636 0.892447385620066 0.463603802430099 0.495931738915924 0.197238205985697 0.32234449879848 0.370042213538655 0.984254774130759
0.09427646893168 0.517008196155757 0.511571394713337 0.0134712187219972 0.71669054433793 6.41087203505651e-05 0.536392690149206 0.540111222724538 0.369454934597764 0.465703200749387 0.400262143721066 0.327227234131546 0.0614340463485726 0.0652680501771715 0.0798932357819429 0.355733969600783 0.577213691782329 0.283102392975811 0.0537620859042365 0.863706051373246
0.450714633669998 0.608459546743226 0.728781053941103 0.234003387251921 0.162697505770963 0.462909131833648 0.604951425951607 0.592520070850685 0.648363357254459 0.556282724533375 0.44661651443069 0.758953560218539 0.194808644158989 0.922638665439234 0.375846124123072 0.630221983584066 0.561536918330043 0.674644826243752 0.922724132457529 0.964887800923217
0.0997719837101575 0.557131195090067 0.017380186585796 0.0264604742280607 0.886148512938663 0.999411846540305 0.494786129024632 0.628793812352068 0.391722732701838 0.420240385964199 0.419666706195575 0.546085414007025 0.152764212570674 0.11796648896098 0.564482063576382 0.251397458465284 0.340318404019947 0.391860341667634 0.0720622341413485 0.926549217799181
0.939911579550565 0.866731362334506 0.823857618154591 0.921979337859498 0.649331360350275 0.944387111691267 0.899377475854236 0.794775875034922 0.821794298233395 0.823910871997744 0.505891025044651 0.858045913628416 0.893840106892222 0.26661788151008 0.121585843085684 0.999471567714066 0.964868025443549 0.99055260747656 0.64510129568546 0.99983015700162
0.204915680591141 0.438955691224537 0.0458286805011388 0.0137142107748247 0.391149739065318 0.921692782207177 0.499888237671299 0.444058756326685 0.683383787220217 0.491034303598863 0.421474114463425 0.525349716796764 0.237225649808309 0.00998487005480763 0.49145327226239 0.640669806518679 0.261792710224026 0.208116686979116 0.690577557126322 0.423316419047759
0.15042703322197 0.564660842468374 0.300985854845871 0.0624445339034265 0.319334611541401 0.293582784787519 0.508938348944405 0.643594739878471 0.704713231134764 0.469955536297853 0.424960152123105 0.314746231130852 0.48025088594455 0.840508063153004 0.16219083278852 0.654168267123826 0.221719446952645 0.544550730426849 0.350494286237595 0.188914070481778
0.0535854291327593 0.306397666743124 0.035237347920195 0.000300485924518975 0.684778729158978 0.000219263096007294 0.334175507075414 0.238535900013771 0.398303094800262 0.173518071037078 0.351823396108232 0.39642785164601 0.272156228073866 0.00125428550930901 0.451604096696271 0.00581568111630202 0.222402890732634 0.0599241065782229 0.0317603672666778 0.00911042998725411
0.0501851244920575 0.372365394837887 0.179112404275049 0.00391515811166429 0.939474613043341 0.149950761757263 0.378204597516109 0.430597553486655 0.474472194725443 0.278154385178487 0.367861664914329 0.460720404228046 0.160832209551067 0.00570901157517033 0.402578038559151 0.0226274269865509 0.613928520161199 0.384048420876363 0.0276616605949561 0.0221006739600605
0.138840473247699 0.590439060575307 0.116341663987264 0.0156875004855232 0.523278979960603 0.963184008949254 0.568013417148367 0.630708432603481 0.330202116850073 0.548306405358098 0.466550373994168 0.617779849042978 0.152729822323309 0.90262734597647 0.0976357926528148 0.933564143884645 0.274510502701689 0.594910559836549 0.320130606777451 0.517603838058976
0.18432952627002 0.573058175760318 0.266328753208818 0.0414811331248644 0.904322091985143 0.830974692327712 0.632389405039176 0.507666941223689 0.628711361898701 0.504954677576816 0.417808466040178 0.494727660722049 0.0555557625560805 0.788725773927445 0.839884577459943 0.0274039256713395 0.594849505656479 0.858153868957846 0.72186094064987 0.259635630283992
0.987121597556088 0.85486452738173 0.873544858598402 0.98222925269179 0.946205630555485 0.996425998296575 0.902398234096692 0.736831453663636 0.845933119190722 0.943846171403786 0.560457401424759 0.88879108566442 0.956535290256964 0.999757639297672 0.439768625916808 0.998472904457299 0.978678204193144 0.998436873248627 0.998991356236673 0.756400019249802
0.107711707773139 0.408264473254461 0.658810356705596 0.0233725371431892 0.699150544231899 0.615080560656173 0.595818594054464 0.581506805527092 0.453468507492791 0.272661782722434 0.421723578991115 0.434645705758645 0.0127765525880397 0.518002174683719 0.125356869870601 0.211434281342769 0.156938971541942 0.135674392615781 0.168897459760421 0.79600635456379
0.00162228374151541 0.380050491244384 0.248304786194276 0.00113555496921267 0.810156142969337 0.0129313978007195 0.355548281306924 0.577636258057635 0.370616596281812 0.236521534013931 0.360428263675025 0.269200729297709 0.241922269331482 0.0122769738218377 0.712057935803148 0.0527949708609569 0.0917875830164605 0.213365231770857 0.00836218541968038 0.00736106412801976
0.0105244750412583 0.167203678218723 0.408454622808418 4.60900092050157e-05 0.631415395645334 2.51615051938693e-05 0.217531286057959 0.355274476179835 0.422868252545246 0.100869672007001 0.36110354608179 0.108321861914607 0.00116585686878202 9.51832264865908e-05 0.38509233545237 0.000608754211964919 0.0600546212993113 0.0895774953874521 0.000508819218148394 0.00515112872553064
0.104292922381851 0.289529732721715 0.0222894543487004 0.00137771667350802 0.191608863864319 0.333110227950258 0.340174368890065 0.499207909258992 0.388162069009738 0.233327008814817 0.387473446599877 0.496101802242525 0.0743310617688711 0.750859437674614 0.240720850866087 0.0169459820616269 0.193704991245319 0.0866859395108207 0.341956299542627 0.171807869925202
0.640410526288444 0.537892734772983 0.493893110586647 0.384126974312654 0.971628742731988 0.186703254191638 0.62780753818903 0.611041086822504 0.685407817752649 0.566166216692622 0.400100618984944 0.517786842692109 0.00318607193497502 0.992401074077082 0.87348503818459 0.276889889159284 0.814786189903802 0.626613122501152 0.0103355762619154 0.213617769878203
0.15163536558991 0.211985081696171 0.0695376459236453 0.0010246631215627 0.909737897548101 0.000165631273404671 0.420671222040226 0.572615018992382 0.585045270463922 0.307973405082458 0.348395763143246 0.332937991124621 0.484890529948621 0.99576259635242 0.3762785043405 0.0026821953619229 0.42016765391771 0.117823741287772 0.0374944835760957 0.199220061158122
