0.549907621512425 0.719242564353101 0.609353943826742 0.229575065901839 0.70091952396711 0.89359655128514 0.646001910997986 0.722630750632144 0.525549505846811 0.681769080556984 0.433076073132051 0.72185262028508 0.393841020775947 0.981428928039321 0.546027543561212 0.828027048479392 0.9007944158478 0.726650619011398 0.577753819201485 0.998810653314687
0.95563700162732 0.671771815800154 0.815525412615852 0.236016598851877 0.531386206606957 0.203404455101357 0.653381653119941 0.616344538741676 0.494940322458184 0.748642448427983 0.494437230584944 0.708018477338658 0.0147237514376091 0.811091820577265 0.837091738637011 0.723353060719202 0.915375878170329 0.90508835207992 0.614815242959708 0.729672924677813
0.100968936516905 0.265130221382049 0.0272592011152729 0.000915064892020668 0.257416691192372 4.6044354122541e-06 0.322852814058792 0.590745282380634 0.335158744120078 0.14494917616683 0.344045090542948 0.349967392555649 0.0507149063102181 0.053916130579136 0.200860234799754 0.0174244585771426 0.183531277134146 0.0225143771275044 0.000222407614228524 0.827970055501459
0.00700743409529113 0.2436075422772 0.0433851473987115 0.000259373801417082 0.471478287672888 0.000191520785278211 0.237268223553276 0.590775628345498 0.220368807906497 0.0906112954735213 0.360390236486594 0.355329186334112 0.193952720345621 0.00182983376547488 0.527938838597166 0.00913093412081952 0.0627311776407328 0.162341341010017 0.0915717093106461 0.320904407775135
0.00747602298254306 0.283877509732478 0.0534683777348555 0.00185692171923641 0.683705320115494 0.393946771628927 0.476765536990651 0.478498667088682 0.378829867652684 0.288932860252743 0.376051631751604 0.622098102635253 0.171682731678182 0.416733922808524 0.0458614168061916 0.0285039511008348 0.238492783668172 0.468766743023544 0.526516542742588 0.997151461503894
0.376527990089761 0.703838688825612 0.305106351594836 0.0104297066853382 0.773781574644765 0.983587062746542 0.659991266792424 0.541241755555394 0.649679931362077 0.542895259899814 0.462708329553701 0.68157000198781 0.0622701996848754 0.996707326484696 0.364470833128 0.937411020436908 0.639213398729319 0.801986599030427 0.499477496169564 0.399212549052486
0.587562724049733 0.692060282525712 0.669002746446001 0.268379626157836 0.487082758643385 0.995638768124088 0.767082250093568 0.762683299297313 0.616117021568454 0.754763827274757 0.455639914466543 0.780488646827707 0.344561066425372 0.577282139213 0.696588781803845 0.989968360797282 0.970872851945908 0.953429459426117 0.963754695198616 0.780288085634655
0.167572643507152 0.394039287765454 0.0599108923765587 0.00182423899073343 0.879959627437758 0.00335086334538314 0.417136804404837 0.646111658406827 0.500205629776741 0.411486398684819 0.37885147592673 0.451606916457433 0.0633269557590789 0.481614371381881 0.748772647173027 0.188034934327583 0.269110415883414 0.670795962532723 0.286673695926546 0.477820707990427
0.148046727216198 0.479699477422684 0.296788999259837 0.0482314144366325 0.137031326815606 0.0298209742780173 0.548183106934984 0.50786017170452 0.38372108245959 0.359663308461223 0.42838030996582 0.489613306730261 0.754183951070032 0.269348835237373 0.717629814662609 0.0994198237371274 0.601367764292221 0.775362153866906 0.491509379937633 0.83825086458699
0.991634879794905 0.700343965159171 0.666803886273103 0.22099902282865 0.874488316395634 0.946513887542258 0.715092690876839 0.599239255075724 0.772224964760783 0.857049252645907 0.470753976695238 0.769292050972918 0.920358570496533 0.0570489388686518 0.426878578197243 0.851754686702788 0.80964132893625 0.945117420490666 0.875892913964348 0.637062218682714
0.0296697846813546 0.305776569283781 0.120787914674433 0.00257783221913273 0.799095196855748 0.965406123578952 0.440450970797253 0.526328312109989 0.492921955418148 0.236133661267599 0.313493446870916 0.248239026546141 0.0202500835905476 0.396050305323183 0.899825408376838 0.00727596329176843 0.539934749366045 0.0904742716682115 0.0265121158330009 0.327621548657638
0.169299309957906 0.502300206075837 0.0708490380671988 0.00372817386582678 0.511626969366963 0.867634180522949 0.557357624481207 0.678462588846681 0.576398490955765 0.34762826611755 0.416239506695053 0.464054407815484 0.0203384394664005 0.0719819727270728 0.0214538762547633 0.0905456786612425 0.261411762862556 0.681498740398201 0.108177438003457 0.996927586997231
0.296399843682616 0.437210695497362 0.168573105482278 0.00315708867401541 0.175485787710273 0.0240082670006995 0.461360103684663 0.485774917612581 0.487851002104275 0.441458565570184 0.396398901284449 0.468986519333299 0.457532398007891 0.191847360015778 0.502329590495902 0.117671349801195 0.330531271146779 0.408629109080179 0.0772427543542971 0.530911364656134
0.898933635719241 0.638761678132182 0.884281484213708 0.100388594074711 0.273766973179186 0.857380845307138 0.722468606630555 0.571964107110985 0.616860305883909 0.748219332238009 0.532210887244725 0.833461246513434 0.448500173431498 0.0552108307013716 0.50889597732176 0.997010846786766 0.930277966950473 0.982419407455105 0.949096584825208 0.992499378688341
0.570650972321702 0.654168651837698 0.903413424164098 0.43988573246812 0.781048483472458 0.994053957911402 0.735927268521729 0.576647511221575 0.730792925180934 0.903059713940543 0.515713676888837 0.886938089718695 0.0143817133720511 0.986695450055564 0.531396534526069 0.962586518896651 0.961988875021917 0.993828525051138 0.830516846680687 0.953240905894262
0.0497707834317612 0.49465252439039 0.33121597360754 0.0777167621479323 0.780944825405913 0.879057394504227 0.592978510307205 0.614124492587961 0.497625126505258 0.43093429918664 0.443148307002446 0.67370190368618 0.737560672468992 0.988854763831733 0.457863611088764 0.597242313257327 0.595016066305791 0.692006011221511 0.0884571517164005 0.942513741128197
0.177530039461163 0.570186223159262 0.0566695496516826 0.0222075806057829 0.75606942779717 0.253202409392979 0.679826332588527 0.510520028271031 0.515052752976801 0.459374890213066 0.414166932462115 0.735056369203155 0.325621373371224 0.0833249948227924 0.0172211869141184 0.945693769300967 0.573724579314247 0.300876996369232 0.563561751480373 0.814014323408887
0.946655745887213 0.583258741160285 0.366880125602044 0.05551037039968 0.62625835036098 0.446013511105079 0.63004413024431 0.559156511644191 0.575830650695615 0.702991616260957 0.443110438152662 0.558847474374383 0.0412522518818408 0.188371651816643 0.0384621677647332 0.381728926054915 0.470131217065878 0.64135408376692 0.911254344896579 0.482837459878863
0.0477051608563366 0.486474150562232 0.0718564833161746 0.000949215401546887 0.337419482532125 0.0855017066332869 0.359915707948366 0.284288502636949 0.570829607920603 0.477642588279114 0.400137788693255 0.351420502107843 0.228009631387802 0.822709203540451 0.323434409761865 0.162825686377936 0.545854219184317 0.576072736199052 0.0438537705251747 0.103555285121086
0.000119676560243008 0.265410119717408 0.122882683717679 0.00568962373725322 0.859134536604122 0.000133928810154987 0.377546970689199 0.462161057285613 0.406213869295157 0.18702272159871 0.346357748934161 0.187849458781063 0.0212911446546765 0.0124855791034523 0.210314105587977 0.0141941203642712 0.193988071699508 0.0736589840969443 0.00861020396281457 0.530170635063019
0.967778394046134 0.573305058818955 0.881539167157166 0.21461516196633 0.509221685038943 0.00567420338724861 0.641952511946448 0.577366281621563 0.652944680071628 0.685011975766887 0.515633056426234 0.586417186316486 0.0363717817649003 0.961240698032061 0.60306214087133 0.304129620511412 0.871902474254385 0.656139281638461 0.625876616348549 0.861892847475961
0.786179285921511 0.477686339696744 0.418856825978104 0.0488145347804127 0.878475559822867 0.00537708225544597 0.580009565139145 0.562471080999029 0.528958874661513 0.397839695625795 0.42757415983823 0.807419677786991 0.232026819886891 0.143875222060414 0.620578713228456 0.110485117973323 0.370122792514581 0.370356927218628 0.0145608244407421 0.0118303592796517
0.250006735478264 0.270924222756419 0.0343736721036496 0.0030936464686758 0.297877943525007 0.242328199727302 0.510833784827307 0.460490424650474 0.396471074884403 0.213867501185018 0.375972525015248 0.404737886936475 0.000686402202320656 0.00818836435597101 0.406804521351989 0.0023122250983701 0.457729118991517 0.141912871758418 0.00805070487303984 0.630656264970377
0.0110411877628104 0.350389309106608 0.0710180677954615 0.000437350980104714 0.542779390452374 0.000614078014034356 0.326497075631792 0.454314552501813 0.496418052382755 0.24223752613099 0.344838733770661 0.346797900847002 0.0544587459043613 0.000684244137632579 0.275277862444889 0.00109136669808042 0.712056101120581 0.125590272624624 0.045089856317357 0.00657680369201294
0.707983926494846 0.493388676380111 0.100100760968544 0.0256483974365283 0.92987023284178 0.880000012743317 0.617354652967767 0.473656176494008 0.559507253355816 0.446693811839542 0.429400674476231 0.639856407503654 0.655848564653119 0.976288493664817 0.481303958300623 0.923967315356535 0.853787091593109 0.240371301168737 0.0407280197584627 0.811700985847439
0.955915407310939 0.79919384229927 0.312252378080312 0.267915577498098 0.680792882364261 0.995714943764082 0.808180427817326 0.735265802330799 0.743777239596615 0.780452035973599 0.504894470568267 0.762955633176516 0.965041844974983 0.996577024532442 0.765113601953408 0.826405026500422 0.977967535902757 0.950141156799931 0.327905663574655 0.548281485227275
0.354147381610259 0.435611368122207 0.36573846255001 0.137869147268406 0.50334466304467 0.0103833522182025 0.522097803784443 0.759807578525846 0.646014247835413 0.243633006235048 0.426441521389609 0.410974443450102 0.187428022742812 0.00581932272235836 0.817931262902153 0.11366419993888 0.580059585141326 0.51222400874411 0.228287617548118 0.787742489202219
0.024024495274565 0.365519552461528 0.00735272689444682 0.00557236587053547 0.606240696810011 0.912591466368307 0.461528343193809 0.574432946636365 0.518946788655699 0.357457732089455 0.35005526524686 0.401226295424998 0.0764506906155575 0.0182286200235567 0.37338780037435 0.0044725874243364 0.287644360185554 0.405201472595913 0.542624957406973 0.942787979016076
0.0745236519916377 0.378440557806853 0.0935003705304238 0.00413285944195236 0.218366286244127 0.00948554703436151 0.477906051855689 0.708069013820335 0.306724145164073 0.209716991788391 0.463490739390475 0.461431944708716 0.00640560697608398 0.0062603332344337 0.570281046861053 0.0495656558590926 0.367156845756968 0.0528448167139769 0.0220904122173747 0.000336522123206
0.412390882425366 0.359185311932904 0.414501040890245 0.0138395157541182 0.437111201665409 0.0035332734650906 0.560472438587177 0.529921551441628 0.426180716362866 0.343554119476741 0.37976759501889 0.36871375473325 0.0544386322587185 0.485576844803037 0.638899129835022 0.0151766726633791 0.301102829024438 0.398232085573459 0.0507027842160755 0.0127415069179655
0.986850352371161 0.544109532057818 0.454007314689349 0.0713086302420015 0.765335238181617 0.392653225007552 0.75485847501989 0.617166880606427 0.531474429741718 0.704149111025859 0.504223944318132 0.672351464553877 0.933101530971778 0.665071892582939 0.646256660030794 0.907116285057028 0.855151379113668 0.940792769848987 0.380421671174803 0.512683859765899
0.00061899800438406 0.21999608801933 0.0173773462833983 0.00019537792636422 0.588521514466066 0.000327679354543136 0.19288339591065 0.40750164375256 0.217093437795281 0.0530303273020192 0.265583430574393 0.159831965476704 0.0295084406359541 0.000643946337791557 0.0763795675049229 0.000296324011326232 0.0315341335985041 0.0404551381146565 0.0225921980529548 0.00143249201615595
0.643772980461693 0.562584509385202 0.381149146864159 0.0114835044795033 0.334296789850545 0.0789034413008726 0.558057991682567 0.612803432129927 0.436155870581555 0.579679421264612 0.426472337822066 0.528105810511683 0.841437728159572 0.0680449527225822 0.59072458169855 0.130013591275865 0.248416640224043 0.795344126260953 0.0460229599137998 0.0147976438686873
0.234161086420819 0.311500145891981 0.230778511421241 0.000696505864174198 0.294865286159131 0.995253053662653 0.507058265874539 0.698523542890047 0.47962789232892 0.547585330577144 0.378454426505557 0.452836051842354 0.106293200746658 0.94326629866079 0.891755103573733 0.0969826890453234 0.451939964298173 0.629194009851972 0.0265741014798159 0.673429814505424
0.277636601896751 0.526461415451089 0.219627066450216 0.0089714725463344 0.523961634618072 0.906079151751988 0.660518774389345 0.719621714486408 0.357949413476487 0.502643285386904 0.448503980210457 0.537039040247382 0.107267223975156 0.738486227801491 0.462935807407641 0.921171657469697 0.267668987998048 0.661917607039222 0.944882937695519 0.0212683208602487
0.646588321349165 0.540898157279525 0.57647982283242 0.0605641170442676 0.600451145089334 0.626264973843588 0.70025830340374 0.588000110089963 0.646988492558392 0.50278181316239 0.46465164441938 0.753512940802518 0.969605895631332 0.0269834895383918 0.851726391164899 0.974317460416201 0.530546354526228 0.875975996896671 0.808615028001231 0.348339218615443
0.318386960954438 0.458393635405677 0.373647175057195 0.00612751755125763 0.816286627295705 4.56074005222249e-07 0.431283713864299 0.659458590832844 0.430849552551556 0.335452412036491 0.437476469197133 0.403512976000942 0.0090426666757416 0.774724978079748 0.0553410258392559 0.330036973612329 0.431783061827612 0.274450092300784 0.516137678665721 0.00769832279681148
0.363129161305219 0.560284914801341 0.0457487349565321 0.0991704139941771 0.690925597383638 0.00217770715095013 0.606468735169684 0.658189342660044 0.673858311271351 0.596617685954266 0.435434618235809 0.429592055420196 0.120781036569654 0.0545766172536808 0.383831888360175 0.0681335741909924 0.538513370938087 0.773644033018678 0.912985605838494 0.977179854359325
0.589346902715858 0.666757829233335 0.502833583054082 0.176241440475355 0.886234931104499 0.0115836934634794 0.72302675609661 0.68645996996105 0.596698326456061 0.824735444459338 0.477139652135162 0.721661556228198 0.923760040636836 0.900180953476391 0.393383118447829 0.809739507406332 0.369937726009483 0.831651903499929 0.949662339937495 0.999140076543746
0.0648942459660234 0.427528829242846 0.122987895164611 0.000555128186741048 0.17432031098992 0.0271744475410729 0.4723382616926 0.431341321426562 0.372411105226392 0.217796163109642 0.408335504041469 0.484577373953506 0.0510112459729161 0.00212811109298664 0.679566292485765 0.181637597242042 0.553889328192942 0.385321949403467 0.353214835694986 0.517860797973759
0.983598748957187 0.855536663664994 0.956512634338259 0.273386378089065 0.602786199034891 0.747815823487382 0.84964442483861 0.746514084236011 0.778657159951948 0.918026721006086 0.567487639078218 0.794801770602417 0.754924804622374 0.992810248227367 0.713709135893577 0.992527668954921 0.874471309495481 0.872997051256935 0.986466738063798 0.516106149120429
0.164950266450593 0.435612589168453 0.452553184210099 0.0173399909185544 0.925533547109819 0.99867483177558 0.390341952014462 0.506728797967188 0.745714226608739 0.397794919298418 0.399129988552252 0.494390274485506 0.133248264126728 0.630925946001291 0.318452398479109 0.0802379015471861 0.342237060643254 0.547562897145693 0.0235151044601589 0.926611807744115
0.836334250476021 0.537090840758144 0.576335817045451 0.0581047697591403 0.444936568690869 0.00204431059411382 0.587418310399485 0.718369607638194 0.595656147295538 0.620227351528593 0.467930591734876 0.579617325640317 0.18596383536115 0.0547625341937948 0.450567142984477 0.226388737214771 0.844599248362492 0.614999312394553 0.629389902807275 0.932822622832964
0.383472597087954 0.66056739990596 0.353308240079288 0.240954020293353 0.635352175501198 0.737852741074589 0.677197789371819 0.76692213156317 0.665997338946756 0.837215109093243 0.437188628820889 0.761981271509452 0.173880791807241 0.996658914268233 0.161537420302797 0.843147929564133 0.782425253679983 0.891911159850754 0.627899429178111 0.694042018305053
0.0942030951118149 0.502450047509451 0.309185352658886 0.019706074579937 0.807429210161327 0.971730533191732 0.57073027323102 0.501512774658426 0.334133769647273 0.40221977426274 0.381526168717202 0.379809172976578 0.172945744663401 0.929998263155715 0.50316150057686 0.415551064634232 0.25084700091318 0.806709124764825 0.109570281041628 0.422517756696937
0.162900128171322 0.346469334620028 0.0602964851895705 0.00655635719392005 0.717137581326761 0.000743659442079199 0.353239065153328 0.474780415377442 0.209657779003934 0.245224764921465 0.359652101919428 0.394169001659241 0.0890537802430093 0.521861011321452 0.840671680171522 0.208610366537855 0.23846448157958 0.223099165971567 0.29085050295057 0.429909977244621
0.024947608301862 0.363821115180178 0.0336777628373047 0.000726282963141861 0.151823209337549 0.621687234216326 0.422776838785682 0.573773437942196 0.313494484243156 0.228094434458065 0.39361461149938 0.292092489326457 0.396981187970331 0.268883018473135 0.198020571943616 0.0182035932295596 0.148412734498923 0.178966593588739 0.0955751236304047 0.605961409956435
0.955352644379568 0.638148800952382 0.113467249467881 0.0324703251507494 0.903541978297537 0.00473958057292773 0.788008272850898 0.560221641314352 0.662185970189905 0.747531778400034 0.422647852270191 0.60546774649752 0.785804055545419 0.639858605900452 0.65186284029355 0.995125099044131 0.65543341918328 0.941176699948691 0.948144958990075 0.997175580003371
0.00483676910565606 0.516437630746352 0.130843282145071 0.00152462827967826 0.663836261151139 0.00499460251776733 0.442559467782219 0.395993131461941 0.434057301804123 0.334271653070656 0.401569460864795 0.405519500641456 0.0482762731001288 0.099231678698794 0.702117609045901 0.263980787721652 0.52760085605261 0.256463172060976 0.563994710229196 0.495255222517707
0.680406808004813 0.67964954506828 0.261543197862572 0.00722600240155098 0.221300824252404 0.986028057114481 0.560143024234761 0.626730661986265 0.566198520310641 0.582448803886271 0.430880374699194 0.599450807332586 0.13218711976835 0.005537404304269 0.299145874888424 0.338709714153432 0.457481292673523 0.932365790755943 0.726665319413622 0.960188944264805
0.665067743599421 0.735826705153883 0.708577120750483 0.109893039297247 0.575731244758829 0.998269309944714 0.750073901303073 0.730294033665284 0.597538289770296 0.845178905029046 0.533912797875963 0.832139078066744 0.443120293583352 0.972440063209824 0.647217846177315 0.787798512587144 0.785533060902599 0.950505017654783 0.910497370452227 0.0510336649072834
0.297549935198812 0.575831943477177 0.164619436306796 0.0675352188284672 0.661749105362209 0.00199137909497201 0.654580385780039 0.472270416955956 0.420348617793001 0.537906346981245 0.484458899469906 0.703518435838137 0.834992619313118 0.992092517273254 0.292015309654582 0.841448669741885 0.544607834191292 0.937343656869554 0.308437870358524 0.996112574900248
0.0472160430419193 0.410245531207569 0.133314187543403 0.00206419943113519 0.756587044146694 0.00827992642458678 0.444584573978696 0.473056611535792 0.25397354789855 0.251800385980323 0.356478705992947 0.33524812631588 0.0169417020188971 0.983875000342321 0.125550694428433 0.0897735340412249 0.226126733340147 0.345153247855527 0.0412364644321188 0.965682124618452
0.341963561565739 0.458052147579683 0.405259086462072 0.00116732522256017 0.349032069986718 4.106501024227e-05 0.534295212340653 0.674449210578179 0.415558396540929 0.341559033384888 0.426462142427846 0.344432059989215 0.344137637053652 0.971068916019241 0.632196060500061 0.929464610039499 0.805228146197274 0.752893800538071 0.44956766716896 0.959915387993769
0.168654279785696 0.361551492672753 0.188652133051693 0.00686329466592393 0.381474312224784 6.06764449221806e-09 0.401850131591542 0.511508841491197 0.296895025216257 0.229771293911112 0.367556011199946 0.29526953737616 0.0329411947418278 0.0276175868094229 0.332370990547188 0.185844718025691 0.537718956186236 0.429489181613309 0.0396645832737734 0.826881228764363
0.6020611764039 0.336204127329975 0.0256491276550091 0.00290385973088519 0.767968434146567 0.0229983309925886 0.478414106808014 0.532927322052288 0.189178199563946 0.276382958316376 0.373066788851706 0.452363390404669 0.0241505488745793 0.515699000581882 0.349905156769953 0.247467690815532 0.336784266287817 0.273644653339434 0.0777160046981677 0.828220625961085
0.832389194197895 0.606180468434942 0.190760442752064 0.0390305588345033 0.812075112276342 0.00269404768159129 0.724126167298695 0.587338647837971 0.807100013872577 0.75886971397669 0.43510746342487 0.794274414367307 0.0140381765719688 0.639831641848606 0.842192429601089 0.960184341731642 0.691838504901439 0.896934219257485 0.935638169750813 0.352340141067857
0.80642696889273 0.724586943316422 0.7093348925806 0.0875214923584992 0.775916453993153 0.999978284487973 0.750605483837278 0.569554441638053 0.703779937089308 0.87020882160897 0.444868919052631 0.686435218597388 0.842270463975522 0.973065570485084 0.828075158148234 0.588375641625415 0.856948771893368 0.90973290222904 0.960527606776772 0.825283476800886
0.605831637914449 0.575467203733408 0.100675678642381 0.27363851973599 0.581451898196545 0.000936465070145984 0.697816745600717 0.666404335612597 0.567742896680723 0.810132788997228 0.45115767211182 0.645340760939968 0.487806472957067 0.945244754976311 0.826479078597788 0.933287863616989 0.693066024954939 0.724608131327032 0.928590713177055 0.731384692615619
0.0409048388902968 0.476709233398371 0.767549550017289 0.0478459768075679 0.496712999786734 0.847815585431104 0.572867270462183 0.518280222815866 0.283701178260479 0.348064492588788 0.410316223683725 0.686464189740669 0.0463963503233332 0.0846846970208013 0.931322493667733 0.487778282627934 0.526698166890926 0.865396552663271 0.371696436088729 0.397525523424659
0.137017631850437 0.598933835456886 0.218075523069547 0.0544584216428034 0.321767275550815 0.00185087744866475 0.652431968655306 0.578399765494486 0.731908384467316 0.575346379442664 0.432940009092281 0.38414831633556 0.311267265128625 0.433433765196536 0.368724771554962 0.885053919612964 0.599842819203622 0.794649563048725 0.295142531869472 0.971897250373373
0.046971049865382 0.482153001606042 0.0641689280884752 0.000882608087626259 0.443082362136844 0.681212779474394 0.433251482695195 0.565622386872312 0.449236121734109 0.511894241700998 0.412348015870582 0.499935823263624 0.506858562107886 0.180226792230748 0.720117301208858 0.00406471313720128 0.679517669201099 0.338108763582289 0.366154379005643 0.0337019635628969
0.9675335586771 0.555171831394947 0.816739632700621 0.0613077190564461 0.364579670271496 0.0157534399706368 0.767923693907049 0.65588133822025 0.611924198887444 0.735962130457615 0.484703638855082 0.742430589209411 0.826790779493288 0.999768233086394 0.674733822607494 0.936557158504929 0.888501646894443 0.771270832846554 0.567601705920473 0.959262581463483
0.0224214437652937 0.34301777431364 0.0664404943080288 0.00196965017613565 0.295468230511559 0.00348365426229629 0.315364706287841 0.375489559139509 0.665653466897419 0.261246080487198 0.375632784537053 0.261555987484445 0.00383848832727833 0.0436219546201886 0.81923671063996 0.0332166414849069 0.190002817278165 0.0506368697065089 0.0164418210368811 0.886704815114718
0.024131799376532 0.382314952106943 0.0830856732468083 0.000122186287277038 0.849851898702493 0.000176699659077597 0.412290423548752 0.582548667033101 0.209810453397433 0.23728812796034 0.377646655169912 0.224436144337605 0.00023986747349312 0.0654072291990596 0.0493938677704915 0.00489765263804284 0.238955760170218 0.101210288279297 0.0717404461007071 0.00185319046396124
0.793404193798279 0.60624728938725 0.147502932509771 0.158887960913432 0.268485240331089 0.860638242083997 0.616049950434309 0.599579013196109 0.75746222125896 0.672117813748134 0.450674161016054 0.731627619401144 0.0137781886346813 0.828697470681028 0.521461516164519 0.567315933374034 0.785363365475138 0.912230784986332 0.15621308017674 0.95505982173456
0.785584194019133 0.327407900860419 0.0340923842337709 0.000264967664704519 0.591264032850773 9.40473936586158e-09 0.409243838533645 0.627093181951911 0.398362146592985 0.287619572724127 0.319392075353533 0.225275990331223 0.153719927268964 0.342136908128617 0.293387106206543 0.0467552707705527 0.350987309151293 0.0214877623828867 0.0110242955181299 0.850642840011694
0.891538483947063 0.472191590280183 0.1293397312061 0.0289428666419403 0.539910564113541 0.316794083583164 0.455408315262547 0.540496065525077 0.427552006153273 0.441360168014413 0.370122482742844 0.507499067583639 0.445248839063587 0.936514067216785 0.929543049200331 0.045893610710034 0.558683895248269 0.286776390540034 0.221936845570004 0.753865534950763
0.936412651980407 0.596246206301455 0.8411679358664 0.0467362698489804 0.845147030844673 0.00589003634516039 0.71070284032545 0.625189085433542 0.694046284779128 0.756206051785777 0.470592330247487 0.695091604893959 0.164597343079501 0.152574606727559 0.57534025380388 0.352065493202475 0.814181587633 0.490649493858878 0.43507514869697 0.968219853144726
0.0762820169016015 0.310479598031169 0.0321615761260877 0.0016509879859541 0.65176055479343 2.75532519777684e-05 0.478004871330878 0.506100735089221 0.303478579964887 0.269502024845796 0.358686658157723 0.403555918883806 0.0307356954916373 0.266084263018247 0.471984417040085 0.0190613122808201 0.37046221291445 0.443979857919636 0.00423969142280753 0.749489518526141
0.858063507829136 0.659719791963822 0.674542802806374 0.176000867334303 0.759852067545317 0.998547345198196 0.729477383445183 0.8057311493732 0.524902254450156 0.734899338069044 0.459637655658284 0.645948524647638 0.814248679100841 0.807304671953804 0.355624188398697 0.800164043404277 0.792998367820465 0.973130785703073 0.244561397720433 0.992102173244669
0.206209061406522 0.431112375766019 0.50250277630299 0.00500156592932725 0.694197842804531 0.202522894786604 0.502671755035873 0.627999705328678 0.498178783782756 0.393390964720204 0.355647053836417 0.570515465095344 0.568769792507631 0.0848339175558115 0.0385059561466731 0.152690046682943 0.0709922078349702 0.396373709140672 0.40579350530287 0.862773398887975
0.0657413367538011 0.354783916443264 0.0510965937640722 0.021717337102056 0.647776499470327 0.052092939272394 0.395194428085032 0.566132201142307 0.552383523801062 0.407695675929321 0.418397719802736 0.398443681992507 0.486040997050415 0.915580724001731 0.632773643882515 0.0154452573596881 0.212251217110234 0.557961658973575 0.0359393158823742 0.0063488682138124
0.0260883645791726 0.288611924175126 0.0893809126650242 4.91000024368181e-05 0.0577054112139372 0.000471002240916684 0.216460879084651 0.409073183496204 0.226173349048144 0.11985829034599 0.349041746021041 0.214907316128851 0.000530857073413777 0.00078722852439471 0.131089010712872 0.00237664286614443 0.0217293831827134 0.00686085325800605 0.0520861228798704 0.00148211452971996
0.00590161569963634 0.230476465674574 0.00854136524470796 2.45979156587881e-05 0.596646258884626 0.414912908941741 0.304386146171737 0.334907819678365 0.374936728119643 0.0738250234070629 0.314821112590391 0.128148402338547 0.0493270539154171 0.000169367495398425 0.28348031533822 0.128333676230214 0.0513756325973865 0.0132790956983507 0.03644037446538 0.114063110934031
0.920702321895275 0.426653116574844 0.292192871560529 0.0164900756552126 0.799911100635823 0.00946239457329042 0.687555377025105 0.621275166505892 0.673049059396595 0.665459821603077 0.450407254699741 0.618590237558653 0.580148714251087 0.00756310312476015 0.397515818470013 0.646092666129231 0.909631772564863 0.882207393354514 0.0658136252714476 0.981968202509764
0.0806741256782842 0.297739407673703 0.626361218022764 0.0111804539693086 0.556745905553173 0.00042964865419431 0.564883415597868 0.624906592329886 0.405194102960055 0.311751322088116 0.397191569568665 0.549300031975374 0.768592655138453 0.480694649420403 0.0843758341089857 0.262441033242217 0.681443825169706 0.202143782772243 0.172902430282945 0.00576503294198782
0.98817459402241 0.626331431221152 0.735632479945726 0.0913997389431594 0.981157954937503 0.0200786583062881 0.824264509276822 0.668717971404353 0.552428904001779 0.823790585474106 0.500099414099903 0.833218275533679 0.330081531004084 0.985383833606264 0.772438676810708 0.952423718641732 0.97328402685432 0.985842753693425 0.858734293356824 0.659867060154176
0.703357513346392 0.478265627906811 0.332150155104832 0.112277734847864 0.710066281765429 0.694432674820853 0.626224078092048 0.576081387299711 0.459950470495083 0.573126528098191 0.467330781665642 0.697271535727542 0.582646893328985 0.0123436054105381 0.292044106103321 0.173619347572534 0.359640607440565 0.822484711385298 0.213136421892387 0.943010320282443
0.339724947303199 0.477354135814767 0.213619279887434 0.0549623897832864 0.929631752366816 0.0500151647957666 0.503485178546042 0.557372060201819 0.637247820911614 0.67979626329423 0.45933611551906 0.701019159433716 0.897463740414797 0.838454200736808 0.328366527377588 0.724821199650742 0.430171464576412 0.692432385528241 0.154820656991571 0.989849628373579
0.177809188645841 0.539416673882022 0.199089125616779 0.00585160297603618 0.252266682105215 0.123392646293362 0.611241466658955 0.675605566408407 0.545100032201503 0.484651094593079 0.375689418653372 0.481958239173377 0.114116087296499 0.01140727980939 0.626875326784422 0.064343092516038 0.157728157392856 0.642782630989789 0.120753333436095 0.999539156006673
0.480340609573823 0.434727911641342 0.174481455870421 0.0355948340139474 0.874483150201213 0.504808627130287 0.612823684698784 0.574753326667758 0.621341519729198 0.532134224546836 0.402909456397258 0.344200852583528 0.11450073481421 0.0247566672625747 0.352123459133247 0.911385042401078 0.451983468028196 0.399584294977798 0.0951527841085789 0.956934923929526
0.753960524352347 0.577256348413905 0.29808049905129 0.0774686488459295 0.927303334054643 0.407755402684505 0.643124884400112 0.505563514737225 0.49456805101452 0.543361264271813 0.443958162211679 0.630390168364592 0.781972496260766 0.732257275203888 0.250933365665115 0.769763921195081 0.814593638230626 0.733039880124874 0.0498319713226096 0.256384103508337
0.229380152134913 0.420471941879714 0.0863960430726929 0.00999257416450489 0.212374841787258 0.076945671442032 0.377451889246279 0.568984815492327 0.38309908847696 0.386099167259535 0.320727331812878 0.444507749599279 0.26734537108469 0.000776645282817241 0.46990584896563 0.27780512734925 0.445421483107016 0.75853511748875 0.265320989179196 0.783907263438189
0.175810539281638 0.519589861335437 0.648268069083994 0.0140825777639578 0.811302280662013 0.999282295989887 0.573935963498 0.654854353761613 0.533439427884354 0.512870093398304 0.413670598024635 0.628115857958932 0.0985981889623624 0.350025160168975 0.0898596758457309 0.885730910828944 0.390178905691766 0.913260474958702 0.0659417950764684 0.14345946142308
0.0425826006110551 0.448367328479477 0.286712056353869 0.0747023305772935 0.844200383840975 0.107420099554196 0.484041756213735 0.561099979560089 0.340412971438232 0.368039309097764 0.35690076184024 0.454411560463445 0.780022758037098 0.686308991077861 0.705630815779546 0.016833314186151 0.817834306808619 0.644780196305212 0.172205294381996 0.915552548217892
0.92817289565329 0.731393022198043 0.592238241214802 0.71004252622025 0.732223717128537 0.0336983327856248 0.80027047309516 0.859275456727238 0.774730609868971 0.86067249280496 0.511233867001859 0.833692546822927 0.481691812118115 0.999196483054977 0.218282952892186 0.992021525202277 0.959642167649637 0.978986135392265 0.674527175959702 0.647753650481156
0.426368775747184 0.464246519647085 0.0896558427892429 0.00206981076803148 0.661097290916252 0.248087147529162 0.53328253325765 0.574018916817862 0.649525390335546 0.415420066943473 0.384816511104384 0.437678774259727 0.694783501723394 0.795516345661958 0.821698379097012 0.324883351806914 0.332311057346701 0.515207713215472 0.300516510477647 0.856736280217897
0.504415593842304 0.476202904069142 0.371364921665346 0.0075416557366189 0.595067978867918 0.122190917062896 0.57138959504977 0.595863568715319 0.33916998878849 0.4439107320047 0.395545665690163 0.561392449124455 0.0422068910177657 0.88184146151848 0.46260107008488 0.780126277380949 0.642517499532495 0.746936365673859 0.323060524419178 0.700692609596997
0.0853572411957583 0.227223150250404 0.0671601462969605 0.000355381086554523 0.705829225914221 0.000262917747588573 0.3751702335565 0.578888926247405 0.598993512738955 0.165730075465616 0.341661313642609 0.24915329112734 0.036708985774604 0.939347703544929 0.956555938575257 0.0209306829135487 0.0368335698602849 0.454727346455005 0.0620137766201161 0.0741200298027026
0.0656855882139811 0.352318416278532 0.105001583362217 0.00282614976554751 0.794965233071764 0.0104427613437366 0.391621897132895 0.536025826145486 0.55455091973347 0.354475841264653 0.350817851107314 0.315143790174775 0.00655204953808028 0.00290797255957034 0.175396787245735 0.00207260478900413 0.216442317230568 0.318374857796094 0.0192758199420245 0.17107078573715
0.126669333962813 0.466896960860204 0.500674531590751 0.0149130532687081 0.802243101851113 0.407421972986066 0.675448732466857 0.391768935574489 0.733110476564982 0.658263432450573 0.38974261730083 0.676710739515745 0.783272826106038 0.923626157972695 0.887552757554853 0.560106648503266 0.392185949602633 0.265692094676569 0.0443219132626905 0.220618607332477
0.262575154223745 0.499387439118878 0.112099962578909 0.055334397623308 0.864588538586443 5.71378110878131e-05 0.611757563740591 0.574492748245967 0.353332206342663 0.685364724325687 0.432732947258091 0.561255266082813 0.0664844113695434 0.494859872765277 0.859474460808151 0.249222544269322 0.720704376261406 0.854198392322033 0.768772715260563 0.999128223410658
0.862116138606614 0.85770096782597 0.931726263308318 0.98246850676454 0.485903306916079 0.627036720211392 0.890721364168934 0.686695359474579 0.849444925825399 0.951790911923394 0.603407918704814 0.895856461770269 0.951516685756186 0.999312323959711 0.764465251888917 0.993682041895542 0.931917750743954 0.994585328819574 0.970620287470841 0.679558782446127
0.207030664546199 0.513437766641923 0.0339416529676513 0.000450140780021141 0.729208908612798 0.973982917275181 0.462029192724184 0.512354267715672 0.382260681704216 0.443632777806921 0.425474494881096 0.450386962377815 0.152221832516648 0.394703035595696 0.397833248814174 0.00341729952756225 0.167887616532051 0.387883810409711 0.548961443707232 0.00867881764066738
0.189056562444677 0.366980935352577 0.0611937663616322 0.00225205184795075 0.161002832961477 0.00817913235448181 0.38485237572058 0.57820276198586 0.335788626210452 0.483388242124707 0.359369082381665 0.428038893443983 0.0114243180633878 0.191302681482786 0.283729279160124 0.0267964649487607 0.198114213497989 0.29219235712481 0.158622795023993 0.00711426960173469
0.000125295629791231 0.154066978062475 0.0222747260512341 1.08478764735596e-05 0.497283056879553 3.41782054173027e-05 0.199906355341897 0.399324851045638 0.18666043567466 0.0577139011983812 0.300046083021382 0.127048393096978 0.0879315726951853 9.87975751546228e-05 0.214969079120371 0.00049941650688683 0.0307796434574232 0.061686218716158 0.00896931216621214 0.330359547103588
0.579116461996018 0.393711407542646 0.00735568918836946 0.000878452792392517 0.721711490096436 6.67959503210588e-06 0.479224738670512 0.432288401903896 0.345213647072205 0.283080023080886 0.36552159753198 0.461835815018911 0.0634483588544981 0.620427168698128 0.72487775815292 0.405209471460901 0.330824921468651 0.235173867566505 0.595763612099503 0.308779333950811
0.302941292719391 0.620316485137299 0.412981678947848 0.0248443071947867 0.636432416353286 1.74816292259472e-05 0.498604115029522 0.480172337499375 0.76539287740528 0.577735942086313 0.463578089398644 0.653197765006643 0.854212043264587 0.99788155625763 0.374064802565002 0.23812343637113 0.749584507585371 0.568393796119259 0.025058125999457 0.999815473629427
0.165086770225061 0.348234467487255 0.0720493909639098 0.000116773515325162 0.283774355892131 2.12434810416759e-05 0.386535369099215 0.423868081022457 0.445599026557895 0.230283537875119 0.376083576975611 0.347474460279206 0.121392107485154 0.0407173421362658 0.589887273486379 0.0313948768374444 0.255363417396742 0.111884961493406 0.0152663331201336 0.00746046452020508
