0.53146660987503 0.155090258124559 0.237515767831374 0.628835916625442 0.992175466953579 0.0203351468363256 0.392241041961414 0.372206992062096 0.224588148990755 0.548292927049146
0.760040877271006 0.0735113429291281 0.180947331594115 0.806383079807488 0.998164379838643 0.113960698676363 0.421518810333522 0.349562373800009 0.523130793389302 0.511160589049301
0.229123379052955 0.260582797800188 0.0278777382691096 0.720532351774652 0.652846833933967 0.0100147889966145 0.272516273568428 0.194481399140997 0.0911115018149648 0.363672143120256
0.744254409316995 0.135635307196289 0.379635446487889 0.955681813837194 0.994851359787986 0.0553499843083471 0.379512394417772 0.440652231048212 0.850821661464835 0.524588548639278
0.708538459787617 0.268690344795884 0.192680432126394 0.732143389938379 0.97471527534958 0.166494189924651 0.474310020614562 0.2853147443407 0.370471149683307 0.45597868234089
0.70411098275777 0.108332686932684 0.29293388699364 0.942099162837485 0.982864480520731 0.0461403249412708 0.398042781689691 0.288589447565954 0.491809241702962 0.487504937329582
0.766703816522079 0.0526468013748124 0.100933251365576 0.31479535210992 0.974932396905042 0.0343330517373878 0.385963624795388 0.348558961825521 0.399755255129811 0.584933250449848
0.689795273017063 0.622856467968595 0.203342316451221 0.875749479346902 0.977144005067804 0.0539523535855565 0.49905547006092 0.509276762039977 0.956490000334844 0.565421394177466
0.82052353046668 0.898053004957478 0.141904803442343 0.976559927546748 0.996385018260389 0.267834624769852 0.598970477147864 0.446211767539149 0.95102560190534 0.625410280749377
0.465183826251024 0.808305505961858 0.168992744069435 0.752539823318781 0.978601396461316 0.0368348163223344 0.456496537941569 0.295675365348214 0.658322651650992 0.670498251186296
0.860826792163442 0.315064427796671 0.0768847069453807 0.953676361164442 0.961270789384364 0.0631760832076396 0.40826381475505 0.310760274823181 0.933757983712999 0.619933518916194
0.299012619941118 0.227851084362374 0.0431756076252411 0.535188513750819 0.961008387151459 0.0300928579209472 0.489069930316479 0.263732826961973 0.15612317633086 0.583438475669272
0.611119021060534 0.813270574377562 0.108870960651442 0.343293677129387 0.977607645012287 0.0110357293250324 0.337982694109272 0.269110494620389 0.105358220416157 0.465050499406607
0.874814175651442 0.609909987925774 0.508789352752932 0.962864715084182 0.997218120199178 0.234605243949748 0.51110887824498 0.24336286844771 0.811164463223684 0.509665200479933
0.597648010354454 0.723512201568962 0.229803921584183 0.856247277504333 0.994483698297981 0.241956370393238 0.605659317154361 0.479750665315669 0.975685857448292 0.703057036944372
0.478992236653051 0.94190079833568 0.341222578663864 0.882804099095094 0.993942948126047 0.492003164019873 0.632979636878418 0.391050827347368 0.934508900482646 0.599831675925682
0.786773149722915 0.091366795096985 0.123842909511322 0.93922312123037 0.988601320064621 0.0833967761330152 0.502397120116815 0.323133561271476 0.178100166252247 0.553518675738923
0.106480371118158 0.406947804118071 0.0609701871549797 0.598017523460625 0.94070283161049 0.00864573985728135 0.25676018726853 0.292567770879784 0.0294233002181684 0.437706338850178
0.712669147299296 0.259873190650206 0.21384082777043 0.338666380108594 0.91212847984301 0.0340066637592759 0.296032765416887 0.305934398558652 0.0849431568484536 0.619284123603941
0.491448411210638 0.615997645349513 0.0998350342492374 0.844180896371317 0.979908196286796 0.152101687469111 0.484136954932425 0.490070869457686 0.586031407061943 0.526386809566142
0.668679560847705 0.874903981335751 0.146302083328072 0.880161400505879 0.993583710246843 0.070482671137458 0.50657441446357 0.358069771439538 0.821046622115913 0.599773160849109
0.548728078961431 0.294085797280678 0.185511430374691 0.609572511692778 0.960648018021756 0.0899164595967401 0.452365545633715 0.40963637558867 0.483597483200022 0.54782067147194
0.655513582414112 0.162271346962888 0.143423887008765 0.794555466779102 0.849670186034589 0.0863192002784894 0.354200525329583 0.345574341252985 0.639191180242817 0.450539754426808
0.879554422115876 0.866109783871747 0.201132669006195 0.956809393461307 0.997332153237241 0.315967726010764 0.746314395117375 0.534688580427707 0.962061015428773 0.659854288347064
0.666192971336578 0.987026263131834 0.0603386211808029 0.911315040810725 0.995586157330554 0.0632343934318066 0.407580103634345 0.273819945226293 0.58496274493432 0.604425347341997
0.614678259283569 0.866127797977981 0.175995279631808 0.977224151174234 0.999331511968914 0.335309876128639 0.532368381009692 0.458015126581876 0.84163710941764 0.679471435207678
0.0454923728987507 0.420624304436807 0.0856409716541055 0.348182996754916 0.840118830470993 0.0106160080355622 0.206164926737181 0.243375601217029 0.0347336213538642 0.530153064893844
0.776153662380589 0.903225621299111 0.291454239282551 0.701453787869342 0.999506030474897 0.402080958804615 0.757875587391327 0.481249953067059 0.994373684383231 0.65978381576567
0.154383736980429 0.0497558510944267 0.0744325000363877 0.581164248124089 0.960249386057239 0.0281608807985043 0.171164357791102 0.298686689306242 0.0174321829455583 0.403019539086702
0.481159764899629 0.536575934508697 0.372843070977638 0.930404062100266 0.985322604535538 0.195021972479438 0.519346601802373 0.375371563580066 0.887098510512377 0.604749612598612
0.551274407462414 0.280174389881812 0.117895836142057 0.832472810255762 0.989304991557565 0.469570823988385 0.532572587908444 0.400729814392882 0.748118367597934 0.590668292993015
0.924557862813571 0.902268667839405 0.465680754233333 0.907615448631959 0.996254482001804 0.123944540806182 0.557919270986826 0.252415844842843 0.920000427828763 0.747138770636612
0.211103853739025 0.672033267608561 0.14178882525362 0.776834320999573 0.97846579148296 0.0182321870294045 0.294272124615626 0.347084306441209 0.208428865603411 0.474028328405378
0.929886121389058 0.891111198344797 0.480656941683613 0.80894912920023 0.999217067856846 0.181813165793929 0.514757696382153 0.445375616720704 0.716934682774693 0.63321190417367
0.0565711117842995 0.66125903790416 0.105333572872871 0.557954440986663 0.843550537252678 0.0130314164456646 0.375647865937265 0.227807287705983 0.0169930776064837 0.532006396173549
0.826152954142459 0.763340548235616 0.544189208960985 0.876688739511318 0.991668244020607 0.251588244838319 0.502720168328998 0.336245785576729 0.977340489660871 0.55749544110681
0.630124027377131 0.218192132780077 0.0889914461668292 0.707343743319786 0.860935479680857 0.0108001182188294 0.216379957139798 0.216355195871387 0.0240489342548566 0.397919754176744
0.201063822435919 0.376233492782948 0.529084427975139 0.378748210509813 0.974704228882948 0.0239891177390409 0.309645175119657 0.40968909463467 0.058420309287515 0.460845094776474
0.127559232421503 0.292015187570111 0.215366286216152 0.5644152008467 0.973833943027079 0.0370501025037197 0.305621580316912 0.33733183664219 0.060683251281138 0.561607940200233
0.478772691206178 0.18035834117604 0.119563637071012 0.645678841073452 0.946874374082571 0.00501016358277752 0.205557518632674 0.17665860173914 0.0496534004608131 0.467205084266008
0.930870972541507 0.534193357743835 0.231331306888083 0.852778666879372 0.996844312954636 0.634895091330148 0.686826164771326 0.415085194683787 0.984666835788754 0.73967111919144
0.760727271521088 0.731871793762749 0.217695267631598 0.964374853221069 0.995666339448589 0.300195431682302 0.558240368484665 0.388705501926488 0.904826959717367 0.684684778888853
0.548599658569685 0.716497143680866 0.15840856715563 0.623655809331474 0.990625336979691 0.0511502842166853 0.55031569446377 0.36042362294501 0.789978520441202 0.646541401965635
0.0819388510178137 0.102968191711131 0.100243408557552 0.410039740531097 0.980679953299027 0.0484591318963911 0.276089656244029 0.286485217732823 0.209651921863705 0.613971251646413
0.96571116496553 0.261424558400944 0.55715874300664 0.947485030734667 0.996027672597931 0.4900468931229 0.662097622316424 0.638668028528797 0.957012221482225 0.699463027725651
0.642597676270193 0.903292713542938 0.296425193750296 0.821244104038788 0.999163876462885 0.244813337353059 0.425745730620504 0.359433466327054 0.926937493414373 0.692782321052817
0.851569395756642 0.424918972399412 0.552191530864281 0.687531901198557 0.93930350185404 0.00628846332671797 0.388285012440172 0.259132388835583 0.0614242705006856 0.455890929699275
0.536529774449901 0.0790151981141007 0.479904157088688 0.761931940892715 0.990182877305142 0.181287074127848 0.487295284922511 0.280903245050005 0.428801220582072 0.478878172967231
0.903043139467453 0.570104702956799 0.122547835008637 0.918294997703895 0.997151185980401 0.101152731526006 0.508337408906453 0.379410128364251 0.40948325250084 0.639817358950897
0.397055509044988 0.499299093921558 0.384146011673353 0.725745839350137 0.992838681861359 0.0945001624702447 0.488655173135996 0.419385530726391 0.661736136908113 0.608147562768752
0.551091994524425 0.802738229492507 0.320841175370175 0.966497668356914 0.98101320211883 0.0844709353733638 0.321941766354869 0.290653538957368 0.818232104023586 0.671533501646036
0.366927619328356 0.782921247552525 0.453886800294193 0.927524446174094 0.999277641879273 0.376001520797167 0.561500737650067 0.513227269338755 0.970538494774367 0.649875608672431
0.718868720619082 0.587220816933202 0.12265535267792 0.79016013622722 0.988584535390732 0.15064373749839 0.62920467622284 0.505072380632858 0.985336527231178 0.732646057780539
0.774504060353641 0.882465198774484 0.26569774411671 0.665822106135231 0.997847207829236 0.086313344421989 0.604434109427499 0.356156207023572 0.87473603583491 0.702924264769992
0.302703602849686 0.635237804965589 0.152177824969181 0.973212808711938 0.99460691085298 0.0706115455451308 0.406704751963583 0.389638330314905 0.946646147370712 0.540089820376193
0.68599192976893 0.668763178355835 0.182491604346353 0.919675585805428 0.983687400266312 0.230375089844922 0.548068533645878 0.431954759029341 0.90492637835364 0.685885492404544
0.862047838938892 0.543174363553897 0.197836651636454 0.627815551902164 0.993745529412642 0.166255908979742 0.535801059820439 0.418324598667005 0.787688104703459 0.503797905256787
0.255931884407275 0.705444841176592 0.0475286671358019 0.235345048619357 0.943735559707659 0.0209813270436924 0.29264658938875 0.254913253648019 0.0055093599665722 0.43115939559426
0.817432712582881 0.846517595265032 0.444638192247924 0.970165802198137 0.997316785895764 0.221151416230057 0.650523107265735 0.473018820316905 0.981525819803224 0.740799480891751
0.881538859324981 0.960722226298676 0.0975188461773771 0.955572454331053 0.999695421145307 0.280344827129584 0.708812089842702 0.518832677951775 0.97607130952016 0.645853696765728
0.127391313252005 0.0332747141858507 0.33027416618399 0.812261252112869 0.96979294893873 0.0227382325689542 0.468861976960411 0.3374213246903 0.407013779662677 0.614754712603338
0.723616859925461 0.253809612664595 0.113533494054163 0.82099904638813 0.995169320514943 0.142671811493617 0.508897801301094 0.42257683502867 0.893793245204016 0.586222793470086
0.362452881573923 0.404281517884843 0.238042674356133 0.698645167373971 0.99556442136551 0.209865762096127 0.549185981767366 0.356962041719215 0.868427530852353 0.57939817340716
0.641816304856192 0.47020898493928 0.0397372613072226 0.96548892775489 0.997860473150089 0.37869614103742 0.633427802229193 0.460127004077356 0.962900378606412 0.662069528947122
0.624516364168502 0.495704070244108 0.105120077882983 0.942182400749694 0.980298548719559 0.0342216474981572 0.443936709230469 0.341847166460039 0.937342070510066 0.520686123964964
0.416491326411654 0.492316520229416 0.283871209283564 0.553918342434293 0.964782904780336 0.0566864071259192 0.492998247609973 0.352426034082584 0.615460067842339 0.449451708711704
0.303757670929305 0.699141091713314 0.134717436209887 0.605811904369429 0.795077278970052 0.0057106946222014 0.291926117266667 0.233541261310952 0.0368541131599126 0.466796103251457
0.640137776057416 0.119373790907681 0.090546243877633 0.917243842275868 0.957006100107978 0.0636804310548671 0.326097568766139 0.348701696925681 0.6730772408756 0.485700185394256
0.022198360383413 0.0274862275397069 0.127441730472353 0.909262295077587 0.896374149997435 0.0149680937740378 0.201407637557934 0.19925433284543 0.0595735845990923 0.379587904654166
0.85204367359912 0.894241779571156 0.366711977152612 0.626212850935852 0.965540383076149 0.183108282539399 0.388262672219877 0.390978912596695 0.818216183746605 0.594756255055107
0.206652921716664 0.0442481876344096 0.0546988295387844 0.713185137427104 0.960378373108015 0.0103715791529803 0.246054436553812 0.223974509799952 0.0288780651707262 0.521196442409638
0.779214498160962 0.366228576593498 0.113764714323001 0.754636562515459 0.992051562310105 0.143630459076371 0.482327026931261 0.479526361080499 0.903634034537776 0.577508563826878
0.734488395407534 0.860930632230588 0.164132168968845 0.882035399475622 0.994975660914532 0.217228473538097 0.474508082317513 0.475440526765948 0.909311870032657 0.564081270844765
0.868956322912417 0.199290224629225 0.276870593305204 0.748320797494699 0.996627725595445 0.187244891934735 0.505801796925 0.334605338529725 0.686799936533897 0.541298193763002
0.92234863118066 0.448058531573968 0.350137721094578 0.949362388220102 0.987574581903154 0.0999846412145453 0.587466453398017 0.38173551678338 0.909016535055108 0.498767193796359
0.17800653093419 0.359735360679709 0.163896902662095 0.46051334855112 0.667279484593235 0.00622892554382445 0.196379467558247 0.15067840235948 0.0195305294033761 0.443004745513032
0.605805777622189 0.462762045763092 0.164249792167259 0.217027890042051 0.935953778450148 0.00670661404291933 0.243873869467801 0.301215496573146 0.0120008592382639 0.416022216203653
0.178930721595796 0.956795279290989 0.147075139434047 0.756548336765141 0.815566921898081 0.00945078609244244 0.324821871142552 0.256229211600054 0.0141006040443545 0.543105853753896
0.184568745124419 0.0821449225329982 0.0803315400869185 0.816589890181786 0.952106911205621 0.0139841609890534 0.263086463153979 0.242242564422868 0.0129422188137526 0.536713489505121
0.129192723161528 0.289594453610337 0.230570264579767 0.677250856529652 0.967059069902587 0.0579866947568815 0.253205387067335 0.291289486838352 0.0703325331603099 0.4534022815741
0.958260701794362 0.891678676288625 0.381832104588653 0.960744572553182 0.977094219210094 0.550086449921509 0.683006844199444 0.442067975991046 0.972732855842109 0.673998471266952
0.306047566159889 0.894467099521006 0.0840265734829589 0.460636543796393 0.915587351474833 0.0962738392257827 0.302909777530275 0.369830558512348 0.107822166354788 0.437391772109911
0.348164306757865 0.25934102250099 0.280660236023676 0.724025222309714 0.998456733132517 0.337551387718148 0.461699226014399 0.513376904872761 0.914587318506953 0.514200910131062
0.52777364545379 0.281854109005565 0.308845878516323 0.908654339709906 0.983805974681597 0.0257648383724608 0.466002145509866 0.305005997572497 0.539705350966527 0.65018085974843
0.367057077400873 0.159047943515934 0.0444190828826211 0.760784912308606 0.98487115468752 0.0390724878389556 0.540942491249476 0.309245049905645 0.16102825299443 0.633428003326648
0.0656900177315663 0.518634271611718 0.0776952105583171 0.647451272651688 0.904005705545653 0.0126892133975567 0.31681860844497 0.324800338272409 0.0995507621558736 0.457813153611509
0.113604662069402 0.919999584588414 0.0247341072280827 0.836568414967417 0.813857258461364 0.00692185354342794 0.218465370191876 0.324407324973935 0.0496524322366419 0.33769714491558
0.0829054389544592 0.500163781748702 0.0656575225325689 0.37840021086859 0.975381664015648 0.0135326051613441 0.358795573953281 0.345384049662724 0.220511494779887 0.443327286732563
0.851940214622538 0.871145651364998 0.240656470746666 0.830248905047772 0.999780276137954 0.693460961861425 0.811484193763498 0.536831159118225 0.995409739759558 0.686686735614702
0.38991536250015 0.893134264419968 0.344522247426024 0.697362901524117 0.999527717552365 0.231001276435648 0.528991713848946 0.312581319870586 0.751675772806274 0.576938287392554
0.0287409829720812 0.494458695824257 0.0671504338842262 0.509238731927181 0.95741825958174 0.0334013899137828 0.292485324913333 0.250456081124634 0.2126873913772 0.462272581792263
0.893462337219752 0.0911353664209291 0.146637471774718 0.475997938467686 0.853725609113836 0.00958255460240269 0.316128495158005 0.196693648853859 0.0429596204492598 0.436385613793188
0.678559223791032 0.399814212493767 0.263861979577055 0.990734547759157 0.998811381230708 0.331931201293637 0.695327122516767 0.45239097875302 0.943065705932483 0.742226141843508
0.894878238059546 0.0799557270824883 0.23510474200061 0.974013635742341 0.993334763825132 0.231752680382367 0.603927375785832 0.504423764085468 0.954917641089758 0.74420682882296
0.453878598653336 0.553088047227239 0.0674097601415678 0.754770119138825 0.991209321726668 0.0574504751284761 0.416747328960644 0.410303160991111 0.804719685179668 0.631112448136565
0.41842025820066 0.591853053019994 0.341335872067766 0.728992070486537 0.99731870828395 0.470066974496068 0.75053821074378 0.452194707877836 0.990982737246121 0.707346063890646
0.898779833041757 0.37721260215579 0.314753470404084 0.838567513926697 0.970305448756733 0.0495281508105243 0.475625259991183 0.353971908967178 0.529693886601254 0.47007913647802
0.364776184928341 0.292234685909902 0.0589386412897385 0.798581711167042 0.967164378861988 0.0131804797057376 0.378527754830449 0.303384669539086 0.434979832305833 0.590317155631058
0.875795472008049 0.786748038373056 0.492691113465245 0.808792367342259 0.986362653979895 0.225364835602753 0.599009447476838 0.466331500300048 0.992874002602702 0.759005041635342
0.838561918029305 0.948192268730212 0.327009215205301 0.984273217305439 0.998374262772584 0.688435642216558 0.589922839281712 0.467737464855503 0.964359807433527 0.601411563199296
