0.6905292643876 0.212220116714343 0.0978411344086642 0.371182693913675 0.974864686702355 0.0361889719703046 0.272175571950672 0.290196756341244 0.597136529168732 0.42828808011633
0.612360196832906 0.371661446573686 0.198311913349135 0.803928977662062 0.993055161037223 0.101508021819507 0.49572649608913 0.465629447823675 0.685892159444087 0.671704610107967
0.0564564973834676 0.168773502514461 0.0314949318037437 0.183725266709564 0.844587306082864 0.0109838247012902 0.124744076777511 0.173559573406138 0.0214080244239055 0.398181448803075
0.770917090281431 0.687998477556917 0.109098212729284 0.820678128117558 0.956806591300564 0.06382657218635 0.525279609722465 0.335133858589799 0.318690560848335 0.573432111760445
0.540097116131242 0.0792754172772378 0.137349347864147 0.811193000433913 0.991902213436782 0.0396654313120466 0.352164199950156 0.31024733680372 0.135705491043594 0.586855563299093
0.899386248355027 0.373020888596896 0.142866199884058 0.588014446810826 0.970569018048264 0.0593980580183265 0.366593310136381 0.336604804651973 0.687596484358738 0.662561109503533
0.661631397228068 0.46192054807429 0.312424746692461 0.785494521471247 0.942669858437931 0.0212773663281885 0.324835507745557 0.239280808066858 0.127935564838819 0.484752181559985
0.689486714696461 0.853093756577252 0.167437391936197 0.252967250513754 0.968744587022299 0.0638734664513339 0.475992994319785 0.333913310615436 0.591316963544053 0.540492871491621
0.985187634393147 0.293669270092537 0.334713023473566 0.744543324532268 0.990497337199248 0.276336638479522 0.642142182396605 0.473389939616296 0.995407830579581 0.652465819554694
0.0737491824354334 0.809609981177934 0.315940202651809 0.726200199273717 0.926953509206473 0.0520233109945339 0.221148783344179 0.24282113466143 0.200483850851789 0.581683248291647
0.266905960767657 0.718845203840988 0.084966069359323 0.974757944297494 0.996858262802812 0.0657568402067171 0.423101749447687 0.325867330478051 0.907001114939753 0.626602356027759
0.638481843489838 0.347268969163954 0.0991407409746412 0.672117170289251 0.97855018065235 0.0336737531911092 0.367307731036431 0.35299492043526 0.721444240194123 0.473318435888826
0.0603030742215243 0.193246789470482 0.198220696393636 0.339207581255644 0.960408214019428 0.016801121369907 0.481419457299251 0.316723169105002 0.101811522760833 0.547939120637424
0.653844820308774 0.0276727795948597 0.278063716456903 0.794849303554096 0.989239303099969 0.320443707239969 0.445282552387125 0.287045928987072 0.369017328666877 0.693026343487628
0.824931619071787 0.302137711325852 0.187091379969389 0.965976034159646 0.987141870285314 0.221070048226398 0.635273769273808 0.492871401800477 0.9795204530527 0.547074587154661
0.832463671547555 0.901604207901662 0.25004233300398 0.982741653774296 0.996292405918707 0.276434769295189 0.569668612416958 0.354093150084386 0.757765876355639 0.630757063937921
0.816206399949598 0.206992821660352 0.288624457618455 0.796365139351513 0.944295586945164 0.246066713201027 0.578469504383756 0.420377004089716 0.554596300342067 0.491261431762771
0.116080049048422 0.581968964881066 0.253328837179042 0.424954164694696 0.911009925850883 0.0107947433439313 0.19954511921158 0.234418030080285 0.0546178727226164 0.466468640953365
0.386241975205285 0.301503730760715 0.377901475208812 0.297295616209903 0.947375187780187 0.0550281720012584 0.381139399973234 0.302917482322355 0.172962576479533 0.479839747541681
0.976273779674774 0.253621942762622 0.177961027183442 0.8158568635 0.99060172850696 0.106671486164483 0.572794056041045 0.322121152451948 0.873571947700718 0.67112780719378
0.626496337369453 0.724424526466783 0.383136736965357 0.96639449239583 0.994101126050198 0.17340552181864 0.585552298978739 0.415254168566637 0.857415664896975 0.657182018060157
0.697835207100274 0.178604755027887 0.261600365650013 0.878297324625842 0.996098857043693 0.0917115328845956 0.603119207637178 0.446387874960058 0.72579336889588 0.636610999562312
0.971293630389501 0.418656485915911 0.187504175552617 0.71708676931175 0.995047415483578 0.0379172173726107 0.574842773422821 0.332410250978654 0.810155920155274 0.468218249783902
0.86190045784815 0.968514140150242 0.385701202345179 0.947649069003809 0.999149924922165 0.321786666839869 0.734324369151048 0.371040401115064 0.983540799210274 0.786312529018744
0.269574001411317 0.291090554573612 0.219849912387132 0.721206157512278 0.996573730702224 0.091983495644423 0.475886712071144 0.399232558336919 0.913951672908536 0.581929632776252
0.678613572558191 0.92865426683434 0.183465841742025 0.855120526395755 0.997317972861998 0.363539394403613 0.574109336468412 0.391384627660301 0.979380351739217 0.633649132379754
0.189401822510136 0.741714711038142 0.0347208975758921 0.188224806522631 0.933081923861771 0.00925120229107622 0.214371110479815 0.182057314927498 0.00340796381088648 0.466942551382971
0.85122529752011 0.283417822626697 0.33675991118871 0.922199953375209 0.998018370552086 0.540537216919861 0.604807976205542 0.573229986339603 0.996625399438213 0.631346672314734
0.202484600374061 0.207285928695093 0.0606132353406541 0.726518470727324 0.728634097182166 0.0113121502270697 0.294844467566857 0.242078747953501 0.0884854310971341 0.421412469981175
0.479814036730717 0.770110176476827 0.0710579478199797 0.221455422179387 0.989169031720887 0.205712829182452 0.455033950839842 0.383494550924009 0.525649715295504 0.691775921367457
0.461330763052733 0.858537898089285 0.34349534703503 0.919558271442299 0.996899689634021 0.286996683031257 0.460410694636448 0.407849976645531 0.951008623508754 0.658808028118326
0.919312173376671 0.259011434499964 0.315731079995149 0.830000470189192 0.988274141227009 0.152661360473108 0.629567137066901 0.450882496198109 0.798386154492769 0.639645629996553
0.442186400657148 0.313716658541493 0.0483392016747227 0.69273228748567 0.876844335972508 0.0408870143055387 0.318931730511857 0.304192987120794 0.205278329317674 0.422025480392464
0.789248622479137 0.830073926805694 0.273145360611933 0.919121216904027 0.996817081275742 0.0871980953787264 0.667032651348498 0.439619275457731 0.951306553263346 0.647128581375808
0.246885396367275 0.530740677656491 0.0295047556393961 0.159480104242814 0.860208003936975 0.00820659894671929 0.285347121920278 0.187820060520423 0.0270346307373448 0.41482344902887
0.758821107965368 0.144900900211064 0.225250942186214 0.90872656555914 0.995854028621579 0.23790433751987 0.645799672913141 0.467484334232417 0.953177054371706 0.597080291174362
0.0886621231900993 0.500245035464548 0.181495090933852 0.86911245576552 0.925339655864836 0.00630440659960649 0.259756131617052 0.229985324400961 0.00635247428065814 0.356525645746068
0.590265208151406 0.548528532032494 0.0635899751781186 0.79487705675251 0.996269976657448 0.0408716951578059 0.399047752642798 0.34872405531974 0.438367627779345 0.516055778837367
0.284150522088342 0.513056103289864 0.0268252522325869 0.857212508470434 0.972365015433035 0.0375469634052382 0.29796942671351 0.248266642741867 0.211936717941267 0.679543424263658
0.053300036953928 0.348725592374681 0.551580466210792 0.738486505352537 0.934617537371342 0.0122286945257456 0.308832981522303 0.267299428439079 0.202326881163578 0.47401602752443
0.892541912033914 0.917476556444119 0.275013743868649 0.831708054213315 0.997818313570034 0.291992099529813 0.701940778031382 0.48888951051127 0.978117249852166 0.734114644626365
0.391314415858169 0.922973808750598 0.204394903432349 0.992438208352217 0.993585363476557 0.198781466429675 0.580093568294999 0.359562202972394 0.937600579746051 0.678912001462248
0.492918827963641 0.395067474204059 0.135093356413879 0.775344489145388 0.981259258293191 0.099279731899393 0.539999278082972 0.301711514174636 0.464517543269899 0.499188969329177
0.461676389842245 0.536636597565439 0.108260719020564 0.221365426013444 0.851641459651647 0.0168229230275886 0.315585427107785 0.23123479576187 0.106448233925578 0.590442894489384
0.813596417334447 0.627666192502481 0.539722882625501 0.875585969012286 0.999416677978972 0.702735896025665 0.702319276730225 0.502875190871433 0.968535207915099 0.675757143577308
0.61900833232826 0.309877897437368 0.221030677381047 0.934038326803108 0.996873602077382 0.235055095579143 0.490765480371152 0.406276843229039 0.940499979730027 0.543841722048681
0.087696246935308 0.274792363868231 0.0592661552370618 0.718134286509284 0.944019158630855 0.0146107067591643 0.20727977596891 0.286386136581396 0.0178054697179098 0.492839485483016
0.645223027151865 0.122868776686797 0.368305174051398 0.903321191303597 0.991173631918956 0.0959054095514568 0.487923434562325 0.359059627981944 0.866546754674469 0.580816878372529
0.920893112257192 0.688154573440376 0.085119924773048 0.756138286088218 0.999297704499042 0.1997942628839 0.601878283390063 0.434701021244099 0.893471860223394 0.582205020093984
0.543276567781464 0.379572368876945 0.136649443850845 0.965069822095129 0.963455602689618 0.246352616628941 0.369020738606482 0.330177424988302 0.2881925915532 0.591142421101356
0.57289716691868 0.941898600425967 0.265415896736696 0.724797422685836 0.996070536359671 0.0654666265758092 0.450554755746277 0.311876243103247 0.179883714342566 0.624971296066793
0.289678630380404 0.592699288416671 0.461361109730567 0.968146390264728 0.998103287445597 0.463752573448041 0.604843772205302 0.437688191164484 0.855926268538083 0.722062187505798
0.148906169012639 0.437159602703025 0.628060868341576 0.777170387745747 0.997756757106394 0.153190848433417 0.699097420771087 0.419069374528375 0.951298195268333 0.717755982611364
0.626758379309337 0.528913208244613 0.289693612117815 0.509085279041389 0.994072432394823 0.272164157613506 0.512684595422288 0.409634158603839 0.896077954136595 0.526476415075317
0.878430316080363 0.572781365186622 0.338428309817773 0.945679566774132 0.991022687761146 0.110775421053077 0.548068789785021 0.434000760000645 0.569015627110528 0.55430552035963
0.252203205076102 0.167567202408801 0.288607725532557 0.789777086311676 0.998504444607316 0.0640412907148166 0.551906092148977 0.364173037141952 0.745516619663446 0.68544661055621
0.722813270715347 0.300970916592508 0.0830786459712352 0.847381590935615 0.995231583638642 0.233446777984828 0.529219024546938 0.433204428213117 0.785996853940934 0.611698694397761
0.514219262744131 0.0513770548366115 0.144736104721982 0.599392932636839 0.941756459754433 0.023772275679945 0.244193732705565 0.318287134117195 0.0126950312651203 0.415023617396574
0.840011659032157 0.945396405494517 0.209260521145554 0.868720654795246 0.993520984918867 0.532420268930925 0.7375422979148 0.555813149106681 0.964682612814654 0.702254034560827
0.977772283884915 0.867123149343849 0.391187175575166 0.88110796610957 0.998377290952097 0.192418641728998 0.596644671991496 0.469247853474185 0.967381274884336 0.74190855282722
0.72431723761221 0.665090677448095 0.328180823591246 0.703675139976714 0.978919706558085 0.026459684829016 0.491510918296302 0.315002675611966 0.569393492071799 0.440115058669123
0.454632228717683 0.351595055820714 0.0946910912558664 0.941590757041992 0.996842537372446 0.212655133398229 0.426956493009991 0.468536734082611 0.812624167516422 0.545331672619058
0.616115768253733 0.913325605955921 0.0544871431589979 0.924817370940459 0.993907582622545 0.128509880842484 0.587767452578168 0.333878467566949 0.921624022336627 0.658729523451356
0.404490270283551 0.544692561617504 0.331584126870484 0.82554856833174 0.996485308133087 0.22142121225402 0.613762868518143 0.486291773660338 0.946668407897978 0.545220944691701
0.775512750249836 0.604268065793083 0.24317372832504 0.872049319721691 0.99846298404677 0.0906456599123719 0.459533128509197 0.338498456894156 0.664203045606771 0.500792267057114
0.395705549011009 0.57952783596418 0.205679386297478 0.647012737354776 0.97447584766594 0.0180401188855548 0.443388397965965 0.345049143217358 0.80366330236746 0.512671367745567
0.174710235250094 0.124970054478893 0.0837364585548744 0.53837158792648 0.862800081912006 0.0114724592560813 0.206238170722152 0.229656775481273 0.0289866654221483 0.333872453923356
0.715125420318961 0.165969383805506 0.356974631099482 0.807255811722459 0.979364794116648 0.0207869975817876 0.399445892859898 0.405227113004567 0.836049987626349 0.518954449952058
0.485796098032016 0.106372597639875 0.0469351679203859 0.256645813064661 0.892631318314366 0.014229218232591 0.234295491878923 0.155452283062684 0.173125619590159 0.56019940950854
0.570503211246424 0.367809473153445 0.20281603732085 0.671746340602146 0.990943127561557 0.0383626794895975 0.549448083049917 0.34522085279681 0.731164127482161 0.597661778431919
0.498632044595874 0.986093170873812 0.0465266905297385 0.679276303415693 0.820377872748137 0.00816519133484862 0.287231709172327 0.175770653838802 0.0418933254371455 0.460808423435081
0.892757067999582 0.180613167988598 0.216230448321595 0.392925242854898 0.995821956393528 0.310985108423283 0.625585133761935 0.418294581789989 0.814829012895394 0.721653317026818
0.85553460243577 0.711393617028692 0.263228415511307 0.632283960847781 0.997374541325344 0.348149683785667 0.625784406775778 0.528783673581332 0.75345312049109 0.63769318192813
0.582122897416935 0.205251092612324 0.222687774889853 0.918562385147759 0.999117581240691 0.138563494569642 0.402325315143012 0.475806402488212 0.680267034137134 0.570916242439939
0.619174785446804 0.671245668688724 0.170993329850844 0.80108072846438 0.983983031995774 0.0669621718732852 0.628564881495209 0.396820253146748 0.934447281952428 0.501634549093279
0.461578782420578 0.0350558064420004 0.145789089855442 0.407757303904088 0.789943635203685 0.0123389146299667 0.1571103732462 0.237156028182793 0.0410560793790635 0.38778190953704
0.239348099793757 0.047107031862002 0.146449206778557 0.67518971625629 0.893597586653404 0.0263771724941709 0.20277000803591 0.26018963974459 0.169985008707448 0.44560687446175
0.229896073545737 0.358541252479409 0.0646216911311637 0.75895004592501 0.970767262529747 0.0711449053667926 0.315300566998379 0.277070120345647 0.0509158885352872 0.462012928152015
0.0588293034060701 0.310569940279782 0.0815716930188947 0.655053296957253 0.914349821628669 0.0119814696674253 0.193294376495731 0.236574830399415 0.0634796694148382 0.378011603034979
0.0310915894516033 0.949885786536499 0.119969741074653 0.709755747194037 0.859131313004603 0.0231281860253131 0.189144088024959 0.329459331842342 0.391113256721187 0.417954341657957
0.829154704252031 0.780374570762418 0.129639248570724 0.949655105244659 0.998296893938475 0.148677447281929 0.654151538358236 0.509327788087574 0.971230262627355 0.737763757607639
0.0540131109582706 0.0800151975238008 0.0969475713502684 0.892267333219232 0.985645488921279 0.0564962557074657 0.485571415364254 0.338535515062753 0.10248815076232 0.499769074024984
0.803817132876586 0.359808909880086 0.213675128212935 0.74834875778615 0.99946886220756 0.0643838308260024 0.600381637432851 0.433995068136461 0.922163526017781 0.733310553789836
0.199440244535012 0.539732788576699 0.249884287910103 0.686675473742655 0.97871406944948 0.130714090934757 0.617562229633383 0.331691791927671 0.341873155987982 0.474979685018599
0.164643292933099 0.604605918915653 0.136984429158503 0.83276121082663 0.992048758546066 0.0735192629796662 0.487571631580776 0.353351826943574 0.301290608828148 0.441852939938253
0.276147467209014 0.103912449029437 0.116706284063888 0.754586569927273 0.662953687235956 0.0208277072713043 0.233087217340461 0.301342282329942 0.136852291768823 0.431307223419346
0.122408220986539 0.0384545177109861 0.0454361271056479 0.648724479549203 0.816249512873264 0.00503121604423763 0.262082159199153 0.208402849905221 0.0595306653344504 0.448086772249665
0.402280501653594 0.68348247737492 0.0769032811509504 0.233798521839468 0.941747478453359 0.0169654329658515 0.258621663038241 0.292708351981097 0.531757820766423 0.54645437605033
0.981334268236643 0.892960720860275 0.23515917165908 0.932581459022664 0.999238431129316 0.766074332067844 0.74061335221815 0.542503068707491 0.995208719552924 0.718080661395862
0.607984105419249 0.962721966760027 0.120533773272146 0.559437254068018 0.996322287707789 0.0825207793078326 0.398308534265617 0.412755581177559 0.822216071274598 0.6023623499085
0.565469443059174 0.8915385043067 0.0234002338801947 0.511420672341327 0.921080963912024 0.103570468311175 0.444326605824345 0.291119767657328 0.41787426214758 0.580299327618722
0.0237820955351436 0.222178003200461 0.149784689894172 0.600413147986889 0.961255687831251 0.0143667298437595 0.301073516178009 0.20477179776545 0.0623886878447749 0.418605647481735
0.952266610216759 0.847363113344589 0.123236651601843 0.970320973544815 0.999188648975562 0.300894329659613 0.554311336712679 0.460423236168203 0.864615624861568 0.713774088557059
0.917734071625598 0.700282016803406 0.262784669937073 0.966823072115184 0.998993589317755 0.528910537512541 0.442598287461676 0.414261357521984 0.984584381721191 0.681912525536801
0.469509901650999 0.899924341941472 0.228701742170454 0.935093280858801 0.990802655994947 0.138659690626255 0.639216675084504 0.440364832373611 0.858881679289348 0.623766989496546
0.979182214188335 0.682107329263679 0.367078255049726 0.972043555749152 0.999821385212321 0.694544518771072 0.701610492786335 0.502080356544363 0.932351410407247 0.744970523093668
0.273016599004701 0.65604780810706 0.116770741861966 0.931800353497638 0.99193763664931 0.0190804905609641 0.367533902210734 0.285117358906004 0.292602586640207 0.564708514410809
0.765714403512174 0.824818122653716 0.0381960012841012 0.830806520176051 0.856856419829814 0.118730311462219 0.334662399628859 0.296196512219954 0.39956852808862 0.413170913364322
0.956120482745421 0.239067597850769 0.160798018356417 0.846389406730426 0.998578596398253 0.232038224661486 0.760005388120726 0.419289224265259 0.978716249820906 0.610438807450266
0.742617817577072 0.71491267020678 0.595819237619315 0.954708309524396 0.991070043349276 0.286827425918392 0.729760497221556 0.531955685333889 0.985141072060068 0.601916835657665
