0.449822776131459 0.692445775940451 0.137301058215224 0.550003034442528 0.885160438738469 0.0120687932988867 0.449389224208664 0.265576031433257 0.200936400742221 0.416207987414415
0.497379089071736 0.819262253304407 0.423540659586719 0.793490350733889 0.985784642880203 0.0625147730513162 0.527492961234684 0.334944816430559 0.855855684339284 0.62254423094012
0.0625011614301982 0.460978778853078 0.0793535416493008 0.323262779893076 0.801658747781492 0.00799904793323344 0.242339767062147 0.228169375394368 0.00435680394229566 0.413057388256401
0.595772058682514 0.44465366772292 0.339894815092306 0.680722289675789 0.969171924104644 0.0178464009413326 0.509753480054887 0.299212396960378 0.642877538840717 0.651476482393983
0.694198834778039 0.430930092259155 0.0644898237396159 0.962713015036346 0.97746319688579 0.102638298017244 0.423885140426954 0.263791635895881 0.30603425301001 0.530463461975221
0.199781589883038 0.930380641099594 0.236922536474626 0.930833413772571 0.975352674036229 0.11759323769933 0.394679695281231 0.279495920976431 0.695837745498519 0.543992258055104
0.541522373856461 0.916523248680488 0.116104144228573 0.629915832585297 0.865853007632285 0.0210370899514724 0.398657251237006 0.317995877700707 0.189651089711468 0.524581030737701
0.670652207047945 0.421735717902241 0.406731410339427 0.64301852228482 0.97867287813326 0.0730898410083748 0.308379536915851 0.29957193218532 0.17229178957769 0.540012781343085
0.939268836139608 0.0446110038893344 0.136333082300977 0.979127982156674 0.999157705358071 0.220201970940975 0.640252069636082 0.483245188285416 0.987861644377456 0.631148027447145
0.300936850228929 0.248252281761654 0.140286672583953 0.671303502168428 0.970836210393098 0.0468482143114016 0.388673272842456 0.259841317981253 0.62842936792931 0.515925483523615
0.692017845786055 0.360031014324135 0.22975578956137 0.773001365397916 0.989058101609659 0.105104428191407 0.586692103771251 0.343938187725247 0.646804009350045 0.616934094329102
0.604315474248812 0.887135536503459 0.119464012368558 0.774936038733952 0.956722249565459 0.0467968323619787 0.453549471464653 0.206778060168643 0.575954679329514 0.486972656933907
0.349384045128709 0.949257428751392 0.0648447226439902 0.47005095541714 0.960865455904284 0.0106671838295342 0.408884235248716 0.266727904055425 0.0992308819160862 0.545264200825555
0.356807257585125 0.289522019748088 0.413613721897232 0.85108618067571 0.995387993543183 0.19539100022017 0.485082339015284 0.452954078188023 0.811187778799533 0.524930961811858
0.915023576949151 0.73560546369509 0.196316163793545 0.834118201014619 0.996991538159247 0.150983077092399 0.524274786610255 0.381485250896842 0.952918196292895 0.690846617617587
0.825084096441313 0.576520496164719 0.0830672975367708 0.926175682640511 0.996944621435571 0.350476990867284 0.628392231153309 0.518619020715313 0.950756469347302 0.655880957347066
0.690626498635334 0.746015695710979 0.165925617972595 0.823036807520527 0.99060359383364 0.0471639426669606 0.41045738001123 0.306355898427092 0.704500607705528 0.557731901549311
0.509752912354444 0.202189407443725 0.150608749518572 0.457820488046908 0.928955950271195 0.0125835418062856 0.28918720654069 0.308061163108713 0.0172413008338203 0.47279471612762
0.384470015860119 0.519983079697344 0.326857933925212 0.71443097848094 0.9924756130441 0.0229547876722697 0.238164106113418 0.336120696489179 0.0457024566332401 0.524192467076222
0.397371050527235 0.113845645019524 0.221191485472473 0.772314736969728 0.990032395299739 0.237623336288211 0.480388376879525 0.3752354854536 0.553228223858475 0.540487590824479
0.327485845388163 0.918075235536702 0.155602719223434 0.683934193654831 0.984873022815307 0.191196197295576 0.527358239456643 0.415945513729809 0.975641999223841 0.619317708582509
0.882894325650009 0.292092770744489 0.340707874539934 0.919901200353955 0.992877685972485 0.1602189740248 0.609612080424244 0.447615911526305 0.744940584592244 0.722392153849882
0.204103775304061 0.572594094570249 0.267137345188852 0.804402530435878 0.987515840866597 0.124557931451284 0.493190002885287 0.419060385209588 0.603721020353921 0.511477471622071
0.932174176482202 0.390674043927816 0.54640150962681 0.970593052606675 0.997884832559666 0.441753633948923 0.639584474021807 0.410738090862 0.7552875387656 0.68168760329134
0.532589992834095 0.682225131679084 0.225395209435279 0.457486282152507 0.994794616607705 0.0328193212804526 0.560000550289456 0.411145306729791 0.146550560266718 0.578550187449802
0.965316965918449 0.886843124652061 0.158788676516514 0.945547977259654 0.997378956060381 0.320394859422353 0.689542227074667 0.454743665777261 0.987959889415767 0.587952876032512
0.271357483161327 0.00769744051030244 0.150645422655686 0.148031515413885 0.843161679666193 0.0116304305337486 0.201724613817971 0.246820391247412 0.0735377665897516 0.515513549872633
0.936081468228365 0.716295569814294 0.634047679767212 0.984701993116107 0.999718515903947 0.580405503858306 0.715882279227647 0.599526912486053 0.994989630813875 0.747560083270291
0.272835641761529 0.270980637293256 0.192486212621391 0.135349135504883 0.974025394513856 0.0127444239965168 0.307406597210176 0.282808842690208 0.0607296408575353 0.421148668432415
0.567373169088799 0.508793025592121 0.217952942733157 0.843237857056231 0.995077946450385 0.0554458535061272 0.467873749563491 0.381554133103433 0.649659331009196 0.650938766196636
0.210945452604697 0.735830479317348 0.0997075029378897 0.955482564827933 0.996655783978942 0.321319308615724 0.575540896205691 0.492350631882884 0.92946549974176 0.639180660723743
0.139634954328288 0.239767205035755 0.119505533230428 0.913748394262715 0.982633731649763 0.12582662967394 0.585487207959758 0.404136500843271 0.750305593220362 0.650816512173767
0.0562676396822615 0.782413761990663 0.111915771698997 0.580334925022213 0.931235569897013 0.0186310718442641 0.370960935580785 0.212646349745708 0.018905400620913 0.484784295500132
0.748896816131673 0.856668227031592 0.125457519583263 0.891456350166945 0.996396445788136 0.165888898245437 0.526675499251121 0.330698931828359 0.98430440456329 0.672026744810825
0.295477336113148 0.508143703760235 0.0925410176320743 0.455293320662504 0.791587928307682 0.00320064788519508 0.227227440682468 0.288730028150744 0.0391982985346631 0.470230247595568
0.865443481478801 0.916440898401284 0.429904837840455 0.826506349441447 0.998116023478166 0.15565552116674 0.58557155672181 0.396040045623624 0.92384197630454 0.677485756370989
0.0295166069955118 0.757832713906373 0.0529607077979986 0.462198645165193 0.917111248981474 0.0115137873981185 0.292528952242517 0.213624721062421 0.0320184738083125 0.457829147009593
0.0878754426310662 0.863888475431458 0.222350562467754 0.589561187499684 0.967307234029853 0.033153083880788 0.321814086943841 0.310811400593711 0.209934112409922 0.477022560357019
0.248365159263443 0.349620746545996 0.085210904621978 0.469489787555147 0.975368276189463 0.0474107501537763 0.416432608787366 0.38232097197361 0.514584316986227 0.569907754716192
0.214199148789942 0.665702650523026 0.373661907924475 0.583151214105113 0.921173960713448 0.0314927321212828 0.230667083778912 0.20650315446912 0.0657737244937409 0.472944513458001
0.889746039184111 0.838031794917278 0.382532238798995 0.921556033003181 0.998186475414945 0.689055100965121 0.720161817128982 0.531908227528876 0.881874041557333 0.648368330161461
0.315735108161724 0.629741357584852 0.35301519482971 0.979443105295754 0.998175617578706 0.177739787886119 0.533420812022695 0.428380587934806 0.925148626373431 0.61648323116654
0.450383897545892 0.656772340786432 0.152596246754271 0.8353104657513 0.983586547022997 0.142587742817394 0.403407948214107 0.27687136131104 0.148888388045144 0.628955487339385
0.502436623917746 0.396841848851248 0.0413092028551742 0.817670197965086 0.971229098275183 0.0100663700732468 0.388505596370101 0.251947799912109 0.13430372001668 0.399507118831037
0.950981882883442 0.939154946395321 0.251404197732484 0.961765510542034 0.999572659938832 0.449508254001074 0.686748628598791 0.500645486106797 0.989286879789917 0.706961975402427
0.314096582606881 0.6448615550752 0.265688246752562 0.947049616593971 0.987743297230795 0.124962815760727 0.640989969989555 0.466019122942354 0.890659528125829 0.589820734439158
0.12523853199239 0.192268630523226 0.0916704221965089 0.403807767382032 0.740121840594135 0.0128078672225038 0.243682189091958 0.259062373186209 0.0408469457568805 0.439536789835199
0.350339932909741 0.758266513007492 0.0594246341214374 0.587745682303592 0.984538832446562 0.0788290145098734 0.364151992060595 0.449238772284104 0.757316158044963 0.524733719774739
0.62833010117165 0.85375867783837 0.128906178013788 0.966715107910604 0.996584985156517 0.135793325365469 0.527647853153268 0.37843927525767 0.869782631933292 0.756414220922598
0.800719290424738 0.899080292127166 0.274737698433645 0.912051232413155 0.995953058216169 0.0667340879820191 0.430657057354423 0.448437532655513 0.726036802380851 0.648295867043949
0.444445156817804 0.987748796799092 0.100194977362072 0.551519538913802 0.988571657172513 0.0405676853302686 0.449713083077389 0.446196222214201 0.207350434939333 0.545283802761213
0.902016999627456 0.330113759412505 0.222075617114647 0.652227387827826 0.995650564442811 0.301936076815922 0.556503348766797 0.444198089872971 0.949838556950553 0.613835933275287
0.886068974676615 0.960771932780483 0.299467043532495 0.864408481332157 0.993756410949014 0.29113954812189 0.571542099557688 0.450284744352737 0.921125372702762 0.67864059837192
0.622744229687458 0.482610092246917 0.203186811113942 0.928698952248834 0.979523148572837 0.236249956339369 0.56885410998808 0.413859661491048 0.980150650937574 0.597777420099092
0.775080461614755 0.646722886281663 0.311735501296524 0.948419819173556 0.996886498060831 0.120278117700799 0.596191279155561 0.479169742603788 0.655049557592649 0.647944626756603
0.14822134847028 0.819639584111663 0.400793801298531 0.69150735258461 0.994611855188885 0.253031430906543 0.481911646168456 0.455279097101218 0.983322170433746 0.626864393862417
0.92421884899449 0.912656888526684 0.473468904244256 0.942842037323272 0.997685233497548 0.118913241073792 0.551379820485829 0.411784854451257 0.881105065625794 0.573620084652307
0.129947311925312 0.19698219030197 0.0623764692752415 0.256045715985581 0.790053358517415 0.0149909679099669 0.238452714863121 0.31305871789593 0.0927800096350453 0.498782329062148
0.968472759278637 0.84175256991226 0.309076219263884 0.96179992966708 0.999618748862259 0.408493175151414 0.575481318478235 0.432020499677298 0.955281923260308 0.698418582952613
0.888394479440355 0.897504500686123 0.145749695857777 0.727532909214127 0.999531466651735 0.522345310971875 0.68708985391553 0.521711817551151 0.858201603613809 0.635234364605447
0.634125708538552 0.201910848591293 0.165395234091901 0.775681592087341 0.988346636067107 0.0211160648118175 0.477741344592353 0.277163107010373 0.63444310779866 0.574463128732792
0.521767767487751 0.835846801778238 0.304711908340613 0.695212651880095 0.990102837422737 0.101327671949732 0.548758639421274 0.261387031920727 0.898160385503764 0.612074235781494
0.596106033841695 0.799099310785749 0.404620434585201 0.895237973497321 0.995010603608111 0.209763964329051 0.53916921962565 0.36716458472945 0.928229997520353 0.640800664054329
0.927971855013503 0.989007551771021 0.37218428141193 0.814880846029968 0.998218746919961 0.273859714397063 0.564613760716019 0.44135072472207 0.9598505758059 0.588472325920788
0.5380632349573 0.785670947008288 0.226760566951013 0.65996550574058 0.99508552940298 0.0341378405071493 0.531630345048829 0.290557024796924 0.470096682765205 0.623444643363158
0.709895834782453 0.169522409823525 0.25528550845446 0.568125187065827 0.985200656190241 0.0725238788959674 0.410892025738151 0.409610140952854 0.255891553627932 0.452321051313477
0.517077822657005 0.482297030323505 0.149058410936437 0.13462167206484 0.93025406528747 0.0138202609366219 0.245334163389624 0.280808586126375 0.061549419983188 0.422207836336091
0.834221070144028 0.514277808043271 0.153075841773952 0.590534193521667 0.953863378716557 0.0652587517887629 0.376333245479388 0.209749467092652 0.508833936209346 0.475484938046982
0.286855418233021 0.119350827271217 0.0448807470262765 0.762824289011842 0.875484907153139 0.0315463876279599 0.260473388194667 0.253299641370122 0.0128411303239134 0.439084613526836
0.536953619449687 0.481954612519488 0.282292482714483 0.838979723999407 0.994878422396928 0.104038058344019 0.550125230968104 0.31660020678151 0.60432297746466 0.546409670049916
0.0686046751247582 0.0623593831297272 0.0889649438545244 0.475858039572522 0.954338975884829 0.0106031308068838 0.205337801311741 0.193023974669772 0.0462788274842433 0.501305827096804
0.494099509715183 0.828284509641129 0.190912763122196 0.946761930686193 0.99021657131893 0.274991041335076 0.509550552718862 0.533636599397244 0.872718815572123 0.703227794914504
0.770962734645455 0.470760707757738 0.57499696371029 0.969899456077979 0.992647530817851 0.179531753835047 0.608584502333498 0.470168652924959 0.888535313713103 0.715828497205794
0.85679026235241 0.17961552862317 0.098379485246668 0.833606469046769 0.996754835796756 0.119906875873354 0.572111010104105 0.435633835212485 0.636306436195609 0.508922249184422
0.261482494536595 0.433135492765955 0.50108020667104 0.778123084492402 0.989492654747352 0.271020721107908 0.612664358352916 0.437946916543077 0.588937112496949 0.52738924526473
0.0966103013920015 0.257175504802592 0.267947131908352 0.308563862225181 0.912177799010326 0.00601540951866374 0.158116173847623 0.23014265650422 0.179189932158807 0.45154265250933
0.137223948628304 0.0613322141694109 0.154636915289515 0.480299076520586 0.533469271901928 0.0151437262695813 0.323965898881988 0.241388313975055 0.0850513937916751 0.380560912720831
0.370440648948753 0.723985131103583 0.0923025442785145 0.359190854233219 0.895190396593154 0.00967182819222718 0.353888869669767 0.228098548950124 0.225891263020158 0.364153908677646
0.145603500738671 0.351671918025317 0.0557314021855464 0.573077275990562 0.75706303729895 0.0147794216430735 0.319570380719272 0.207629190502251 0.188007776685278 0.439101909447984
0.239369967506595 0.455639807600306 0.170317021022705 0.149030500770227 0.94511521319907 0.0111075971037638 0.274185902263659 0.306470273890418 0.075806431928035 0.410188588176562
0.576942811864918 0.760637999491612 0.503715311978232 0.823623859702215 0.995838266318454 0.298426752582583 0.635253887411793 0.46630397995343 0.976385339982512 0.663004908801897
0.718713066274594 0.693646194273643 0.0898837610047142 0.862667629785802 0.941932297476168 0.0290801788624225 0.428447022651893 0.318171818387016 0.367302547235495 0.508930529209081
0.735239362197179 0.306850452579516 0.151191579090829 0.88820569719993 0.991830019134696 0.221962223285156 0.454363344170205 0.498899088672933 0.885726359550383 0.571167927665826
0.165159377458097 0.530191530937833 0.281585250378147 0.924246581984991 0.998100055311095 0.134374751637892 0.400830333303223 0.303355747263266 0.772882256084544 0.516248500910414
0.845327351377289 0.0751022829827219 0.106154798934108 0.76717133429398 0.986392441134661 0.104052722199963 0.386228714294506 0.333885976667828 0.864801862671663 0.62857505983877
0.11590758665219 0.762261695232215 0.235246382092737 0.548607419665289 0.976971155926385 0.044659272431394 0.265495359506857 0.254267352379092 0.0156756724227225 0.661836496870407
0.214833892986574 0.142336607057768 0.0227895079967153 0.760825544637619 0.774001281618771 0.00458789966974947 0.231371595210789 0.212161569999967 0.00371415484215277 0.5264652748287
0.158742205586294 0.0495035910919114 0.165796088299072 0.949594079989442 0.964798437720956 0.0240952617018277 0.316763904788239 0.271788995481461 0.0581617952911257 0.586172526708498
0.74554488187077 0.764214767966274 0.791488369828686 0.928473361158403 0.999641520925805 0.634174713901812 0.83378538203745 0.646120693730437 0.998820216545859 0.700973572414364
0.412849802473696 0.91191245386558 0.196297707041703 0.618211713350022 0.98708480208274 0.227603295878155 0.566789588178176 0.338461543401399 0.62127623455336 0.593728560711982
0.421660737092407 0.626286920547599 0.0525271124957167 0.599248497734996 0.980762315019025 0.0467088514042164 0.293428600519556 0.289110841920797 0.331431825962307 0.506414751906329
0.128503952230951 0.597199769729357 0.176619511495035 0.606233025637446 0.964200535324833 0.00782873910962276 0.243143530258249 0.291371154189092 0.272934794620832 0.394346818570682
0.918296519167792 0.715689678733368 0.307431729627855 0.969064809248543 0.996496007530754 0.288567612177381 0.656483027550811 0.448175254331674 0.986499919424376 0.694503759117866
0.933732853506666 0.767732035667031 0.526301114739957 0.864413529900922 0.998513092474728 0.61824411471213 0.641753163537138 0.3607208574066 0.97559714254307 0.652280578086675
0.794032475898665 0.458129481635652 0.112382420535122 0.796777658062938 0.998176743064073 0.0950811834961761 0.658660910959786 0.382198447146112 0.88700005778118 0.572706162481432
0.899299490268192 0.698596014558885 0.45699245522377 0.99164507945349 0.998973298593685 0.189606066802563 0.704601896229905 0.489998013541431 0.961419051475616 0.67927931585056
0.34989239628021 0.580416319472503 0.123161778676236 0.863367246758309 0.936787797899318 0.0725747500733764 0.349880335716723 0.31209496573204 0.284115149341513 0.622094008412478
0.501894005375969 0.892181126423571 0.328633119376802 0.800526395116283 0.955041228760669 0.0209076465565439 0.47482054955451 0.263385537701631 0.0526743536257094 0.518309427000975
0.533929661014119 0.534912295966873 0.574759815453264 0.663349328004875 0.998625719401421 0.263147029876566 0.699116921670928 0.483210313770299 0.950286264835713 0.550241678462845
0.770060933175911 0.694659722859267 0.220412481398247 0.985016496923188 0.997937764274849 0.251150844703989 0.715620569412576 0.436058799767787 0.964211555935306 0.77325262704848
