0.279204743993939 0.103388454397039 0.123206698425619 0.472483112746003 0.934805922684816 0.075691465824764 0.363860624528411 0.256705904278688 0.0720526488056455 0.553830224330691
0.825380299224923 0.756069734668266 0.111731566730906 0.758041348950556 0.976815528189847 0.103358860159393 0.650232129514823 0.28705801550564 0.79434985987323 0.515557881578649
0.0437040211305239 0.0573394090583958 0.0851294960744953 0.472013531955342 0.854127009353038 0.00616797048232707 0.268837556167867 0.205169648585342 0.0181550195436071 0.470108396974506
0.812455618014628 0.372872781650899 0.226023073974369 0.788688594494396 0.976819552101082 0.0716164348718789 0.517548582955097 0.407236147281425 0.0521334072487314 0.620477972323656
0.731989172607124 0.680715048947385 0.429988155356434 0.888945020287503 0.972234605204861 0.0562504344604514 0.438191715727246 0.337421291071728 0.534446370456983 0.5696785293011
0.187599416771669 0.191067106438433 0.249554023271116 0.930309683418014 0.979955260573931 0.209147656955753 0.376990223794678 0.357060642833341 0.549090307305657 0.445190087967154
0.529489503827776 0.458738117277246 0.0219211157896121 0.733415601642356 0.872109118827011 0.0386747138430302 0.348479598311204 0.318648778651945 0.132253087261565 0.605267073839607
0.710488093058047 0.656877709469963 0.0609136563708299 0.847130001641105 0.98494137802308 0.154842973447459 0.351263395720769 0.373294196505512 0.163444437140646 0.56896867268883
0.648304208952624 0.884088090488095 0.341216876373897 0.939122439700578 0.998877877011128 0.201538140688619 0.597401487529445 0.457825081831634 0.957738427062587 0.766050788930479
0.280029568802623 0.468987975150761 0.117969034063373 0.682397979548303 0.930780544623484 0.0132746947720687 0.392915343614338 0.306003737201704 0.68032253266938 0.547258062617899
0.766950333860822 0.250525255826135 0.377365089344063 0.899937121560177 0.989911637852715 0.276123721682149 0.417213263696764 0.34363584757715 0.789916490931195 0.52260896522447
0.341518422325807 0.726678097581925 0.0907236853468493 0.914749407330497 0.996005385127637 0.0480661607663329 0.409775612381757 0.37628211881094 0.392251226002894 0.501619251330577
0.650316951045605 0.572936979939561 0.137201153990479 0.779408924463988 0.880704911454597 0.00869058325701964 0.343382655693636 0.266712976147189 0.165621230223202 0.520757195523403
0.555620616895215 0.0848638322957147 0.155326435951222 0.977913775387832 0.988863613688683 0.194553346974509 0.526855403967145 0.404720232890815 0.938409923667143 0.596863123977854
0.793580464448459 0.701922540034908 0.506007012466868 0.957716285878924 0.998211198989169 0.223394392375951 0.584896240211898 0.441642197412435 0.992039482210904 0.735291320635895
0.830523337113307 0.126006108776113 0.112432601150813 0.885582933178124 0.997489926252771 0.168332946561336 0.524383486842995 0.367438930561664 0.985353352903386 0.68332960856938
0.4280532048072 0.588232818103973 0.379596724857547 0.920220675865907 0.97629903602212 0.214345029935939 0.46766119653396 0.389801628004429 0.807482807599429 0.644766060835882
0.383196619935207 0.688508323703508 0.0872258941167919 0.223574603486963 0.770485888866042 0.0112406040150737 0.20973036656525 0.259221243413875 0.0328979005450077 0.454556890017702
0.263192196271572 0.405654401821928 0.129146628053078 0.452512404751138 0.971027446679739 0.0187719498123106 0.359307387985674 0.257508982647443 0.611697021643571 0.497070668013351
0.908995428388132 0.644946090450719 0.305840945615197 0.943351281134978 0.995232674906246 0.11302095502937 0.587393963002627 0.362150262435271 0.67019980744031 0.527265043695609
0.376104185488608 0.731840530927499 0.283776365372328 0.969960639374366 0.992786044474282 0.111840973673544 0.612500319188594 0.347654289945088 0.687067002248817 0.565052608342777
0.396392185329184 0.686640283533251 0.125170690247507 0.898413399210634 0.995204709174646 0.103422248732036 0.529613365532427 0.332458491672215 0.901822519515201 0.552419702735753
0.809402064604718 0.699314824639722 0.30637541057855 0.579640974404815 0.957157834754933 0.142893660810805 0.477531423201925 0.318206963216053 0.700966930028144 0.56365361308257
0.912108501678472 0.868338922850072 0.350417324780657 0.894079269052971 0.996799361727878 0.402377355749441 0.56762552915892 0.529564218963162 0.999080706758599 0.651083670308248
0.613981963606435 0.411896292049406 0.463138667796051 0.913392053684303 0.982940999534867 0.154308242451398 0.410799867018352 0.363180996281425 0.659674207888104 0.604599211562525
0.786427384876075 0.534678808913979 0.149510830758085 0.934857180842319 0.998938053146052 0.468355919749003 0.632248322761835 0.521244171019626 0.977585104113593 0.712735807302684
0.302990907269614 0.356300445251569 0.184468709928356 0.336337625182827 0.942545063254388 0.012235540629382 0.226739461637828 0.223976918384456 0.00824247519336959 0.373642573341672
0.930760006872294 0.194313098144435 0.35144594081244 0.974584114271689 0.999716134549795 0.480334600375677 0.613961404916137 0.503567618125923 0.99189677072659 0.632401237328947
0.362576951849968 0.354975708646645 0.115794646206801 0.669326866133068 0.963861712142051 0.0260559083156691 0.306215093228103 0.170465802014838 0.0959117653645149 0.513655162132601
0.391801010285981 0.977546880165873 0.146032522046308 0.94005026234002 0.988674397130018 0.198018849684744 0.45688037180695 0.351880894721776 0.576748635930302 0.686717664079759
0.784382747459274 0.840874061188931 0.204629550037738 0.859814479458081 0.994062413898513 0.0927662358654544 0.479361752883286 0.346900557281225 0.686620032754299 0.639459339479525
0.712838175552034 0.967534529759573 0.246224182793509 0.790587590345397 0.993286192428578 0.134032878402338 0.537644587663731 0.425888642756011 0.783451789621127 0.658695438435355
0.151940400777258 0.819625005824115 0.132513762164187 0.863515270935567 0.877768126887906 0.0416975144488032 0.332095329148432 0.304218584431197 0.0485214304642444 0.522606246929731
0.416104795698403 0.542460872027474 0.445544095801095 0.953757200433919 0.994399531120606 0.159481645662288 0.69372018707452 0.563510007957644 0.964621316185649 0.659680196235994
0.148761814696993 0.179301291884353 0.0910705652483803 0.21838591035953 0.817586214936692 0.00479400106991671 0.211593016627228 0.239084796412945 0.0967046431019655 0.468127751206068
0.856208669847399 0.579010065913274 0.0675950503301481 0.884427094239491 0.9963071872956 0.138118050479432 0.520749437003723 0.379923507704267 0.824113079535917 0.591118055297484
0.288757646545158 0.153861494342524 0.128171961621869 0.604763842269523 0.749132280197376 0.00474648949653012 0.316393584193094 0.240662181225395 0.0372368269303595 0.43737245047241
0.428574954576843 0.756275818323741 0.284205799344203 0.461957087086328 0.949085870584059 0.0291367532381773 0.421081389871409 0.325896553693526 0.37280558001065 0.576258456526317
0.593326571354598 0.0468882428730445 0.151287092143407 0.870366709594738 0.972859759648865 0.0912171497451165 0.341364664607962 0.27527669200884 0.118516613864887 0.55348992015412
0.0131698217767242 0.810377571710825 0.0932976278073504 0.614038081152652 0.937286685066535 0.035935670196501 0.205981517800768 0.387436879237912 0.260462188239459 0.344653003114235
0.539672145018412 0.0808329973645976 0.693530879596513 0.975526331383338 0.999302722510028 0.396027925627036 0.761863665626932 0.417017960137877 0.995684989233436 0.648471096977559
0.70073662846657 0.448325836442313 0.250346049681909 0.923322169665554 0.99850891732213 0.235570231259449 0.588101115261512 0.426562247708249 0.983836122757028 0.456490412047373
0.24949584884904 0.0679487845222087 0.166898556240006 0.0947448757792569 0.98299310666136 0.179116279533878 0.494305399561954 0.465660283706783 0.405262452680812 0.634044068908385
0.07896015968141 0.333973659807685 0.165544156595878 0.916330090305766 0.971042242852309 0.0266701714803742 0.32312567688855 0.279959612534555 0.0285542584033847 0.526851542623117
0.908438976850409 0.714004049652374 0.224889841139691 0.954054130561673 0.999756199200078 0.718249253803508 0.728247753772141 0.494920541811443 0.994692927563461 0.717520795855509
0.879619916965226 0.490096346469554 0.237006570794917 0.893399733195653 0.981434618521621 0.214621895279215 0.42011800475099 0.381651538401906 0.884682839371237 0.666772463079489
0.469651295262685 0.19639211054962 0.0250376235644515 0.383777621197046 0.986059813938863 0.0138922610889928 0.315069490661318 0.250007948512817 0.178701599977847 0.451410694044726
0.778369657242358 0.438775455452089 0.125441412697156 0.315531230603078 0.96211038152584 0.0449620522924292 0.567454682476196 0.365569600407779 0.32647197439362 0.684150311937757
0.865019523123649 0.407261906760677 0.255811903598733 0.877374508299223 0.999457514847069 0.279710030884182 0.570279268071942 0.465619419696177 0.758042674252836 0.592161307555415
0.861863411421136 0.0155284508722375 0.106819371838167 0.922307015899322 0.93636599951786 0.262782412858101 0.594349595292526 0.347858049500476 0.852392087720501 0.604333887222155
0.769853432800373 0.447314792937197 0.0794994308591807 0.867380369083876 0.994346110321493 0.113581939855524 0.460913965596145 0.38819847604937 0.371503403994065 0.504324560154046
0.896297407128982 0.52403853453475 0.468937818976479 0.972785161914103 0.99394131210649 0.329831507092 0.665772417353519 0.445155482875931 0.972419331022875 0.647428737737201
0.921887473873411 0.47289762876278 0.145412350513113 0.975885340264513 0.994499934831138 0.368633039194554 0.677872511619574 0.429290314841484 0.953874720667993 0.670727620979578
0.412288674257445 0.807002634474562 0.254012811110096 0.977125525053756 0.997995310922083 0.196397779311619 0.540714975447021 0.488071868231833 0.949393604424922 0.680584073352424
0.674967922441676 0.681230462466351 0.349404538811635 0.923243491476485 0.996571136328091 0.216945887390802 0.518551916875648 0.440630520656296 0.846454974919141 0.584952763040559
0.798909239788785 0.649378936974023 0.275354112926214 0.8362637946681 0.98611557302037 0.168221965082975 0.606436742053706 0.404698686866654 0.957387834792233 0.520930760622629
0.581129443322829 0.905512439531079 0.223485854862314 0.962199772946331 0.990939577256775 0.1784766109546 0.517236118602275 0.395794875189881 0.488539089881985 0.606459105719851
0.122937266755349 0.651538699538327 0.0543442510164864 0.336384531460271 0.954400798505521 0.0143346228210914 0.265987777708196 0.2620981265112 0.214668895779575 0.489048782759725
0.992999452491655 0.721816914017947 0.210896900979314 0.653122505392773 0.995644305775815 0.447149857156122 0.593750364984467 0.499513162187361 0.685599058198267 0.657263741690347
0.704149470499957 0.479080563290563 0.251221384963965 0.958382697685291 0.996898949740553 0.333211804247628 0.702556437880516 0.488254828595015 0.932297463244855 0.76167273518112
0.539412598859086 0.347132376957218 0.140333000839526 0.434537966138505 0.990721998014578 0.054257201492856 0.355014595753336 0.357020461070768 0.496491447224307 0.56776426499209
0.327628835323017 0.512284953190613 0.24834618847622 0.929529200954726 0.99932619824374 0.0823110808558568 0.466763745879026 0.476603380984164 0.874664918980488 0.542217934836763
0.505534309698154 0.184835182519894 0.180969009797658 0.836115421450286 0.991327543898507 0.130648530408051 0.513756559784572 0.499097005804269 0.808293800877672 0.595156695236415
0.921316453375029 0.530721257111435 0.485685224186609 0.95790157757742 0.999276079276292 0.0897966809189282 0.499177100646039 0.420170345903667 0.823880152921587 0.638105459359448
0.576263599775379 0.649090937180273 0.163008950370407 0.361255608705641 0.98267055826924 0.104739498430276 0.556810788900963 0.319402015794511 0.464597754837885 0.495889700228823
0.167765235393532 0.00378089282456494 0.182781976799124 0.678752059929086 0.990151664806778 0.0413353187480296 0.390101520893452 0.310236988785075 0.560799826377422 0.578659172755721
0.109864154418555 0.0833468732814295 0.0891664944805905 0.355487674634117 0.891862887496844 0.0151179967228536 0.238967384578811 0.262490000225169 0.0291277940979994 0.429945536700936
0.782521800893323 0.506854180573242 0.325313368454075 0.79748575672521 0.976646993741411 0.0335169707027667 0.363563119763125 0.255007838955319 0.720259264457598 0.509981760570755
0.168092991896335 0.497415901600216 0.0535166439749216 0.175475857499896 0.685239365414237 0.00824100702670563 0.359565687262439 0.347623501442886 0.030577216239237 0.499365705759178
0.806558220581482 0.665693088992652 0.233764322151059 0.77411151848369 0.982594014276864 0.0688834721333784 0.471334373736297 0.363125378038429 0.854290010008664 0.553980270427627
0.0887457339774887 0.218373436709498 0.064601464220893 0.429601184917774 0.936822579724914 0.0156421817415839 0.306561293562946 0.24040732396628 0.0131404678755953 0.394308445039164
0.672152868750082 0.251529921865774 0.390125476849698 0.826527664515005 0.997058403075738 0.0754295844692286 0.546668506487258 0.462553205803963 0.904905573651954 0.643079342775735
0.944399031190163 0.454981812466 0.180762840695879 0.918009674331171 0.998264894539294 0.285236837148728 0.501466045011178 0.439772912071304 0.795033982136555 0.628000152980801
0.719872251164587 0.829293994078948 0.502776983931085 0.551124117931625 0.992623569880986 0.164869924775006 0.605695802454614 0.431045485333693 0.525948337233791 0.532814622625949
0.690119807712683 0.978035822798666 0.348637426629314 0.796355644097869 0.993225380253715 0.145199906862582 0.613061104934561 0.311364477025731 0.34825311596754 0.515682242572968
0.0655340932251665 0.254178204325418 0.0361473333467011 0.714164501527284 0.974361794217756 0.00746173005132697 0.300908176844461 0.287404959903449 0.00666542725420313 0.378032100331934
0.511202905848987 0.928788180973569 0.136409020022162 0.631318618046031 0.900250484946319 0.0165530655291273 0.243927098023592 0.385926838735856 0.0227034545717618 0.448404635034396
0.240825513318885 0.309477568982456 0.0742516548018715 0.193668066464576 0.889627687564126 0.0305175133744885 0.221834736824003 0.325470155765491 0.154618421836506 0.5085505864942
0.36825221983972 0.0711265412044549 0.314979486063918 0.22703865471669 0.935888900175323 0.00842122208347332 0.311344278117664 0.259627219515383 0.0339699076133176 0.304055618742279
0.306080255152439 0.944103841580196 0.0649163187777175 0.896532756603217 0.938957637731927 0.00981467333639361 0.277581620708338 0.262015095418714 0.342640077997572 0.433563339863362
0.760879578948392 0.636262777635933 0.201524107124792 0.816121813069742 0.999824442828965 0.547457588631325 0.651571498514409 0.412982996484074 0.991972773716923 0.660511146534896
0.352134160088457 0.144850221212319 0.127380768040956 0.80141075712674 0.986095944073297 0.0251094416724162 0.435824373674248 0.247911865539714 0.0538354103490724 0.471777415958139
0.543914246420549 0.945742333829045 0.241171307019448 0.920121189989468 0.993989674586505 0.64163653552977 0.542749107971715 0.416435670027853 0.910539315707639 0.702253696934642
0.353095162913063 0.708381590442575 0.0426881481744627 0.594805505090704 0.985247534822653 0.0796816102140277 0.51445682775574 0.367321897443838 0.238012797181257 0.550853345574735
0.455297784206612 0.192754580084595 0.0971864797054157 0.488373072408619 0.989260825614447 0.0375266508580614 0.537307633598758 0.398926741602654 0.0928243752861699 0.579320831647993
0.337098112735294 0.155501306541489 0.0602418313603488 0.631783096160259 0.878342077403593 0.0156898726349527 0.265578356911001 0.331350916993994 0.0489363946115394 0.503679924860348
0.320215396730559 0.0642410049873937 0.0538642267226113 0.116512376807327 0.916231071193263 0.00613669535745308 0.216019889663942 0.227029432958465 0.0616627806578081 0.357486368135131
0.380005056915795 0.279679930049849 0.0525191112675052 0.59759528657285 0.875049970082893 0.038371783979476 0.326273036664956 0.294995844775728 0.287380888911716 0.478307982871202
0.993099183710239 0.849439291678972 0.38194753951062 0.983977151918367 0.999515333852648 0.682191228912055 0.827717464870437 0.512385165741532 0.981298077721687 0.692336546106595
0.855366563947616 0.326727550038641 0.490491999858892 0.899182472796024 0.991926625546508 0.0928101529368238 0.559830300314046 0.334956681088075 0.772582817130061 0.61118456471835
0.791501451408046 0.861458734058803 0.0713399125304532 0.778879192357637 0.986143533282958 0.0819812326448177 0.394194512525483 0.250533682295707 0.172366917532955 0.52021814007493
0.422091373686563 0.148462624153823 0.235883411383331 0.435760887966891 0.793266041734423 0.0199415274178266 0.328431693722869 0.335691971065831 0.161735765470551 0.470644131940029
0.831022882425471 0.870313341701475 0.160558267370897 0.91276437089059 0.999546956579487 0.46945939815226 0.665967981374243 0.470035073600407 0.989691388808676 0.740648150565853
0.964093238172604 0.855385054539972 0.0666114081000625 0.882149936010836 0.999177651614733 0.248482695267871 0.737763205908312 0.454644474623374 0.931113453108478 0.729360206737608
0.618478137738095 0.594351591317341 0.446776959329756 0.845365866421918 0.998476224311382 0.108870520063863 0.461992158053053 0.456503324175454 0.854204981174459 0.677681060116247
0.984771892404417 0.924578203583623 0.658760327533976 0.988659671892253 0.999675863142908 0.308619947557651 0.700395187740799 0.375325805153835 0.9833932520166 0.638410247432076
0.210488753226727 0.365712110269707 0.0823225824317954 0.79391507981919 0.975072340249806 0.0964502968340873 0.454500678946817 0.413899500206244 0.379621884348737 0.587237106179609
0.308686093544031 0.034551864976446 0.28287296987602 0.780488305712091 0.991158513067467 0.0248837847591643 0.380889747625049 0.294469315332971 0.15064599263318 0.50520033015674
0.822990567864443 0.726769728164611 0.15583288615465 0.941201590047385 0.998731839247873 0.331092837280311 0.73755967180933 0.449328115619849 0.954609625743463 0.635110052459068
0.574095961716733 0.748935915621104 0.406846426139964 0.864231065904485 0.99892299604376 0.363946044902608 0.680060629348794 0.37915099333318 0.981764985788982 0.699547356261106
