0.966681630673925 0.772029490471414 0.855249211179907 0.435055422164146 0.838366432059913 0.0897687259909812 0.0629987503290333 0.51326468493039 0.223081493476348 0.521050731808678
0.0785930549132626 0.0504090729999002 0.595093323116076 0.53023900297863 0.648065705800318 0.00768339428795275 0.58874625662928 0.508741307022063 0.0569128115221324 0.362202168078161
0.840341986239042 0.980672524249971 0.99822356965504 0.785952526721501 0.999820639355159 0.134703352333672 0.760574965104811 0.592338491357432 0.61563559518131 0.827780154940549
0.97465832941698 0.193766800683271 0.955455743964431 0.441955307624851 0.940307446105391 0.0907782663424618 0.804233162433501 0.52861621903686 0.0890854145343812 0.678083186849929
0.00775085903067402 0.35029447100883 0.75512547830095 0.113541570473759 0.503657890245381 0.00401218628438929 0.0886664940349437 0.478472053993234 0.0292610377368718 0.450759047669081
0.7877082430434 0.898472737774635 0.637717338185402 0.800997670315823 0.993390001961378 0.109483964708062 0.317165705562427 0.574158876712697 0.132501243838817 0.530221908990857
0.11167098983731 0.315643771737145 0.989490633603062 0.63446140179546 0.984013667329085 0.2832381947915 0.145380911428577 0.598733181112862 0.261469481805749 0.695243517823697
0.930354890724587 0.0113622334429987 0.995231891342472 0.630396497518075 0.994433215438511 0.0707169026216898 0.105725193718046 0.526118550518872 0.192679359084099 0.309856980069047
0.300722436858094 0.132582333014187 0.97114137873955 0.580614518125586 0.990504652556907 0.201395330943092 0.064045225330577 0.550635793985165 0.21972686563763 0.631942491687512
0.0328538058148099 0.869426441992407 0.999445346267529 0.391177613470883 0.989605972132534 0.233889061469741 0.16147720440293 0.561047941675945 0.195193091052486 0.590080314814428
0.93214512707656 0.0183436057955755 0.786540994405458 0.215367924066455 0.996313415998639 0.0363972352912314 0.11073483460754 0.480551123584473 0.0995891356861778 0.556585720131787
0.994283553462969 0.00270338821514598 0.999643537046577 0.28902368910131 0.904083339534314 0.00364778261705376 0.0353166353351162 0.469790390593539 0.0315795004494726 0.350429562871742
0.910811567294645 0.966022433699061 0.999804932710241 0.463634719570053 0.975962116706156 0.529352212321586 0.373140575785487 0.5395310236994 0.079168477179817 0.676636821077401
0.00635892007062307 0.00047068743972518 0.619685021549432 0.0378494404026283 0.00826719247092888 8.92281819359595e-05 0.00513735879938487 0.416732266480962 0.00509522043641618 0.194305679088794
0.974064940738181 0.00923389465803012 0.999894738311743 0.256953503517082 0.998922844402817 0.036386447178542 0.241941622044983 0.517525641480587 0.0711469338137806 0.264333223277374
0.832456738093114 0.00834194036882719 0.600994535630893 0.36064433204084 0.991080965989506 0.0176069920098777 0.628360530813903 0.528425856076234 0.0404173037095658 0.47839127423881
0.0091563662147965 0.262538243869331 0.169578917155107 0.128716147620273 0.0824936815775187 0.00955049010855726 0.0452298629793916 0.468384313930817 0.00319207927677597 0.20789574627246
0.731257396625108 0.918808088856495 0.994260526531318 0.831917386492317 0.998639152132932 0.74892705323405 0.808685910652332 0.629939237554432 0.763682974720358 0.662216457000902
0.788405009927452 0.0149637083951426 0.00681683725431242 0.231435382028108 0.986717463696554 0.010223415157952 0.795023751248997 0.512073689528317 0.0195390404579763 0.498437432799835
0.842181561427639 0.930739813999709 0.976401181564561 0.808281030751896 0.99981574252976 0.584723863519385 0.830913009994666 0.615751928689666 0.301673953694904 0.652725499883017
0.0698983195304617 0.0597244438484341 0.996195684350791 0.597075957684753 0.843453458034548 0.200886455733843 0.890582288430807 0.552094864930517 0.226832091511086 0.523085527583146
0.762109042186371 0.908716124778281 0.419674231759173 0.674224543691768 0.988251484986057 0.200758189045673 0.408103939666971 0.558376949511823 0.319321672215304 0.701680682470217
0.408986101154628 0.0352016278004404 0.241858288032466 0.256012902036863 0.937509294033882 0.0266072992715067 0.233258075701052 0.479426174392006 0.0122805633224986 0.492365619497498
0.772896957590234 0.00570538901673322 0.988502811771961 0.451666864524793 0.996293218414843 0.1923856476395 0.367191442493178 0.552126066639591 0.122868009048595 0.369089778295008
0.15092928010033 0.00932222272772985 0.348919408034967 0.235625955411674 0.886567537351077 0.0188641594882893 0.343195864061482 0.522299659266235 0.0359424702700339 0.435113135381239
0.0702392267329135 0.0215737938304061 0.822790044786866 0.14055205579738 0.234927762309652 0.0216191895139923 0.0516338153133008 0.44391937083795 0.0124491531867407 0.236100603231905
0.437733326977968 0.399066220548371 0.791906063091895 0.498685831249352 0.907747371659259 0.00793636607259413 0.766909923613115 0.475325667517756 0.0879429453793603 0.255073243629023
0.9968826421847 0.019132321695535 0.80002650891945 0.466353412587172 0.98900540306702 0.503549139408647 0.257343835701371 0.557612977263899 0.166023311271141 0.37695982668934
0.994213188249318 0.913705229313053 0.991920146639811 0.508612250398102 0.985065269164608 0.197576520124375 0.552895820707362 0.581853194930592 0.353601449031474 0.470716175659395
0.983919842312062 0.761967789120289 0.892356470993862 0.728180841040792 0.996285857656804 0.105404328610015 0.15897179700753 0.575920900021042 0.277888935027976 0.694531336413474
0.106353659850099 0.000449698815282747 0.432598227285035 0.350622939297898 0.861391390301491 0.0146967762740429 0.0394062915867862 0.474872250328725 0.0286623362115799 0.320022449896672
0.849984600445638 0.368133808582051 0.990522946932133 0.206914012745094 0.985320924088768 0.0156693015283988 0.109798759252764 0.49266133215037 0.061976256799067 0.528978989919819
0.827863756249898 0.895423924552311 0.999715048715488 0.86113144805097 0.997865908463896 0.879706814391759 0.80603455039089 0.612476844206707 0.83269004197804 0.816790574597356
0.193457591631598 0.219908826546557 0.992901007944412 0.631423798025223 0.995551696026443 0.256742963098575 0.803451225954701 0.578127495360262 0.449171162394688 0.604662670833749
0.929958390185261 0.16840176327168 0.0504222551633248 0.259311727372591 0.396170123390927 0.0186426037674459 0.296495291906617 0.53364070184604 0.0284365450126428 0.556492024794378
0.746731973685205 0.167285976518216 0.907174096792938 0.368525690085542 0.992539321586944 0.0252592682351579 0.100477456418171 0.532648150283061 0.0648594499530091 0.438831161904446
0.966113345142462 0.920403246184898 0.999908955547149 0.456892403622608 0.993852998970065 0.235065121019094 0.689486983859129 0.524789560379448 0.200290288626714 0.57400429133168
0.156663486827045 0.0246880529719451 0.999114574154159 0.308691924818956 0.89080066197671 0.0194353655119665 0.115706691902294 0.512262042547851 0.0539459826823053 0.546442388067045
0.746808585439395 0.174490677046359 0.998300031923748 0.571272687583608 0.988639647532216 0.108120927001594 0.209965403594242 0.523816153774541 0.106963726208925 0.653410153950202
0.982888590479877 0.859305471741251 0.989373008965487 0.597201652200401 0.997691582097726 0.468551568559973 0.477033601821056 0.551223762594602 0.137725859628093 0.468460540884749
0.0526038630908772 0.562211266397999 0.994109725338609 0.552683454301728 0.996726778933208 0.194109672989644 0.638400226450143 0.53797297116732 0.342919838059439 0.566103256636689
0.405080379157331 0.560352048619888 0.977568430658004 0.704545613369996 0.992454811349046 0.251065569749143 0.150639994221732 0.504004545045607 0.132844966034688 0.471486686720639
0.149953301620514 0.444651951667383 0.976513177385757 0.481313359461508 0.836572791953182 0.0587584846199749 0.255929821842536 0.547288404000489 0.146313326304542 0.326054248823223
0.649492220423143 0.120677694697517 0.997373967745764 0.521733968458132 0.993869308866446 0.0385455914926371 0.0488480815073077 0.536997359413088 0.154723995124687 0.53609044267179
0.00566465088669778 0.000996568415891232 0.956296216959427 0.393116827046847 0.880668904928872 0.0491735731934911 0.0488638237045984 0.49898633143701 0.0443425722580782 0.542525075388683
0.912209999668359 0.088696302457185 0.837987684002298 0.411930156065782 0.953860386826458 0.031273009670092 0.627216812815214 0.563087829603308 0.0351129223015163 0.463253612234705
0.117237995052674 0.0695930037191906 0.992881942956959 0.527480549425694 0.881873281021736 0.0742838724348836 0.483747644535418 0.539574466612952 0.0366565205417712 0.525511750691385
0.292849370310741 0.00511150685755701 0.0223248307828055 0.224392024376675 0.950142533246398 0.017144954412231 0.426964357157958 0.519372826501925 0.0282315808189736 0.48894748279551
0.00676558259943631 0.451882597783593 0.935044957717922 0.216808721784157 0.937671922217325 0.0184172184724935 0.080769096464633 0.497250057563657 0.0159266426467157 0.327359986633239
0.107445501254252 0.316713463012547 0.998789817397723 0.810389424979262 0.997943532627287 0.406581783729947 0.354864499851593 0.60079458987345 0.443982682845742 0.650927297660119
0.908243784877094 0.0865700651941269 0.962247899834901 0.201567240429103 0.597193897269173 0.0086862035834751 0.0877681763780185 0.478336607520799 0.036502865150599 0.304136084220798
0.453851925339068 0.0203303834121809 0.861548897171146 0.183572138828419 0.92935526249459 0.0225595053160486 0.225364363625735 0.518366914152758 0.0415170054056068 0.277750456663701
0.795309900739199 0.121215095491263 0.966323532684184 0.121810507762136 0.855600717143883 0.0225743718466371 0.342305459726739 0.473121247070348 0.00587926634468872 0.176038143603932
0.00145809116308606 0.447247291564238 0.375127395295945 0.250459360395379 0.7973926596682 0.0441494350603243 0.115005773670268 0.502965060595119 0.0706160809195192 0.452594001989254
0.819296789880511 0.0221248990699122 0.999901815389482 0.68679448727517 0.999687447385268 0.234355443989686 0.410999418844477 0.582686100885909 0.330777663422454 0.668055107676828
0.289251257912112 0.978474102290686 0.999283484948745 0.888694134739089 0.976623015841424 0.15540250731301 0.390185817343905 0.568089574642102 0.186864500605591 0.754219271898358
0.054072349166569 0.00534447621067915 0.992701029313628 0.217461296720459 0.0799387156218139 0.0362450359053554 0.242720110280399 0.463784260468175 0.0165070507771764 0.0887785996352543
0.836408264966367 0.984391940969962 0.999943740296813 0.915509604464044 0.999749327535572 0.652640915678895 0.471281347135438 0.649707466609384 0.7037831381653 0.758966922134921
0.98482457677544 0.950361746813502 0.999287177564372 0.649982932612215 0.99063844622531 0.706461556954867 0.198466391464206 0.560249493756031 0.200739540132752 0.43985175978328
0.998143853384421 0.998356562501688 0.993969415997755 0.900021331428259 0.999968384355641 0.484290949353714 0.902698659685071 0.637756203913457 0.622005952930425 0.653411588044823
0.0325274408308801 0.104509658464458 0.999279712341112 0.366130097541642 0.982881468343319 0.237895867959858 0.1460745590567 0.564377428977021 0.208301370039218 0.534331860702518
0.99788606614813 0.998929562864193 0.986454087296245 0.840632317212108 0.999012873164457 0.413412671246035 0.327801216545007 0.614296790817631 0.551363531978312 0.830309756375508
0.981094392640702 0.426697079653309 0.96127319919513 0.710043722319327 0.998585938784873 0.0358379385694045 0.953583125403962 0.562898816140462 0.0997366101097889 0.442706197806644
0.98404634017446 0.120591838248 0.998948186613349 0.508653817579592 0.877018887897729 0.00834748222522527 0.578581443881225 0.48886827734846 0.0527419733593494 0.298560897502537
0.871523375751643 0.156701022536322 0.889174350546878 0.589055082337316 0.998470309832495 0.148311479106893 0.787392183502218 0.595715189135849 0.134413812390113 0.646822412997003
0.00524963015174605 0.512697596296337 0.0263012561158843 0.285741808930199 0.94296343148731 0.0159221299983119 0.319389745896344 0.451488540177703 0.0183478145782033 0.363179680415782
0.861380100582554 0.503872406058564 0.999952367463441 0.614456516874256 0.998999437320064 0.471675176341381 0.461687806709127 0.623210635602157 0.52918701513913 0.779760176288402
0.998345216391022 0.0123961944335854 0.931657372619099 0.658112710466687 0.993870480183797 0.14088988594661 0.0205126545729943 0.541940434337751 0.138637323637653 0.405190340779643
0.0130729746834891 0.490793857935166 0.914525720927847 0.782954898601921 0.999427865322703 0.100666625927935 0.0551760544325653 0.531804996801495 0.226423461095777 0.59394357551128
0.921677485460047 0.942919728058972 0.992966702210522 0.763050227259827 0.999542729121964 0.100702692486684 0.0955139212928979 0.573488733391959 0.221328183719127 0.622808981709814
0.0243076980909483 0.010008465972599 0.247799639305978 0.182987751320992 0.75221770799205 0.0148716155285113 0.0475848018687043 0.474720595417342 0.0310096941987304 0.157993257974259
0.00145289691467315 0.00226100222020364 0.991255125062767 0.309913567791303 0.689601279259303 0.0461770814833475 0.165320142719881 0.487907241666114 0.0585011903256082 0.264639844176596
0.772212554562523 0.0506841584952628 0.995964085981787 0.724210817611058 0.975041535586884 0.13501672333619 0.257822556431487 0.55271696455632 0.213416441196488 0.607222403063217
0.321028958093333 0.463892498397973 0.957505083068416 0.378406703546074 0.996203652927604 0.0238023004409976 0.122412134257176 0.525897637564133 0.0411597860213837 0.381263279090788
0.345801813587982 0.889361856619025 0.96140877465776 0.783027643720598 0.993794465831414 0.686480732394164 0.221083992114865 0.600006548261025 0.518299967392353 0.773105685749343
0.00661729747539033 0.014622754563669 0.242999246412154 0.417172040965966 0.823840688806491 0.0250914472881114 0.0136687101211173 0.508660012063514 0.0568251708876345 0.249789130006835
0.0750123395446987 0.0149601512761963 0.811498400628801 0.336211711305184 0.985554439089703 0.172369318925337 0.290810581765058 0.520088528285375 0.0909863871562599 0.626780077486691
0.0888102016756675 0.0806821021811147 0.659406359685653 0.751444443340569 0.989178665947858 0.115968136317027 0.559533057327152 0.558790612484018 0.158097620066548 0.739423594771419
0.173643347789818 0.0621013562430894 0.896889132295111 0.108441295686128 0.556679287187405 0.00270627861123397 0.0165177846787064 0.451221517087533 0.00561953967581166 0.255215979308218
0.00133007843426612 0.0186298630970964 0.998314665216225 0.482399194240712 0.971195190229127 0.0542889811506834 0.124616751105772 0.542048617444894 0.03574575866113 0.404913486627977
0.244983178143827 0.261446530846079 0.996458087744212 0.702355949936414 0.861009224618299 0.0536031412849296 0.897390445390448 0.571874893452425 0.324640721489071 0.646682903796458
0.20593859874815 0.86690342400449 0.936554385080023 0.719668572750323 0.995731321538953 0.333534032145783 0.329298684378773 0.558174033813153 0.178082627814935 0.593407785684611
0.0348176594690072 0.000199127189895571 0.0940502170039408 0.240231561617036 0.357950550745739 0.00200083937550029 0.0203387876947293 0.479846085817192 0.0277454270880091 0.240652988628663
0.0164847675456182 0.007593865371944 0.465082310271305 0.163177445261457 0.879056263338214 0.0332597573604624 0.0888561559580607 0.461065925216542 0.0136048860890359 0.261449530188684
0.957728867893692 0.0118837857545991 0.953043133631632 0.396413249766692 0.974459176541167 0.0628080229886675 0.0873543886090848 0.510783870793174 0.176233391167153 0.36421257671807
0.731916404278423 0.306461826010847 0.988247198369087 0.53145483426675 0.999605875178856 0.0523305402599127 0.343676878315577 0.525674467773169 0.0479428589562603 0.476496506539999
0.500578121083422 3.92098951465845e-05 0.173640341502725 0.107067352888449 0.084753865596593 0.00357079209840984 0.0409176136640434 0.446070084035697 0.0218137115006436 0.1764434808076
0.198417317946859 0.68513476878911 0.999479889611426 0.790562091856593 0.999810719728329 0.273032561574379 0.321458423866211 0.596967383118392 0.247271288212795 0.345667013858896
0.618034337460126 0.109789814898179 0.999763236689164 0.462702607683184 0.95110114573784 0.0670422071725992 0.293568493239588 0.556626717538721 0.0373599003957932 0.494085165692968
0.925035446888924 0.0018013937145984 0.960988370108747 0.134544835062222 0.898478674024394 0.0456470212189383 0.0945973604469442 0.473795674054304 0.0116642895895337 0.219281330055279
0.0582215674995895 0.021709296311294 0.91050572241681 0.549481567410328 0.974944474264066 0.0554355976890427 0.22028198446426 0.50286311297283 0.0206797335728841 0.393826223690161
0.159352528080401 0.00933260355305667 0.99791864872412 0.24813807303667 0.325658165579284 0.00719950917468324 0.270568328656477 0.46698348982007 0.0355390806048318 0.263696136661574
0.993718069040389 0.51571005348931 0.920490808154181 0.474021275176102 0.991688491568982 0.0339382621829696 0.0578806962388042 0.484401186060453 0.0676255281815101 0.253557949252064
0.798497146500727 0.0845517910485814 0.981916884066842 0.635227934650554 0.99702214440466 0.278525420462585 0.544232376377597 0.558468918951908 0.269097128453853 0.479295421915868
0.593703912769467 0.00976034292070553 0.679274174172345 0.361385136632157 0.943340839580882 0.0397631083991349 0.0727468588519795 0.486749514254069 0.038939857720092 0.556452280914336
0.769402545027818 0.0234298299287323 0.899738568923804 0.544585596506617 0.927035551211504 0.151359314450773 0.770606394266559 0.544365324504116 0.0805050577050095 0.450341757628785
0.990855354718254 0.0903503818558098 0.649015550801134 0.509682284115041 0.993852704322051 0.193084830592278 0.189298513469749 0.49496142542995 0.0413346413906885 0.527454632516464
0.904933974003456 0.378052354118187 0.999800189895093 0.80655026949863 0.997567442134501 0.438060108361553 0.965453678330383 0.608054458193207 0.60674913303317 0.837100774239512
0.58302495818614 0.18444729981598 0.997140654381617 0.546425378515526 0.990848972504945 0.303120984869091 0.0460528325286903 0.550265788030285 0.402331822867322 0.695098754870354
0.143358902173129 0.0065759437989755 0.518251402740444 0.378873293692187 0.872445473084401 0.00757010189389028 0.285000200948133 0.511418283441231 0.0343852856547661 0.329011074055143
0.0869567507590115 0.00681057520534312 0.113815900709695 0.146802982641085 0.284218220838845 0.042975706191403 0.0300626785956702 0.479318532779052 0.114881662599332 0.305272825539617
0.361277855007733 0.00189221691112493 0.976133357708025 0.238654817303694 0.464488647977213 0.00648948909891625 0.0115659970442341 0.491219971082477 0.0321642210296081 0.330044787824673
0.0754728474514573 0.213908938857205 0.810210981930704 0.335504492900732 0.541186264806995 0.0320735222226218 0.0200755416011091 0.498654439191708 0.0136776621805997 0.331631449827405
0.609979842392523 0.174569490757798 0.999711124085701 0.63658608084233 0.978482312667918 0.394305629363941 0.89737408951966 0.560778153607473 0.0917747461285107 0.544469540844567
0.520160260121145 0.43145247991637 0.456663777489473 0.649692992825322 0.989793077958559 0.0469022577394531 0.159776357926803 0.536426629489591 0.178562517803019 0.59488270829433
0.0626052035828773 0.691692331030268 0.983650443027246 0.45137934650524 0.983470525820946 0.131201123591235 0.103642129910691 0.539947763804013 0.0870440622757531 0.63341492942562
0.363721164126659 0.00503842374375157 0.968257419423638 0.447450344760616 0.94519322279969 0.0163821581374915 0.0935954144650412 0.454395802854017 0.0797402735121402 0.354505825550688
0.992216561058686 0.226688544809955 0.999420873631839 0.785700543394054 0.999536429443332 0.524736429898286 0.604051468426486 0.629156057220439 0.702282083102467 0.639657960271071
0.496993132692832 0.00931470311586659 0.622230877412134 0.270926308832456 0.974362940661832 0.113701302390931 0.308438956572381 0.505238792861791 0.101613699528501 0.435389024355124
0.705174107707592 0.0671644991322846 0.9847742653737 0.411423798266126 0.98135317731815 0.0355284925698772 0.521368129918148 0.559835879722148 0.273727037351805 0.504686096128523
0.271940361661099 0.548487041306607 0.354313038369647 0.354957479006964 0.934807311417788 0.0184907810652918 0.0778432622302666 0.507722776900463 0.0167914466989971 0.423007916859031
0.882085156251745 0.831040738108338 0.998955892233156 0.425213975796257 0.994907497472003 0.160636281031331 0.25764698040682 0.516886778713958 0.123643785298659 0.576695755446524
0.980533005530741 0.231315371320084 0.998971906912735 0.71070663121345 0.999655250027662 0.374982500838746 0.424000104562673 0.590704927708514 0.3288964728877 0.463509065707988
0.552160787592745 0.00265902864611842 0.631428386997276 0.296495228204409 0.949256546365253 0.00194837266110584 0.576718717350711 0.480014807083439 0.0453946879008199 0.321245322042926
0.989248824702109 0.822881642032688 0.801999668781813 0.806919256528858 0.997950023996809 0.407375502970214 0.341249045221447 0.613933679830869 0.363922131181243 0.672904433262312
0.948646979474754 0.304262962828931 0.998719598997619 0.486562873083831 0.990334944442801 0.117686756510805 0.542664894027511 0.553019846214722 0.186641679942574 0.358369761293154
0.998677449021994 0.970697254896656 0.936170990600044 0.800932189513475 0.996844383135724 0.136480926337208 0.872657231065928 0.592181962423343 0.325293988068398 0.704214062437258
0.136109617917717 0.537059836725144 0.802918829072888 0.699302318485161 0.666093637988802 0.0496489459406271 0.624090107617415 0.53195371528843 0.0999089953923343 0.430166868465032
0.886500036527159 0.0546647165640051 0.961009907852934 0.353823645770476 0.895503249353134 0.00607123698613357 0.134955399055772 0.47076950268398 0.0210208912825806 0.240760136884209
0.959075648548765 0.244958436524394 0.584938925971736 0.258778476751586 0.642142185366705 0.00208040903143361 0.241780333126799 0.466136882541569 0.0386455536970405 0.440320427808882
0.963367435416056 0.0555402322376063 0.977310465135199 0.604684104335555 0.989729695191896 0.16463850122566 0.250857777074212 0.551358361143398 0.149045118843099 0.524188748005306
0.360643519949582 0.00177902808920281 0.299994099384193 0.214397071078072 0.906393100333024 0.0485580463354936 0.0681502247362833 0.514465747314994 0.034279269052082 0.489514800704671
0.775249501049146 0.554642598951827 0.809356914293897 0.729608054044068 0.994086424469161 0.271328316689312 0.384336299002095 0.546157769714178 0.242721656104672 0.557252457784251
0.0419070696775851 0.622483188515269 0.466836120336978 0.492901273531491 0.990757863347598 0.0641438082381798 0.314076527000022 0.506123573147877 0.179699726528735 0.493773743735873
0.541849753105345 0.949904101673359 0.998995177587661 0.64019956157599 0.993813362545735 0.148033337190413 0.181251810821108 0.579189361973862 0.115489981820987 0.418894302220544
0.168644728710007 0.00026520453890308 0.98612389462714 0.223996949747037 0.912136695698033 0.0139770086588509 0.254523842996839 0.509862329334295 0.0433793197719645 0.327901359953851
0.324720156264715 0.993035543907607 0.965986053872236 0.800660442162104 0.997865933168998 0.0882729699390691 0.0329902784242673 0.57504250505717 0.362282549990684 0.480143741239863
0.0210098148343184 0.578454933406662 0.913526446134654 0.114002512239952 0.430480820763422 0.00947793559295036 0.417527123549116 0.493442235168473 0.0324727571633121 0.496032558238571
0.979557470476208 0.766487440526105 0.996566669216071 0.633910441498526 0.997945864520107 0.0656683353985232 0.434276379223498 0.544900344715875 0.12400288034803 0.477129392161858
0.0511620220241776 0.00403320538395062 0.797586932811874 0.451149717525465 0.823352740231469 0.0130396515124183 0.0154376984762597 0.494111354555055 0.0269356543268823 0.260585127377223
0.602661704810519 0.930400353775338 0.996544181954075 0.652352287131023 0.998405836989557 0.267018811840937 0.641936769285196 0.589608100530722 0.185154503876289 0.751384274035413
0.756436492936821 0.122039634027457 0.933757616718942 0.424872861560595 0.998855257046569 0.0236994798960871 0.416966507790998 0.57772153831619 0.0629330329072722 0.540800842861746
0.00413427385196322 0.018451369873984 0.948017495649063 0.753876975395225 0.997001364040335 0.0229850978257274 0.0543359745747608 0.545032580645465 0.102766888759111 0.605278589616552
0.862542691201941 0.277036720623784 0.999055359928188 0.810744629050033 0.970662020697586 0.447307228525782 0.283264146875845 0.591017594517243 0.297870659574994 0.642444602584859
0.831865971197253 0.0127926702710013 0.983706235052614 0.315601096297612 0.519679956604146 0.0203148141468103 0.0572175811232032 0.494366493283464 0.0494310956767507 0.604521096684507
0.112209310849586 0.818440886313581 0.947659888857236 0.49137413188606 0.97818480710726 0.16662496330239 0.550662527350931 0.539390160892082 0.143940789241053 0.618196868426624
0.000258690966656813 0.291637601661496 0.877785119480266 0.584007652935007 0.995575160092718 0.125917106481544 0.211227039498254 0.549861389452827 0.191511389677751 0.450355389650601
0.6553413506942 0.144537394714693 0.999951230290151 0.740618199380069 0.998881040514819 0.143163833857383 0.792087664428123 0.583387670311109 0.11082883668151 0.612370945326279
0.999526744660407 0.557610405937026 0.995498624899543 0.807716807105904 0.99099151450886 0.237597607777306 0.415145273561853 0.575656060873632 0.504262785364198 0.572763573088116
0.994489825234647 0.390863368535625 0.966830466775524 0.87635830275288 0.999822612311958 0.799775093349392 0.690232523204505 0.610330144126268 0.671516194845489 0.663097009665695
0.652716341800086 0.0952808637684763 0.500646357342052 0.505674891936928 0.638557984127702 0.0119037853553672 0.640796677152216 0.527968669062218 0.0832405373951715 0.561529524248016
0.0367014968537141 0.0367203559341357 0.37706342968374 0.532809771632535 0.776278639492016 0.0633109156660401 0.622715568744376 0.521581315792157 0.137192041270524 0.608876985867716
0.143730478027811 0.092136117543329 0.860040027652523 0.342416067964719 0.896783938704021 0.0698331328443701 0.471566985857294 0.454823160035537 0.117958791097885 0.265816412284115
0.756919848137019 0.0345541217441938 0.97633675222305 0.512248478168162 0.894216609321424 0.0861641422885564 0.306875327376504 0.501010796953429 0.0494443465400139 0.268434578123139
0.83502430540955 0.109992889863561 0.971135049185484 0.631010376008577 0.998428580256754 0.0561364750762703 0.590484750062978 0.572136014711954 0.31011741337975 0.68261799856875
0.871984603448733 0.00234601528016464 0.994088222583499 0.281975957965037 0.941244649495765 0.0275171200974967 0.469044788746889 0.485245245525949 0.0400248161764034 0.491486531728771
0.868837690721814 0.942960204468902 0.999926766851649 0.699113528236598 0.982298470175086 0.337324312657262 0.437655643866169 0.579074878863293 0.364779639333261 0.478579635107799
0.239783517880811 0.0222632238794047 0.861334689995921 0.49695052162203 0.928667918314494 0.0737176720478582 0.312791918522457 0.52260355076935 0.271582326916106 0.460815243712838
0.00177682009258317 0.000749611114261682 0.0624945891609326 0.16224778198716 0.748416570190418 0.00287438399453742 0.0292827016828132 0.423474861631088 0.00510143548818629 0.269812121641896
0.0544662483991048 0.0217422545959279 0.996496030212595 0.580254862053464 0.9864576629167 0.0340954406828889 0.0915270287688539 0.527565170111926 0.0940087852289254 0.719951965920354
0.0788860292144444 0.824872193630173 0.964615997024769 0.328414810106022 0.927908974035105 0.0217514611383375 0.190987184018358 0.541076462008535 0.0303742085925575 0.513272222817785
0.995157412464253 0.166260792016644 0.973932733540804 0.622647946249438 0.984036942870732 0.488322518965045 0.101535879089136 0.560485342559333 0.15549419591071 0.735979995553423
0.970369756928494 0.827087843823092 0.967858773249166 0.502627472523367 0.978593785806899 0.035721580807267 0.106596605717468 0.507094943990955 0.0706360407299617 0.29008127395932
0.895731669425455 0.506732745329208 0.970668162722679 0.691254911886216 0.975988971587688 0.129081343873266 0.0784250280020281 0.583061117800073 0.205758139965507 0.484825822594398
0.127949226160486 0.613277068848257 0.999173615574355 0.778652108867395 0.999479101740078 0.362689773393567 0.472783037153921 0.562889815415833 0.218052421043251 0.41921343996292
0.175972621703819 0.919742336196638 0.999449796760239 0.593199330112344 0.99308840131221 0.343470959240561 0.845194731201524 0.568674382586792 0.15541565489366 0.665251727480428
0.758541509134179 0.026983748921799 0.694873193407425 0.128981868461565 0.505129537613121 0.0378333944722945 0.279264364993585 0.487328089303829 0.00728885654598613 0.255980588684193
0.995843868478061 0.532921755907052 0.95009894387302 0.509347578387164 0.995647085910612 0.280158550448525 0.325393459155302 0.592242478485528 0.213280313118439 0.642290563267169
0.442521270214093 0.00110526398944651 0.774627120394528 0.254323188962569 0.915515330330839 0.027108243416966 0.142637028249198 0.480817840287982 0.0142060089806164 0.318117819427922
0.129759000596387 0.896335356198431 0.437743088386568 0.315108649145438 0.99581762975893 0.0428616579217469 0.0305439284153709 0.496550641482079 0.157786566707151 0.331969315870416
0.251617453779701 0.431152323874218 0.9875360920626 0.285694511151645 0.829841702640783 0.00350044685351703 0.205463181794354 0.513371872571764 0.0284546083987439 0.612719583589487
0.238196283701947 0.0954861240342777 0.276490263987343 0.241576944965445 0.820099540031324 0.00562801267435642 0.12773567577291 0.505138107663213 0.0903303096152363 0.610095392794442
0.0291732676711081 0.117164143511799 0.990133247112749 0.618561968496701 0.994789631970941 0.524886592399921 0.147995006068988 0.559698462069972 0.0637285174481981 0.678308663832779
0.992424498639383 0.272921813588403 0.966175801104801 0.431570977908806 0.958223734220183 0.0140216670077544 0.88137347700894 0.491158873861675 0.103098797826503 0.515005756267588
0.800939968595241 0.00444983409046295 0.999968003330621 0.495931334097423 0.977694048117096 0.167495864129321 0.221506736854771 0.488605850534469 0.0970537515071633 0.440393972586515
0.357268605388302 0.20094317369759 0.878320623921475 0.386680358097125 0.992320240519434 0.0657362902946951 0.0871583471250609 0.52173470201427 0.0800156049323716 0.252495153937672
0.304747415429643 0.135654554501262 0.988864123290571 0.337811897875617 0.998051591484832 0.0281907662272693 0.325548712260613 0.480505734876344 0.0624915657287829 0.51365649646281
0.988839447848386 0.0155611751002201 0.909271629942883 0.319193843499597 0.921311755652877 0.0248893581604369 0.184434220866953 0.49167000078534 0.0384400094515643 0.286452082526908
0.998103992120289 0.554559215725807 0.999801112200137 0.888580604364733 0.999935689249775 0.710689483777498 0.950316582079007 0.643729759020464 0.721555537471584 0.859654132949439
0.0318576055656061 0.864013305538885 0.975579741771198 0.401491168135098 0.970272709175228 0.134017014095132 0.0236677826483738 0.521403366513319 0.181348178775759 0.41222481448728
0.408981528694732 0.000113846539040215 0.682784213391734 0.0908021370133449 0.0437525014979497 0.00143124671289581 0.10799557940872 0.412505027982849 0.0101266926149843 0.130881105527801
0.846013632670231 0.977513863298589 0.999884571268807 0.675880304363907 0.996932865232109 0.329785799907677 0.881450763827907 0.577812260504573 0.350279920988017 0.568505151841156
0.0921689529050897 0.0482139204015403 0.980605317407627 0.586036999099218 0.982136756467011 0.0889727306784576 0.0255339496168801 0.533411710369346 0.0855414662594948 0.344039437367697
0.124099321019829 0.513388013002825 0.957197870049349 0.329589281387608 0.867110754789801 0.00738063786686489 0.0255869949907063 0.465765570454414 0.0408900552100701 0.352055463790347
0.208473359421768 0.0240168362987674 0.958369915962047 0.320736651051716 0.985656536170588 0.151485561854785 0.0589152680537733 0.503651903195781 0.0491243611794875 0.430239204894759
0.543421420894284 0.469907208446764 0.993471218388525 0.312047318237089 0.994220413905839 0.166599791022519 0.360447921235651 0.512399433172071 0.14136925331868 0.515192736333531
0.0519080279575812 0.641523799854342 0.999407114052592 0.539881103371284 0.995328855930374 0.17630175412663 0.0723828420378684 0.541737447344642 0.181421887169593 0.47947581955565
0.469393698922089 0.24170747753115 0.820031298626056 0.157303398833282 0.088996493194976 0.0643133928783275 0.0918885121666889 0.484500286448542 0.0684381149006802 0.417223105270271
0.944393116431261 0.997025101379075 0.990921675875701 0.788400375605177 0.999507383009947 0.626444175780169 0.703352437303082 0.609307953289528 0.295086857569166 0.668513674959341
0.963366399257612 0.0705877956563865 0.86209819477875 0.438169803868944 0.997567504272968 0.0656231785954684 0.432226529430436 0.55285833684691 0.175642679492581 0.501317303860502
0.990134253147001 0.200643117149593 0.987238890663412 0.48946149612227 0.993548986958142 0.0699645151080962 0.604575017434961 0.547666005850847 0.070973059196253 0.473750804603976
0.479777949581913 0.446445546467456 0.999898879889574 0.560642908411013 0.985836110454232 0.0779362187911233 0.477564146841595 0.517427529954054 0.141670813307473 0.721619000944314
0.000792437138167998 0.489389800177026 0.998154003212104 0.477491684318417 0.983066758009035 0.111695642349949 0.145863649072209 0.552167687224142 0.179999117153028 0.428078671570114
0.821263142866547 0.00252978935445277 0.998420445832453 0.425008924779069 0.995054333871215 0.153865012390441 0.0120952320306136 0.542422350233684 0.247243271890572 0.512329845993422
0.55492254732274 0.996644116527349 0.6444685187931 0.610206581652633 0.805652501386686 0.319461942481192 0.165509277238021 0.510877757878503 0.0617655951376196 0.752211193577391
0.541686380647702 0.125580029686578 0.999549611619718 0.596364880971255 0.932224876414043 0.186257750868737 0.580159310947043 0.562834143562219 0.07846882991194 0.593391730204266
0.879557732141592 0.436498312909573 0.990617635482018 0.77181563417133 0.979578440484803 0.361362078292288 0.233436322543402 0.570085278914189 0.335186584184048 0.641419141304434
0.148742921038522 0.676415892054044 0.97299758609944 0.488219641944189 0.889647506816019 0.153861145183309 0.940139533552142 0.542575280545684 0.155749851604958 0.4717903309694
0.721847771914818 0.180018131223647 0.408182835711684 0.506261363372541 0.671998899742962 0.0297101373925944 0.545627947325186 0.534653377353561 0.145299839592432 0.373582586559888
0.294026909639779 0.265892141803043 0.243586245801511 0.717193513392877 0.965114674799653 0.139682853466143 0.731997288465772 0.556351072206309 0.200763557449912 0.427541114158463
0.924536989875002 0.0454961056545013 0.934713970746195 0.30094204035757 0.961902262261736 0.0162823344847716 0.272327164601996 0.509035901472864 0.0834741836368193 0.356981010195565
0.840237085585317 0.00349316587440662 0.972465227076341 0.546715354663262 0.99837335120613 0.168291131881648 0.72717222375938 0.546150821945619 0.126304016992132 0.639004928318594
0.972231835786932 0.0082460041593193 0.89904623603237 0.184576176440562 0.940890313081172 0.038706177026484 0.207494131225266 0.518902711512447 0.0371633780003931 0.264493235307569
0.632311139381554 0.000285637347620091 0.542364310630458 0.211213381178881 0.342366708962724 0.018699834085345 0.113753195016297 0.472806411824103 0.0245423420474327 0.304404482947323
0.555088103179371 0.958034691902634 0.927921271631543 0.610858692947376 0.997141534999236 0.277077768803176 0.175477375868107 0.589358305236877 0.278144038121532 0.633193625787624
0.937855450959794 0.370697214366338 0.999970619897109 0.439518902592906 0.9425709203176 0.0225986355842889 0.528073140584586 0.594890745121676 0.204798482422099 0.374155880184871
0.11219977426739 0.130934896265478 0.434782472899432 0.427115482336993 0.878579237304807 0.0449965005551333 0.378817419713553 0.520092449659707 0.0245324429230276 0.280550554484644
0.9828556838607 0.0161111533847669 0.766735368198833 0.639328033288096 0.999535200773416 0.0891655831880889 0.496423921478397 0.523151906630168 0.300339497484924 0.643275965285445
0.168137598310773 0.833337948236361 0.7283526335468 0.187635197375908 0.28774025321192 0.00655383576387208 0.134132281780131 0.446813596074411 0.0368965994171066 0.285488794168448
0.253180645824903 0.0155112683560839 0.729974436669875 0.127264760379817 0.912092073902308 0.00414502578326504 0.0618471278692188 0.447597671044828 0.00880102879195722 0.248063468548576
0.0397535580861827 0.0112581316191408 0.469969917857389 0.0661155123018145 0.319858439650325 0.000421940532151706 0.0351117629223539 0.4555876197688 0.00664796255867166 0.160700630255562
0.320780719959206 0.920051890589154 0.789242586616051 0.243042184292351 0.978828490066206 0.102475178553337 0.129449758776369 0.506773900528591 0.0550784843432082 0.570641567010134
0.325205499852003 0.00845017116486726 0.98324459233026 0.538370394838932 0.938843453486984 0.0489057480933223 0.505304228641121 0.496274968242907 0.0350541042304096 0.406881193729902
0.214752089234821 0.553881468721046 0.983913732150026 0.63102545452169 0.999795061560255 0.369550717025111 0.451490202184154 0.578083908560304 0.284708911254247 0.606610473720171
0.988943413427171 0.329483791605552 0.998856187254431 0.613795012193544 0.987144992326671 0.0688715485232801 0.536570775106675 0.58774957817795 0.39736774649728 0.550225608941132
0.0326698675943188 0.748382320198114 0.946458194497249 0.667831482895592 0.995854391239942 0.103114718635579 0.0972102367535066 0.523916969237516 0.342672938275685 0.630731898751518
0.577202285353773 0.0352859954134766 0.995909096851975 0.73879792529269 0.995460044969476 0.267228126670758 0.517640367911043 0.526160530808148 0.171200462897099 0.70859779889438
0.0788770582947091 0.929424030518231 0.979854824656109 0.601168317895099 0.993718852641792 0.487739100636514 0.54730196463176 0.583008893201302 0.284469643401249 0.502180738232046
0.76619188868549 0.334974509645256 0.980953786820135 0.257113572232503 0.81415076990259 0.00317989918810469 0.213406581930095 0.506845237793789 0.0698279953949395 0.542601526448337
0.695645914497183 0.000943331563212857 0.948631570226768 0.504786844281318 0.990788972553314 0.148550267588107 0.138742024885 0.535945054753924 0.21304781289459 0.531938458580478
0.0497743708101242 0.412258942016947 0.859932579854374 0.402488528859531 0.999346392081801 0.236666823666916 0.0727664476852857 0.556129746617795 0.167778556888339 0.699900983492071
0.00164329770204674 2.71533013822849e-05 0.43112488621317 0.177523224374332 0.577214226126441 0.00769994095324982 0.349997078812639 0.448568440913506 0.0249141612343155 0.28699522624614
0.999444221100241 0.915841429481758 0.999652674173456 0.758921982364856 0.999588749862683 0.713443487627204 0.916235883512894 0.609651566833337 0.867223458313375 0.55599507767815
0.0102599015106732 0.0372377964495361 0.91966773980873 0.0787069902169009 0.0766837131752534 0.0054403290030484 0.0641719005126466 0.426088173855952 0.00439433658363394 0.170423518199334
0.677359416262259 0.0267125636969158 0.989000943133941 0.545170664297476 0.99501025584773 0.0732629698379429 0.659424655963394 0.558939688896139 0.213074044082125 0.490374088975916
0.984003304527199 0.00661681756407939 0.773294963396948 0.251139944316687 0.787949402948087 0.00745887069445874 0.0284509701678108 0.520104300201812 0.131641609084883 0.504251124734825
0.941423239638891 0.127700666262323 0.970922421255917 0.819448703710473 0.999133892153757 0.338865625769556 0.585968965010563 0.577123462044144 0.246100858002702 0.804227289931404
0.995411492941363 0.685086840118767 0.999998572005218 0.931007758973223 0.999782111409249 0.785186009676055 0.826732508175585 0.622286327860941 0.271362292037811 0.73935108801635
0.973682132900464 0.0773845062411856 0.971316037693225 0.379583806665533 0.970582422974896 0.153332066014307 0.245272834407603 0.594514897647987 0.182703296307875 0.67352763598611
0.204632765128032 0.00163177923948159 0.00380275656844575 0.0861635922317367 0.540689377635304 0.00194387087538235 0.00683442261949329 0.412583167272533 0.0160865887427549 0.27714425345047
0.811469572316163 0.0942557528762931 0.992319764507545 0.722322528304692 0.998787875696262 0.0487930037821545 0.677471639843669 0.563830955876542 0.068644137644188 0.579114165342334
0.813290148931728 0.0143517250190013 0.401314581686625 0.123557408429575 0.82367720515116 0.0070860057740009 0.0530424403011109 0.462023253010026 0.0173197553357162 0.451416245755909
0.42702502882127 0.00360393669479545 0.697339641873201 0.33280537549528 0.947103377962482 0.0049786988728256 0.234575053368894 0.472276620505289 0.0224000048418348 0.434309222397955
0.270705235051915 0.0951452267873987 0.00989117423647622 0.263892797639433 0.963769480995208 0.0209893408122572 0.0217037476392025 0.499614652165773 0.0564113749370985 0.544249697613663
0.981946393977946 0.0115787376429073 0.979637317062306 0.476635610949447 0.837775027986655 0.0665624155476407 0.417622252286963 0.466675199926272 0.0644773763563555 0.527468370870528
0.0312681442226024 0.00869306832274131 0.167160692558273 0.345698290549026 0.755410210569091 0.0290513368265286 0.0514794779437334 0.491293734755392 0.0239047321341384 0.267354589254021
0.925052723908231 0.759563265895112 0.999661586839238 0.764628414838636 0.996234919896956 0.695357128073628 0.884727080508622 0.625911789974126 0.283427830951129 0.705078225010083
0.0163195705037902 0.0427137581296547 0.933117117131092 0.0983273597542779 0.510495685750261 0.000407060901897197 0.0644463181608081 0.47275846700449 0.0234035742186725 0.307809976459748
0.897647480569759 0.900193948811055 0.9973583453882 0.676216843180216 0.997070930164324 0.27514672659973 0.209076854137053 0.544269517224842 0.25985076071125 0.519757278851091
0.283978393522664 0.971732248301336 0.999879260477942 0.795387402203888 0.999754932974399 0.247186690935702 0.509424302640517 0.595798813168848 0.400656213501922 0.758565103965384
0.16583456242597 0.438219560895212 0.961658767016764 0.48376130919265 0.967721125640534 0.0743713348734509 0.461978341106227 0.577126152000619 0.145911318420614 0.476396465691259
0.354874516360995 0.742256295433484 0.943658837738304 0.696187973517539 0.999889965108914 0.463527173874838 0.832457415914169 0.58537361107403 0.510112853181283 0.671564111977638
0.836767025441578 0.921161686624938 0.997901200536948 0.634685978827007 0.999317934193664 0.167629941647825 0.309762208017662 0.556787238842261 0.0880690744276058 0.580476333452949
0.0108106424221241 0.00959158015320362 0.975534892258549 0.25969336871333 0.780648336214225 0.0156192408313449 0.772665382149677 0.477907571618371 0.0391885391453541 0.261890192484849
0.405349912039905 0.125552537064143 0.030842717161606 0.402185519652657 0.706995095653819 0.0101812654335095 0.690253010945676 0.482250466583392 0.0409645120800324 0.304555379884255
0.997829030884361 0.170729344446921 0.875792044527225 0.569917306456885 0.932989228975471 0.0533062954734619 0.172336077224798 0.542580657826193 0.263839379008489 0.544230852844857
0.33344921032849 0.00319356545236523 0.983399554957827 0.338232179938034 0.827603072375341 0.0544185805598484 0.580354339396796 0.469626997711721 0.0625565039586836 0.247161803437638
0.283483376922696 0.00785700445892556 0.998212775531836 0.585085909794619 0.964314093564175 0.0716398838217701 0.395461045702896 0.51771125032304 0.0883838658705099 0.472700827389284
0.933396732606057 0.531406372548163 0.957071565678457 0.462852682449923 0.983859136341237 0.603746008933374 0.605114497111711 0.59766283725234 0.152079598272298 0.464359315630484
0.018254919849975 0.0478302547988145 0.995086475097639 0.21701250224911 0.967849758928769 0.0371037458180255 0.134876524516392 0.515481003710428 0.0662675981338071 0.307006342587162
0.185730559342867 0.0527923437240382 0.983194399116866 0.261847835017173 0.964523007557199 0.0479547684159462 0.103633927273829 0.510406626801918 0.0530892164625313 0.292419400637211
0.672096215857619 0.342580142555118 0.235782994698678 0.587454279789545 0.997945375247795 0.156340762966921 0.0574939287249846 0.55440814641837 0.35150119432123 0.457665024029706
0.986008123181815 0.912664037495853 0.988416332011853 0.505113364631266 0.993764303714789 0.0848017141759847 0.223438510018174 0.561335344826104 0.0900112868589686 0.542997006535287
0.524556656403254 0.0187708732300464 0.864131534253922 0.393608473556513 0.953448628517896 0.0535857155509985 0.670689757826134 0.532753238607571 0.0770727628106625 0.527986401765309
0.999970293563824 0.388488350145375 0.994291735086335 0.738118185619701 0.984732487899865 0.079018581656685 0.631189206796467 0.571297948173206 0.173419272037698 0.568618869579271
0.998303795974543 0.21130824491427 0.999329550770976 0.714690138846826 0.998889845929905 0.174514809590942 0.714002319964609 0.569581701586473 0.312624462189483 0.77546326735149
0.529606448060885 0.00112552177834232 0.821457111485831 0.292861203354785 0.893700595793323 0.0360510723303822 0.767833264446491 0.526884177542185 0.0487581570136073 0.362746478033216
0.938934641366978 0.0685163076799905 0.952321521977491 0.694833002500524 0.984342251505431 0.248606373535744 0.451713274908745 0.55919244443337 0.434052541901916 0.718182989186588
0.484600407742279 0.000904304150703849 0.0660194707020359 0.149287567405188 0.84610086277115 0.00718960907650807 0.0378549988233451 0.480987478713062 0.0250792591304923 0.406600491025708
0.446800546112779 0.724094259359651 0.959515633591794 0.484954427001642 0.98406181752721 0.05862265098983 0.329260410175022 0.502136791524127 0.405580447038098 0.538704982081251
