0.168777645524403 0.792185087746513 0.98520408706291 0.475940237879058 0.854696054604489 0.0168039357524467 0.189413593721428 0.548649061788244 0.0796277464978805 0.428249600651478
0.00278037308356189 0.430367147734196 0.967710048874345 0.577569614845192 0.961350523568088 0.0141304496671908 0.509346195584261 0.483664970100094 0.0297701364969527 0.449248077058261
0.996653533298074 0.981112344337739 0.451879078167593 0.608637888819378 0.808177539225348 0.0460125918063334 0.189608056526015 0.565369545083596 0.121817689079229 0.435881978782242
0.856472425902168 0.716504662301868 0.995703182675323 0.48502894944332 0.995289443651687 0.187601276235712 0.0274702474759936 0.553410157832641 0.078245485219885 0.653183336029791
0.658575870745277 0.656563355283177 0.183436507007385 0.471955367290874 0.993332030977065 0.120353363384848 0.274888790446045 0.542421248902712 0.0754048846310558 0.600834320147504
0.500339924066031 0.0064176432890194 0.856911581778342 0.37720737772136 0.919051709112308 0.00967008862014783 0.726694914890537 0.478914105992684 0.0170296579054604 0.371968997426058
0.813723835434171 0.0303223075073929 0.989873164184045 0.423141148347794 0.988327094716116 0.0430264407268887 0.126631721207529 0.534698040912736 0.0435672055129695 0.56278740136555
0.957201733787824 0.783033995764199 0.99864966225171 0.557716672502948 0.998982679655678 0.176331258655998 0.0703030838035313 0.564228051681567 0.100018742347985 0.552478956225504
0.302779507326368 0.742199936502061 0.864873325595401 0.690482139321517 0.997213478133401 0.275295541102272 0.641222498411435 0.553372637102142 0.077328342563229 0.675202148754081
0.119121968228327 0.975587307596129 0.994210346987009 0.754863693910714 0.99185911385574 0.230402329418692 0.731832548632764 0.603568983529141 0.409062487535343 0.651927007469021
0.981078883947555 0.991711823421472 0.00800725857589683 0.663605405281948 0.998118248306134 0.0851447386361961 0.899411310229115 0.537748530979403 0.212215489417468 0.677565781948487
0.793496484338094 0.171379326922656 0.968830499627985 0.627040206973486 0.995692808149488 0.0407574544273864 0.0997722228105694 0.526751091374773 0.201886073334071 0.420130788306442
0.385372604264218 0.312995537413316 0.999917826750353 0.557056650911454 0.995262225251267 0.159349091860996 0.635240719206758 0.555650219727695 0.477944829890637 0.737170625203208
0.83620688491923 0.999198704766044 0.996429573372975 0.781542312860094 0.999794821710038 0.507588372062484 0.0852148818147755 0.614552040174929 0.411413118270111 0.722081293515947
0.639958022983179 0.0514295693806637 0.99595997028412 0.848340535289202 0.999727712061721 0.584257251832726 0.595601479581359 0.593726253276302 0.358176064409182 0.857814549654446
0.201299410291792 0.203781870441973 0.993161943807445 0.6952872088293 0.990136484438238 0.0953872245905441 0.547379502675151 0.582424005604686 0.18228095697731 0.641506961823136
0.82145567278381 0.245739007330526 0.667660609068865 0.272838923699376 0.465292901214487 0.00553625927217435 0.245115095249604 0.518405659144797 0.0145526090805596 0.432360281885804
0.929411911253683 0.00884388984493411 0.399121792551493 0.223189156747399 0.877272145022342 0.0283880121414909 0.197558193803407 0.524332349651466 0.0500934001008557 0.629923900048463
0.0373856142964095 0.0584004415723861 0.877233937910071 0.466961538083246 0.86218549794533 0.033528556004414 0.0166859863326623 0.503718147358998 0.0852108445520364 0.246503343979055
0.00843267003360166 0.0210416912474784 0.916263583669514 0.12488591361976 0.0404583490381286 0.00347965232059318 0.0728334831159928 0.435800706273456 0.0156458849932149 0.168123845808737
0.126321510276706 0.0559873565671283 0.93938818461229 0.729916279632668 0.98916314730264 0.111358383032067 0.388880407777515 0.537129316566886 0.486905110905855 0.6700094580576
0.784623507909647 0.0751888386907091 0.999691771533457 0.613543831150039 0.991185742024757 0.250189795021298 0.508909128620595 0.572438803536853 0.412770388700705 0.730617694808693
0.000141518420581311 0.00107409314652328 0.979953074721518 0.177163393830355 0.765822369652313 0.0118032619139998 0.0410639907285659 0.489186987309977 0.0231705148166157 0.356208023209426
0.987217556780359 0.697577236201811 0.959415209523561 0.708827066014314 0.997936892337671 0.407781046129997 0.100329978511151 0.589702512563697 0.0979403088345008 0.654026780759296
0.940781181262878 0.0254873064910652 0.906194293046694 0.463015110977285 0.991356580711336 0.057911168525105 0.416368586181461 0.515271859224242 0.122960404716475 0.30234498037847
0.805322028601773 0.00526850600205634 0.0957036581473 0.315524464690385 0.941778166882273 0.0229184712132582 0.236762684069514 0.485802914713532 0.0171879474013874 0.362333596364756
0.749743665945085 0.634495827417065 0.918247663833012 0.398110977069955 0.269798893913682 0.0324593946820484 0.542107899235329 0.527388233852905 0.0635972087612254 0.614250960710926
0.686763166181165 0.159479181038243 0.807758395264752 0.20742027765149 0.63518186967591 0.00495713956572259 0.119616456874155 0.512520807445592 0.0253034211984602 0.412344867864356
0.984631226425005 0.665395054150737 0.964690464903031 0.527565281393802 0.996254038616687 0.0819922446792885 0.160140123353557 0.545880291003412 0.352888252056329 0.51236810495111
0.819919658102221 0.942316752294939 0.996801662808387 0.52721350678944 0.9948226610606 0.174154806922227 0.299237769399927 0.542495318794339 0.39417215388797 0.668555950160169
0.496045070778429 0.569085181572604 0.1780331000727 0.491867358693826 0.940029154618663 0.0170280359391915 0.0889017664292625 0.492214634816619 0.0832954114148547 0.357515655202741
0.99164162658188 0.985754832316974 0.97100812794821 0.725657094174606 0.997739943654304 0.218119382827715 0.709945367924551 0.560070144986598 0.238660683751152 0.607623037860802
0.296586326887039 0.00193650588193652 0.998709052928523 0.393241779179109 0.890999648606645 0.1113438765822 0.106112599760117 0.508663829702267 0.08908715158835 0.636701844277915
0.488888913168744 0.175655223526444 0.778100806211989 0.381122263233154 0.865947217883719 0.0272139822833018 0.387384239754012 0.492183681626867 0.0533009425110742 0.466967438397533
0.727354609733088 0.000105928068510136 0.574056711493395 0.104608356486286 0.435817674049742 0.00770847216486872 0.0635411599850571 0.466408685180958 0.00946547018753731 0.311261293828136
0.385416647447237 0.994546445413207 0.983901241788324 0.394986950248679 0.937838649067213 0.26789891772465 0.370518089604791 0.534864686101958 0.240928874350346 0.552469815230769
0.875357838990323 0.97769582149547 0.998350163733195 0.805698484006362 0.997591604776725 0.898168493354341 0.535440902623502 0.600887137745376 0.642454203028563 0.725881001285392
0.986861600755439 0.0650322260362163 0.910490603739917 0.321561964243607 0.974045374681284 0.0586067821148533 0.157421118964482 0.509192962840264 0.0747817749902198 0.409658759672295
0.228837667175538 0.00984779070850159 0.986508716607275 0.444870578003914 0.977245712460343 0.0204927973407049 0.155242807894272 0.528584002727907 0.125804189018933 0.465943247273065
0.443024384973727 0.0222718247600372 0.0675442469925856 0.136345350600154 0.535924242730885 0.0133473215357449 0.299541140728649 0.471887197055481 0.0159609220455936 0.132656555460418
0.992742956000485 0.91981635577545 0.993625212654299 0.874507156380518 0.999953206064176 0.644903436731171 0.73792583375049 0.631500643669099 0.512503250540562 0.601903986842056
0.0761200718961057 0.93915650672852 0.830822245414471 0.727721422129632 0.999534463620675 0.3171981038884 0.563714873466207 0.541311022496582 0.307902981765984 0.59051811693158
0.882073382186768 0.00164288383409263 0.057655907208433 0.508402167130281 0.993538068562898 0.040479765108019 0.16069038038242 0.536081104410497 0.217506476372454 0.190755425960139
0.968076492314598 0.711357478427332 0.982393692296493 0.731460856057133 0.9989599025246 0.720494182262839 0.28515704208361 0.609911605452653 0.614271073685674 0.851408058000072
0.00408211957596567 6.98583741484155e-05 0.278109874748768 0.538675922555499 0.989805934562126 0.144534645519277 0.00362268039718158 0.53117699396096 0.245792058681879 0.506594239368099
0.981656561190938 0.998985118559155 0.999973183236214 0.971006906163582 0.999945328244666 0.747330083893407 0.785379452921236 0.617929887729411 0.59919211683228 0.714235184926264
0.299269156482038 0.13187765197952 0.992460072889161 0.597892029980538 0.999386208280622 0.160044482906336 0.336732773892184 0.544216213625184 0.0666286484044467 0.527166055175496
0.998824638698072 0.462076821685359 0.998403313350858 0.417751200824678 0.982857780558986 0.0391038531376528 0.531005121288713 0.527012700118214 0.0809048439673423 0.490614459974702
0.589010671273559 0.269304459407606 0.962228038011314 0.528223843289453 0.886449774121295 0.0855594506961577 0.0890007518465957 0.56132791746389 0.236448430826841 0.605145665395067
0.410550885440398 0.00262936656608681 0.94248239396066 0.312733601805628 0.59091384394951 0.0161687656002404 0.026736373743085 0.454437226638808 0.0114101863104642 0.299937361064612
0.254802185320783 0.0693446088219782 0.226865192611635 0.215104655527748 0.0905231868928803 0.0160806782538753 0.382532170469717 0.450460525219233 0.0550374078388584 0.162527914414465
0.899766278529984 0.0465950348463454 0.914995483646132 0.21901858581292 0.61183963019717 0.028305231449644 0.201459018479563 0.47124386961149 0.0146908098757999 0.343310441814959
0.931674981615268 0.120631830797085 0.974853234937197 0.370325436590927 0.928093894251073 0.0184678633729534 0.231770132966695 0.506304177792764 0.0584957929858178 0.425717394637049
0.968680195097344 0.14175388314548 0.992634904590871 0.386036396164029 0.888437443733119 0.0714224386192442 0.7276371397291 0.526131556023139 0.215075197197533 0.295950488442286
0.0563862926308551 0.416934593173045 0.998547817114958 0.453179370080182 0.972108987801304 0.178052745292724 0.28538174772801 0.575968409408397 0.247261502357882 0.623610426190262
0.420615379297853 0.410912230831741 0.992710147206724 0.637532765714756 0.979995948061361 0.392055281935165 0.249049550987916 0.618385998243919 0.246470898539999 0.698735529185234
0.446168360313283 0.00446830233238861 0.99213234385422 0.32789005972413 0.993069997000487 0.194811039117162 0.356338296155638 0.516457273448759 0.0346146391242767 0.333938440424187
0.862575953364286 0.133361461154548 0.664335982751927 0.372714422394298 0.991416992473995 0.197703543209003 0.629099853736557 0.572362345178035 0.500052769884778 0.489855523031964
0.11923304963738 0.0421809160155338 0.87901278156761 0.262355382047962 0.970917853379986 0.0341759438433692 0.0429986491357409 0.484374188211897 0.0638559075802945 0.338283412397007
0.705773465906064 0.0433746669149446 0.926515706258255 0.332531750717389 0.867134732906443 0.00808967099246154 0.375407383835334 0.510868679019386 0.0461978409305 0.316970034809323
0.536844250397285 0.0431156954144188 0.999028169399523 0.448163392585567 0.961762045800701 0.23132282737904 0.202880531102937 0.543921431154991 0.0842531001772117 0.437436784324726
0.998170001099504 0.103855587329203 0.99810230253605 0.827307472559209 0.998579628262119 0.167010957319122 0.533753080008729 0.565916342400679 0.280423936873039 0.577054595573418
0.458782041176255 0.847744927366612 0.879314208192284 0.817864385835394 0.984407996050071 0.379219348699434 0.199284863774941 0.562413602606397 0.226208988165195 0.622011210699498
0.180761732909337 0.0903504940208701 0.94735972195662 0.579146282960821 0.992267885830617 0.2478040247696 0.398777946957107 0.548682774935278 0.388359225289954 0.47061888670133
0.206321729561496 0.0236303453691479 0.996830226255289 0.249625493728492 0.891203039293663 0.0169926706521895 0.132393253169234 0.52779450056354 0.0873068871782024 0.497705213356813
0.861211706704371 0.112091900153827 0.905473688154185 0.298450272596795 0.980444863388203 0.0210706628237867 0.34923029377021 0.501771836609074 0.116429583208895 0.490909400428287
0.517059387050323 0.0305385206041003 0.992007071836319 0.26411474072745 0.907258648680916 0.0104349454537002 0.03922138576359 0.499669737728232 0.0288765746976583 0.428440613307267
0.881221203002319 0.243141522813789 0.999119433597103 0.67619525354582 0.993084564942235 0.0569196590630189 0.147760515982026 0.563340215481678 0.103966349983138 0.575044302659666
0.81956052182059 0.162533277839079 0.957532340657124 0.316841164466547 0.982313005338924 0.0365931990894412 0.113285335673856 0.528944950686118 0.0491368682109871 0.239526284246574
0.287836728808849 0.32980370635723 0.868720048852959 0.606913846293061 0.85990134446952 0.0656046167493436 0.392516645089141 0.530007346661654 0.0394874626395579 0.40550824415147
0.771003531400388 0.0270795928977135 0.996867738203506 0.309384576102174 0.815589771419956 0.135768785256886 0.425022319024939 0.530353001668631 0.302703430231441 0.251013990940514
0.133402539504118 0.000146851640906398 0.2675301330583 0.0365464557436316 0.00293277579692482 0.00304193023585743 0.0195652522604272 0.397629803859331 0.00389322429325486 0.198099470726456
0.720752433180474 0.0187727661997652 0.222857908964829 0.108911598031701 0.23915770130235 0.00451313221791785 0.0242109539367096 0.485851029478934 0.0249719373885248 0.136158288062186
0.273322068087508 0.280842960518405 0.884568360465552 0.347453209213755 0.990460954545001 0.0648890859563136 0.112531984643181 0.536416473155934 0.0168790280677268 0.444041966728321
0.982284301963544 0.392976979130799 0.939088059080353 0.448639133144972 0.95727769541106 0.192421795340854 0.269582916003863 0.488734327102213 0.0954345216825244 0.566113622822005
0.000292681422769788 0.00214014577970777 0.184702071679302 0.0396240997454597 0.0668792322332275 0.00218569401209689 0.64727281810465 0.414535567105982 0.0134239295207067 0.325310240078097
0.986814363887833 0.882873026186067 0.655305511681009 0.633224210924236 0.980372597308397 0.104598269440576 0.404897739493513 0.585507160659781 0.369019742450259 0.541273232426225
0.879143440812569 0.285172589241593 0.999818180338793 0.935489676508178 0.999961450896484 0.485701187775544 0.895141950919641 0.641166729292239 0.78711160763512 0.768592407284528
0.00131749474118005 0.00580563671996402 0.29267875339516 0.140362841623425 0.261222358834825 0.016734374372767 0.102198180077736 0.436880481801098 0.0153686218359753 0.282589030260381
0.938049532539393 0.0315455001536007 0.994958867407859 0.40504217117257 0.877891385675895 0.0254114883426954 0.141800983680695 0.519472049553223 0.151958937062607 0.39935032318806
0.979245381453916 0.939565790180533 0.556673291553694 0.432417386476106 0.885356226395052 0.147363841455471 0.686073130393733 0.537685138441903 0.253205625042575 0.571657315204556
0.870945509909516 0.762910586126269 0.746501787490015 0.376823212098369 0.910572466488509 0.0667320209381767 0.129646838553305 0.525419625126421 0.110504418571071 0.488083979793421
0.130506295382525 0.792913119094716 0.748866791462105 0.383644609375861 0.865982802195148 0.322129640417319 0.330881323535829 0.490664326862476 0.0545094940426789 0.43514407956402
0.228783690674837 0.272186547883517 0.966656555091047 0.329392897636208 0.934897490759445 0.014491121735619 0.341995698496186 0.522448039724869 0.108783383097711 0.243526092725237
0.220592082145612 0.00245145267581546 0.927078291623653 0.448255932105915 0.984600835982725 0.118248228913093 0.279825356983206 0.517337716145421 0.0562687771496774 0.391006957240669
0.815104821123749 0.0270585677582468 0.992571793915494 0.338698939746859 0.971063254683913 0.0621885648614491 0.721161507299937 0.500381483054941 0.0533239233021402 0.579033923020775
0.35996010286302 0.349308374151077 0.91826416871016 0.189679876258393 0.52055969796685 0.0160405332842041 0.199350090498952 0.491969493552973 0.0620408623230392 0.337654468549077
0.493027881663877 0.0663268272635528 0.846904061142354 0.293685997474807 0.992543631149824 0.092063168465165 0.205221860858258 0.538886527167283 0.0591226531950343 0.55677837132353
0.0617526120672886 0.00701743996220778 0.723655258768056 0.277172319574595 0.600924985339612 0.00645902050628367 0.0167743030051739 0.461200943496924 0.0168295926801956 0.435843710182806
0.420971070190124 0.00994582265355711 0.916985889597541 0.149505432536781 0.504822399817522 0.016000466817185 0.193572823363105 0.484852082741137 0.0217173168362226 0.49067080185198
0.910647139983779 0.307785760422637 0.974881103936364 0.51802864787458 0.977040985850922 0.0474260478306581 0.846867023175089 0.482325681753793 0.139249881078049 0.427735041761634
0.814605922719432 0.604879021787552 0.662135067522487 0.505865563874725 0.925596490371852 0.0657508477408032 0.599323019394519 0.541965664663679 0.161293028119831 0.504015192055952
0.858946959480972 0.0330174884968954 0.995107358502413 0.393862333852039 0.997506944605854 0.264590245790041 0.544090944756492 0.549228184273015 0.160079921912982 0.657176605907894
0.27414531339098 0.0168101693394599 0.997593120538962 0.507601600585318 0.997918248094396 0.0540688097211617 0.365898045374974 0.498322833783001 0.264291102765306 0.531616950856976
0.874518113040797 0.325760201168324 0.375784021344785 0.362708553553861 0.978677279855103 0.0287118118802047 0.0385343816850669 0.516543507070323 0.142822070705401 0.354634813873954
0.901087970734981 0.000558859701833543 0.956522921096494 0.622083755705983 0.572108059842955 0.0412071665794085 0.110634987024722 0.547345157029662 0.0638909630732375 0.619137354707582
0.350352985229091 0.00905048241456925 0.0203325855632824 0.14390289439077 0.656122732108628 0.0023285134626703 0.0565468605717148 0.404914834793231 0.00984431556348343 0.261227312752488
0.0509566825761873 0.146609826323328 0.89169279746835 0.298577633526479 0.117977895997737 0.00311105327858767 0.0718758759978575 0.473748697926841 0.028808321271657 0.167948003528299
0.00178558317018101 0.0118909943543643 0.91718281788034 0.140864674830953 0.199685891402705 0.0440500123345969 0.142064244223762 0.424761863372452 0.00918931281658246 0.399688560955347
0.00691631991122989 0.702295114054601 0.995325090405271 0.504073809468794 0.958720899216638 0.200269785473012 0.705265091485712 0.521035759663825 0.161189514335527 0.498945247792732
0.994544270947569 0.0165175942992662 0.999669415852985 0.404724556776254 0.97734789563472 0.104357322036936 0.745184148131939 0.542443825937476 0.153110901934298 0.652189718819564
0.0303571831105232 0.536713960160112 0.942978190434485 0.371129586050256 0.709046072631427 0.00476752883758271 0.627794201454909 0.464345578022071 0.0229241168854651 0.31188845919034
0.0474858953586912 0.015478287980804 0.990004897773127 0.113021779470958 0.838604977672898 0.0280036397336675 0.0933221390412784 0.45223118782718 0.0198890740078543 0.353710042571863
0.975869798013583 0.946098096345916 0.833286121743927 0.723913572653473 0.999475604341537 0.230806585163876 0.718592171944533 0.580553214027346 0.129946721503921 0.580329151491798
0.985582903768559 0.0962619455690559 0.97282637314778 0.361078361468863 0.292918966749971 0.0185558993916998 0.195076704103864 0.569296822117684 0.0391955415132774 0.435806603547754
0.00372965834103371 0.0467411060276623 0.512965629165972 0.242354378340492 0.725311741140403 0.00514454974863236 0.0230671567940188 0.471022740692685 0.0510612313703906 0.368905742887348
0.765283746914703 0.00131304459291327 0.779869170760154 0.327658761761367 0.912198983476863 0.0172751172566627 0.115930556165016 0.514868048004183 0.0300894382907687 0.455208247116246
0.563024021348666 0.00605861542121735 0.99110396695301 0.408652482572746 0.79338056261438 0.0391710858955403 0.576497510682446 0.525303798964288 0.217678947964639 0.488030923668191
0.984799733024618 0.838978209821011 0.999282388712981 0.785983700284485 0.999960845735341 0.669857413993209 0.835857848309511 0.604672675693656 0.641709119885366 0.808026418421588
0.636324317674274 0.978310490060071 0.883247856662447 0.622788836143391 0.996508786704289 0.0489519603765067 0.513788638635666 0.565114376353907 0.262052345449687 0.498130946770681
0.525776457761151 0.0970974694901385 0.999932327838899 0.566575624938092 0.995043476688795 0.21556658911077 0.553216257671847 0.572306441860278 0.0981836431835658 0.485747964807824
0.902981997775881 0.941290399724883 0.999374786726808 0.787960460281605 0.999924784846766 0.478839452895737 0.600343390719918 0.629942572202899 0.724190385485073 0.611153553515603
0.560424503145626 0.0258414291661866 0.996882582256238 0.35821359650455 0.972165935124856 0.118855481063455 0.164038955374388 0.557756657449754 0.0538699291221175 0.427311057844005
0.74998194880846 0.290165701905108 0.993597916483835 0.582538752846475 0.995253602552032 0.233008251413753 0.355094858330992 0.569678978573067 0.144424799743759 0.571887176111942
0.947621059675245 0.524803185208911 0.99989677895288 0.731132014533356 0.997760873562407 0.124511799644588 0.377036250540267 0.571813559389927 0.177699832503571 0.593047707908557
0.543409319403777 0.122712325636972 0.952636130833598 0.489830756467182 0.963047070182819 0.476585762209645 0.317216051104093 0.518185336191618 0.108526581599601 0.601615792884185
0.458927319784901 0.930870835140914 0.603068810185673 0.4523066095617 0.989947383580857 0.0847731474224684 0.447806933072883 0.533842506906327 0.290874958758426 0.433549162383123
0.483685667925021 0.0504721354916068 0.647994796910683 0.271708138168242 0.950176065941317 0.041272551339796 0.214337574066597 0.501575595708114 0.0295338705412839 0.361480079425196
0.733205734062098 0.763019469193483 0.997366631349854 0.797428783827758 0.999348444307635 0.52094759382532 0.0741433166270463 0.545502845065491 0.34141578578516 0.625447917765816
0.999005639733349 0.969237603058578 0.724318857647017 0.807438726715437 0.999890774488975 0.503399048390131 0.78482335688853 0.60982096147376 0.472626149608799 0.474160623602942
0.432187875233291 0.0509994175429238 0.154630122621712 0.339317550261786 0.999470459836891 0.164161047261682 0.480520802273817 0.500032864490062 0.101864179594405 0.548639036063347
0.908740865596045 0.001538495641887 0.129428368889643 0.104104626121707 0.0975731146775672 0.00619265783461571 0.0251796116880906 0.448054663912476 0.00690243776776006 0.16156192787985
0.315409198407097 0.345747989382706 0.119817737269542 0.271110320604839 0.523279766398199 0.0106750639219978 0.0807902813326137 0.465886926762831 0.0605324873404326 0.267562649311396
0.655501257079575 0.588019496709088 0.57262589650892 0.560910044237809 0.977414671560888 0.054656984423852 0.853820309818923 0.553723614644652 0.0543901944565321 0.328650468234354
0.010057918706119 0.0528118363399803 0.996293267412606 0.250803838665623 0.584797961940875 0.00882290083471083 0.0268748139534692 0.491584488204278 0.0955693975545473 0.260764243897125
0.719118497019903 0.904134664293692 0.729860931876561 0.647171198683254 0.957192465774717 0.200120854394125 0.0270265497846125 0.576721866998546 0.390974725237766 0.502235587653037
0.870736719653262 0.883121321622145 0.999940090098908 0.946626427353003 0.999856696430231 0.582346003451151 0.583833514560784 0.626499680310112 0.588204876330476 0.738187896698142
0.976725157098313 0.920398820547378 0.693660933670519 0.532665927367864 0.991633661328596 0.0203933165534369 0.125656665226425 0.582817522099013 0.12972474560846 0.355241262971198
0.138214159288881 0.00884052087157109 0.096403698450589 0.0411722785299017 0.00379162768073261 0.00124995629480018 0.00741449802653406 0.400700026848858 0.000989547809450479 0.187834074881381
0.566254645765757 0.986781791481806 0.996719593647969 0.732761972329163 0.995847056098849 0.601593590444868 0.461830836639313 0.577606601357165 0.665468254150454 0.677048424950211
0.0893355127950177 0.366742307195403 0.635299948564862 0.37610695378377 0.864889886178592 0.0534717584149059 0.156424204202063 0.489275693128847 0.0227904035145623 0.679667859023173
0.00742010519873367 0.244821824534553 0.898027014348304 0.398412227522927 0.966837068295853 0.0772644514338155 0.219436767302255 0.490908226186181 0.0429996550616195 0.31318173649292
0.133883817338765 0.871311404760849 0.371121875306425 0.339471016713923 0.969299779498178 0.102780487358328 0.0654534429590279 0.511098728960601 0.0853523645559906 0.60186104772629
0.025989361258104 0.655062119637247 0.870142682453296 0.537679648603753 0.994970829387394 0.22026617619426 0.364286236277121 0.52898683868579 0.142817179634845 0.407122732638859
0.995282931286157 0.0104471520718947 0.834863584924323 0.439981907864285 0.941066789070551 0.0380640457850995 0.0411618614244734 0.512763696915411 0.0367759291859536 0.323386856053857
0.617635368085485 0.966291097195656 0.995232903278016 0.525442006103477 0.998402315668916 0.0467606857467005 0.444959528841141 0.534278437215784 0.0472698618419221 0.578357151303168
0.838745605218798 0.623007167848538 0.906223920453176 0.310309437068864 0.987783806766419 0.0300021173389958 0.373882507311701 0.520606397101128 0.0507614666769194 0.411506784707455
0.0908069296778555 0.101271098405538 0.0853123948860954 0.297786533022009 0.944283327969364 0.0277068532109235 0.111618076624285 0.501327828061764 0.164256371199891 0.680312393365723
0.975272473251432 0.631386673221705 0.98028265615111 0.534146905929737 0.993520924708107 0.325307752461251 0.622603635875401 0.577317713415375 0.297844741908614 0.798927256776498
0.0100977078796648 0.188659469360246 0.966608613849539 0.362046535075394 0.997780602255018 0.0435696568908971 0.724398098772392 0.518474703988443 0.0948365223413515 0.519902124992662
0.801929468130632 0.03971681842283 0.742570886879734 0.321617560630512 0.82278443386434 0.0248323187474528 0.155658236390008 0.487619784096116 0.034045774457769 0.109008871704037
0.00450308447792045 0.00262692502601164 0.970078664608092 0.183313883386324 0.936891617211777 0.00177684776849873 0.103058171507668 0.519581110676276 0.0210651053150971 0.262077243323909
0.448221171129026 0.946320421377196 0.999594808309632 0.810038416263163 0.99958436491956 0.386321520809491 0.585307297909157 0.615968742192861 0.525073093304875 0.614728770010524
0.704429112998179 0.175927174948378 0.036345976021355 0.386140036669823 0.938487411298734 0.0266343680253208 0.0594969734148125 0.522140285739523 0.0931206043510829 0.42787413197582
0.579836578879178 0.0900748279515107 0.948504265303904 0.701049064799796 0.994954266766079 0.0598808945172377 0.102967872426933 0.541837417227998 0.164431487173903 0.566793982560448
0.983222829360655 0.246513622139579 0.498142356966983 0.2969102900908 0.913424373827967 0.015821799840463 0.0870467000758382 0.496621843374571 0.0132975046330088 0.446478637840262
0.143373484793853 0.358114151319685 0.607085939234099 0.338357805254799 0.848955689464861 0.0288583832466523 0.0700534350736676 0.485050128807755 0.0179650996471232 0.550682994305682
0.706128705166654 0.855048828162106 0.998699628021191 0.636262482960301 0.996430019876654 0.328810929699586 0.368260158700211 0.596224050953214 0.221133376793932 0.669640195708219
0.999298677997253 0.0929896116811407 0.93309833513582 0.56435553315351 0.998067032763925 0.111635170851235 0.128284973129169 0.536337956061618 0.236492243692729 0.587230518047595
0.727198659562235 0.00040836621488107 0.0351565019062426 0.35700793351029 0.971471346646414 0.0277187459025676 0.0249333621791372 0.496029401965695 0.045757015032079 0.447326722846997
0.909147885901995 0.776173193468977 0.886278580765467 0.238104031542951 0.934761229811044 0.00899074157978047 0.0954970362431727 0.511465231387878 0.0312910560502616 0.397136424635231
0.796631594116091 0.857014574214733 0.993385865411716 0.643301843568827 0.999397321017611 0.213232069738067 0.0668425868126176 0.558230884190204 0.137404110162398 0.609168761120685
0.865794056038232 0.554022699903805 0.999795365504884 0.817440317019272 0.999104405024496 0.146763858332863 0.677562186371937 0.580787924938841 0.327231233534895 0.703871691695086
0.898600854575111 0.67771782775244 0.992279771043989 0.654584813182114 0.995754896512557 0.496623193927337 0.349873094700508 0.569040568960449 0.395999226598901 0.557316993655178
0.986012365198586 0.875190107200442 0.954397729444861 0.606859946685377 0.972835153593361 0.206245268570115 0.478036359107803 0.61077845979772 0.182382950233546 0.52193211459583
0.00718161383404867 0.523712210355518 0.990659128104379 0.508541665117654 0.456176456606376 0.025912377604442 0.679687937757572 0.551144037079507 0.105522621707293 0.524283761013453
0.0278804089836552 0.987309786392161 0.999219285168606 0.79760674312969 0.999964442193084 0.434545454057817 0.255282000619957 0.556735646743908 0.623157013591013 0.736865180041761
0.965342549162082 0.565756225845859 0.880179332809056 0.780783170612063 0.998405259153406 0.611698056957705 0.289255929842214 0.579212801893469 0.453714704042878 0.625837892931238
0.656357838765062 0.422107639866711 0.988240641180328 0.838269941980733 0.997852840554186 0.139665373648381 0.474593707379056 0.595619484224079 0.278752334512471 0.603646817868762
0.695103575279442 0.241192786556241 0.998577227038999 0.523844554483783 0.999531300312044 0.0545371973429344 0.0846488334228705 0.547720658989392 0.138309243418843 0.511359992139145
0.038778711259999 0.348620189029535 0.871033970044958 0.157418503605221 0.868929381913711 0.0121158540841385 0.240664560389656 0.506567307989567 0.0110217520747802 0.216493487854984
0.28593910934914 0.969539379982299 0.121323817295737 0.571561243383019 0.988067815784856 0.13993500244191 0.278532725225979 0.572338076191231 0.0985882265367487 0.724114194714095
0.00619314312337041 0.488280822879807 0.991423689365515 0.346595775861027 0.769317712266145 0.00337097397160738 0.0154516174340793 0.480752279751741 0.0500981352810034 0.368879741940757
0.643784147242521 0.785325586287875 0.904872129369311 0.386255785493255 0.71531614191479 0.0556131867813254 0.315566878885786 0.506294185488494 0.053111669553234 0.294497482563455
0.836763689750742 0.00674727389371524 0.341383172471008 0.352331753756933 0.976797404990737 0.0305867569129117 0.116030957056654 0.529019055699886 0.0445522675526225 0.433187999450661
0.0711485321247684 0.379260850668146 0.999164471311308 0.47807629410861 0.987980578970808 0.0688167756704025 0.575199256298097 0.516604048094785 0.0835312248850924 0.556746985664875
0.983973410233342 0.992745498937843 0.999770816280476 0.859687292004402 0.999830756514034 0.836546090275056 0.587727324977972 0.618023792192016 0.794503300923735 0.76877042603929
0.940560626440706 0.368455565909052 0.999892261747482 0.786271563162574 0.999707997704996 0.145034801133162 0.329071906830226 0.547870563820457 0.359973336278794 0.724063023048313
0.378248052793554 0.0697954098385128 0.987343056650929 0.586710444546326 0.95199222724828 0.0766781928708507 0.712075278940796 0.545287615372974 0.147015984712614 0.482285091438853
0.770491723840402 0.000255917056879932 0.99423397570176 0.221598551855062 0.297803145803094 0.00396314127533113 0.392285129603364 0.487115435573568 0.0180857942169642 0.131844604197971
0.180650144646491 0.148549018335449 0.99174933792812 0.577792523397016 0.931373040503401 0.0497730108950433 0.115377284052072 0.534242019618744 0.171567419405512 0.281897193022001
0.0775645534012319 0.852572999617779 0.985021553719812 0.864033572942071 0.997818539225149 0.42562033999291 0.763167781375352 0.63254913685953 0.576927349862212 0.811847348352058
0.0283188890838648 0.144491039035272 0.12139975168435 0.049586971824345 0.33081175832696 0.00187570152605849 0.131937398339584 0.427521452942735 0.00630434116561494 0.295002054253027
0.223558172132318 0.00170264157783909 0.964157473015823 0.387540537829516 0.775208474311165 0.0832777212218703 0.567018993269658 0.511247585742974 0.104894418168245 0.532179690755392
0.878132643273699 0.323043978967637 0.994943643592207 0.293315082037337 0.972861276138616 0.0778015167965121 0.0874897365532125 0.542398467802146 0.0826618030674592 0.602962458165444
0.0602152264586487 0.104082091029011 0.951268185800155 0.329876107386474 0.845787100763794 0.0500000980692317 0.0326724761661364 0.481340301147221 0.0396885251222346 0.271760796280077
0.962379460948824 0.0621877947034567 0.199844471255529 0.302399553878679 0.95838687234628 0.079324589901605 0.48073442284112 0.506014424767691 0.0537583713584347 0.550240341727848
0.570908293911703 0.110539197018799 0.614183123632547 0.699326017453366 0.998975547007623 0.714360038631668 0.501037132431779 0.55138605574708 0.343661498262713 0.404263138407064
0.987548107584153 0.000649146253782753 0.979076224277926 0.443789473958676 0.292793617215555 0.020331916178538 0.178336041795346 0.498723421895473 0.139453734078667 0.493331307959551
0.00450922866459258 0.00667652717248232 0.90992480138032 0.300963662897531 0.268546206533922 0.00958238737876553 0.477067308979814 0.539205750743144 0.0507036888289062 0.363288033871205
0.942912801397388 0.00842127011623177 0.790486125062727 0.139822559609801 0.523788814514378 0.00866085782562937 0.106174490056375 0.482130524634658 0.0327768208612734 0.258296920780148
0.13348637388964 0.724810412630742 0.140422609742609 0.481963788540875 0.87775470526714 0.0706978577273536 0.169994012585149 0.561797341042765 0.119833692895178 0.699110517161398
0.225689851853576 0.957720305528126 0.998910542921577 0.59727319719263 0.999400730100891 0.110949509705306 0.435482135562753 0.56229986649121 0.201499349932281 0.502182093709925
0.91627538217626 0.240368816948813 0.790560730971987 0.452571612391115 0.996206551321737 0.0487929847776436 0.456205219227476 0.510110834674118 0.0780134741111541 0.351969019238823
0.855466078675156 0.796443465346618 0.997803806193092 0.800926911257202 0.937555722262004 0.102722969887249 0.400330485197519 0.538631417779933 0.15211458575501 0.712983333938087
0.0953564371123177 0.115920860326304 0.952782994170006 0.579874560601766 0.977150653120897 0.0365207333848979 0.327071752176846 0.548207516037879 0.0834352179857847 0.433321786670219
0.820587781064986 0.0719607901659052 0.99201698213342 0.467719849304109 0.996494337757566 0.381988861539018 0.186386099858869 0.552774581220486 0.182337787931745 0.360282360251703
0.667612134777331 0.191746513661601 0.99801245581498 0.430151311603303 0.918176938769792 0.0169104707105368 0.68418785290106 0.522016898111477 0.0456259917475229 0.366305850015421
0.992513432726462 0.0325319917258496 0.996692950972497 0.665410135301484 0.92950552452428 0.246801948634339 0.412902954892575 0.568375065936049 0.30098347451473 0.526143932603294
0.596681995347886 0.974474068485156 0.923046980528252 0.5020905363782 0.99891643927937 0.312334843515495 0.755823288399917 0.537564643399347 0.116042162359314 0.600450496969928
0.625663901377423 0.832682469661585 0.95768834075689 0.687761358742159 0.99259126169588 0.089766397698632 0.397847591185628 0.56473577571799 0.177585426748378 0.50770005796977
0.798217027118055 0.703950588699591 0.998947520515195 0.631832998773298 0.994196797532178 0.150566998375059 0.0601771949447009 0.571101756535292 0.184038276831881 0.716383721437226
0.443447798041441 0.0771902673156861 0.999299472480943 0.403280996763687 0.999240873544769 0.130589459702848 0.434568647238181 0.557687042967985 0.163476250708965 0.359047780358792
0.484955942634435 0.98506665378504 0.970728077385415 0.563084584388591 0.999638376695067 0.249029088981412 0.633208116585702 0.599575738698046 0.201559949815156 0.727078749926932
0.918935695491958 0.860063489056689 0.982899313173777 0.750912312433872 0.999715023128064 0.181309161103391 0.258839542165875 0.559170586753573 0.414029399229178 0.734957795088634
0.411593207247716 0.85408721576967 0.982843385182922 0.595590158325216 0.994036993117546 0.103870222854168 0.584373238926723 0.520293863890569 0.0588920563888487 0.436297520555218
0.966062127650468 0.967995130724577 0.9995812679261 0.865126491097693 0.997826933185154 0.478178991584532 0.152032687797922 0.606272882868708 0.297066168764609 0.486247807344241
0.697384722448283 0.607416807860641 0.949283641228843 0.400594534027868 0.996057399749234 0.157653221373002 0.276073753659788 0.52734743623102 0.175577866561397 0.446643958436186
0.72665511429769 0.703740648742146 0.99198943122083 0.718878021131626 0.999645230875195 0.031074146821384 0.0630982873252752 0.55497275025217 0.036195936073863 0.556453993044273
0.998376459317309 0.229638621581873 0.959419827645601 0.680640194219424 0.997160378498571 0.155151726286456 0.74519249845052 0.638438608706468 0.465307513829367 0.774654121677012
0.973397617108487 0.816857905284663 0.993775473666459 0.504438709668924 0.992743248400249 0.1663283905082 0.245901384396646 0.540674421281582 0.101209276542713 0.593916005487055
0.124061659818437 0.337396290061867 0.989455139923809 0.223200369671641 0.921045025987258 0.0465990726310006 0.20337648804516 0.466457989860284 0.0200785904018183 0.460597908907109
0.767461608713022 0.189140109488956 0.995442959209526 0.89661539403345 0.997913013091304 0.651185971106628 0.426182979779806 0.606285408477961 0.621011904119413 0.714381428403882
0.802291255082895 0.623530943985136 0.999818176899992 0.694172731688736 0.998564220242842 0.0994227858354967 0.57531314491946 0.579008920119538 0.10762144186172 0.603550048123494
0.518477332774309 0.670183156468073 0.890173668102711 0.573072796282237 0.995709828726989 0.169841711150924 0.0867354898181685 0.56868516394467 0.222244649359389 0.376396453587127
0.900997050669899 0.0329389953430468 0.0325670148643487 0.506573292255878 0.966435037446393 0.116621530399842 0.235790228162049 0.555985333563584 0.0965658075678031 0.606556874060008
0.105598541229098 0.0963712198104748 0.871159262885938 0.39010172789438 0.892153021450742 0.0444822962784319 0.125142815630864 0.506841269225296 0.0418280211722263 0.262251171433945
0.150046651912747 0.0937523755422905 0.999833175327711 0.624292398221973 0.951386190287554 0.0936032531337659 0.155248905680276 0.520020424253361 0.158483908210673 0.700311905172539
0.973978627266708 0.78550261010679 0.969849414117711 0.792328839433885 0.994861637006798 0.185342764187338 0.339635132356422 0.572542628133698 0.539674164837292 0.759764480239
0.812084087407507 0.79144378803241 0.981076914017844 0.389454648834885 0.993589170127941 0.199668544764618 0.373063172595363 0.520789123623554 0.304708807761546 0.405284387955454
0.723515721865821 0.088996107754641 0.999770757618379 0.783893355021609 0.996153391399613 0.148546744488656 0.723900321105963 0.586390760616466 0.412100258003264 0.477556783419603
0.816584061347723 0.975180110747797 0.373093367620221 0.46975029055932 0.904212131139414 0.0616096174603311 0.05831347396284 0.52355017757397 0.0479732889424741 0.470170379698195
0.243807158827909 0.0165066128262704 0.989499618379595 0.424654454612712 0.20151185754181 0.0105274844485322 0.159276881934247 0.48302965178625 0.0786323988100971 0.461613153121632
0.853464337706725 0.0112692634258248 0.961054817453253 0.406482385382279 0.758651167144777 0.0130623330596549 0.0453753006981714 0.518277924380316 0.0470767035149884 0.455117047253305
0.00847894904700202 0.512378141760707 0.890601235001083 0.294950554851603 0.907102249030204 0.0112121402261579 0.523490939141508 0.484113900197109 0.0163684673394665 0.44827904347075
0.888803501278413 0.00597465882636793 0.94072024458955 0.623457985043452 0.999547809596597 0.191130123086055 0.345647004745488 0.544063585660879 0.227290142082195 0.494719178498812
0.949333543306044 0.229847510855323 0.997277665301289 0.550294433395794 0.997391211402444 0.147812827646777 0.666614032759266 0.573056616067476 0.181188908785029 0.792882789667169
0.936394998496165 0.0360723353456003 0.999250655185567 0.725515768130443 0.999067870719442 0.226187547464136 0.199851810300407 0.576566013063445 0.708871409107968 0.757773928950505
0.0374990172448996 0.0576495906232189 0.944103452943673 0.160039582931758 0.706679870760033 0.00882975595484393 0.111467738332346 0.461693555911292 0.0371810908321065 0.362120576141218
0.956801321417373 3.82155043790832e-05 0.996791243168732 0.100050545766878 0.885386235644638 0.00688274557581322 0.0387362094607724 0.471171279017212 0.00285247371745072 0.268651428531607
0.273460642200176 0.203545144934325 0.669115160246485 0.372770315217493 0.987963852319167 0.025533759075799 0.224529991473019 0.488385447746255 0.166477739634449 0.509879838478999
0.986587496255837 0.802864543627223 0.907328699649321 0.690306427648399 0.998075829087016 0.266911037192625 0.714006541756934 0.575317835205108 0.305637013594615 0.631549639321447
0.989248001815421 0.171988761421827 0.934681519264705 0.74396559656113 0.948999642701383 0.121247834263128 0.0700164705761147 0.5622592259468 0.0804995042007506 0.511400406892287
0.071308655386582 0.0189140146738572 0.130023146199254 0.149381887205491 0.447055680537857 0.00118378966914779 0.0244955175380744 0.434337094204396 0.00775578040604883 0.241521259258983
0.227395516679804 0.0339045248903977 0.481221940388255 0.397492486368302 0.981866523700232 0.0980851529739318 0.111327177595121 0.560087197195973 0.11862171069461 0.641315171528985
0.0527221899049457 0.440507038938419 0.992481590650304 0.657979881059358 0.979370239899386 0.110127027062105 0.293023502791909 0.565429877749801 0.292514818038043 0.459937933812001
0.00248402192043429 0.076798347850674 0.04001929376615 0.290300295865049 0.746887100061854 0.00560379297780345 0.151406503851662 0.490049504212439 0.0146485422130372 0.334539962134103
0.652747279997742 0.925286636525918 0.959817345283807 0.465516861230861 0.988429482130788 0.111062895508161 0.333877528190681 0.515301194253652 0.136532547481562 0.491888601452792
0.291573286216417 0.0191787506078876 0.933107293380365 0.502885800746415 0.971030405867588 0.0466165948634565 0.0667650694905168 0.527491753525275 0.0696404403760323 0.521967582034489
0.65937460681891 0.00859799396505609 0.990095354139476 0.418790352335405 0.967584411275518 0.349858510505354 0.0284985542146036 0.561350497478931 0.0745140770735225 0.650787082211237
0.99169349449362 0.0175857976781205 0.997596439838881 0.632812861182316 0.993900201177202 0.151619403812815 0.848977053866514 0.597323723695096 0.200080099315495 0.765410929132864
0.000372800181898182 0.84402336386682 0.461631358228911 0.189250420864062 0.920346202449427 0.00497364277762037 0.274225963055951 0.494727868200332 0.0180366336766795 0.287660564945491
0.165082650263074 0.000488002152187117 0.850077262541936 0.205435650850924 0.744668667952757 0.0391703728454128 0.025264968913615 0.474982653593148 0.0334827186524815 0.241912323350321
0.987154491572623 0.175069257300113 0.989918404761238 0.702954701434347 0.998064742685253 0.486594472507416 0.661329731330917 0.59776863590641 0.254022563184649 0.662547335601395
0.712141155277827 0.0472285392482947 0.730005653342734 0.26050267835018 0.970770515861553 0.0771938780166206 0.860091841524804 0.50924979310377 0.0877032379726372 0.520842079025209
0.0954295932362515 0.00156091039726765 0.959806572410013 0.114555773052905 0.117959435236837 0.00215433932828038 0.194205569691593 0.436168770882834 0.0454528354791571 0.435805528653048
0.781966006507052 0.573487640739709 0.592804050674965 0.56752022713422 0.995537206079077 0.029170276103524 0.28056340266259 0.562073212487231 0.0876052547794333 0.636921222651361
0.527354670141448 0.0170245723584888 0.824170084083045 0.385389924831222 0.977920127733206 0.198698644946818 0.580545064526706 0.528799447545365 0.131144261655333 0.601731270804269
0.178622270442201 0.310000066627238 0.999111902848965 0.618618217488302 0.9940653083806 0.151605555991341 0.0293761649620233 0.554764069459043 0.109282913185591 0.450792774677476
0.108283831543444 0.80202211338765 0.990114902789658 0.534412035882052 0.99853289690793 0.507911177352589 0.710761382582116 0.590989282723736 0.324985006026251 0.693177497258589
0.127048571414025 0.0621595465088474 0.0388975309320344 0.279802946132618 0.940714368975191 0.0533378323140914 0.228392592867471 0.488280159272778 0.0232827727673268 0.310201162691852
0.985330787621615 0.146684040952867 0.994595231329614 0.589625711021024 0.978862983070969 0.0177619723176681 0.0470520232753157 0.552320811788564 0.050474732985959 0.328910551442451
0.982981797382233 0.018413125265952 0.998654673104025 0.328628510498927 0.46970651701999 0.0356867345464104 0.0398460248328658 0.53020736082314 0.0477184138049315 0.382978080293545
0.0891435647819347 0.208597819241386 0.750572877229328 0.573593043319412 0.990521671853153 0.0208344231799145 0.421773941360862 0.499616141693034 0.0370319203116084 0.42854098511757
0.905825872494329 0.652118029609376 0.990594223810123 0.532325305749678 0.992214939492239 0.151317980540231 0.0787960624806876 0.570428436516318 0.284989559833138 0.456454647967796
0.119120764388832 0.737314475631742 0.999755721035669 0.846214113919754 0.995524597698524 0.203069030076859 0.361131857058079 0.590785184768122 0.310235435761781 0.77518056849442
0.750098375936135 0.440409764562861 0.532351207399419 0.6299093315471 0.993266144240357 0.0658046955548745 0.150352368192352 0.60687257272342 0.2165201620892 0.679455758697188
0.874734206918364 5.54652995795455e-05 0.905977552047088 0.188884540472986 0.104333423144578 0.0317930396256963 0.411219295022278 0.488945118652401 0.0846890234510909 0.359546380987705
0.0220917277643331 0.795505360896192 0.704543469427436 0.607243102066229 0.915908331189312 0.102542308467459 0.516153888505338 0.543752980706474 0.115825043571131 0.53679691756448
0.82149950999601 0.0492241865894165 0.250175859033342 0.614247841750093 0.982639530674261 0.214878073215943 0.446295430742469 0.534460052872187 0.210035746186844 0.575622937682387
