0.00843174282925503 0.00237665310506399 0.977959371986334 0.0503658308650436 0.508669572984108 0.000613013369966672 0.146180652173619 0.457740330191542 0.025607481031056 0.320957508934066
0.30926966570649 0.0735774400054017 0.994472859185533 0.284871970540263 0.216614088642081 0.0109557839103222 0.0729590844624575 0.466999826403991 0.0257271649912309 0.230244966110323
0.99696352518761 0.779609084624654 0.997503611650325 0.573871024604353 0.952142941850353 0.115230914274068 0.106439756508099 0.534954258917043 0.127624383886651 0.446230607251265
0.327485993733508 0.0116460640469959 0.940022312615233 0.0532461228899185 0.192125571012025 0.00283649046094441 0.0372312083835615 0.4297287957793 0.0118350814665412 0.193552528081047
0.599070289120182 0.467909815699765 0.999556973923899 0.731371712960839 0.998034295557047 0.487546171286942 0.316461390503777 0.599555242378714 0.400204609176865 0.727077349511806
0.972181792631128 0.971756206722495 0.92072416455299 0.615018728612687 0.997333642947028 0.269134222866585 0.189165309927081 0.557084899070959 0.320631290433393 0.638645837049513
0.611124009574475 0.659079161653463 0.818838561746144 0.55291574830896 0.855522748859756 0.0382793153474771 0.144146024976857 0.513804631289671 0.127224237478454 0.307082452245444
0.102879717054653 0.012919613298828 0.829217973659609 0.414023416100131 0.845459010576699 0.0122596625141242 0.128580543472502 0.531258852508716 0.112103205940555 0.46218081379387
0.845962616944305 0.977598045570699 0.998720632492897 0.865650617594912 0.996334633841513 0.483498536916163 0.54394649296568 0.607084555856665 0.399648193275662 0.89681884924373
0.98162567751432 0.992055793393988 0.992772846302103 0.769648824054402 0.999519464770329 0.0785028099515961 0.062932867280848 0.572799289472575 0.266571831941012 0.711643064175588
0.821691163506647 0.00822517489314178 0.101367607449416 0.185449298591534 0.445192279746951 0.0144930426003817 0.0282143443954189 0.484942835773094 0.0211868965407301 0.417139669504645
0.979897427766943 0.859619884896428 0.996779769891367 0.711981167955187 0.997814595099476 0.425773283479024 0.328909177773207 0.598229069309072 0.442711591142568 0.599689735710606
0.644216211909381 0.979148178856134 0.968448947285961 0.591097146539244 0.991838772643596 0.179679858661173 0.215947957168185 0.553912250632243 0.128230796700747 0.560505321156838
0.219748468558255 0.16578723017839 0.980205672474319 0.38276010653573 0.991500651891151 0.268177527062225 0.410707220735606 0.543576641084716 0.141590002582924 0.586052345367389
0.209293423771563 0.0125201310389011 0.220308148208871 0.400706119944997 0.791813561200674 0.0147289847999412 0.0769122262060124 0.530250638018974 0.0366429038561951 0.336485085582012
0.384118208457475 0.209411726221679 0.999881411255922 0.864223396997088 0.999981998745201 0.182194742872411 0.734433921197327 0.549376798975938 0.272269530919714 0.628839578270992
0.678586677465805 0.343745629060148 0.998984838291016 0.732139831528509 0.941707764489222 0.304082649314029 0.0440394287171127 0.546252164664062 0.266047712478323 0.672687697151339
0.0738605297304565 0.379816150575477 0.286312726710354 0.227091887961779 0.524627139100205 0.0248421096110378 0.0854416709278938 0.513642380302542 0.0255679680327781 0.303733268213134
0.36839227465287 0.482808279068253 0.999013943218041 0.541309485977961 0.765809351556803 0.0895334406881386 0.022860770100972 0.528046961203619 0.0976199165019163 0.460359459197608
0.914598465826675 0.0091458527474208 0.985678447039999 0.384565945565755 0.737358124080044 0.216945309745433 0.460030693646096 0.511861627427304 0.037996452602664 0.41820905290317
0.0240462259157542 0.000897507514101997 0.679196131452907 0.19191765882503 0.903746809523281 0.0123264154731682 0.0114232724258182 0.489328261304636 0.0226300186201421 0.409392784883909
0.120135828428121 0.441854382130604 0.721806177234512 0.332517756329079 0.980311960833825 0.0364785100285507 0.100534175448713 0.502127107283504 0.182253123480395 0.371211588866189
0.0206991760430991 0.0321427095021611 0.490821835866482 0.160698294230801 0.632756470847164 0.0151265058006321 0.277051431293214 0.482203339596926 0.010209874917076 0.185780949815864
0.0836952515172835 0.0139434286339394 0.0679092847603318 0.486816795156474 0.58108291547232 0.00710507074927099 0.22783793753491 0.484864739131298 0.0834103300051461 0.132914746138776
0.505118061380556 0.971447795849339 0.986506406797942 0.962200686562063 0.999483644108671 0.153408346005216 0.805942689912497 0.644498992578135 0.678209299428642 0.737273203033644
0.932830104341987 0.00868368914905018 0.996475658547599 0.263887574004662 0.578803511940347 0.0432288599559667 0.0581417651283053 0.462758980691447 0.00467960035432094 0.389155616766434
0.955512525491215 0.782514216257403 0.999086081146178 0.649659660472164 0.991763877788488 0.0941410289063241 0.765725530715002 0.55888510039677 0.550751250228761 0.528896700704186
0.101679254745268 0.00357803299942104 0.93633366415228 0.398391633101864 0.895630436600596 0.0173750205464796 0.28478504186623 0.503524481339864 0.0304231209840639 0.553193140619083
0.952588028852918 0.524230940807485 0.795011799349368 0.230882628279834 0.962545197041804 0.130693629749791 0.625244001415135 0.52749206143719 0.239348008387517 0.364212686095985
0.0756303977693759 0.380789448863282 0.997904140998581 0.785347869674435 0.995244646193233 0.226689871176438 0.360088870715067 0.581169770448045 0.523181309477172 0.698541382551387
0.999374900893037 0.800351259406763 0.916822479793543 0.561135390773223 0.961723091252215 0.0650734651302931 0.293207646232135 0.558008996350008 0.293212022411779 0.373001726982371
0.949804314649965 0.361087956737921 0.996355049509171 0.379606135870684 0.995601427253749 0.0758237084407275 0.0200299374917998 0.538557932569068 0.0454982510772578 0.499293879768904
0.708079129354748 0.0877954885060292 0.397086443240878 0.327048445739531 0.950278682313753 0.0608793438646235 0.248704188843499 0.501508647123255 0.0513611854655357 0.531917423906907
0.904345682027622 0.96180788733343 0.997040791919138 0.670040678472634 0.996495312699069 0.12949389089497 0.147129706216405 0.591291385662183 0.39931933726823 0.657688674563748
0.59718209089408 0.989177991685745 0.995925154072412 0.654139575238581 0.978602978693361 0.143344427250086 0.0652116937747125 0.561600530444584 0.175440601289563 0.593582415187164
0.966667894797655 0.0121885049412841 0.513890116061902 0.327386056238032 0.683820085112372 0.0602189125310537 0.0512516344128224 0.483905823040002 0.0266642504210313 0.292914831985125
0.643067672012056 0.0139878843927755 0.997298525802529 0.477604063529595 0.993201632049781 0.266657924784699 0.587837691131704 0.545050777582975 0.170262524585491 0.619040109464619
0.949220730266135 0.405723668436324 0.760111013375525 0.525481772192089 0.983063418934816 0.319379486637747 0.610571530480153 0.588193805184689 0.226778880118329 0.58419184560621
0.938936149397286 0.00855937333359444 0.986733396851724 0.219674345574162 0.93727049826702 0.0483255989895763 0.112580173148393 0.472416483693801 0.0212504323167826 0.258892656946665
0.990736277085578 0.787575212416064 0.945641578558785 0.470619242502082 0.982099340430249 0.0356781914675339 0.00989914132458023 0.529907626203585 0.0612943940803885 0.607065304642929
0.582749086982129 0.018484257105925 0.960930492017546 0.50664950823662 0.96833746890006 0.0135976376037128 0.0624742803131781 0.534670785713715 0.0356713387579736 0.343579857447427
0.4235349777757 0.0557333486510338 0.855065078565999 0.515777758028162 0.736032140477866 0.146818510908391 0.0569893220501375 0.546633988487245 0.103181574763322 0.658699701598986
0.000902940968858942 0.0293430594079733 0.992194408733033 0.145907620495922 0.688737940576103 0.00915303874018374 0.523743151044259 0.513874202548955 0.0687278509672549 0.53527971789539
0.0834363202899758 0.595026747333459 0.993615765490141 0.602219066516801 0.990504387155518 0.671538841424013 0.526094173257012 0.570345604636338 0.240358669160718 0.698326633904286
0.990553393299895 0.291179824753805 0.622209901783899 0.360933131643256 0.666265895203428 0.024376329172259 0.124643700317864 0.51362665295224 0.0420502222945807 0.347180217637355
0.789040991861876 0.380513352624356 0.99137084093923 0.854222242404068 0.981681715215343 0.205538378773075 0.611472558794462 0.574796319750269 0.274559059037841 0.654427921462252
0.0736283419281969 0.0379812153781012 0.876671944654875 0.16827516592333 0.638235778640082 0.00190269338206766 0.0375792168635421 0.515834180225774 0.00675122269945036 0.252400678523005
0.93106249866995 0.00525846130661243 0.999621369297658 0.732328928814743 0.999201932544085 0.237484725393624 0.350722955085013 0.573853564284369 0.313286810698123 0.438004076023855
0.00565934616785499 0.896798666078222 0.164822841861583 0.625366455873185 0.931496059393293 0.146067257070214 0.644270903362071 0.546340116569881 0.190977241291185 0.452169155717968
0.952290765416892 0.0868074431776342 0.989531337134967 0.582526373196339 0.997339035105718 0.290089906109808 0.440401984015009 0.548179910575082 0.147898743393662 0.537113574285473
0.737038679288365 0.0172478376759019 0.984070024245136 0.487598242984309 0.983333518567117 0.0191511720829221 0.336129578846882 0.514685214221153 0.180719252764116 0.502537904787633
0.0289153379817476 0.541752702910306 0.734757055760898 0.555992033280267 0.685038268856668 0.0459389241086235 0.14210652880189 0.514313036901129 0.071659840269099 0.391848553228514
0.523704720946548 0.304282300522758 0.955323723997289 0.36452279365071 0.907281077568156 0.0206627013762044 0.067859148487494 0.477005444294941 0.0263388582974613 0.321666700864406
0.457329632938192 0.638800009261556 0.988811755948604 0.548816366216836 0.973488549045865 0.141414574016811 0.0366886249529671 0.508533390694162 0.0584449057736738 0.574235777351568
0.25932112188232 0.0113436241137454 0.999121332644531 0.692916585748644 0.995465018090066 0.17455038036868 0.53023976035163 0.544314328333955 0.18878836895947 0.312668324042026
0.116519408757101 0.944129177902327 0.997572686505141 0.511648746163632 0.908657021733937 0.0735987546190269 0.567375198331439 0.521212928348596 0.0645770307562065 0.573611806898133
0.984679752834949 0.924727753479231 0.984904134044838 0.823428882190284 0.973045816556176 0.556190715575809 0.64375415400334 0.570781611504818 0.543999248028635 0.588120408431556
0.00359463305784065 0.00739167229871847 0.379727111080331 0.20073428436161 0.926022438030706 0.0183590558017658 0.137943558577087 0.491917896009376 0.0572968440282125 0.426018259626356
0.86610495975957 0.826244161128286 0.980290542495703 0.855360657406523 0.99936682530678 0.669076983696332 0.968486022940931 0.599399631876114 0.669636384228736 0.556871820967052
0.246391037474341 0.461768732617109 0.394392606095156 0.224071775799804 0.957713495773485 0.200308649653191 0.145288073990569 0.516827003174319 0.062391756932008 0.494129737741046
0.738299496220594 0.574239764287546 0.992028029676975 0.879318993676664 0.995013973286693 0.137885480280381 0.353551436543764 0.536028719583699 0.220773265813691 0.643587240216998
0.452841460017021 0.446540942566995 0.573879453835109 0.291981268587504 0.973631970345894 0.02042639071806 0.405518763236965 0.485269962455309 0.0693965443808574 0.375392412295746
0.0833354034174794 0.990458161121957 0.939223404175902 0.68160600917852 0.987280022179154 0.468809382813763 0.460386328256687 0.569170532964769 0.262359618670497 0.79868487157763
0.772456479606359 0.0535866328946795 0.954986110440154 0.266460222143254 0.973334340952914 0.00754353567545852 0.077878574130251 0.482974364423833 0.0458786057347817 0.323915160823205
0.0534181893886688 0.770985538895015 0.95784244704524 0.261471194056714 0.451655903072984 0.00959488341890896 0.557991470741429 0.502167292757942 0.0727735996159306 0.286152596175643
0.109735805899687 0.022978375420634 0.976998982513272 0.119680343420649 0.911904155533646 0.00359443516655213 0.00997418313177501 0.476643695053266 0.0169923749569502 0.241403697313235
0.922395257203372 0.313489338471991 0.934783334645604 0.281815280022121 0.961521598903353 0.0777744361477054 0.320179020125458 0.501962019850601 0.0310917532792444 0.337659115812408
0.45553782571189 0.722286682299029 0.998347843385087 0.729893133641088 0.999672971920678 0.0391902893411766 0.605888041642086 0.557441436696835 0.304829773676906 0.432628378341821
0.13770289773355 0.970675863437277 0.998984015894492 0.853084753515591 0.99958689130263 0.832582467500338 0.578738342411914 0.634918940159333 0.355067776874808 0.765862618487337
0.018660771126034 0.026878124531902 0.637129275183796 0.289826793988988 0.977660924848816 0.00542329548682652 0.270133556152558 0.523654147947721 0.184232127360277 0.454270831618922
0.000611111547441073 0.000328330665890203 0.524737049765056 0.342582301870144 0.483927464384241 0.00927234224816911 0.0244835525969721 0.493553789596618 0.0320618762165833 0.380925291262186
0.522419906683373 0.114896173870193 0.835972644106388 0.690177509748176 0.999259801560896 0.26089191886362 0.0501826664358564 0.581969272752087 0.121212218823887 0.650306095539541
0.327752706991084 0.0119622936695121 0.663576387063236 0.14960768102821 0.0340674996585102 0.00109086561759555 0.129810270508619 0.431543602320339 0.0138995361538661 0.249567867471811
0.695771076391785 0.792755253995196 0.999771654262536 0.619143532611986 0.996876258923215 0.134449569676723 0.598174857122882 0.566022478234673 0.398192805048568 0.583234811128852
0.993488813192444 0.0120330922092392 0.997737440131347 0.316684117016004 0.983130341490049 0.00695239820637011 0.080867661672515 0.501720245882624 0.0167612439097925 0.336893560960719
0.140370318959446 0.430577613881968 0.855498687491959 0.632282049184548 0.995535096321402 0.079114761592763 0.19606381275943 0.52911832191692 0.153012930872666 0.31712943312656
0.277890747694326 0.968896315429253 0.960216521248126 0.863008577967893 0.998804119704694 0.482438970239114 0.547644147283311 0.577853706763437 0.590516299459583 0.589546336186912
0.976236263383563 0.480339516065445 0.454961318979858 0.689746464408759 0.994159492154637 0.0806714973583448 0.667813834342715 0.510754063164605 0.0491136619578618 0.651659646993656
0.999912970900155 0.143560677953616 0.691226526436638 0.514611813834955 0.966488163051364 0.0709649873217403 0.720574264399249 0.518657440357728 0.104329876070111 0.66052894342986
0.748363526774098 0.843414632936339 0.996169844224052 0.436979429899492 0.806104368946913 0.28648517983338 0.355845528026926 0.521401383997756 0.0386228328719784 0.308756964940026
0.993903832068543 0.668166071297291 0.964026432021419 0.496530547789856 0.995557247946948 0.161642810842608 0.186108190504946 0.578516142444666 0.134211698063694 0.687063321797206
0.664573241330988 0.00140557242244912 0.0141265393392822 0.342092260200074 0.899378512064536 0.12871356589988 0.157307224600231 0.486904039558344 0.0425683147134841 0.305823377628829
0.988880771206605 0.384949062780533 0.927346590355972 0.43615539698266 0.977606103838033 0.18163275223288 0.134581719652826 0.546085041980108 0.137004451803982 0.441592819478376
0.00019644014073803 0.0947566435516215 0.997118440301245 0.41258804091217 0.999006586287141 0.0471942940213881 0.339731623811829 0.578903709876058 0.156689803584049 0.639341871401543
0.210872146007581 0.816616912136646 0.927217288178681 0.305191080316051 0.954321179906784 0.0758344938188977 0.469932837887891 0.550458300836854 0.0874335128135078 0.530266543656105
0.343823236701197 0.816796255060647 0.965926537698445 0.480611826740462 0.965747218303571 0.139774070083861 0.135001236033512 0.544426102776965 0.130387492899375 0.413661458109961
0.645925207901165 0.000492982061738515 0.00257605112678304 0.0539728144636211 0.138034868210563 0.00195678106292621 0.00402708962267553 0.427601519628137 0.00642592150630365 0.210433663481157
0.0112350700953742 0.00101305269400649 0.709076825144472 0.246065819752503 0.592138513500732 0.0387407617365425 0.0527254649786625 0.479136087242259 0.038232459278718 0.479409640016035
0.0535523816823152 0.933653757794064 0.999262429447271 0.436787462014291 0.964400132009608 0.430799619245473 0.227564100926112 0.536100583921568 0.046398994599347 0.461769305034391
0.89296447902835 0.84785035398045 0.999340794376967 0.608707263830273 0.998486016318695 0.038904055326239 0.677013038466406 0.523988395489656 0.0734869940928932 0.287234911371352
0.337508853656425 0.197200644815307 0.992188450311012 0.697667506034677 0.999791485970437 0.592016944233201 0.305964600658848 0.599595770055849 0.220419832018745 0.787852068594358
0.592929637400409 0.198830210690347 0.308170201335438 0.593449051920614 0.993212448562814 0.139301757162438 0.559405325115053 0.513049149044252 0.0566705084746792 0.22114969856365
0.105864481562226 0.425438413051957 0.998041322424275 0.371005430116816 0.966230907985481 0.178727980256493 0.0388640372926696 0.483056894263469 0.0585530516710541 0.397931591394136
0.476468179087465 0.904041417970449 0.999799191274752 0.771784220618349 0.953169238555321 0.0825861255086848 0.833531391989076 0.553699897345472 0.117301557352965 0.634058643154323
0.964390169844676 0.981755527684892 0.996187221543377 0.825754448158435 0.999788390684628 0.507552351490674 0.455977838460974 0.615511486630512 0.42441286421875 0.623680417055998
0.60905546235188 0.080302599352555 0.799506635362686 0.201153791996552 0.978869791387042 0.171080438397199 0.09341026111744 0.506671259133689 0.115647005015727 0.409002980452513
0.294409210304655 0.00687075732347271 0.986480846812469 0.394836954209166 0.977775914557591 0.031703567156599 0.53413259507037 0.499163491800772 0.0947760159498755 0.293499245795516
0.522461886501392 0.00793586383629237 0.97540759419551 0.387929516694687 0.989547102555527 0.0459858694500227 0.127299627242744 0.521913938273245 0.0535333045154565 0.266579712164398
0.615432363707172 0.69869504007524 0.970507761420661 0.232552071985808 0.737123596955954 0.0144966065144527 0.103475702840356 0.44536784100137 0.0488140385343587 0.337916173773244
0.0688228864864941 0.939725330263022 0.824769295024696 0.556555245054947 0.999695670059597 0.436337156711732 0.67341455063191 0.593824980953156 0.357815056132616 0.646509869127964
0.316385979629802 0.0363489137919286 0.53489425130542 0.467098239126077 0.880903270818881 0.156383604724906 0.167782109530261 0.502497777543027 0.190774984578976 0.65750923856672
0.985996303242671 0.018499540646894 0.520522266534551 0.331549935339063 0.972752377301069 0.00766965267615322 0.128785362308258 0.517979014825577 0.0680819056959324 0.215617067377382
0.997074685764933 0.032152064754222 0.998376696033557 0.465447327716942 0.983561997933925 0.186334848270817 0.546613735374165 0.544346099622457 0.158057738067658 0.608664090550882
0.970314430208935 0.147426329230673 0.775523748725688 0.496048152843186 0.988548512919055 0.257919853502014 0.576974598312671 0.537532638350183 0.111294692232618 0.695550603311383
0.433007439202957 0.0465210438979699 0.971773280476033 0.597717256624782 0.974837104558353 0.0507591904445294 0.0981928286238213 0.569525116554151 0.149171046302804 0.545340044765497
0.271356292515281 0.457692080939038 0.999854937426685 0.440308429797713 0.696687205185254 0.0249129968787269 0.0834486384353712 0.521505952319961 0.104703617725376 0.334911195988102
0.0010173151701206 0.450639662390136 0.454777690819455 0.656923607639139 0.966586112970377 0.432035610997948 0.53763127884014 0.543883462238293 0.108736765007364 0.493211908464187
0.366469171402848 0.00108283953044093 0.997804497557986 0.58997473871425 0.998435723219373 0.139679565077049 0.92870746293739 0.603256514542988 0.0789973515285859 0.572167227694346
0.112948045627365 0.0632953744473819 0.939884863171754 0.449598709214665 0.966680670370983 0.0244140674246635 0.494912320618714 0.551288254175288 0.0943670975854028 0.407603061143429
0.231284055854796 0.0444162944767095 0.986030070822902 0.397337720338257 0.656953718084207 0.00370971916043417 0.0289022282952557 0.483913246008861 0.0605300258799622 0.183005934995929
0.873711082147404 0.396920952122374 0.911123873022867 0.883899801645261 0.999185861281909 0.438268009337592 0.767519009433058 0.598748886790653 0.294399110289077 0.588447123751071
0.0731063981022813 1.83367261921762e-05 0.977387160298436 0.195286993404711 0.101758294843606 0.00252386968014432 0.205660598647155 0.455065975359834 0.0149476095393913 0.196509619754303
0.131654884344311 0.00202423340401749 0.995011116101728 0.420648340969153 0.801770876745783 0.0317460137512925 0.814989436458493 0.543428910384793 0.138206010516518 0.228845589448583
0.997407772591035 0.931190708200195 0.967519656181352 0.526653313468904 0.988132911354991 0.163948789222541 0.107825702666189 0.512875661565555 0.157214305771207 0.609079335913564
0.175964788809586 0.932285792586815 0.996536335680831 0.686910128625138 0.990647777895649 0.089856475678862 0.239230378713955 0.590175220052665 0.645937239894491 0.499429577668369
0.950349897391341 0.11527631540676 0.999921995520287 0.357090679659635 0.909741012194661 0.0896686691839438 0.157256142668457 0.532745593838212 0.0431288050925945 0.413335821507517
0.0118200939599601 0.142089080272879 0.738772463565458 0.694170176483373 0.998849401786373 0.0317683885641189 0.167523734730176 0.527490083275613 0.0393569247507978 0.59769374206519
0.99087028259013 0.161604680252129 0.425131920515967 0.495036344205587 0.974283468067161 0.141781146448105 0.0416635416746876 0.538075549892191 0.0548905732703797 0.372173339773153
0.887205528147872 0.203885228645188 0.986769289190213 0.784352423427531 0.999952073969554 0.719817353840976 0.87481487417057 0.603713193514269 0.43921420846858 0.567986557776573
0.0109125074063539 0.0364388774995 0.0492937351733914 0.174208587495421 0.501104951051197 0.00485032738876681 0.0334287291215182 0.47826349870272 0.0126886810484954 0.260849662111527
0.987572315397547 0.282268134571354 0.99859112302549 0.417495916461908 0.992820822672106 0.113780618821664 0.368859119286332 0.52095058598177 0.131283683035702 0.453283263461633
0.574950094927214 0.0385608499551615 0.685782067037752 0.337910750768451 0.887783155642245 0.0173260994044445 0.0904895969196996 0.474373301059671 0.0274978566222731 0.384375237921866
0.775847311558573 0.996073156305366 0.999229489212754 0.722548821455099 0.99641257630312 0.488559083873164 0.477901353204116 0.602886602792496 0.539286740656485 0.613494694127208
0.0359267160182986 0.218575556755582 0.999395225978481 0.335594002362636 0.581434654948293 0.063798046494491 0.302105046031847 0.495749740495452 0.0137854407014717 0.336108726556428
0.646193856834929 0.852472396555897 0.999952739398868 0.839826887505465 0.995679928135184 0.393213220971511 0.158582118268101 0.581946118232486 0.627154057189376 0.637213977565677
0.127524015280935 0.618321500576296 0.964519692796622 0.262324912935681 0.998324548602463 0.0352158720212576 0.11494989244491 0.540489846665801 0.265915883922065 0.515742810162043
0.112910096069607 0.183437342500029 0.99850510855477 0.330472405916634 0.798680883325579 0.0620724189368357 0.0806850863392874 0.521701614447055 0.0347483736117285 0.527420322429838
0.989012710574181 0.236620545551744 0.168279599781667 0.225982509776413 0.919528309708788 0.00314789309376298 0.0183366167983497 0.456885266359002 0.0143060337504456 0.332304636028307
0.897489600237447 0.0716050497124849 0.998669384615793 0.449099806097266 0.959378506420314 0.104980568545115 0.318603334790298 0.487588532605515 0.153396789211 0.515092994069476
0.684460074189354 0.000951309534051477 0.993476086406933 0.158151028218892 0.197472152343467 0.0182318091170309 0.129223673640058 0.481644930073178 0.00776190109083983 0.238892261148324
0.810752889623746 0.0831942282189355 0.123839800074374 0.165287592194078 0.649493025148072 0.000697523443486675 0.197278219755302 0.479832128204615 0.0353001233558625 0.405694881028144
0.587161889741986 0.491901859644168 0.726825384171083 0.510000232393896 0.983379070630367 0.011428555257526 0.116643332593353 0.5301656627432 0.167954041288566 0.645926973916865
0.0762796790428876 0.649472639781477 0.996695709018416 0.563190522888406 0.988844494315442 0.646945758824922 0.862551440353997 0.541958964718594 0.379798068161229 0.511643589335047
0.271288485439486 0.0183927936359255 0.0948956270326102 0.165021861870129 0.893216562659781 0.00552980215952375 0.200510083897697 0.460333639467192 0.0185528579608809 0.351693425105472
0.112848076497937 0.00542819478144711 0.987217447754403 0.497282348626572 0.791003917356594 0.0669671672470776 0.721903773473961 0.525007696756154 0.0641575663789515 0.65100469318159
0.805985995780836 0.453861547637586 0.991267892264226 0.473873588324506 0.987367367457832 0.00868203218467245 0.176186633273924 0.516904232657595 0.144794544435143 0.320917517235738
0.000445497093495538 0.00296255498252981 0.952049283327989 0.155759230111587 0.187007329710648 0.00500123034918235 0.0684901367393417 0.426207777548746 0.00852937919751556 0.275172289956826
0.261421555550666 0.251519396489243 0.966280671712479 0.165316397901164 0.922322521095938 0.0264268761706046 0.0693499085482472 0.474705213600192 0.0379975974393408 0.496250391129156
0.984047534512483 0.933210761726966 0.999157921593582 0.740757402441378 0.999410249179017 0.136674452833564 0.547904247806199 0.613769167576282 0.269353751757439 0.753922717392071
0.182652503279225 0.00640274440527455 0.921406393241557 0.225954396179142 0.937522255882744 0.012409020449264 0.0331991284581523 0.501955222263867 0.0114409239178247 0.262254254494698
0.0907328056734947 0.00968305467846194 0.997705459323191 0.393993307431976 0.996601654829772 0.136392344767679 0.197068797920693 0.570732679260271 0.0309485728708933 0.34223749567253
0.542281732804762 0.46358716542481 0.983707650611712 0.263049473520727 0.982285478082075 0.0113239114342987 0.06631709058958 0.503054254870475 0.022741881949033 0.40303187016557
0.874711324220877 0.0567225260885233 0.787955449518111 0.155684280420267 0.0708841332301911 0.00269046258909116 0.0698348008894145 0.473674587073706 0.014102543302513 0.428424838330737
0.842449442576164 0.624249681511903 0.98101560300409 0.743616217897046 0.972438527876227 0.188301145553743 0.216848876721275 0.560398944007981 0.510499968425308 0.71126099784463
0.998364298488933 0.275226524878338 0.680150078562034 0.405757544286357 0.978951017876457 0.0156227217842472 0.188021928289368 0.484096231473854 0.0467241391686615 0.36759922934044
0.0583175227687755 0.131553241782991 0.992855218987206 0.382129000770615 0.772854573945728 0.0312767720960166 0.470423125745854 0.496673229436347 0.0709116074505518 0.432176770260502
0.267775003323437 0.526497119249361 0.999286588285901 0.602384323481144 0.992589007917004 0.165021689942444 0.801983347355519 0.556965208429087 0.288091923095124 0.494159870008152
0.973132144510853 0.187176605610139 0.388399111295048 0.391489138361215 0.982684304831007 0.0298449850507691 0.165928837112189 0.537323154644572 0.00986968339814458 0.401374737802417
0.543736869051271 0.930559656876466 0.773656891066046 0.759287090639778 0.987925515643452 0.223894508048093 0.200378542501121 0.57696670179851 0.282141416575349 0.494570196551165
0.996194097188877 0.999149444618428 0.999862229685502 0.743165268115835 0.999688683988819 0.738981972746042 0.904764626574291 0.612928556685423 0.583852458467869 0.605954416071976
0.756006370155355 0.0188833649721899 0.206815515386608 0.429799014617299 0.99223175553625 0.0316330899652362 0.117790395308631 0.487420425336344 0.185871906091806 0.51129535623814
0.554558840285563 0.0531177255971676 0.99869049115136 0.14124150154667 0.909971974907005 0.0369355270942142 0.220879631624217 0.507950544690347 0.0750000692784108 0.462796233385444
0.980106470508802 0.668704822715656 0.998029721525587 0.774730893239466 0.99936356657563 0.197007889668062 0.64704880510897 0.593010680612161 0.333445105377941 0.698590186697644
0.948461220942867 0.00187112518339614 0.992903417626178 0.592680296586076 0.973712053904234 0.313119548596602 0.783170485677211 0.562766333794784 0.304209046016904 0.404988330051464
0.0758250459795546 0.013073290903776 0.445918455501917 0.226290884474912 0.646635134633834 0.0126771197535454 0.133343431733757 0.471844184532791 0.0171090426739584 0.315849201063112
0.991002878177759 0.0886628759207922 0.996649441361622 0.558248129646071 0.955914850134854 0.135826686300667 0.469441958900212 0.577255783026391 0.193735928962119 0.613178218996067
0.134735181156059 0.884830011739607 0.981968823881837 0.487702239262761 0.97496030913049 0.111753365680057 0.454180367363054 0.539593112875664 0.0606732054647149 0.505154614320295
0.265661351610928 0.0311062277811461 0.999401899861996 0.707313010547599 0.990916671871156 0.174464248961852 0.681124437107102 0.584588238274818 0.145005135842539 0.689142284328482
0.188508481622994 0.558773435386316 0.927213568925514 0.658334941126746 0.998611197237543 0.0519130041675921 0.0693964382830116 0.509996042344359 0.235485963423974 0.427908046833408
0.00462255746459448 0.0497446218371848 0.860457416198571 0.077573624107907 0.976740964589694 0.00961255525133222 0.114380281192401 0.45778915852188 0.0155662234769176 0.446393697316173
0.0116421370313102 0.850208349705301 0.992834068485995 0.498184863579113 0.966699752521938 0.0496424876379392 0.257713500145505 0.508782066685335 0.0888118733991804 0.485456225349778
0.999760758345229 0.989929658196048 0.98904226461731 0.74771180262146 0.999667935210413 0.459192230630519 0.28329238506539 0.557069770487438 0.563446368536183 0.75273315147985
0.911709049881374 0.470589914820031 0.989940276598762 0.800073034781282 0.944192963571502 0.0951457680892708 0.428039494590031 0.598867751528129 0.198175434633854 0.513840874800248
0.159795869045188 0.328779900360906 0.839552112285213 0.380940594293343 0.924863885484921 0.0364774855291794 0.0373875071709849 0.519728044577656 0.0968883722018615 0.427953598380834
0.0524316943933192 0.0144689241044869 0.970599139061531 0.127496484755452 0.557169973985862 0.00725626274055457 0.0239151568604579 0.496899243350632 0.0280386108881282 0.545416981834626
0.0872897204630019 0.0107851176160032 0.381041565723207 0.125940345518602 0.0127978464633694 0.00164743922050884 0.0969331148865597 0.406141027352594 0.0031126612390078 0.114846643394109
0.0966067312029713 0.0873641992650649 0.7688647456998 0.539704193725228 0.993671601866835 0.0955091296754534 0.2891748280148 0.537955018567163 0.0568012538231469 0.332117635343219
0.0551567180969494 0.00251167732069492 0.32330574848089 0.189431664420595 0.169485608148397 0.0102382682399153 0.00427298299377098 0.440677906181393 0.00616692840586889 0.156565651180575
0.937615222778387 0.881807419693367 0.486599859637889 0.693415555354661 0.996533595046686 0.365754932739385 0.720599059491477 0.569982935278051 0.123284684335864 0.561141002112423
0.994138976882572 0.00746193297717537 0.796196821305496 0.552666235188987 0.987850015267182 0.1757495769239 0.400217656529542 0.566075257226963 0.114670381961838 0.491661003381686
0.630272895601646 0.975268239199469 0.999217378716402 0.738456561948901 0.999130489801147 0.414734114810547 0.181670333950065 0.590346329138742 0.18481523298723 0.591022719783825
0.978772176626424 0.00220372242716833 0.995890925255494 0.402380035985466 0.97522204142449 0.0585078473893393 0.0968299530927334 0.511731574240779 0.0685758229654445 0.337340709213274
0.966788333605577 0.0064480475427265 0.985866350412547 0.421670607956888 0.977927476358222 0.0416096562523966 0.13509022170027 0.55618626652823 0.169452393942802 0.562186766415975
0.47863196924334 0.666007181152218 0.988654026684134 0.516248126721665 0.993199656308405 0.0531820505519547 0.157712488067568 0.494774508055373 0.117033229207233 0.499818823318326
0.000499813723063787 0.276053801717708 0.889334598947788 0.0822971116633096 0.427828684584067 0.00166908371510995 0.00987929036851081 0.444157836266091 0.00624144452537605 0.480033407985032
0.962591362440912 0.154234538259684 0.570603386409572 0.405763454229051 0.88571980972872 0.136477001053554 0.0642187967243771 0.545578456424337 0.0876974675332065 0.495852047943536
0.026151638878204 0.00316567328819871 0.124612679461755 0.234567015479304 0.875705716479379 0.0220528632848102 0.079853503872368 0.502542932338841 0.0313905665054865 0.42026270126649
0.0017293517477878 0.0111991932788928 0.0587686684460253 0.346518253240748 0.760936991319492 0.0203127804605314 0.0579479838845411 0.503808554480404 0.0188311684342168 0.317312868212518
0.999764704401178 0.981047594709531 0.999996177321784 0.953219642897643 0.99999511435863 0.852573944358596 0.67662019548455 0.651043136132049 0.867282009169441 0.837233372101427
0.738513928831351 0.00377186915121418 0.783023139799715 0.230271691869449 0.67323025526901 0.00262245910493374 0.13138834700865 0.470557039616096 0.00685020907465277 0.400458348593207
0.421920394811038 0.899652600023928 0.999762888205483 0.634312951489854 0.994558207145425 0.0550194047041542 0.466099686288796 0.557335363785911 0.148305949163106 0.547028385779069
0.999876555316135 0.591224275269042 0.976646063748273 0.593416541446249 0.997600065195991 0.323323937877377 0.909710185719141 0.580166637288367 0.218111162457557 0.774051597088978
0.97597952684923 0.00385613262066537 0.940576794459585 0.341612488043673 0.866550428894289 0.0535827695185747 0.251595621097795 0.503970561401801 0.0459005219256568 0.605355239795457
0.923623905134347 0.5968402284653 0.773727417728883 0.675822492244983 0.989184566301757 0.0902005538558336 0.656570777420059 0.549297409827836 0.133274568751528 0.457314357700009
0.734101458130114 0.748910495073427 0.976081817333076 0.736961791199672 0.998204224264534 0.133140741274559 0.668136892184692 0.57352556061345 0.243488282770007 0.419277226069867
0.625247368179114 0.0294499049292941 0.926784654703999 0.784796412858561 0.996571813088904 0.22768549308354 0.124775825741651 0.570429694977874 0.0860733903965969 0.467098513990924
0.912326396345266 0.0112581392456986 0.401243534939101 0.460074536838698 0.989109246359474 0.0464586377311086 0.330071247522508 0.530461905988937 0.109467119106623 0.625157291603032
0.230653651170299 0.13241942102784 0.958613895929151 0.23040966654107 0.372976982400652 0.0156744228130498 0.123688871408844 0.47445008331443 0.0120057439617602 0.207390773306657
0.0224421945381327 0.154233707817257 0.996501928430525 0.183019038761406 0.43711607490267 0.00385682489059249 0.16895931865672 0.456788850749392 0.0259030469686219 0.156019314903646
0.552262344943056 0.00284397889287606 0.887630678208044 0.281538769942049 0.372517593224249 0.0117275250133588 0.160449142895731 0.496030551472029 0.110490254176903 0.606774996933597
0.0274009805508508 0.000500528958079049 0.463764766074205 0.235993503836434 0.88332804706371 0.0288565154688864 0.0439525578929859 0.495807826278412 0.0201070779104172 0.348390373157291
0.772628321246614 0.00891238589168323 0.555488785678284 0.123864325253977 0.859512115078082 0.0132355227326183 0.0630379240087617 0.501442608903685 0.127466676951162 0.522249154516358
0.0879378327894034 0.000536919638197485 0.572792561589572 0.119330104670105 0.527413217764663 0.00182395009917321 0.103222132238164 0.436428803075777 0.0125171633033712 0.229151086299644
0.528317418700483 0.419097973228082 0.964674653409965 0.333369534342619 0.998180847063877 0.046245021330441 0.563456660107965 0.528059266197674 0.150251746233998 0.451581357065629
0.988226305786957 0.00405966029563865 0.0819290847256558 0.293659377424294 0.757385073931425 0.00566535809803399 0.273938897953508 0.470669906544291 0.0108901708201449 0.218515261312894
0.440335859209041 0.0317906487262671 0.966937850419257 0.379597511692448 0.55268604255747 0.00955843072930092 0.0503949355746138 0.49314871023736 0.0753978445902161 0.295034661622227
0.800316335145756 0.632844883354012 0.932665374975501 0.710431689650865 0.995059326140681 0.535760795387385 0.561961241167253 0.569264942172679 0.24698906891235 0.716621856325042
0.0914610917697585 0.806446768130012 0.979100515271273 0.783175705660479 0.998959336543679 0.599341749597743 0.503152279942551 0.58265335904212 0.651172245783516 0.715462330790673
0.00235507556693154 0.0457114185806911 0.291897497289246 0.592938922655471 0.997038257029213 0.120822990204597 0.603685417078158 0.56599116670023 0.0530347987290803 0.442962113928586
0.392689564861142 2.94784115250261e-05 0.326721014190238 0.12978519561665 0.521981224214438 0.0165231304544258 0.0621719418680352 0.463908783120088 0.0304469846628321 0.344576145639181
0.175819500538137 0.0758084911328411 0.995915218354747 0.624583107109022 0.993814942104829 0.255684098545661 0.453736729731762 0.549974325366156 0.218777207439845 0.622224024936356
0.0686627125191163 0.0373558962213427 0.958173379621537 0.558636985041082 0.995721382173131 0.224869267553514 0.182207554857473 0.548469871294095 0.24982908503914 0.605420789825823
0.997971421646429 0.967925449954725 0.995817416433415 0.789744745988065 0.950180942702144 0.0523630207717649 0.056178047314671 0.58727323018452 0.0579206061726127 0.531158313401088
0.597475302318464 0.987723003376907 0.987897533962449 0.583136840691133 0.989856201665648 0.0291942860217079 0.105961169262494 0.513318859950778 0.0885880605361457 0.579614775843231
0.921561654313011 0.181569147702449 0.963567231535452 0.424657615020942 0.974999486265179 0.247339956060142 0.763016693191097 0.569661585476859 0.251363520984942 0.616355861211758
0.996113269223321 0.674665659497333 0.999371199447659 0.744872045964162 0.998916433866566 0.149247242252072 0.359277693708058 0.595260141160784 0.196244996128295 0.44557118592286
0.697374552962683 0.879397820502941 0.994272339724243 0.689493959036601 0.99821492333422 0.13705337574625 0.472840074919267 0.559812827642143 0.362398069585622 0.73132272585382
0.187222536513861 0.624270230569144 0.998505208921726 0.528688878594738 0.993624856313846 0.0673568314575843 0.424184874954591 0.582876246982434 0.101394888925052 0.390198168623204
0.879903963288928 0.0613132712839371 0.999929340973333 0.548768040964697 0.995648204954914 0.507568567564529 0.32794914184661 0.564559773688889 0.298651215852804 0.78706713370738
0.660026109400533 0.879734872938792 0.999985992669928 0.942993429241727 0.999310505365706 0.732563989020169 0.753499948077196 0.635846174496246 0.763820338818246 0.73591132464475
0.126894582426491 0.00458623568943661 0.956263783974921 0.446500782837132 0.9943320831852 0.110974431793954 0.650140402415329 0.547178791518518 0.206897914250068 0.59078813877554
0.328816976378329 0.117089321538734 0.926597574990785 0.620395796706505 0.995975486979602 0.0612063236469252 0.242892703005102 0.530980768844531 0.096617447449112 0.692003031999713
0.0371515235342125 0.312771272356955 0.971357300065108 0.797050337694149 0.988483713385718 0.0714503286624199 0.339544029712334 0.540742142781589 0.20352985541446 0.51675032006022
0.466231823412988 0.0133105712557136 0.964879250961039 0.427512321246668 0.999097337424615 0.500227383374019 0.719980432183696 0.544759947064422 0.279064163507374 0.446484000350544
0.343395291576481 0.0843884886910978 0.989718777564547 0.320885919113947 0.927783496053266 0.0837035252265471 0.137464588147641 0.525275210091925 0.0155180612856151 0.380066276358691
0.549802984977961 0.0317557678015657 0.943866195609303 0.449041639163482 0.98429602950601 0.0489047905977921 0.0188157998199031 0.56169747540371 0.0752709080772156 0.49072726853376
0.68241310362947 0.423919465741723 0.997616789697254 0.834299611719366 0.998687313348968 0.36495113538387 0.491914072543106 0.601311555967331 0.581109936602719 0.65300355776705
0.975649486573783 0.507174770423949 0.999215683875888 0.735221494989188 0.957841854169586 0.412782616661553 0.884107968957241 0.582921044379265 0.328455715130079 0.669465326034692
0.425697789858637 0.143633920897003 0.823275911288063 0.350241971017661 0.994256062892597 0.0105929597787706 0.0650508366032622 0.489949009735224 0.134012504865587 0.370952795903701
0.14916583236246 0.249722650689326 0.200272244195443 0.398953322065105 0.978167058559816 0.0725927540149926 0.231784489868826 0.538797748024382 0.0548513614322843 0.633341845889924
0.173429163631415 0.000314608746434743 0.474229037210504 0.0706593737626096 0.0479432226895069 0.00123218796536883 0.0415096801179575 0.405151534113501 0.00249747761443017 0.224718060269413
0.12626603813082 0.00181334848409708 0.00736979607687691 0.120411134307133 0.370755886143079 0.00310321011844292 0.0618098947433201 0.439782139628871 0.0114696492582996 0.326709068831736
0.869340377001428 0.901685847940569 0.945726827620987 0.834572221365666 0.996987215812298 0.0498097213991265 0.442951617442655 0.574756275978468 0.538168337256282 0.613432322880195
0.51655720460317 0.231451069294939 0.995183235663043 0.417485054604509 0.995538394691859 0.210725368585831 0.336940197930626 0.524744808132605 0.167024153088196 0.384896354797294
0.101802539409026 0.562928952546715 0.908789274730514 0.483776153352723 0.99924513543639 0.412779173714881 0.0781799079080991 0.556563610123423 0.346424398819937 0.471371452842156
0.0181256914894233 0.0295227613807345 0.212040661311698 0.218700331657491 0.496428592101063 0.0125724192346709 0.0107747479609524 0.489429292622813 0.0203658171744061 0.22199094335948
0.996252773549374 0.340229424864649 0.986483496518422 0.736926425369102 0.994270787613676 0.445754658343181 0.24767961716763 0.571580996947754 0.538879211902482 0.832957558317015
0.366722120268841 0.985094198279956 0.99852764730979 0.600183635594768 0.969352756559184 0.14683052215443 0.830097779277149 0.591656239267599 0.337455934948295 0.35713601125039
0.0124327844659216 0.0404051653026814 0.864971593978601 0.3325773568821 0.855967494886301 0.0627956732611979 0.115925164067699 0.503452255293968 0.0348250773128003 0.482367580728278
0.988245922667107 0.0578818223000058 0.999716559562208 0.655180974356111 0.989181529020998 0.189115538033833 0.487320240710751 0.552572079175491 0.217337037094883 0.620684640709691
0.0634992895617437 0.0326195413049346 0.985185801642017 0.552447950720986 0.94299690346908 0.120375107147862 0.0892958340690165 0.501743353122214 0.106925842431053 0.523606676910957
0.848884666733771 0.770396355094114 0.966495152525688 0.476565668314668 0.963344109742646 0.0865617676803775 0.233680711741476 0.561667053120889 0.151170661896212 0.577088086725082
0.00880779288977638 0.00511042395678767 0.843947804868712 0.271519632293602 0.862221440141789 0.0168768290436185 0.292017142762123 0.524508044536908 0.0851624710575329 0.396037817299124
0.0249392904801744 0.96690926721228 0.729251879249895 0.245100364104042 0.84920354893234 0.0993724346301652 0.203222556969003 0.545410262124053 0.0628655179284183 0.436931870525741
0.0102964400967051 0.66954009613386 0.991203326061661 0.640912390253735 0.99854166590462 0.0407152023720251 0.458016599557659 0.579516864815654 0.230639176888397 0.59820397630919
0.145738376855734 0.520354236606811 0.997197826623843 0.362102267399732 0.581863931076557 0.0382683418510199 0.151658330616452 0.50113330122365 0.118922490505649 0.231144448554965
0.122268069682621 0.266832218477353 0.99919556673552 0.269628855040332 0.98811016800655 0.0505955385501215 0.0637331482435191 0.530632913879897 0.0244691340950451 0.534953586306586
0.53551822849524 2.29992224654312e-05 0.854151508906569 0.157968773533297 0.892421666788997 0.00350856845477154 0.272403800110538 0.457874992758627 0.0172290549979899 0.398014373634277
0.928662408927203 0.0114504309617957 0.628154560887659 0.599294240740669 0.946413751786539 0.042453368542785 0.113334500165911 0.49030260813852 0.030922175658731 0.359203945273667
0.340798564356499 0.543627662303879 0.999290032296946 0.620812868298115 0.960963319421695 0.396146101343607 0.497101831178243 0.576618226334332 0.223247530216616 0.69070049601593
0.406892886620215 0.309884767359816 0.548348102535989 0.491894827847351 0.997142739564426 0.0921181995451963 0.427149224455576 0.532430905419917 0.0730856202713994 0.479241773724233
0.668921688301255 0.0227897239632436 0.971344336540358 0.504008230135348 0.987443293147029 0.0284073008706239 0.837811833560044 0.565303853410964 0.242123869943481 0.676177729223462
0.674881462112266 0.848189288348209 0.994298488155149 0.824136849553823 0.991214876291861 0.216977955233619 0.649472058162629 0.623885861389049 0.641559027817269 0.540476815049575
0.983928641462088 0.753898689657053 0.999425069963981 0.445069775153907 0.975249014532826 0.0176405644994233 0.162093176443642 0.518236713550096 0.0960727500102672 0.397419120448631
0.358713162647486 0.768356074114541 0.979031971722961 0.349495924532377 0.977939687482934 0.0869288761193952 0.130616011366389 0.531625920599181 0.179161267477443 0.508377206090381
0.288330637641602 0.881898919983804 0.991853337802722 0.494704622182927 0.986370736552856 0.173204606609098 0.306133432628407 0.559592289776989 0.189841951103083 0.693336040312492
0.00985596647648033 0.00244633763905054 0.00479324399357969 0.10607225011244 0.200449327805846 0.00651745244365791 0.0330295524552739 0.473351661346535 0.00532854639911834 0.310611086304623
0.771994551837049 0.400579182546826 0.815274768181838 0.535611187031741 0.9884370027637 0.226194403854116 0.478760165496984 0.541521562549014 0.224609201925715 0.555089425215281
0.0607529013191722 0.97180616733557 0.969377230845605 0.419121604416712 0.859695918165485 0.0603773648430978 0.273431113979822 0.489826060552433 0.0330660346428113 0.209029485965819
0.759842460654851 0.476986946835979 0.942359118370007 0.693097984491618 0.993827849904465 0.0991207211853869 0.10075515486593 0.577784320639175 0.176794484163722 0.493249503341431
