0.0565592289247252 0.00194423878211483 0.196708366448346 0.198727997060629 0.378590725042144 0.00571511140785291 0.0769475422336564 0.438482066428082 0.00681321703299491 0.324962580502084
0.857837656310865 0.0190203925004281 0.991777261368764 0.318492441235079 0.987602624786014 0.0549262640408095 0.18572600673319 0.550719511237677 0.118421917408168 0.607446849138742
0.185202770658139 0.76351093378986 0.994654353013366 0.500719557733975 0.989116278085841 0.0693624047774231 0.283007690190212 0.550590175351912 0.112922069328377 0.694994855045011
0.0309879891183538 0.0140272360356709 0.902061500008783 0.564073501735853 0.461119528734848 0.0784907855643574 0.327892483498042 0.540278635344545 0.105594937314435 0.378276885368666
0.223510837903642 0.935340704197692 0.994367936494749 0.778855666980783 0.998732334197011 0.793185758641464 0.480154283931954 0.620863319896503 0.324622476601901 0.682336922579372
0.00230840186429261 0.0199325887659866 0.997717674131419 0.178853629115827 0.229767916002657 0.00209218301198583 0.191614727058312 0.466733498922721 0.0124114859849141 0.206352457790985
0.953203180329677 0.368086703687232 0.999520127633331 0.727734826874836 0.999613212658077 0.822601007060915 0.813919718844095 0.612183646131779 0.821478856166056 0.774050498037392
0.551137937630148 0.0881638939850615 0.925596797255947 0.470431628132209 0.250029854552489 0.0916792745702073 0.0179203452688951 0.509365525791698 0.0445966531810191 0.408913154111096
0.344645153791109 0.158776801800823 0.937381260619094 0.375067526554518 0.929452598542524 0.0448627033796245 0.130335985980521 0.517736873430523 0.169465088191076 0.366233173873181
0.0988271670657831 0.941449988339621 0.977318716224984 0.415573954015613 0.996253396481635 0.0237136923429804 0.0207138501198598 0.501267307561589 0.0954410439960485 0.476715355158452
0.479038712835172 0.00846081918455774 0.946865273640171 0.304336263380836 0.621372489565575 0.0083762175383227 0.0202815966711847 0.459041285249328 0.0234198324479052 0.474510503142276
0.998565485137981 0.00802017218152582 0.953753221419205 0.815925849597193 0.998029597950206 0.140154106391051 0.222838573659167 0.597157097377375 0.302265753483948 0.655079363855035
0.2011575466163 0.00624411923283558 0.688796034311481 0.500597705855891 0.997481310619614 0.0030185941879007 0.23524451236558 0.519708830392294 0.182316592228277 0.442119786870627
0.91056859309998 0.84297825653779 0.998641897792334 0.767172472810057 0.98424394161684 0.211621942673204 0.504410893262552 0.616821016054305 0.761952173095923 0.732400882425609
0.994404439650418 0.00247276402142931 0.877009641871549 0.6354242966321 0.965604175322596 0.0485101014881039 0.560460128451143 0.544425106659957 0.144388488967769 0.501443827040021
0.00247382984208757 0.00718177330325169 0.184418461434128 0.0998119122559285 0.846826880831246 0.0087356370510808 0.0193088079335769 0.452372903205253 0.0118687658049817 0.250552914070485
0.693081521047539 0.141960292233707 0.6678672205753 0.71973457296295 0.936682448886356 0.107607636405722 0.24692747737386 0.574498802103574 0.233559506012407 0.508387808617249
0.86686007141 0.866489260580852 0.826482936713869 0.4180829151764 0.926297937450073 0.0458559704234666 0.151915860766542 0.542308185830842 0.0438887591858919 0.327834942376567
0.178539621136507 0.376042519963903 0.00926490958249218 0.0745150428837437 0.270455842539478 0.0222767040367038 0.0424208101686648 0.451371592862791 0.0151997640040082 0.210141398439931
0.92186523971207 0.174468733614477 0.999546462321399 0.611906554849992 0.993234430399548 0.0220807479257298 0.428404164515673 0.516643921391156 0.222182391041594 0.495164300867529
0.122507416167451 0.992095780041314 0.993766154329464 0.780186678546419 0.999522276217438 0.0831129436365951 0.969631280622607 0.594836344552176 0.252427528483133 0.756974786159011
0.0244928617144775 0.288103573650389 0.892527278712876 0.539980985986495 0.99701737459322 0.0253284897525526 0.11152936038028 0.523962879556933 0.202057214680434 0.525128366829514
0.977648070745759 0.0815197119662881 0.295234150050567 0.21855645396548 0.465841191161148 0.0104546182895177 0.0466839904529479 0.464075524625895 0.0165640233093162 0.14324202263209
0.777292264313749 0.939130680187109 0.998169752532161 0.701546068059195 0.996945306245532 0.199331758511943 0.12998145577269 0.602980196320378 0.236725800577897 0.420771895798672
0.718218102306112 0.0203499353883322 0.909572860923394 0.540256441029476 0.769212852738269 0.130826542785628 0.111880663922355 0.554612415005989 0.0332786233941418 0.717146421653267
0.999841710314523 0.911134064753873 0.941110749915288 0.742608604244968 0.995311486566616 0.210977018125603 0.0424762656438148 0.54775330013436 0.402027084573484 0.484660085740968
0.984148457192115 0.855673163555456 0.98413912569851 0.764414372926539 0.998271016504362 0.829262601861491 0.813701054996761 0.60015505705232 0.533240412326151 0.713856524163091
0.726526070264229 0.801092238547554 0.973492970151303 0.685358857771042 0.999605416100614 0.384727814626053 0.704241461090498 0.573720821109627 0.402010124685127 0.612302971833622
0.967798881281333 0.992826309087095 0.990905641844384 0.882359826794065 0.999953154638517 0.833387171994332 0.726609484916538 0.635246492150254 0.583505261357142 0.756974376792511
0.637748712014404 0.00114098665729413 0.402753428948355 0.140854981687086 0.815311599804984 0.0277696747317825 0.276188722471032 0.503259851622674 0.0227649854253176 0.350778092467956
0.674737889399607 0.00329669378325538 0.808469647202319 0.40268738321094 0.973748067691779 0.0457920063153277 0.328523096673878 0.529318427590293 0.0730394135033215 0.368480446837759
0.354098438207086 0.00201118430057026 0.749919268658446 0.423342865609609 0.986592934015955 0.159692245091871 0.446550690509427 0.505165584376291 0.228688232270913 0.509117150645541
0.871120138290398 0.00271514627943349 0.955422792586362 0.213586940894516 0.442912131998039 0.0100441315077199 0.0206697768801996 0.522124563887025 0.0712713876340647 0.229000302522282
0.00515655434361852 0.000489910114179937 0.689527734623293 0.189764015493412 0.0998347639929234 0.0055040947486245 0.0108744592331113 0.457762302845697 0.00709298039142878 0.240755098429294
0.935136270785161 0.833859015740297 0.978398596119862 0.634082235593173 0.966940880097071 0.0535012614155173 0.157479196471889 0.529828971132143 0.0458385673377177 0.587160471520253
0.949296073143793 0.857829245314706 0.99937334881414 0.611537840200084 0.963237636900499 0.195740755599268 0.594232510120624 0.562256823349846 0.172110954430056 0.696468009493084
0.0352960210236072 0.176055882709988 0.971626940508867 0.390817696589407 0.999975590112298 0.0389891251968499 0.315045130633258 0.520793230673626 0.123301264435472 0.493446390543375
0.99333806744267 0.709020169259065 0.980030623292098 0.538787854544162 0.921517274100451 0.129440024547245 0.26473465839052 0.545670590883831 0.20858827162225 0.700249073553754
0.977724270207931 0.821871875636411 0.983499103376905 0.435426204646065 0.779166671622855 0.0401802935818147 0.0574268336267013 0.504565009760785 0.0888601287129163 0.457171492501263
0.995872727347655 0.829458861450102 0.998138670944029 0.710416387840384 0.918355973886562 0.579600626154949 0.681339012943869 0.569106425443413 0.450708866204202 0.60952979045163
0.156343242465929 0.0410442616214585 0.998116005101744 0.716298249814125 0.999559608180467 0.1310116514656 0.489888523567128 0.582375177607875 0.268694438992304 0.512955812562941
0.961337519454819 0.0340078296321058 0.996809664135416 0.642532592364402 0.999076092552698 0.0215381979921514 0.0673391894867564 0.566528934789758 0.155151472172279 0.484185781576933
0.238344166915991 0.0180297438024526 0.516186475172992 0.468284366028815 0.845529910428534 0.0628193174837787 0.582171334621575 0.514156272074175 0.108275758762338 0.365344362130143
0.000126023280798111 0.0851318536713962 0.817197068029774 0.331046162413069 0.594268999500542 0.0082752503321504 0.0313612036378317 0.442573903428688 0.019961997742812 0.265174865835336
0.838713895861604 0.396184064612522 0.997867308685039 0.387827005433514 0.86014654393667 0.069092174246351 0.045776243982132 0.555320223687644 0.088043144351915 0.228909753757005
0.525793797607623 0.661604663348471 0.976662537145366 0.673193370647943 0.998420917273072 0.445507319706907 0.10417358868046 0.560134142625276 0.190287645361693 0.665949765237379
0.714178886744826 0.0679774964305709 0.992134138383844 0.374145057977542 0.818223674695901 0.0282239860726502 0.173982101672259 0.526592241878861 0.117928127405523 0.294262066510144
0.123272794330339 0.000637345765134431 0.262276425943707 0.2124173767461 0.419523645393007 0.00641054132843496 0.0226723881711389 0.474118324812546 0.0294743341413713 0.387241244812252
0.775203602560069 0.0283127445318122 0.998173047187685 0.578189816903756 0.881195849069408 0.0354401800695606 0.039495667497204 0.550136499571003 0.0795009336943933 0.454167464496242
0.862744983057721 0.0361722560017317 0.72038120517527 0.675113514598255 0.86732074192609 0.0378066124365924 0.269318286663915 0.528630001252123 0.082768627418367 0.462945757153003
0.882561440826368 0.278950780935836 0.997802911943023 0.844276171635486 0.99751210625966 0.387356181941432 0.135653817912517 0.563253297007014 0.153527140515628 0.418800139514292
0.0095440123618453 0.60398228687364 0.438290779753426 0.527344677238703 0.963545154907199 0.0739948543408208 0.111336989046041 0.542753530411527 0.0898006024806512 0.5056704550325
0.028238865036608 0.778318710151743 0.982173248610734 0.455415431177113 0.975874827244509 0.150984858561312 0.127169083952589 0.559935459848723 0.155009934164891 0.379937995188175
0.925623209663043 0.156321690759796 0.943604236757605 0.628864994945095 0.981224469960859 0.11797109560348 0.15590185640377 0.507161166666102 0.053991796735499 0.526789680505006
0.959698385469199 0.359084759620656 0.995072085543152 0.880408892459883 0.991106658922404 0.0670334606342108 0.293973408400895 0.587626819263036 0.110451572944961 0.542965930483756
0.109374812911434 0.232556744415745 0.888485835737529 0.508150918468787 0.972282879365712 0.304604286425485 0.836901240008543 0.521329509598574 0.0289445419626274 0.518819166226821
0.658323896531392 0.798624198677538 0.997310846785099 0.505572024014753 0.972154661075129 0.199354806246161 0.0323437624083005 0.548132138799671 0.0937112268498501 0.395529985784609
0.839291788218992 0.791960832672245 0.999857809521085 0.749046978604975 0.976441102333818 0.165173913014984 0.691934083166595 0.575312467149312 0.288432572567905 0.625166270454389
0.364453939673409 0.0894200392797285 0.312628719878373 0.453475831995785 0.965344199212453 0.0342261186367412 0.0557335608501409 0.489329231647806 0.0513143444349598 0.496116539718704
0.0983714587779013 0.0521133985546689 0.283492708245442 0.255222852761102 0.365672449301601 0.00793723833776753 0.585184011158856 0.479771205359459 0.0305758902263278 0.148240366518795
0.00235717901582533 0.693138497509751 0.439808044722456 0.380316864702318 0.986714996812577 0.0167945270991272 0.0449412330650368 0.488482879449089 0.0778602145633001 0.553119074633438
0.863632233267021 0.512927196565661 0.629125167367789 0.351189528454574 0.996183399788115 0.220719982469244 0.395887209390122 0.510631661259078 0.0720704489748488 0.343859853272689
0.00825239624931803 0.0124435155267919 0.847751662622035 0.325642481897983 0.811164349556008 0.0323392028564585 0.334911682907631 0.507462470541122 0.153998286191687 0.319301442229845
0.0763248409908697 0.08279335085464 0.16085211509641 0.28319924486533 0.86695035290579 0.00574765104092021 0.758269007504975 0.482734397629622 0.0176512814411543 0.316702192241906
0.959482340762074 0.157137703796889 0.978176633329524 0.46674591890478 0.999144699610848 0.0475935887481763 0.150840799690041 0.568862085042037 0.148806200252394 0.636574207776648
0.532095380964365 0.0246442129438552 0.956444132786258 0.480444186264256 0.978309763808414 0.0260655329554065 0.073317283280543 0.484059823382777 0.0224527617107053 0.471816299694301
0.965834518985495 0.0280290491283933 0.969158007575135 0.587815044527662 0.995533005527622 0.737321202401558 0.762877985730789 0.562191404271962 0.446941310677445 0.478529209230667
0.999625601067587 0.356496770296637 0.9668642916255 0.47832772357785 0.989014540877511 0.0525971823275431 0.388637929918457 0.560530601116487 0.104615497568425 0.569966195848406
0.892180498609981 0.0984747763443292 0.20487710419562 0.247212629057324 0.745458225879338 0.0209244694314824 0.289476842379305 0.486481026464937 0.0241091495716362 0.379355633984413
0.108562058442105 0.00075865379723868 0.905398464478629 0.243514045092468 0.485004004277904 0.0161884537038462 0.0382582545010162 0.451636568661024 0.0257676938532298 0.156863306373799
0.24590983393451 0.00366896149774539 0.97490112534228 0.27294399339591 0.865027182382662 0.0280284182099905 0.268171611851617 0.471380880735277 0.0111277396651463 0.333378322863723
0.956059226656516 0.43332603613015 0.999688712387694 0.618995744288199 0.972074710664162 0.102510757699367 0.230717899159787 0.522858896061037 0.098363609394336 0.6193481119868
0.330631008700649 0.0150447357617285 0.977823913676905 0.260363138864408 0.817582976753718 0.01310109046222 0.619958596201395 0.504486000649746 0.141901064727476 0.584880513846166
0.130616532829378 0.0867237466414064 0.986310570688812 0.48036258369292 0.712721338053272 0.0385597785983888 0.134832311447974 0.547404592099501 0.108001464940193 0.457486726709665
0.784018032120978 0.00904980487596355 0.522833587489923 0.29583628651897 0.954112180074866 0.0200788848329197 0.781840165085959 0.48904708035235 0.0467600376371098 0.401250898165127
0.739744507306238 0.128088740967161 0.00899240509036925 0.636402531363837 0.993721725603993 0.24204557005381 0.581783989843441 0.52296150708378 0.157948907186172 0.423495349294377
0.936594101407151 0.900528259077169 0.999738971527565 0.930466119669691 0.999939542372972 0.774009543977069 0.927182654614478 0.666767376682431 0.60729023211375 0.857073896892536
0.405183191424871 0.753578638271961 0.404523931507946 0.694734543837401 0.978438618345866 0.265784542114972 0.287160838437691 0.532904675416051 0.1664996219197 0.430598753812222
0.774924497799062 0.044953205461006 0.995520795941498 0.447915884840867 0.873017133230777 0.0317111163586932 0.0629352618508936 0.50584895461644 0.0736097638816349 0.496883244927244
0.0286932850510951 0.0885746659651511 0.829366061777577 0.21576910366131 0.431264980218355 0.00235437326532516 0.109560820003616 0.435709976337732 0.0510688050492775 0.206199070399451
0.922694171208139 0.918265850210569 0.398152787655967 0.691679452171153 0.992455627322051 0.107469069786712 0.870979900434938 0.559885329066318 0.527664877692431 0.520533618980144
0.516477801839576 0.00989622776599845 0.241916602052275 0.464482691920081 0.938368947104025 0.0917943487843078 0.116636339641124 0.508400529118605 0.235922930421583 0.418435259134872
0.523451493355224 0.0580701421059297 0.999676306749666 0.422324251259048 0.984437618950652 0.040586461101279 0.381104079864464 0.523732412825704 0.168551483895589 0.39733971691081
0.0214008016064077 0.600477375056667 0.999839521672198 0.668258957847369 0.991063202024309 0.582842491523663 0.255078666879608 0.550786400887873 0.192070213767058 0.71425886549998
0.0259195459183068 0.188071183711759 0.94930467565577 0.210285069606647 0.589919436848805 0.0400520593003274 0.0075683020063216 0.486243243206393 0.054497419051222 0.393338762328411
0.994042508042736 0.336941966599236 0.994095557290797 0.447085504896153 0.984207382022302 0.0543127136681995 0.290155692575269 0.527426843325087 0.0456774355672129 0.536189418737564
0.110656638384601 0.110878458494078 0.994089132383339 0.338201264597313 0.940322655559364 0.0897832961837857 0.760930469697111 0.541004150818707 0.0381088476363087 0.405170534917801
0.410067810171063 0.000143106225877085 0.0036651608578779 0.162342567578078 0.938176444033152 0.0186266882340612 0.43286406561771 0.453676357417493 0.0617215182003203 0.436337817126231
0.000473751120464734 0.807142275245162 0.963159134525348 0.505303378741912 0.991207865857805 0.080418888096458 0.456252141375507 0.560655208203182 0.136762918581875 0.453995042959998
0.160097336517386 0.394981492088821 0.999952725878615 0.382150663221158 0.980826511510241 0.199214308780789 0.391459987174551 0.516002987030563 0.085056797534362 0.441025482996973
0.185882588592588 0.0509268040714156 0.921594327719953 0.467715414274834 0.954565554936086 0.0784831201521895 0.242930659220639 0.529325049892213 0.186256400782816 0.394240177569411
0.00211390225688994 0.151810703186912 0.977620977621418 0.715868240543872 0.994013559514695 0.355141047024208 0.0350432171313682 0.579344556599464 0.180365732519556 0.521897827167419
0.668153062109415 0.0859290131097233 0.948875586788684 0.605799603598083 0.969409077729151 0.0681884567400728 0.186269632179682 0.568939065435624 0.201043965827991 0.603407515266848
0.930970022744079 0.645511487841335 0.882884381822722 0.495370479875406 0.911612424162816 0.0758067434737832 0.0984676598650955 0.509656030818985 0.0754764812297824 0.544282950138001
0.118223747820172 0.0306110047544028 0.84010431063982 0.568167563603998 0.997161117031996 0.0697443549055613 0.250790902099728 0.55472218828915 0.148153057588203 0.499610086738568
0.30877969268217 0.0519520007833784 0.986777386072006 0.408826604187072 0.281085603263178 0.00459224549425001 0.656915865613741 0.504926000648382 0.0480023217545988 0.273839998371171
0.940528834344162 0.359849490044532 0.999293149304318 0.945472311444392 0.999928558023031 0.616053721953897 0.740222596532817 0.658529551733053 0.865181015608513 0.771548009431259
0.0792198361382873 0.00579329382099165 0.663838537186158 0.215450511324936 0.911653738586896 0.00223612300157238 0.0270339054969923 0.451587428324094 0.0160864370163507 0.416380689874183
0.00798646901015623 0.475883701964613 0.999864138195483 0.335861154439434 0.908478101154679 0.0454056073176284 0.0992517510157383 0.535257669857709 0.161259676978013 0.53547470915868
0.766936323374906 0.000796918905684861 0.960405556021319 0.33806139346609 0.938214928285802 0.0126560214241284 0.842876411661681 0.510193091612245 0.047637679603042 0.476951751173256
0.995773279233083 0.0526856928856932 0.998996920793617 0.840056115564618 0.997882103189163 0.217509064974237 0.731266059586909 0.569183802279212 0.347461815322134 0.758894686974638
0.962233073121776 0.135217242608356 0.999786190309657 0.753645791951525 0.999509084535201 0.302672147015064 0.66345805395154 0.606731391424918 0.298790804935697 0.460121164608261
0.988524305247796 0.0399607072570537 0.976574072951168 0.294901991104677 0.810671567970099 0.0210038232434291 0.302598321444887 0.518412163230375 0.300527848415539 0.491173981565497
0.443445591188816 0.366918279671986 0.965382748824057 0.631405130928886 0.944932156053909 0.210356233342499 0.472032971608938 0.525062949620941 0.20180311865901 0.590291989148118
0.222341615223771 0.319957922180644 0.992613565510913 0.269122633458152 0.163873537953146 0.0020237915679274 0.139349084572771 0.48720252932571 0.00982898291450896 0.406540332715335
0.989742277014376 0.770945053443465 0.999802326574878 0.701144100946204 0.959689003027583 0.064536609910564 0.179911139286037 0.571308172672376 0.402345433566716 0.709156279897177
0.393804751738642 0.988107277863916 0.992526799545968 0.610668185983968 0.982280548212506 0.0878332168405909 0.963727588072174 0.58305066267877 0.135943844302688 0.757280260661031
0.43472765806479 0.0909654190694778 0.972203247628499 0.749995661922928 0.998735218055393 0.149334752826471 0.268578051119762 0.567273533929395 0.128772955637482 0.445061217828017
0.0181547031666743 0.143782334816121 0.0510302225212894 0.145432396412952 0.486450367766048 0.00805125968474794 0.00619007988346007 0.456457070748644 0.0039374473291782 0.267765235151492
0.202848829328977 0.721948294633924 0.99503116367085 0.62580037830589 0.683674596585408 0.0579570367416707 0.27826339763316 0.510831605235495 0.0558010498968163 0.324051228292559
0.828755877888621 0.75860355667599 0.916771108069409 0.328957992878797 0.919233401933086 0.00492679165721209 0.0712306471298658 0.493096928771071 0.074375057909787 0.48860064982197
0.927426785439906 0.0189263435756545 0.980470718923988 0.578270475863811 0.979146288931822 0.0403927856183098 0.0425274016525448 0.53498268732588 0.131853814687847 0.493110926982711
0.357925587038038 0.215377972878228 0.98780531186027 0.508358660536608 0.99448008923392 0.0279516908965037 0.183755442130437 0.552277262973503 0.067300949046091 0.52783022530018
0.0148276956977003 0.0455964674937473 0.732872930525545 0.181400713780492 0.914139857422496 0.0125208326342362 0.256336719360526 0.481505601935213 0.0169543214400566 0.271518239178054
0.104551606353141 0.720201495720004 0.872041456623251 0.638154176192138 0.995122228540372 0.0300446544787425 0.780654116444353 0.56351081986238 0.250575912005947 0.345705276594542
0.290977701157623 0.00920441109897856 0.850343299521328 0.351710290259695 0.873734552382019 0.0426125181839017 0.0987793885423989 0.489403543254855 0.0137799581824118 0.590644257657218
0.965517293684087 0.000635743167156073 0.72919044994612 0.380281024569616 0.900436874757803 0.0768433525997208 0.685575978438207 0.476327207597811 0.0373390723887416 0.499685326792591
0.0382685806646558 0.0173889376388399 0.979943711852763 0.43426198322983 0.981776914880045 0.014025077863311 0.456653687759674 0.483256753982138 0.0126715591678145 0.383935533525244
0.0121877511463654 0.00023695695820931 0.0698892042393125 0.106769589022026 0.0171891978350312 0.000573402079442022 0.0487162664681191 0.433206714138996 0.00204619354541655 0.140645205348182
0.312744523179083 0.0265374209409077 0.598117634607458 0.264789287586973 0.953241133087299 0.0120342370995789 0.028500961381676 0.507453150963269 0.0494107939988988 0.17203709374913
0.979942887990259 0.410625863241569 0.739469196904515 0.746603665023422 0.962708529903431 0.069127788327128 0.292545379010005 0.567604556579248 0.271466579425538 0.623491464882343
0.963218851916823 0.218129293687952 0.980460661501763 0.475967727665227 0.993673232299499 0.0069305633948648 0.0985006467562126 0.501455317078991 0.0338933089224729 0.222940536696247
0.971146715373529 0.471312670168231 0.979179736795482 0.624652428933799 0.996127663148508 0.415931833640861 0.756111184170021 0.566456519125699 0.282662200679453 0.495360365841157
0.994724979616504 0.579520285941519 0.870131595624745 0.576934882490832 0.986325045578435 0.250681402260258 0.0293021134112833 0.556273322843609 0.237695420775668 0.669795195108001
0.761548950525355 0.0870042309975009 0.999941406240176 0.510740976713023 0.987582985833934 0.0673355018642144 0.189751157999958 0.532621187145068 0.197282291933807 0.595590985570599
0.346863485083608 0.00919094731591913 0.709615356940549 0.312695949734811 0.994341625517531 0.0322845310849649 0.121839017194671 0.53532834133361 0.0540101783050572 0.329260464155597
0.940262625875417 0.11331541261181 0.879005580987549 0.316998271848702 0.986181624795389 0.182111713824279 0.280674159345975 0.512591062503955 0.0511627946637701 0.401242260711592
0.0646908037584494 0.861790688929074 0.192942521919613 0.334998784420579 0.623985939617123 0.0110637892507459 0.0880289309572667 0.484050819160729 0.144381962483056 0.444868224664517
0.832500908103201 0.904498045864722 0.99976297370978 0.832998650757868 0.999877683078331 0.535601582823484 0.460585619264842 0.596850185446969 0.500959252393022 0.657749531172677
0.988611245635633 0.866225460842577 0.726528621649042 0.755596899790466 0.99994085501762 0.639922028388262 0.0754976224726911 0.602135754575434 0.590460558631409 0.791626424757841
0.69875722914448 0.000703628257395845 0.84183322967836 0.179692300270388 0.611203451098179 0.0147870996538998 0.226822185650331 0.492987916634493 0.0173509396467472 0.119365976377527
0.0224750141488189 0.136021057834634 0.993515152100858 0.157240134883432 0.887801211783312 0.0287864542479002 0.150008831517505 0.473355086477274 0.0131014399686973 0.215387603133569
0.0997792348543405 0.733024724112971 0.582322754255978 0.0653246787748748 0.120786125328969 0.0131932652417667 0.0146927416226414 0.445619176733613 0.0173895843379804 0.394992657933587
0.559798077385543 0.0151538966486449 0.931091802139923 0.503139689514939 0.993789414344138 0.0112212254672661 0.415446157128506 0.542816122852693 0.070498892495999 0.216109910542362
0.590164948535121 0.218476396024581 0.923627181756903 0.267949407407529 0.996420941768471 0.0072422374830583 0.0315035592737489 0.531659802657323 0.0279748992061576 0.522106659023392
0.02521389367037 0.000235479068059034 0.928712832382919 0.147583170513536 0.263395723293373 0.0109822500575541 0.153702737006242 0.470031496868538 0.0070515820679641 0.253283492869003
0.859237436340118 0.118065907789494 0.944970744206235 0.759494325915753 0.993814934886725 0.514266864684737 0.431441966897489 0.571718917209965 0.279745650843849 0.538498974415094
0.991490653962803 0.455084690995981 0.959960539092426 0.495140569512506 0.978524745324286 0.0626932203539472 0.423973780396443 0.545571645089893 0.0351169347872029 0.393801152901962
0.947793641825968 0.000543470360882857 0.880759668321813 0.162152532349405 0.0613737819293185 0.00888690049015529 0.207771723690817 0.475297286245081 0.012350437061187 0.304733710820252
0.0215151881393239 0.0200977710022915 0.776638363604587 0.193282211191954 0.990008604218746 0.00634429907420238 0.208147759498721 0.459528389472261 0.0174727768397318 0.188202253408932
0.977567417629374 0.0018397402224793 0.527969946053302 0.361224074924138 0.927412813138715 0.0864985797796199 0.388208194924133 0.460454375860928 0.0172190489835267 0.495232607697102
0.0568684044062372 0.185124263152934 0.523650946405018 0.548364448575314 0.987012797925763 0.0222438000932496 0.175585279042632 0.519830502254383 0.101849948907719 0.403215558485564
0.95698178840331 0.133563855698648 0.99961686144062 0.566386386796591 0.999286535892098 0.647702803000153 0.132548009749721 0.570098834564936 0.162221133410341 0.5431586867908
0.163894786815041 0.964930934447641 0.999852098802057 0.581422983718191 0.98849168961635 0.333988753784268 0.0728273280296243 0.570918703119619 0.458425859592049 0.568010610845607
0.0014861510604009 0.0594264256884792 0.248670728413073 0.0954631362142456 0.238121515637754 0.00248904098335492 0.0437300659813063 0.470743207030545 0.0065801833962237 0.216074552653648
0.514176078354797 0.951427275453152 0.996461817073794 0.768103879201479 0.993154598677677 0.14201735448993 0.828132834365173 0.570157209284806 0.112647121310334 0.720248489051649
0.999482063129541 0.0138362687076483 0.83890810180255 0.664897280532542 0.856963928779072 0.154146240234357 0.598404614560548 0.546393964962765 0.19104723948224 0.411958659340325
0.938678741794493 0.00840008742709787 0.971355999884611 0.44838359177788 0.935382087950681 0.0676913843713682 0.0820772652403281 0.50929227857663 0.0748134009670273 0.627526054285222
0.555091546891101 0.819090703797749 0.99313485240676 0.420090993453309 0.986748919530354 0.106673528915599 0.195217547368706 0.512273942532898 0.0510794897466554 0.604104919208904
0.00829333331505299 0.638540367433862 0.0606433877722234 0.254791059878576 0.568741861386452 0.0113535667457052 0.609216268093736 0.501601418304083 0.0154653624757882 0.304103102305732
0.00129710662855901 0.0272545624615666 0.29521450637278 0.112129943069235 0.0793794386767401 0.00664371787412749 0.120124379276008 0.422442234459347 0.00913393393375497 0.221745274382297
0.00134430965476155 0.000680299216900267 0.683772953107918 0.327658460891925 0.535908615690929 0.052668624609994 0.606721211112705 0.474848394082572 0.0250579274164876 0.294003366773478
0.546481936919541 0.0133350078482219 0.51690981467372 0.154986653671215 0.72495321499342 0.0181526754865672 0.0575819463294318 0.50933387079089 0.0144508334404799 0.551024738871056
0.00243135909476754 4.54209165124305e-05 0.00402460243260681 0.436895304306001 0.654471771785673 0.0049921746090624 0.0463839619801948 0.453780311199479 0.0149991728300143 0.272602938314982
0.115475285588918 0.515217702311328 0.993518031110039 0.580965767324436 0.951940033757337 0.233336992869983 0.25279114363214 0.555378529128302 0.155308780984925 0.561359171478977
0.334127729486635 0.000789898951826269 0.9880139049056 0.164003072991466 0.494122610511689 0.00371378303891986 0.0313552697912627 0.459481990139935 0.0149902005750798 0.390639390170879
0.0815135740298298 0.272729277212241 0.15112817373021 0.179609108892168 0.986989440683407 0.107457664543674 0.432680516583294 0.525677181357822 0.0528419371083347 0.461241928781455
0.0455247477829557 0.257557189071809 0.991677853671987 0.369189258060105 0.828793884879958 0.0646941432028386 0.067178569219583 0.484562184032679 0.0255197563248183 0.310443069087798
0.983869121700506 0.281789796803198 0.96518532179454 0.619100684128561 0.998900242806839 0.194631226588457 0.106291650718436 0.557065007119709 0.360918938043828 0.609605398568051
0.0397601081625886 0.0116619851408368 0.395025544324387 0.207560875896895 0.902108573580573 0.0348401494379548 0.133232184856359 0.474026020554247 0.0337805408902477 0.350385089753991
0.0298591601621125 0.0696021259790205 0.98598580475487 0.443379485150723 0.995315995267327 0.333222314226774 0.219820354315223 0.517021119649462 0.0658768007009231 0.491144053954152
0.936769570888821 0.877482811616771 0.999157440860385 0.931954109116259 0.99996941932157 0.888806477427142 0.627713603923112 0.614513799071293 0.335395432039108 0.804443213882335
0.569306184577094 0.552007540898797 0.557807872808769 0.25275589808433 0.649532546075948 0.00670868298895468 0.143421098819393 0.448395700314077 0.0151970039090987 0.403914010013999
0.999913156306314 0.0579328462050144 0.972843455746923 0.645477740512939 0.999376551784377 0.0916862447808849 0.817894616439543 0.520297915817538 0.082125085927161 0.432594482568797
0.802279516333101 0.36655230023293 0.976312812454709 0.650084371498865 0.997106557743741 0.0525937247370589 0.192522266767315 0.547212222067571 0.148174854430775 0.457520854257281
0.0626082483816262 0.000913934324640494 0.304241135560091 0.5009740290573 0.742125797444283 0.0461043509332688 0.040330388211828 0.49016202274026 0.0890841165324473 0.28635263801891
0.788849314386204 0.106954344444227 0.887931480268253 0.654197243230276 0.99007043514548 0.181393028447246 0.174768905495247 0.550164431838603 0.127207845101067 0.529736895039339
0.240344252499226 0.151361174125748 0.995083582089244 0.659364824039087 0.920961353926735 0.0378419759555467 0.367554379073374 0.535007675828316 0.0845298593187052 0.464861314090268
0.509637217377133 0.392590520647381 0.863218340547126 0.328374003508244 0.864046485547964 0.010258534871411 0.129086197513673 0.458786648207127 0.051423670292867 0.355717647082179
0.742654866827293 0.121428564156317 0.999661562928077 0.893347339896403 0.999689985491183 0.266834334836346 0.508646796146561 0.579098345017634 0.399194529249349 0.585478018907472
0.974378605665723 0.114630924425592 0.90938149034323 0.457196546153101 0.999198865916641 0.0280527102550938 0.511021908187531 0.506928520643952 0.185519758627061 0.455060477588953
0.999873387525162 0.0870596761093434 0.9983880080634 0.509919522834997 0.999046078063525 0.201785290702491 0.183683343897091 0.528996558414805 0.090064507584086 0.532343051791012
0.869699020959756 0.872191576040939 0.90354435350375 0.5424050834525 0.979757641334115 0.015193045944581 0.183129776654051 0.544045910137142 0.0544765191264435 0.684790217029621
0.910859727569558 0.990016905943302 0.999653632856673 0.353206499810739 0.998508250655422 0.134305943662148 0.522458187921163 0.573783977323174 0.252964914257095 0.443948847087515
0.0781746036794554 0.528668368208486 0.84991116435983 0.770866033718191 0.998492526983067 0.395476430144925 0.171790921259118 0.592129389023679 0.24928072737867 0.625123986034682
0.985052943425887 0.232364064681736 0.999996059280531 0.809180793489881 0.999274436866384 0.416477968069578 0.919823909352882 0.614061495278807 0.659779385673617 0.622099005116096
0.0917503201410154 0.412166978348427 0.99807923712242 0.3173474190787 0.219312217859779 0.00519395028680255 0.0102091329554344 0.490393045529972 0.0661030302099772 0.44824127655237
0.808157679597083 0.167873666579842 0.998411190810263 0.378148804414788 0.849236379233638 0.131547713670379 0.306059830362783 0.513994042973565 0.0314529006965576 0.498733270612893
0.126077925779327 0.84677806235534 0.93621862873548 0.484290026366971 0.817164089335587 0.0488438061327648 0.325989891309972 0.522877533959632 0.0296301894075446 0.464675373006013
0.791219188855474 0.0200478876854972 0.991804576016315 0.326508650451977 0.54971603190505 0.00669894653663827 0.0471411263328943 0.490962476043675 0.0389370265166076 0.363794424751998
0.467210424027365 0.0273806930160169 0.623313100323005 0.321546726030549 0.689392442144529 0.0139561917834174 0.2267510580438 0.517516322761187 0.0468326510634921 0.334482666455589
0.976422149567894 0.00684220053697078 0.998735131910927 0.725741032298842 0.998642860885158 0.0898506978873864 0.65350758964843 0.54600887735826 0.396012187197151 0.560159614258362
0.00966099310541819 0.000640943871047457 0.812675931425649 0.248865458627444 0.874337110303988 0.00518925038075863 0.0248556596238625 0.479776113048583 0.0166604246471473 0.349287943564506
0.996136677272069 0.338800582029277 0.861958470569562 0.407370752515797 0.934894585039053 0.412271344214236 0.178830700296748 0.500740140862656 0.107318930010484 0.38600379681912
0.881317870380268 0.21243492388926 0.971739723413666 0.776421536042242 0.999420638166126 0.24135513610842 0.160626723221503 0.601561088066778 0.743622976244292 0.662890512489245
0.143567656090518 0.849623645943285 0.982832282396962 0.413434840765606 0.969330423381466 0.0790924833000004 0.595656459472131 0.548004803193296 0.0679014455070733 0.322044007746044
0.000100749554686157 0.00549704741229391 0.880087488415864 0.0390882344463041 0.00493238011291625 0.000570628797417639 0.0347887101541814 0.40645300243031 0.00271504494545991 0.224211684648072
0.0540716388327027 0.223806674575306 0.948180066948432 0.216162409278876 0.989767953559728 0.0603963755978 0.208849325412361 0.549332221856594 0.0766510015622731 0.549782101119164
0.656180281359832 0.173513743857587 0.987463703418869 0.494408155126649 0.997436253022835 0.0898825348267976 0.40502682911097 0.520104289783113 0.336937283519218 0.558677547207648
0.035744858341964 0.000780157796422974 0.966896523127207 0.395504879775815 0.776489135069616 0.0210917731424368 0.0461453089279789 0.548226544695158 0.133250335191844 0.519829441439444
0.353724022132717 0.104931773384041 0.996331745928879 0.500190413690416 0.996594757560718 0.562714321344418 0.0199596649217462 0.551209595286223 0.249816707911556 0.54183912587299
0.936441730188491 0.98801988574039 0.905536423895076 0.676962658570926 0.996570940311111 0.351603292154131 0.611585091179732 0.583297724670163 0.364862853670041 0.495510381168514
0.58778347128544 0.655917674760657 0.999440864104697 0.607763012570075 0.999821793785961 0.242314782476107 0.668879688366132 0.557349229921409 0.407659598198944 0.696074656185308
0.347337647131737 0.00466225823206564 0.983731935121667 0.32338666975785 0.981934626217522 0.0419113681234134 0.146216059636506 0.509429643496692 0.176329763441399 0.561025875654514
0.118455821764076 0.988892884486785 0.590848244065658 0.781309843026373 0.99917673555913 0.249013804294683 0.385341506123065 0.617583529558463 0.472387608542614 0.90301886785119
0.945422739617063 0.675668087984841 0.997615106259359 0.736795774538061 0.999229556677831 0.158930092940918 0.104259081056362 0.587517173121683 0.390353166564132 0.635066946389329
0.820419946992095 0.999679554334897 0.999713796346411 0.924801807124324 0.99999747322514 0.413832348955037 0.889101901249228 0.647992685714798 0.859269658606291 0.750327087766385
0.288523750672939 0.777728112698404 0.97080957196472 0.377738265382668 0.960815167232228 0.160071356765752 0.706003416317405 0.529947289912263 0.242418867923481 0.680778601067027
0.0849872360334944 0.314766185412631 0.159260235617442 0.264578952165402 0.438817400042659 0.0209899467911909 0.0560668107370162 0.456369531088457 0.011868219698157 0.279149326703816
0.0183349430414567 0.983707309234965 0.999036855534289 0.560935135840852 0.999119469957788 0.258671678941053 0.47284213351924 0.570879847175437 0.276050992589361 0.702294629665402
0.99332571785145 0.973624039153437 0.999442126392859 0.82519823092852 0.997948680349222 0.277566724728421 0.267531465181315 0.579171372062702 0.460017946265146 0.636913431248066
0.329043867040582 0.0129577431724827 0.994525591230976 0.215863039104074 0.335919738091164 0.0147260293308737 0.149754952993452 0.496142849911735 0.0588494460425717 0.513979878949274
0.824163581330089 0.599210176291878 0.723329462508206 0.508253232846196 0.988087918861205 0.141419416517099 0.327627302161559 0.569265618207282 0.243807180944074 0.74162659899916
0.666147154835822 0.996434453027163 0.98913770480346 0.952181814114121 0.999298782347881 0.376594049132675 0.0415635021439391 0.609031974473991 0.304154462156324 0.73377603582371
0.987462625165722 0.312447824750698 0.943904924496004 0.73357350796887 0.975923932107098 0.194608028010521 0.446450736608507 0.584783525751125 0.224122560041161 0.750349864871258
0.13757815424911 0.314952174136642 0.948470751879909 0.333503631330946 0.958360380577002 0.139675251912089 0.533501656126288 0.549615466060343 0.159636335947297 0.532186667642677
0.196808166304178 0.601575664718278 0.990081911270311 0.488797615300615 0.969793505022503 0.0182028924744566 0.148791123588465 0.534789754144747 0.0980366686284204 0.381619644688847
0.999359532819006 0.424420554358415 0.978080229239558 0.466808219405348 0.978773897915936 0.078775554147067 0.491841063430142 0.53636351130554 0.0913659789115791 0.564796543984334
0.974579408038806 0.0244574895695141 0.987158005741278 0.459220938667391 0.654791303458743 0.0197890538906178 0.330313357217326 0.518119063630818 0.125724628393391 0.583307101995916
0.0211965969167574 0.0069361448743394 0.991806411947369 0.169007741659959 0.997090365318688 0.0423752040585377 0.356155485285044 0.483487337966946 0.0129715277029988 0.348882018619756
0.793976204039756 0.236149316024773 0.924605943713042 0.580835933547531 0.969990498567702 0.185550005604316 0.188939089569108 0.543434847523112 0.332839827067443 0.618866095589413
0.421055891086856 0.966032474044203 0.996349582913663 0.557132289419426 0.987774490513456 0.532787528006692 0.316248069051074 0.582893058461995 0.548617318699436 0.569345978711341
0.998550989942938 0.377104910228634 0.993374877693149 0.790340435722637 0.998293055121338 0.108854425613158 0.273301929543149 0.59391194870773 0.280717978483293 0.650047495216381
0.922933038405071 0.647555057546015 0.731076150169003 0.608041530084163 0.989217139987387 0.0291464210804311 0.172881478821884 0.549335303044653 0.0764149606518057 0.678257056078361
0.893998663661961 0.022739469072723 0.963512783102775 0.602868916444316 0.994853217880051 0.168534155731398 0.355197081029376 0.516497744298983 0.0330536840124988 0.461157477938301
0.786084708858302 0.686258555275365 0.031920085218194 0.614751980441575 0.979998037802733 0.0523401355149702 0.149419790407719 0.569655560805041 0.0974157577976139 0.604787784126514
0.199583634782268 0.0163002415254254 0.957370745491356 0.27297285584258 0.987147553171257 0.00598901354367558 0.0556909385173351 0.536627660999305 0.280301610544952 0.431603410330206
0.79983704064416 0.0464973936678717 0.972256513385754 0.3549948532505 0.959592024035898 0.0550084821257944 0.21482355965384 0.476561414271785 0.0328034609926254 0.387516277668915
0.596918739741178 0.015549692364869 0.812120052580997 0.355041199325415 0.878121380085098 0.0148282203868663 0.0554020528814156 0.506070952947645 0.00322795771986643 0.206741985425
0.883945547199511 0.300191482079551 0.771586549331258 0.64341527846847 0.99865697577663 0.264025248395582 0.135205901674293 0.53158660550889 0.0799272177768031 0.784780099584127
0.867635687161256 0.986920245806098 0.998235970766543 0.913079075459159 0.999978640970889 0.887686095651353 0.971826337228769 0.638446604713358 0.891730733680696 0.799220229619448
0.932624522531689 0.834974610844968 0.991492687088569 0.637364070105039 0.998926954329843 0.0863910995390974 0.747890230985974 0.553617665789995 0.548551758904382 0.661807705907999
0.801892333159624 0.62556563675139 0.961296869358415 0.355731096196924 0.993523608122324 0.0202752013819483 0.466522247207344 0.516935148503231 0.197997264538837 0.648829524774874
0.777694985856101 0.977883320821959 0.97674708224369 0.671288339085376 0.993304447487862 0.144678310807571 0.234941027785576 0.529766308825778 0.224378251266332 0.528959799977963
0.603722017997314 0.161644082446975 0.991263803217752 0.506643409813755 0.85145821740557 0.0868496064575002 0.063357912023329 0.545453455509569 0.0515367358306192 0.534629037893524
0.248624257820053 0.993606120680147 0.999623247606506 0.537342584448403 0.993304934608829 0.263626363049312 0.564683783798861 0.537149072842992 0.312100659340801 0.692641510855933
0.846097534601579 0.186403318785756 0.626137222906322 0.238948034359945 0.564996375754441 0.0125755298489567 0.299738587045997 0.529043005805367 0.0416421465623004 0.406021985604077
0.58338672838439 0.0439936443804977 0.99150604118331 0.677595783957943 0.98392559000268 0.025240563963346 0.348081640822147 0.541762736610146 0.095766571408971 0.460227888190429
0.45075351676037 0.408190867390512 0.968321608471859 0.561460692120414 0.943288904839321 0.0961964443834197 0.375256844134709 0.528341836533678 0.0939156718670131 0.444895697490858
0.975787802301389 0.00369582435346612 0.993972245128757 0.4926892629074 0.93442847459204 0.168107059556207 0.24809229977839 0.530982210641126 0.0726749414383406 0.42977323175376
0.0321631308300999 0.0652043061474884 0.572377904702465 0.32150003764864 0.484508778174413 0.0220155346680027 0.461494665009268 0.480164138400537 0.0676565962709181 0.389073115216944
0.0282887118585741 0.858339658720633 0.569433228292776 0.590545367432222 0.99586196265906 0.113664847411694 0.74022770320072 0.571345769933595 0.207855940553252 0.559965176736587
0.0520370473133811 0.178388078640545 0.993809869768668 0.597665454707755 0.994825574024536 0.261713071052396 0.225651007758764 0.5606669546268 0.252309645804941 0.656992976927739
0.231711637932499 0.444208338988952 0.9365289435663 0.540665589293773 0.993143729691013 0.0950669691022849 0.488696218941119 0.534320753561028 0.257015844663364 0.457494517047464
0.0538829434947937 0.248483987677767 0.752013921456935 0.355797928364627 0.975131709811053 0.0770940049845624 0.551475411664504 0.548113482574627 0.076479338461438 0.296229465520774
0.936937712963075 0.583686376966546 0.930466191683354 0.58390173014897 0.986278856885744 0.0222698193510301 0.540929014294647 0.545553194820697 0.055187306196288 0.539273540840675
0.997567736790437 0.825620877658027 0.999742775145796 0.765929962571704 0.998366938287372 0.138284440182524 0.202561719988917 0.601325404209428 0.176433347639176 0.480333393056535
0.911502492546059 0.981893495473668 0.948762716515335 0.650549226403783 0.973463552022839 0.0198069104302543 0.24353118392473 0.556797869943744 0.170426405468808 0.500735284613891
0.707703504066547 0.969202746568754 0.487820900319129 0.498091668298907 0.933214192061159 0.236899547971185 0.211065166241525 0.50331070996874 0.122008735436151 0.520262096467679
0.638878412371858 0.175350930895147 0.710619422814984 0.578729929999808 0.995537814833183 0.140072094604619 0.403518941636611 0.540931041971147 0.125093549003434 0.457513835877879
0.999761088065151 0.0822181501764795 0.964746282487561 0.782826614892562 0.996551601234989 0.300744026486435 0.688420704153199 0.593605757496044 0.274085083532667 0.634896826969766
0.353298417705869 0.043475617025311 0.995665918882439 0.726119100183221 0.998708394051854 0.202154931945767 0.607336898552592 0.565510456960348 0.402511420125369 0.514295692408439
0.0558979232043038 0.890436967005348 0.989186922654804 0.693550609947339 0.994618844332657 0.177858292868981 0.164939529627679 0.584395139567346 0.414926588638381 0.640494116006252
0.60420546671405 0.710209237727613 0.999647386432768 0.77210784195436 0.997477454872707 0.733200032468646 0.86505238988749 0.587479524960138 0.569299870869723 0.681350454507416
0.757029509036118 0.786478562601958 0.987591390407596 0.521082270382075 0.996874508944078 0.18555227856683 0.0585714150848838 0.568011038290661 0.360020240854694 0.638396417069176
0.101992202293592 0.0280435408093693 0.0390515990083589 0.231623633344409 0.969389567371528 0.047161371981055 0.205983810623609 0.488997671539551 0.0789815505998814 0.392412111187785
0.959984121718744 0.818396653083289 0.942650350380261 0.509526348407579 0.920485132057909 0.020694736890063 0.43710005195819 0.569543291452698 0.306566822962358 0.685536958275169
0.015884865214998 0.0107995249257838 0.227820773719496 0.068817404006881 0.314376436962294 0.0101786640515799 0.0178461934378221 0.460894430598199 0.0152004252807915 0.334628761370847
0.920124965590657 0.289037420169415 0.991714394977064 0.656090541544825 0.996138462353463 0.063518209393328 0.505178473943031 0.579285347794809 0.277459753974149 0.729824262074992
0.782137119680443 0.859756619404582 0.869387390820224 0.270099077499038 0.649580852683326 0.0189616690780387 0.0576389667885571 0.522530729450506 0.0527602281969523 0.539918628387932
0.69448774096179 0.00313129285002756 0.965649461097751 0.658069510756392 0.987139191252092 0.0237348950482686 0.412855000594138 0.546465564211272 0.202043542808354 0.492918631972322
0.71515583330139 0.49114435092288 0.999761680755594 0.56551639635787 0.99050567843823 0.307988143872214 0.382764981179137 0.554596125538291 0.19655180672882 0.672655377391155
0.990937532715789 0.865787007413947 0.999626501205432 0.678966535203713 0.791928790017334 0.0671289554619412 0.214544571552305 0.542316808581048 0.185123020052599 0.432485068872964
0.719118128809012 0.0418024476125959 0.999874078446107 0.585736118700601 0.893207711411986 0.239959492392693 0.306828402821088 0.540688402186959 0.209960553917489 0.455635757775806
0.790465431043412 0.0281536185274383 0.271129289487352 0.303352630271621 0.943767032443984 0.0268764659309204 0.110748017194538 0.532720753308205 0.169017578303946 0.499210248143521
0.81181384643133 0.950781042814653 0.995073039626287 0.496748687980945 0.98749533415072 0.101090122567839 0.63479601047781 0.543586220429571 0.194488185209675 0.629273126814558
0.469647128249222 0.796673778440137 0.977991657383152 0.710377314189325 0.999340436465828 0.277410954717493 0.147733061003422 0.584115466284718 0.277818491929645 0.798400123166769
0.972318241406353 0.00551456663252699 0.999840273600166 0.635684193947428 0.986204445138433 0.364291979741858 0.847746819347685 0.608521167027707 0.241920786244955 0.339536294963214
0.677935103819706 0.0344722538221734 0.977277768295194 0.560273118938131 0.994442103800819 0.0497632216086864 0.0450880263501407 0.497464719224756 0.083477349793084 0.532735662123653
0.982870579764708 0.037966423436607 0.970941443259895 0.187598540537912 0.623642589067422 0.0409869883848149 0.171013932789954 0.516161644449791 0.0288591881099073 0.406819792014019
0.423334797298902 0.00607435208390901 0.980880370553162 0.214572617753195 0.811917802269698 0.0182999731600746 0.0494866055790981 0.489787213924768 0.0190422116840194 0.432884211164085
0.0118500443186354 0.0168046592694336 0.913451468626847 0.326120069749555 0.328220840515612 0.0142786243269755 0.013395765846149 0.497669783416118 0.023378540452675 0.596582073822903
0.981202015795926 0.848187468863477 0.981589874725163 0.681539136828933 0.999266231719512 0.264313922224761 0.498956561965632 0.55682826999202 0.143903747062545 0.522906610344918
0.00732161055163307 0.711663242443613 0.548776991692243 0.476975554831404 0.98739894690538 0.0760778090412686 0.0710399831316496 0.493936464760919 0.125037070386685 0.493270243282629
0.835685721085799 0.00489301031177771 0.999914699724069 0.420497459315907 0.99405167374803 0.0627694677746849 0.272207418262189 0.561193293081274 0.177574961790856 0.317508443213008
0.540035610348974 0.00045948331459859 0.204145517049609 0.272236337637835 0.996035991462237 0.0391524235238901 0.136909122310133 0.53176871634011 0.119186470946281 0.346617461272099
0.42831921570515 0.000604857716397902 0.0191884539625402 0.108506078412684 0.910297015938972 0.00296780558285392 0.0397189669598599 0.459138647929702 0.0091191555641261 0.272662170590212
0.963985029638676 0.784886840892211 0.997289164653611 0.415928998014379 0.985515428612399 0.0298455351680325 0.174063137910723 0.539985126568579 0.252900844778398 0.551264203653726
0.0234989894620999 0.00513798853331186 0.101887946545525 0.183982899480039 0.623700014712398 0.00318821590702572 0.0045795940302891 0.42970691364161 0.0130533080319183 0.216201549491631
0.947990691765076 0.00106055910518888 0.881153262909302 0.244677528229984 0.996902211005795 0.00929131795284439 0.215065624810675 0.521460161459787 0.0451363774599312 0.328123045390957
0.728532981068955 0.000358356895187287 0.994784915930639 0.446012944133713 0.998376598589209 0.210261660678707 0.460194944503351 0.528571077419199 0.274229594495361 0.511729507663773
0.645523201811442 0.89049101962925 0.983343932646433 0.861504556052185 0.999948660678621 0.686521008898176 0.887908970607172 0.642238038534849 0.791845485739839 0.801268401289549
0.405484657973124 0.094050974038935 0.605901365786051 0.324641154588023 0.558623769742922 0.0247575220858076 0.0862046586520178 0.492376222668345 0.0742108639276559 0.451017681699674
0.00208186592217828 0.463119912474882 0.868939967951733 0.302382488889023 0.913820952284427 0.0433842073231179 0.115563342318564 0.490366718323818 0.0386089625894849 0.26940139360253
0.872032439364655 0.0786381763882393 0.1106884568379 0.284333448819628 0.863852661328566 0.0192241451349833 0.115957857447672 0.525121705875896 0.0341008975566559 0.427817856896425
0.826209446871692 0.507599386727654 0.994373619733468 0.630970382274214 0.996476322217404 0.0493495391216094 0.699537918477184 0.544800457848996 0.322552786799957 0.60668612384456
0.112857351731581 0.172543906620391 0.920304045717403 0.70713473479051 0.99172380959303 0.244461467693332 0.181668497015888 0.550581029814174 0.0737692660343884 0.678967214919089
0.0868114859418156 0.37052205719374 0.964284430259324 0.641176914157468 0.99146645469543 0.21357771400026 0.528587749124449 0.576107952225161 0.222192560355322 0.544563346874417
0.905526703526982 0.387177963441395 0.999117798116414 0.753419101583738 0.999777307245791 0.215966680889546 0.453395530136632 0.618382732483692 0.587220676628481 0.709571156112852
0.0081161444471053 0.496027282439948 0.778919777304353 0.268169547962171 0.0393568120280966 0.0025064899777029 0.260700862610254 0.464080504250221 0.00544133973203153 0.246562674264464
0.935975019011558 0.686962029264342 0.976347893762748 0.698534124067471 0.99354830438824 0.137209119148059 0.755861731039834 0.55872304797491 0.13837103167007 0.492787484290615
0.0648650952098896 0.0589208739820673 0.935879160069923 0.335297527331661 0.856313920476817 0.0142836853819818 0.213123242292461 0.526495661391838 0.0376509397876677 0.365315645759842
0.775855324385502 0.874620893097438 0.22787951606141 0.460205147929458 0.968471461087173 0.0974851545713487 0.158508366723274 0.557381371119888 0.141141586504732 0.742462506995244
0.0411301267511391 0.107138414870855 0.850857931387056 0.398806773009928 0.667531734036204 0.0938049032913501 0.0947761146287348 0.473355000106023 0.10404433203567 0.280944343508693
0.0262936685174034 0.00246052516702647 0.267246706816422 0.109844552360401 0.407261518726601 0.00194331839480347 0.0155695626995883 0.439640032393649 0.00306467306915979 0.170931945857705
0.119088770631981 0.0819521514691683 0.99537363330497 0.688695017001164 0.991471488662642 0.0578958455245996 0.709754315963534 0.535421147988289 0.11375985434917 0.497564339483734
0.246102538636818 0.00436681252115083 0.985548420413783 0.111938703717439 0.867671779137947 0.00297394482896109 0.131514442880737 0.449140358380377 0.0212798232085903 0.263742244848512
0.940958001900715 0.0429202947697498 0.764164723970749 0.184811809582374 0.453466973306668 0.0113497799987522 0.86145249439038 0.486604185895617 0.0130051724726102 0.329387910240792
0.00220991888634246 0.0253772122367501 0.964751751420337 0.439655479991539 0.940328276661805 0.00455125544100325 0.241638935477175 0.514267452266204 0.111553560022183 0.419287095075425
0.559509943185876 0.108573941097107 0.797830641192805 0.556076330875559 0.791125759719898 0.0209257094714856 0.0302099809983229 0.50052054957957 0.0533369963836009 0.478223429892754
0.988896728212497 0.0830250611871438 0.952917442418423 0.49482321929076 0.976862385452908 0.20801285657012 0.241486181003668 0.564904194743485 0.0693919343492755 0.61996031289171
0.905938540335471 0.348217563802009 0.992508603921305 0.353558020751434 0.606353911175942 0.027742777054246 0.117923414500504 0.536986986886734 0.0342583546939966 0.718519418226907
0.0367807859470281 0.0311353234490288 0.954891971421097 0.448106310576183 0.996934809252314 0.311798607533909 0.383078611517888 0.523575808357293 0.168234460273186 0.387566415112661
0.0466533477109904 0.0664773055694278 0.952752860349403 0.567277494113094 0.996701122039085 0.0338569903396875 0.292081687516931 0.584290723254724 0.0998985569597757 0.627387299430454
0.988164428447874 0.56029010895906 0.989926889757671 0.514142587941321 0.992436295940046 0.0662243828052216 0.148826216681774 0.577731309754615 0.182367559531356 0.657052526268496
0.0833356971125254 0.76734975276331 0.404297666352813 0.309577002650898 0.918848696707583 0.102620681647889 0.250923072847894 0.550926040824503 0.137173164561129 0.617034418383749
0.059309075047311 0.0107507488847093 0.96356850167756 0.569072290477085 0.944843764094375 0.0657435502934482 0.44341084460655 0.518190524068561 0.143514772705789 0.330122988956455
0.887854914457882 0.800190527503617 0.938363424313835 0.534666091373198 0.923949788962426 0.0673937613861486 0.216070601397058 0.504915225506613 0.0415827479532613 0.388854528599648
0.848873734990544 0.613616657473351 0.145844204525252 0.637879784927357 0.989676821352942 0.22819403605065 0.563598911702282 0.575517885041193 0.204472079048107 0.7112044452828
0.847450261178419 0.366841214702966 0.926876372238921 0.560974671084595 0.918255284808858 0.237491556850706 0.38297518909758 0.550650415537456 0.0379174093682494 0.461191558846889
0.369643272851105 0.779000845381394 0.858444810975848 0.669407972332397 0.990494537544893 0.301353814028361 0.0622084284686286 0.571079730039426 0.286798507175509 0.440762370039194
0.252766746054137 0.146817172216894 0.280670044151957 0.478748261726585 0.962359307396586 0.0259086076371774 0.180274785941978 0.533530280067156 0.112866191586275 0.535082286118964
0.8383279661181 0.811270497774389 0.99995228917452 0.59513792104853 0.993567066105352 0.1312740548233 0.35424559354361 0.551654979267828 0.228526990307815 0.417550439143051
0.359033649487309 0.137220510808126 0.812224866867268 0.242767754583077 0.990044338215751 0.0213421968911441 0.253370130171984 0.471003649530911 0.0197994787130834 0.368962749030011
0.263249237682604 0.633509613642251 0.431523971966272 0.558179149291101 0.751645538049966 0.0282720103455112 0.139714958409602 0.515802388169563 0.0718629309502255 0.273578366172356
0.0130476658811923 0.228123485927397 0.835819660035818 0.214767794164677 0.219742383400814 0.0179273344632748 0.157584715527309 0.462396738021892 0.0661953971580879 0.334647017456202
0.872297517183706 0.0814881752053925 0.997188024419124 0.646043802103608 0.964006545593319 0.14857256669997 0.565541811876937 0.558544240555785 0.367285040872009 0.623282878204569
0.864474423730191 0.999893992161418 0.999965736207557 0.83946056623626 0.999441638858308 0.348009052726327 0.195619214412004 0.621544490705825 0.539365408767414 0.698743512262004
0.157831814478015 0.0166300680507879 0.99408474797493 0.291738173744534 0.887547839556843 0.0317122973330163 0.0391078071272499 0.542253947936209 0.0542811978112736 0.481973509935887
0.862003451562449 0.311578093830816 0.419867625003715 0.530342018083063 0.964219478951272 0.0432769900549413 0.589835078290822 0.549949804991117 0.235031998048325 0.56743702853621
0.273125382439536 0.0128047037776078 0.938888405361763 0.238683302504375 0.918094872677017 0.0469866909097064 0.469018582737095 0.508081489371091 0.0535008683216574 0.405354526120936
0.446498014719416 0.372562111119418 0.98542479396459 0.610088462307144 0.999864355350067 0.196678026333925 0.57472438096544 0.548902646103636 0.192747320997016 0.68688908390403
0.124109888196142 0.95533429712404 0.851019444783269 0.808491425164201 0.999562780882526 0.543189442823364 0.646932630992218 0.619379120562445 0.663792791319229 0.591999857756631
0.912672164751854 0.730312968148223 0.992197004416308 0.674134366165671 0.99839236657567 0.484896686775078 0.912930579359336 0.581654853610925 0.148778716918955 0.429944300298972
0.108442152420566 0.754719979058978 0.998828368147315 0.272649012855326 0.943547899153003 0.00886764214069341 0.015524767361505 0.494905287916418 0.0408716575750682 0.323209643652615
0.179290036568551 0.0768224073631848 0.00604228811902427 0.282095183834879 0.647115683672682 0.0151129678523871 0.0572740642409098 0.462640799478776 0.0183997419686585 0.250282401804597
0.0330094915074419 0.0109827136171669 0.819783648466308 0.284863786352752 0.972579075960684 0.0367101584912635 0.255453879582254 0.500725858684132 0.077209247136332 0.453854229559673
0.042697484318785 0.0851437678991582 0.99617714786283 0.588380487926436 0.99373471647626 0.141666613477135 0.401276428463148 0.524643419976752 0.149966820078675 0.532292375609521
0.804541294387979 0.0010614499824782 0.0380683984379185 0.197288911762592 0.108712711495337 0.00211617973433415 0.0615372731369233 0.457671296733124 0.00825398211707924 0.357260808378267
0.996389486696245 0.977778014142171 0.99129149829775 0.772110384545733 0.961533545101643 0.0748873197556515 0.118704196349883 0.535071105867585 0.0850361463458729 0.504392245101143
0.979448684288363 0.000492015325330557 0.278097712756134 0.418446756937443 0.992723650773947 0.0218032094889745 0.07569070387217 0.533774501363329 0.140949246993614 0.305905859824199
0.544172880808692 0.864180613907781 0.97203640980677 0.513854630352337 0.98064920415706 0.105320117851231 0.696884010877605 0.55671872264543 0.189078467598752 0.532362513877985
0.494738516666944 0.840359168635726 0.993333664883786 0.777913110040679 0.998768724811459 0.571438437826836 0.792550217486119 0.604689583224601 0.379143024225539 0.456544087956394
0.11580902558734 0.940708354463887 0.755657279317847 0.579957880340593 0.988306402781278 0.0340766227257657 0.69313363478793 0.583439280415646 0.201425603555496 0.772235009265129
0.0564216864029531 0.0022959102862498 0.932308459395159 0.250159860596512 0.548060371159273 0.00654279542493417 0.0801890655956382 0.501013401512373 0.00924792879616447 0.331773126925837
0.361481961398712 0.384910730082196 0.999554462451296 0.546086023524256 0.977354032484856 0.103518976197769 0.0629042940271564 0.563139807478526 0.126121419424752 0.435684502790369
0.246873124196717 0.0325107983424589 0.853378982637216 0.307149151638081 0.890701100466783 0.0597188987133585 0.372030590374655 0.564072685662349 0.269076738429915 0.490499590183621
0.98092178048517 0.993889298319353 0.999476967190825 0.689569017549467 0.993468733482022 0.0997364081845977 0.0783004146396266 0.592064458633441 0.49131343958329 0.607239560545245
0.944695256703068 4.53281372365769e-05 0.540416332458359 0.340020689187069 0.927304551893502 0.00844877151705553 0.033584916309509 0.494726937181445 0.035794059268421 0.392279190791962
0.319323555900754 0.0110664405642538 0.973243319368114 0.243181283277535 0.887599093645726 0.0625370548865151 0.24989738914603 0.529200607193488 0.0432385111750042 0.358244807796665
0.0396722591701816 0.000789180270212362 0.885616524912726 0.239156472530154 0.413739649114029 0.00151308268544701 0.0275486420326558 0.460908125459089 0.018883661747411 0.364902758868247
0.906019312557769 0.0302284318046752 0.0743540978169397 0.271797150098423 0.883045182080689 0.0104045172195564 0.0546756500140837 0.500665630917889 0.0359024232013681 0.211120107266195
0.0165429501991858 0.995648728903756 0.946179850168571 0.419481267058845 0.953776746295694 0.158698744333232 0.0979142767603599 0.541236124364715 0.340358248028469 0.439477712665685
0.128032358674632 0.00187158823740479 0.405867571765437 0.211198641468935 0.873493292754588 0.0114851561812029 0.0516544931313196 0.50815373346649 0.0222751783741896 0.47069278742005
0.00125125610738801 0.000519896709737349 0.195719471334999 0.174855400522602 0.67107417281384 0.00288774403817156 0.165493986557631 0.445714039436885 0.00229581204049943 0.219080701239202
0.017483370991667 0.551815527338596 0.97838516511803 0.560410916975394 0.99320884071175 0.0943983922277349 0.505859168721078 0.552497688745397 0.174481838411817 0.333318158007392
0.987180457754015 0.0318444197003361 0.99877152315037 0.497712232553035 0.999224258826848 0.088739283934389 0.499122078848805 0.568204807667551 0.32888186536254 0.562676837240003
0.107231300625329 0.537780254652095 0.973520138388831 0.427980868484216 0.996023919187787 0.0384007408799616 0.718634596014674 0.540854949710025 0.0524202282551857 0.358792283237085
0.461870976629422 0.122157902774047 0.816412619334409 0.43923618156606 0.995320615069048 0.0717495650322098 0.124372703696603 0.533771812289321 0.195125442473322 0.587320308089235
0.973008938921535 0.0643194534473246 0.993751096462085 0.324690592155035 0.992228420526582 0.0340919253337363 0.0494135056406707 0.501531720578721 0.132676430747025 0.309106359545376
0.0673294326140919 0.576111120321329 0.976853554698624 0.640217920572619 0.857972943097821 0.112496989747666 0.900869471809398 0.555383646271281 0.255013089633377 0.522694931741742
0.236978353998057 0.00350251212298422 0.883182849260485 0.330972218410275 0.99516997895919 0.0131786799835483 0.150103062792387 0.505637185443674 0.0872380172644076 0.24294239628311
0.134828689956701 0.969085236078412 0.999958568200252 0.794320479982551 0.872007449869035 0.284946004799949 0.152590436716755 0.549886519388999 0.241501501401698 0.553451962375414
0.0242702298923501 0.0054369722866757 0.0171470611816466 0.0171000503953379 0.0119211392219732 0.000410010862667525 0.0897512010087393 0.379676973653604 0.00136852623661449 0.167461059692789
0.753582691712414 0.00976849340271993 0.965275105725104 0.179987498079421 0.229812670208073 0.188829199392566 0.538262606481519 0.500181950763043 0.060006219868912 0.456326478435197
0.000477248745334011 0.0448176518402798 0.985400853075282 0.464472160158942 0.884134837641929 0.0137951978752054 0.28926439739765 0.503777887733924 0.026814525693013 0.575626389974872
0.226766484867472 0.12849323222416 0.98564060610238 0.846840471601495 0.995080139096557 0.0990393873430047 0.122488918968081 0.543343465885422 0.2150455700801 0.499092775159255
0.0211956348559367 0.0755907698259986 0.99947334587631 0.589665710778591 0.996518336424736 0.271419217587177 0.504671554702387 0.585396816348003 0.271453988038268 0.485949439986261
0.222343824708474 0.134696619623994 0.432628118675609 0.0994595098842038 0.97443257106995 0.00627378628029926 0.581932283981734 0.477276549257393 0.0546419080826387 0.369133445907345
0.306270025200367 0.486643045767818 0.992992668681668 0.813626253594534 0.998711441034149 0.23305158053492 0.334053112366468 0.562847099359113 0.276186731522465 0.541629757886168
0.100845803377467 0.0160791102875755 0.772556806814852 0.412987739988721 0.901786949705607 0.0113821372915703 0.0565001819586266 0.538933987191607 0.0717119256304294 0.500658207896795
0.0145943358864655 0.00143273848541046 0.295914529938477 0.196641067755195 0.372658683806388 0.00835292318041136 0.144366037749093 0.484832315254078 0.0348525336137114 0.176880424300266
0.915378833007179 0.419901993958017 0.975000510479604 0.565657912170257 0.993476879921832 0.212085374608435 0.578028888579352 0.56534122922558 0.262866369964744 0.791309775684535
0.881059681443164 0.243107263062945 0.90890071044518 0.536297746279754 0.996064350294463 0.0514838765319092 0.225136288497821 0.545510538131825 0.233744667502985 0.578321420451646
0.0656393812969686 0.00305176785684782 0.268767666656324 0.297855485741313 0.859561841283797 0.0337911919341252 0.0199628375533281 0.498332473059307 0.0312491706545161 0.288169995142673
0.875301780838981 0.304699389343973 0.999807111389458 0.685074391969066 0.996933913505508 0.298059458963886 0.320884081620839 0.562245476667681 0.129030825110612 0.533446260155237
0.0201154361602509 0.377161064700634 0.44390477713113 0.34698523738282 0.955752391525576 0.113854077074682 0.074792969560234 0.549317908622112 0.375968932048642 0.492146917602885
0.959645542098699 0.0112205512565437 0.999414103474212 0.546417389008855 0.993016018522759 0.168156445550389 0.952795340886717 0.569140905468062 0.177582876801754 0.490835662664742
0.0135072081557831 0.420460929574274 0.953441705486917 0.451684720142654 0.976048611243537 0.076376681122409 0.256046163036474 0.493092807696044 0.100525846194429 0.238716036469258
0.99734455999494 0.126529081200311 0.999465813268079 0.504599440126076 0.996147371609634 0.195978814835254 0.241139013960491 0.535893921001209 0.420562821900376 0.530216558338188
0.185801910534373 0.000561906016621398 0.705981602865148 0.0913232335443998 0.13216749944283 0.003238664727735 0.670794323646472 0.462609400815945 0.0125202069667666 0.354563520317446
0.996830589534801 0.208267196741349 0.768974604800648 0.676729641440343 0.99949212247051 0.202375232609424 0.899230927269864 0.582585420981271 0.432868225352412 0.63065955721207
0.140688971591776 0.123381457118492 0.997977423502049 0.436917607127918 0.967284316309036 0.0569128750854309 0.0431932407278644 0.543031228550505 0.0433541895862172 0.400639259269231
0.992094571463154 0.99993535661327 0.997864948685454 0.912802417561167 0.999890867457688 0.936204858984562 0.512554393609164 0.653040499449963 0.725958002662585 0.830641377344176
0.992884311059558 0.215979417269966 0.965895230962165 0.546073199638382 0.754792698967608 0.0309744358555108 0.0598834612018359 0.491433158394192 0.00825072345528359 0.316511358269925
0.117569631968972 0.00286265137556324 0.461811255394389 0.134780641963894 0.284973422348807 0.00202698492638851 0.0362134594079528 0.478666387422863 0.0132079893971395 0.191919228443739
0.0239206532510404 0.267400275105521 0.97322500123893 0.445322882782058 0.9591624000645 0.019887562582191 0.80024262893185 0.531983565468574 0.0941375957936805 0.446789094366271
0.578113660243112 0.996067702390257 0.986804398161121 0.602904117677304 0.998420533067766 0.0873927823316998 0.165581103336657 0.569864642629542 0.20494506840178 0.510052476273311
0.644065430000669 0.0240810049991721 0.995937642963276 0.230655011768613 0.600851873713155 0.243596320966845 0.343130024664753 0.520262955334821 0.0274690514989584 0.346788102492273
0.635307458326088 0.000896314103586316 0.938041187719256 0.151191111342162 0.678254356020356 0.00413485218696534 0.0808145493362242 0.494730085968338 0.014278100935585 0.296906756518533
0.994217991381438 0.0781670231657165 0.900357862199638 0.75127747702383 0.9865664634138 0.670110656024485 0.231974989201919 0.543616522298472 0.0539864763304712 0.465325583340016
0.0159341918896288 0.00117831454728129 0.978053540317916 0.365648345057131 0.759018019468128 0.0341333954917134 0.221719924878123 0.524866904755188 0.044846976133387 0.425655354124334
0.00104716441746166 0.00121456326523229 0.338740820667254 0.0883572039476945 0.757664134087876 0.0112938598662802 0.0978107701939965 0.436517698687413 0.00866878682122841 0.351581839503972
0.60264400013347 0.327417987328547 0.998823937336998 0.804212598765961 0.999893821182101 0.936945484898713 0.201046657295671 0.620103836076412 0.504528899924507 0.64831791331706
0.588831809948327 0.723069526171194 0.106188635286315 0.515958729525283 0.890846512328856 0.0173245605278191 0.0509207415585091 0.526756609401837 0.0768773030617475 0.385309012300174
0.414388552910315 0.476810673837249 0.988843349249598 0.824841250568074 0.99770719702651 0.785399867991056 0.80226792789924 0.601777091833246 0.9005483879287 0.646151156971567
0.999346505635027 0.339404092240124 0.996382318759845 0.580756103072731 0.999271308498456 0.364309116511993 0.308528746839803 0.552282522049315 0.221048369080999 0.561784956838429
0.885702576322455 0.868058076592246 0.974135498446076 0.457115706829733 0.79067985997901 0.10014496955572 0.4778466960259 0.532783005383302 0.182060886130968 0.522938321720074
0.989141367038397 0.882591923547627 0.75274906526603 0.84968579328123 0.9929362651636 0.376477225338191 0.563816351985739 0.618904525679729 0.344258347808407 0.817103302181019
0.978858824588375 0.192197417475589 0.999473044147513 0.451568902051512 0.992249223495108 0.218729232227129 0.627687193848517 0.55964986945198 0.227764367194032 0.496263101028598
0.288678029055259 0.31039821804965 0.873595446414338 0.309375136394622 0.998516261798738 0.154521671522342 0.061554471342943 0.530957392798765 0.128626884701843 0.546802211696039
0.0745442762240488 0.406612409278803 0.753685579419684 0.442476630710245 0.939168453327491 0.0130651638204034 0.296438576245691 0.538227824153809 0.0494679962235125 0.427774221089318
0.663188688658915 0.896167610025843 0.997297791328509 0.746962575735338 0.999752678712846 0.556557414353661 0.152319877004969 0.623006870416275 0.419037583437736 0.805471953220316
0.279009590640093 0.00238677610131039 0.998228354849049 0.291039640493521 0.99796686203181 0.0591553898028002 0.250703414180356 0.544465954665098 0.134286135349106 0.576019923257144
0.00479343750089899 0.685433657919084 0.513539046665909 0.449258265080318 0.989246215628594 0.0728552274680472 0.124093961162315 0.528789283512027 0.119221582211335 0.375082996553301
0.853545968385159 0.912804208315932 0.993312834268518 0.645588155774152 0.992321428316341 0.172615124564475 0.349561675072673 0.602885976892297 0.155589076282756 0.509986459138209
0.886373601225573 0.917053359964388 0.982503500856643 0.393633684075195 0.967760515658393 0.0251559027790687 0.0795247575575131 0.530799041742299 0.0347117867234559 0.515598223722221
0.98468487960955 0.166386532050855 0.960584024848553 0.649181474017231 0.995114120502304 0.0795495114017489 0.0514761805594585 0.561128501409358 0.0718809987862233 0.471524653680167
0.940150535529873 0.516388258856973 0.99892481565156 0.841695199661431 0.999388229001648 0.583681640062849 0.919970529342932 0.617751468812599 0.369158075908822 0.592592501920545
0.0275738256726938 0.0219925624352005 0.975719992545475 0.368654826093836 0.864848359129528 0.0146517020125455 0.0431389522159237 0.484114227390179 0.016728832402437 0.250435077326371
0.699577036176752 0.0920538142256491 0.247611681199495 0.232220605239004 0.481788571356081 0.0256322148865023 0.26510779215958 0.557865080635016 0.141401345027593 0.563154057131392
0.784828433861767 0.0425393300185473 0.216855283816247 0.284128135130879 0.814389632782026 0.0109148186938056 0.0289978197880713 0.47596528674604 0.0502996086621914 0.297705694985395
0.957425617841642 0.00502732713846273 0.26320539612842 0.0870110987655501 0.0509578016029424 0.0401451024603171 0.0413307542047653 0.457317949196586 0.027323160438832 0.254587692413485
0.257265406881188 0.125460679095648 0.968525975971135 0.254975283070832 0.999083773375951 0.0158512240690745 0.0445048504337672 0.517160904311553 0.0245144510188061 0.298957117716144
0.781589150940598 0.0714371398532444 0.929638931918972 0.275141392984532 0.882973899016267 0.0237239628736638 0.153299812641419 0.493685335803602 0.0266109076772641 0.367560688867479
0.599768012046921 0.00991580136999327 0.685875930248774 0.37709393474326 0.777172264675834 0.0444888016608605 0.0757466338580367 0.507450919255241 0.0263640406211175 0.373036454451157
0.784360767229671 0.0152882175851699 0.778804843043403 0.313830136090763 0.951747505706658 0.0346202092090955 0.137320285479433 0.5207850500023 0.0691116728191128 0.320138096070666
0.793853749050769 0.62513845454565 0.972488196920785 0.869494769003846 0.999982426588828 0.41231896268906 0.658693516927425 0.594675768762495 0.318832457989651 0.581699503274435
0.00110028735581689 0.000285960598434998 0.90598868847736 0.0917118304284167 0.632029840970848 0.000557862199557976 0.0122800130473248 0.432341712695625 0.00376478613289308 0.177952860774896
0.0026967772475822 0.0268829895282244 0.411524595870496 0.190897214121333 0.981686538992325 0.0170646064665767 0.19290576360994 0.492258153249986 0.0122797132007301 0.355111216447678
0.647543830436787 0.545653907648872 0.997141289833203 0.600063060374399 0.974504690071553 0.0504940227228637 0.0435318830112663 0.533598087827607 0.151291158839223 0.486846919793144
0.350594960873806 0.679851552448789 0.997935185583747 0.585632355336535 0.993448066699129 0.188414920284986 0.572459096963237 0.543732121794321 0.300242219140304 0.579852582284209
0.575626403316383 0.305154889118492 0.960291110578367 0.496257814759053 0.974261343509549 0.137351514189402 0.188116242972453 0.519844117676305 0.063231744837627 0.61498885642202
0.996287138409721 0.959798236966399 0.9887893067586 0.581529926783443 0.997054877830684 0.131902699830226 0.201545321784482 0.546532197122488 0.133643985658496 0.535373762963786
0.0210794574906688 0.197581707041071 0.6739052521451 0.725406784390802 0.99895120971804 0.175989238203357 0.0716774869548104 0.57340170332831 0.220241748403831 0.685891942345065
0.125424968777972 0.00818215391375596 0.767759868311334 0.233863268156223 0.971094475057539 0.00139782190462696 0.0735053109286452 0.48721653666338 0.0237038815678576 0.250335420014141
0.334999803175089 0.00282822250605919 0.882157916098205 0.165649699579829 0.927961197511673 0.00352446984825962 0.0700011194715971 0.453599223198072 0.0140490082021672 0.438011700509963
0.0558815262923534 0.0361459452694724 0.905377146816162 0.321250336358625 0.189169275286796 0.00319745937683187 0.0602564291046801 0.463400278395184 0.0429429815365764 0.339405466741742
0.686408740575901 0.0439826554343215 0.149066782513095 0.277037217689391 0.982480990683097 0.0212314457413003 0.0698764356430656 0.542382710010484 0.0181084360626505 0.636930826320243
0.631563536059854 0.00199644812567848 0.98916432479508 0.147334236837195 0.950053550025748 0.0199792391625366 0.0300775857172952 0.495732666774196 0.0473382615760461 0.406457531477687
0.250148331309736 0.992855811801693 0.99991817033477 0.961882575371443 0.999734552385061 0.937253471870155 0.551836802177225 0.66719210083704 0.84255252039085 0.893699424670413
0.0133921562355731 0.118226485972982 0.940132657183844 0.403032775427962 0.776844951996089 0.163632740403419 0.895107805370766 0.540694691546497 0.107324393841214 0.426785829211242
0.167958021256125 0.186988400680452 0.99302135667451 0.405681767618266 0.950404777115153 0.0490100896361207 0.167719873138759 0.522943775945523 0.0535392050889278 0.442695261373448
0.00424227670329052 0.0135355546560435 0.978295658726184 0.497760597729944 0.983020464322425 0.00927874482125731 0.227360476391124 0.497254668717527 0.055716841741008 0.364528975927055
0.150496037593889 0.0679582341167592 0.850897170804977 0.243135042286003 0.407481612292109 0.0361490493479991 0.161340058257953 0.505953090590919 0.0152539571535471 0.360732053297922
0.977312926593861 0.557933456542213 0.998477917380801 0.706158014955004 0.992550488817394 0.0311973085913188 0.513233663310909 0.581898135857371 0.406437304524768 0.444410511719758
0.0663859239752389 0.00344199435925877 0.68778436135025 0.249748858906106 0.852427900413575 0.00401825056401016 0.103653709936163 0.490075126291785 0.0496560769324865 0.348551191807216
0.989418224817803 0.0201074942442616 0.905000100445334 0.577940478165155 0.996711320437109 0.0245053670560161 0.666046660484773 0.519852430405129 0.0590418025728914 0.587583420171131
0.987623160785418 0.0736312449534933 0.999881218754549 0.415323176418658 0.990851518277183 0.0202385011033456 0.227961438977061 0.553657878312848 0.212357585101768 0.397477565472077
0.174381974862656 0.0663014755449063 0.996936663159837 0.601442682320761 0.999497179741985 0.237161663116243 0.861555504996612 0.590117680474327 0.0668532904602331 0.802591034963031
0.248808406613242 0.548897060663827 0.99923368359165 0.516513521597167 0.979455876656883 0.077799359260718 0.161144223711816 0.567021540030935 0.18679810585816 0.574960641164493
0.939771735203023 0.733934300108318 0.999540768892719 0.806366986212368 0.999921923453505 0.44363434450469 0.982836314663681 0.644810797444138 0.759442011973159 0.809481941910103
0.0928080004892222 0.0759013268877964 0.970251407930697 0.488973871401366 0.99352953766362 0.153628747504494 0.465546958951035 0.541303611848936 0.0773370832617725 0.581431601433927
0.877853308219432 0.143786715154902 0.995607398949133 0.574578146003287 0.994730829203902 0.14075323010943 0.743221865001426 0.544052554705988 0.339534355919708 0.740827331809375
0.00641257953202405 0.0186280405655868 0.970079490915947 0.291910785313085 0.562661882100567 0.00425146141201316 0.0768867670139661 0.450951642997055 0.0321718405909089 0.348842004349738
0.30671335962061 0.429940606643412 0.862846822508148 0.46943175713343 0.885438646767842 0.0733075997302357 0.146913630300575 0.50555418251568 0.0601579034928508 0.648082966376858
0.280995046939427 0.0378102898210028 0.991578713484459 0.123955880200184 0.21110937727357 0.00650406337839545 0.138836574391051 0.476246185021614 0.00435245767995862 0.433668081585486
0.45770484805784 0.892992861423384 0.982284123510091 0.525373999566954 0.999816898755407 0.505121469633359 0.818721506370063 0.565743869185449 0.116617582950648 0.481622249882476
0.00706336917174249 0.549277484767891 0.989491986781016 0.263232338676214 0.556871313271397 0.0183260550814186 0.106291383803979 0.539152691855758 0.132799783433798 0.334961037023597
0.64998837742778 0.992798670266404 0.99994834485439 0.86516592486936 0.999985447494724 0.742970484990397 0.838954515762081 0.623870309824825 0.724339034953113 0.708991941975215
0.873031678570367 0.792675280482028 0.993933677289334 0.803220037245306 0.999610533652156 0.530527692066696 0.186404607868395 0.594463499557734 0.580953518844317 0.774462194724716
0.937494760476069 0.00444814522748973 0.991658884808022 0.767323755395742 0.999537622446181 0.592616619096182 0.265012814709931 0.612755340923269 0.602924208375301 0.597482165462474
0.0136124219542308 0.150588228891857 0.735431875451352 0.0967389813050239 0.64268827811972 0.0021548073202355 0.0378499775541363 0.447712167377092 0.018345268299291 0.327721150930923
0.0565323130672826 0.212027304198474 0.979605223812124 0.607415446914281 0.960356539182701 0.140198683600854 0.701906506786939 0.561270107094281 0.126178930562339 0.374677896572365
0.999920501909114 0.0649552980284472 0.998441229359267 0.86095568617743 0.995652789104272 0.374734824919097 0.633119579697792 0.577128743591161 0.146492182491017 0.511750008449002
0.593587712701424 0.0171756752687407 0.413738395876581 0.49647324454727 0.921584171740336 0.0452831028378388 0.154144297198531 0.500038381875612 0.0510516391634973 0.391921580921615
0.358969666879535 0.63844208918301 0.999451893428648 0.703456197594198 0.999985771915657 0.0859667946128363 0.652533178794044 0.608397685847017 0.449417600570918 0.646443497039802
0.00709809749019587 0.0862581612371643 0.959771471852804 0.443671726883129 0.972564751344713 0.0622552337001246 0.267820428382828 0.520425960404237 0.0281642067359571 0.486269233982846
0.647021524103778 0.267469703547371 0.865167163699174 0.376996197877295 0.995602663564714 0.0118007269570986 0.0577139267181426 0.488652976761941 0.116494292702587 0.363220405056699
0.0165505485586107 0.00123527160007249 0.408134304930879 0.458865766001055 0.97689060142174 0.0526291900148186 0.00800269082899025 0.488805294394602 0.0215047515378021 0.381517221341544
0.964606930714901 0.00208289779892767 0.871638538916095 0.263605806250193 0.336432324452162 0.0106615795125205 0.12211027420302 0.467547535371965 0.0148656274794067 0.297869499343667
0.98880893471088 0.993065520265742 0.981837272989367 0.443475960861968 0.91030450437688 0.0605360674901414 0.118264887093806 0.552710454232961 0.190467062625476 0.637313241206803
0.0183077117325179 0.878511297206667 0.749938558765822 0.409861811278088 0.962126320746602 0.0147525440878327 0.383059640294535 0.501346287037247 0.0428834084239953 0.299509825864782
0.144025679034414 0.759975946052836 0.999959851617873 0.78819968541316 0.994850449158303 0.464117706332279 0.658344655891193 0.585654873930753 0.278424677820017 0.771635022495464
0.877715056409324 0.0248742402845087 0.977413278652797 0.373102183374882 0.963254436801828 0.0351798166404899 0.843481028671703 0.513432786192563 0.0194262612421496 0.419283978320351
0.998723042925318 0.770847182846372 0.999908697326251 0.668658009220018 0.999694727309505 0.493321240866435 0.297829544263689 0.54889283550478 0.537772059943023 0.77506742446517
0.0716377895541981 0.238015167655251 0.854457992887969 0.204608251571242 0.936606430155922 0.0314377610883128 0.120149078520187 0.497486233855004 0.0771445221580433 0.446500653738253
0.0325383998419213 2.56301207525583e-05 0.296314811224297 0.535429328295099 0.903855239669455 0.0321916921829118 0.668955997609724 0.533509527318753 0.0503267256660304 0.415425642635958
0.994773481265897 0.0488682359841456 0.788856615413981 0.460630437587202 0.99956324105764 0.152004030945807 0.0184808779628248 0.533574200465932 0.15505232755068 0.469861401851526
0.537991895125482 0.541248973202157 0.998992070500053 0.677565569497864 0.997061657213217 0.171803848573952 0.154348698625513 0.570412550062434 0.278012122358601 0.625267028468247
0.0247103722737896 0.36508709319937 0.731358561010095 0.423404709835935 0.957379604952773 0.0368896994226229 0.302585630177808 0.51933368306078 0.118799351025631 0.329004861806204
0.990907254321882 0.934570246910007 0.995315497678108 0.774500442236294 0.994173774157942 0.0536524358760055 0.181557002675843 0.57948424801193 0.576041979565787 0.720780802577892
0.975877241503083 0.973612862798328 0.998115884426053 0.889493804491648 0.999927287234973 0.889114915531124 0.6847885458806 0.629602472828342 0.537290334490902 0.77179396879521
0.998981901375576 0.988554012374707 0.996843221661403 0.640060699876818 0.998705047660598 0.179985716834853 0.871286083882506 0.583594097462858 0.471920513430754 0.574665143124967
0.0581450707430016 0.0027230991644901 0.975561047727744 0.318023902252212 0.978831181544654 0.0376119125411385 0.0715672682429823 0.510928582448732 0.0699550444009109 0.385343018155463
0.991508344675552 0.796377641655912 0.907345249041166 0.680321189060495 0.990531242700948 0.317056262162003 0.323213147344527 0.568300513716073 0.0865470073100616 0.553445436681141
0.974336443668138 0.955234853516052 0.978887175000606 0.92158333803362 0.997704105351192 0.563352507764113 0.652013724798619 0.610547482037605 0.320891447178265 0.626182849719297
0.259088838909114 0.201457502392319 0.981394479901071 0.832208132160221 0.963916818170248 0.168068226584875 0.414854503462169 0.564609591502619 0.107205183021321 0.686398074004771
0.608865407081064 0.00550876005325668 0.0669913344602647 0.471886906972131 0.992195388427892 0.0196740976371923 0.00681031892568663 0.486693213992826 0.0231703698174527 0.461569004651316
0.915090530502303 0.198518465250756 0.565848476028183 0.332786046135206 0.953965026754699 0.00773426897480632 0.305709662677875 0.487582599222797 0.0152747967594022 0.210391111534979
0.7284296439857 0.792632189388566 0.809403864805755 0.372984170075377 0.947938169713994 0.121246971994092 0.104847551171711 0.504917053718569 0.122267720912602 0.39824040937582
0.989169361402946 0.222255918911918 0.999680126548981 0.413636875107121 0.938934709319033 0.188102064769712 0.450679302957242 0.527084500050844 0.109661128017635 0.599783736062104
0.0208605666816628 0.229431107002118 0.794475491150104 0.0753009732483739 0.47936612848427 0.00105654026501413 0.107948428771174 0.462010473002678 0.00770321732636777 0.25030168451646
0.0184533047963457 0.0171506462369477 0.19337307988224 0.254891261833122 0.96444448684891 0.014750236806508 0.337494616311506 0.497453543785138 0.0762315200767701 0.446655789623928
0.442669773214907 0.535720813367008 0.980805566899425 0.427104365274836 0.999686118358444 0.110078415141175 0.0699309279338586 0.565262002293509 0.126357825286547 0.462713831051637
0.10847567314746 0.818326309905466 0.997577187727484 0.53425542955718 0.851478694101073 0.161472533244839 0.0812604061442636 0.542935143348572 0.156739881217845 0.28362101352072
0.194924196784698 0.000440315556404702 0.981942376699772 0.101073028178926 0.855779028255111 0.00483510676789444 0.413076520884227 0.471770309821008 0.0212131633724458 0.417580746724953
0.498725542584551 0.207816451147956 0.139841038455361 0.286430345575541 0.213303896048571 0.00157400253257378 0.0189770014061245 0.47669286179368 0.0186393888316964 0.264210994904609
0.369113654937862 0.874639289315005 0.998699400751997 0.74326488965711 0.99885002809456 0.290646766588075 0.342518101364229 0.564413249278146 0.311731228697988 0.468355396740096
0.0458080600278545 0.890577050558867 0.985612109864916 0.389036316027402 0.971612067336094 0.042217234070368 0.0937019145137532 0.503458812917967 0.0906073379880206 0.399522216594858
0.985888475176089 0.456742079675397 0.9969437826351 0.534111263201381 0.989280241425422 0.138918508616437 0.499308148585915 0.574301926833225 0.384360637805383 0.46221605619165
0.396281444534631 0.412894611224623 0.99955174305874 0.53844823315701 0.980835350059195 0.10612054709125 0.158315601233102 0.556206470740614 0.474653328728824 0.661635892616917
0.0581827889050274 0.961599569918401 0.625128343133034 0.322607541119165 0.911885052866569 0.0457421257063663 0.13606949338878 0.48331428838127 0.0538941030511857 0.387278801505405
0.105167976826719 0.0760095956897319 0.458681055448361 0.603667049842224 0.999710199769926 0.515152889396197 0.137637386630466 0.581030166036127 0.25670147846797 0.665395607169464
0.968292856598954 0.26710645767524 0.431297650965448 0.552142121625027 0.528793026194195 0.299387177364399 0.095457658959161 0.532341452129015 0.0804311511253203 0.598709733734341
0.131218946559846 0.0935021979732714 0.475088204678587 0.296640033747775 0.959336433132801 0.0469476389636857 0.0425151914357476 0.504834473869286 0.0249353715669319 0.310156896557315
0.0114039052922797 0.00024164882948714 0.8419774857058 0.286498101158457 0.66016461957337 0.0148951156470976 0.0861527948300519 0.489114092411631 0.029395503179275 0.251063222336106
0.988598820173403 0.905018533311932 0.990130419416908 0.919208981552683 0.999694162630214 0.67783370327329 0.546801846125374 0.58496762731382 0.498661606609462 0.698650896493748
0.761579009454109 0.667856481191594 0.986329111559128 0.631499344985442 0.994878783816342 0.174844230766871 0.0833715584223118 0.554720999538573 0.256928507250589 0.324417487893468
0.778479652001021 0.0486004270704219 0.446940414218083 0.130909089292548 0.662366670055911 0.00876777725897295 0.211162939000753 0.443884936986272 0.0106671272279337 0.237046200706681
0.301998757589222 0.00147609593992593 0.0574510931298657 0.0986088391023598 0.494725736772619 0.00133233492390687 0.0661877906118244 0.422292173634362 0.00369157467788373 0.223432963631034
0.209291260527091 0.012917726031631 0.440331061927298 0.381853229306895 0.995379102757964 0.056541795089311 0.154305456212357 0.506892092659981 0.201477112752933 0.503208278354005
0.233505648771749 0.40694160318652 0.94088094029247 0.300465112225597 0.990584281406843 0.064252178086224 0.207168502415338 0.508016034583291 0.0887778966602793 0.471336555794319
0.988955594508199 0.34563607109432 0.998900943898538 0.407393825258534 0.969872798576569 0.11423914717985 0.216998319358261 0.565429089249806 0.234280948165293 0.526084208066611
0.00581179418496302 0.11344057649362 0.63279295308334 0.396052046244779 0.990913347231682 0.011762314050725 0.0549936214137877 0.495285798445354 0.11678166623479 0.439443252141255
0.0014110757544634 0.0110957385895659 0.0468838679661619 0.181508827501289 0.962077752068932 0.018002614999124 0.0303746150287161 0.476588207535935 0.0141530130896703 0.239598705766454
0.997272807347959 0.952034534874107 0.998221824374413 0.935688322516405 0.999970543499787 0.959557169364783 0.678805455530817 0.650225460938578 0.825025100946983 0.879624504893151
0.525848601568638 0.928329430956504 0.989628176894585 0.596098855368279 0.807962088513952 0.23650113704259 0.267790467441369 0.549875094864146 0.092725472628486 0.442060880566406
0.703038943937782 0.421309367751659 0.975595576646904 0.306022410624942 0.996379502081169 0.0243533825721404 0.652776120801828 0.540750250554152 0.438993881556157 0.614640907319306
0.0834124477657659 0.346931902105178 0.998609821267355 0.247508526571304 0.442957558329804 0.0134429228566166 0.31830386782667 0.476588348441884 0.0855462836034719 0.208934938159693
0.8513297272727 0.994109359933979 0.989138122242925 0.349205590432335 0.99476242003515 0.157979653274364 0.341210178367735 0.550385826489786 0.196418334112408 0.520176842415135
0.150814785878274 0.159328320244111 0.994333504411511 0.708636491580206 0.999796715384927 0.269983504843447 0.867643896135811 0.573818208309674 0.160418507300478 0.53981914406184
0.371410945723807 0.429328091850338 0.890157906588819 0.258044672265462 0.930384746272011 0.0705767335668937 0.141653042186475 0.48857213988241 0.0262906602051179 0.154428128437415
0.774574978601398 0.498171593884156 0.992905617767076 0.883119082537832 0.964272364683632 0.450143791035262 0.550060449534144 0.589378264826489 0.630175575926286 0.478088888794512
0.753678460111593 0.341991257672346 0.630490021821671 0.571977324934057 0.994378257174641 0.129349518795793 0.756617565545751 0.59239279881392 0.28871638461323 0.708442882699314
0.06690182908895 0.949528081955985 0.975536204929354 0.753380320126097 0.992492490098859 0.0591424770948448 0.0600289559444261 0.573982694114832 0.18728236168109 0.498698413105178
0.693851725219637 0.757997060396353 0.644052443564259 0.701487359024825 0.984229582095968 0.135793305454616 0.491755913157947 0.570696445515013 0.191198384198192 0.55578677064311
0.878737003687099 0.99655918434146 0.996004607606117 0.570425889900666 0.997149309389067 0.0218313346730256 0.458338805317428 0.510644633303762 0.437539158794904 0.669079608158886
0.998794399511795 0.864417473797066 0.98768032057575 0.391260590259507 0.956443482179627 0.166959730778209 0.0897466502872687 0.547197674858064 0.0400800368889267 0.653111300068216
0.140926431374237 0.488925606016913 0.998184077632403 0.468137286531511 0.994089205417065 0.232560650205619 0.923506677876219 0.562508078759286 0.242194615805263 0.726531374952717
