0.807712354025983 0.783229847555012 0.993341888693793 0.520772593901404 0.982585632587442 0.161932763065658 0.388194658439895 0.588234557294434 0.217170430317082 0.622641988815894
0.032717101409845 0.947856992884081 0.807362712280283 0.406552287615036 0.494092244615629 0.0073218142222406 0.125720673206625 0.497513029674151 0.0639202886030417 0.308369265987835
0.00605718940167589 0.00760134616849746 0.780777182308775 0.164344625072051 0.928214678031596 0.035794253534627 0.279951841516798 0.467901612763658 0.0181434155558177 0.415703775320923
0.793603862229173 0.664509010723375 0.999908626717535 0.714925786708979 0.993256266811865 0.566149973900633 0.0665476884846628 0.565921145426813 0.364314150431045 0.466202186404671
0.0215268128475593 0.370762015984892 0.788319845187432 0.287802398662523 0.996417346530518 0.0443599885095386 0.124214932913209 0.554222881718799 0.234468458578813 0.63896430016731
0.0990833445063794 0.29547018479997 0.994466863835815 0.540587375868806 0.997304963774855 0.0959359659972138 0.244535986256398 0.562551010601441 0.125707777671549 0.325397317862061
0.536445793771366 0.149775062421759 0.99476234690774 0.477461782595731 0.999230585299071 0.261974400731316 0.375389648039863 0.535165973777762 0.0992934118572902 0.59247067714939
0.0500926315810549 0.00676489017125707 0.963408860373969 0.213318796299409 0.566796495670245 0.00187627081393043 0.0430890729548976 0.456233789769534 0.00985542813416269 0.294527440158585
0.191460799426578 0.00215160918368781 0.50028559635846 0.0749085423604522 0.0275162155560216 0.000946986963371498 0.114768514187414 0.46381817935131 0.00706555034091648 0.352252955790851
0.25369244620863 0.963292936183131 0.976373949352299 0.740233791685605 0.987376204121613 0.464040728297665 0.404639665552704 0.572428748616423 0.456570868305787 0.692750082094872
0.059801784228257 0.435283112845475 0.938363387638439 0.641865964068446 0.949089934020566 0.0468146152500833 0.292380348963338 0.508030088168999 0.0789936395241153 0.540084485140123
0.0148133860662808 0.141755911649741 0.956980537105924 0.248765478286047 0.858110617257443 0.0078025650692066 0.165063420350785 0.478288198191601 0.0192703890501359 0.321981834111803
0.940762033546746 0.769702799932276 0.752858619384934 0.31168447776418 0.953468623452921 0.0112298295917243 0.0636457709330047 0.537469281129472 0.169346564906977 0.489204757359974
0.891212660313777 0.862315080313433 0.999894008965901 0.804981768827971 0.999807293850067 0.387036714596499 0.705948331641558 0.567662290027555 0.279642201831511 0.450094452415644
0.107099135221061 0.857485460284911 0.944244767418969 0.598185091268336 0.999760479486392 0.327022823163975 0.681573115487499 0.552238083488524 0.272662996079901 0.519371999683881
0.711485752988375 0.930440571555681 0.977211913140314 0.840231948218596 0.998972331254163 0.693124658958949 0.844954538505169 0.594904356632291 0.258391096996486 0.68361459042054
0.544891877862911 0.916591292280898 0.993736705333104 0.313054931430027 0.941691916789039 0.0146376338208173 0.0519524623474648 0.53149018762008 0.129909377193284 0.579038534730837
0.963590821450108 0.215694153061071 0.871685622469803 0.457782427897554 0.980111646945634 0.226224441078537 0.205268514819839 0.567373057279376 0.170734659846721 0.501273695583463
0.0112210355641317 0.763280129984298 0.96747294908901 0.612764896602043 0.995730345904931 0.0145526568779405 0.171275998702349 0.543409805817577 0.207962223669276 0.333020433246969
0.091583902807412 0.46619179035909 0.0462037048528932 0.279473934423502 0.912591091753616 0.0839173299187331 0.127299242104284 0.474469319965868 0.0167712318512132 0.271437869692245
0.643057216456588 0.12785650480275 0.99572943051655 0.391163833534337 0.91908953927147 0.0100854644090294 0.145023293154365 0.505592307204247 0.0612115789202886 0.343530941304337
0.188644481616612 0.0851880018618581 0.447347482372584 0.254397919876722 0.92107980725699 0.0111500159932865 0.191900686171199 0.535727216409889 0.0539129659435104 0.258804601877819
0.489751069547545 0.590223089506444 0.999848301686093 0.307244700856588 0.995003792359093 0.194496002330551 0.632027191780091 0.564314025400372 0.328244226778732 0.638310209518914
0.981565627586925 0.138824865260534 0.99895165601832 0.746862191950817 0.999932358786154 0.642803138753803 0.369798286035533 0.59800107159777 0.188203408801918 0.582575319750047
0.977607971417637 0.450062086237228 0.999343876812429 0.708467498981725 0.989916980595135 0.0930481102636083 0.189002653655677 0.525592850346467 0.119829026732603 0.689866947442028
0.218042737039891 0.156630623233701 0.0404494169308019 0.390343553248462 0.990982158530442 0.0245976749539001 0.184090347799337 0.530645038626479 0.216822271404214 0.339782495866217
0.12572019499758 0.432417670878492 0.925695768630727 0.504626915541772 0.88388999001253 0.0717267353888427 0.184310214223174 0.508670157080372 0.0540822971286564 0.338740241968168
0.844955977021511 0.0261391211159843 0.117127411818262 0.239194639194113 0.935775325316945 0.0221584247209315 0.44197741019977 0.496083244303396 0.0366224605914538 0.36843212924157
0.987767646750639 0.510014429624002 0.997559050530242 0.896938399006428 0.999499648688865 0.499923970968001 0.335198126177828 0.631869925955274 0.534816240465013 0.746156240423598
0.296562626616498 0.00250295364952662 0.894164346885646 0.137863813688728 0.914467158625268 0.00285290681536463 0.118527855401964 0.48145838516142 0.0129943043659951 0.31021385947339
0.976781602929991 0.221898410083656 0.982823183750047 0.639325763682422 0.985946396662003 0.31252068792242 0.296040384128307 0.571140780178874 0.483117759185007 0.56974164671639
0.228657672216816 0.000826019739057202 0.156856913894427 0.149666320626067 0.527960038929162 0.0120612081517691 0.107309252759105 0.468769764298629 0.0882182875728378 0.384595547626276
0.116253778314316 0.427793262170295 0.814040646647611 0.596276824876122 0.994050280196614 0.0149645477460289 0.160341525427224 0.538492892719234 0.160650459791116 0.529377938340295
0.977346086604655 0.808339300682997 0.956708803652207 0.739477603827053 0.996727700251565 0.373444309578674 0.340738585638367 0.60025438399998 0.259893950816026 0.617886885653385
0.670293726914366 0.0690765513543723 0.511023051686337 0.184191429731693 0.799258851992384 0.0155943101300816 0.45675438330252 0.493190792243906 0.0495845256182225 0.376822907345777
0.622683181146098 0.630997606212749 0.0150181452982057 0.424347912397138 0.888226217147737 0.127878309131964 0.531838956650058 0.528894382140142 0.0891142720162143 0.344301686001259
0.224540114290015 0.982295531461069 0.978465780855968 0.604233642893764 0.988895525459045 0.143277202643603 0.114341593750164 0.550912953698973 0.441524392312028 0.544905908065981
0.141563922613465 0.0223754901054747 0.988595727646395 0.555840293103267 0.999588689179288 0.11090983752812 0.169154548477399 0.575228022826279 0.375942272225131 0.571897924070647
0.797698078771168 0.00018962943020062 0.353923231108816 0.264060986971066 0.813317609784744 0.00587259651432817 0.37241570052638 0.464940823442028 0.00898405514668585 0.384964877561261
0.235548928216593 0.0568431141418167 0.822573355077027 0.611178707095614 0.910458843666342 0.0756339004689198 0.124824299193261 0.503335305739926 0.100576919523008 0.497870555926606
0.0681209963348838 0.00431899069321901 0.0128859506034199 0.488269203233334 0.933221820542162 0.0138994156827252 0.522098467620475 0.514207942477431 0.0624419027845237 0.439139926196547
0.973350325354774 0.955817210560197 0.997801888842993 0.468075547484228 0.976538355761382 0.0713379877488459 0.333853089126872 0.531285756894458 0.0654036480689451 0.583152684445181
0.922589483269439 0.288020349983171 0.970035222303178 0.341317525991431 0.669135115592252 0.01916825035558 0.289376629503291 0.512592897714377 0.103585717541905 0.257388504524857
0.874586457731468 0.930381958290547 0.767621223277291 0.138708804852302 0.811608537305284 0.00452024673880526 0.164343286375875 0.484415243459687 0.0723050880701521 0.387090149731281
0.874134900436103 0.469273580048988 0.999909861110269 0.934982057700404 0.999750855556202 0.296991824842484 0.808093814272644 0.630494898051543 0.384873637341078 0.778399089046527
0.677705318992648 0.371111431517076 0.997835090675315 0.250505125897579 0.599652430315914 0.02519126562206 0.254507787923947 0.536207530642546 0.0379529993693025 0.368008965341508
0.875655700721661 0.0485282385520758 0.933861796749317 0.677082770299558 0.95552304640789 0.329564436592133 0.662720750891639 0.569200720614279 0.260456397308581 0.644823051338968
0.575605378636603 0.0215906068812011 0.203026591754994 0.396097265884664 0.993004943291434 0.0656333786207223 0.690562468878257 0.513784215590045 0.218379161620236 0.482480058990928
0.695080507421347 0.277119683726284 0.986580829136587 0.421901783914333 0.848605459271726 0.0766710343872699 0.200069626075978 0.553615477059329 0.0917905477519535 0.456525421181225
0.935558223292226 0.0695674373974556 0.991886333775063 0.437743997620994 0.914618118564191 0.231034314486556 0.481517975036388 0.549813143696697 0.420290172033738 0.643194323634375
0.138299508657225 0.0462826568698255 0.900631610734689 0.498934126639156 0.89828049031823 0.145904375196896 0.47488165899905 0.536445277151221 0.275848188183338 0.540723040989408
0.805684682588199 0.1105665006105 0.964956890663305 0.569941132254473 0.980429426644776 0.0919437564397079 0.0669680775696457 0.513718084749802 0.0627994209059275 0.473991860187803
0.96088959244114 0.480154252379212 0.95851556199831 0.736276105291196 0.996875174039223 0.55909947922925 0.796345712704444 0.597919211652202 0.188915370295935 0.631055966078416
0.195505433223231 0.471979440020635 0.972404444345615 0.230914116822681 0.963768998178303 0.0494714595670295 0.0447193707412255 0.522543219932814 0.139707011296659 0.331730107555912
0.540057712662695 0.836378066498083 0.999952296760856 0.806933538368947 0.996238389078374 0.507981298679799 0.149939764797283 0.603673668900485 0.335013716752468 0.557932510478641
0.0774544250629806 0.00010953219694501 0.986965871458644 0.4114669218297 0.990599730827999 0.0224610129985167 0.0359616191466527 0.472374568768977 0.10565582502129 0.319437624641901
0.496839225514293 0.0842588836314041 0.895437527259785 0.190588140473706 0.409745334311808 0.00808369066629669 0.131487040726976 0.448712396229754 0.0615376157277124 0.209876285153056
0.723022636351925 0.0197609434906571 0.990761329192821 0.38978777914434 0.992162414636674 0.100914864068239 0.248131295505243 0.507542959771994 0.107242306960367 0.464149686256838
0.4399835950272 0.497532857352981 0.810316191757615 0.567583171061702 0.991364802966632 0.0258987918450663 0.188691675833815 0.547005259681598 0.0988836356790355 0.422420477843147
0.613366579742905 0.0328703429171707 0.984586838936151 0.142876687298976 0.905936287054039 0.00762849491207242 0.474358302158776 0.469804815532076 0.0362970178676934 0.276594311758546
0.082171794375558 0.192529202881776 0.991716494600956 0.400067215515561 0.897466107393983 0.0206482976427588 0.432120400938541 0.511655472752177 0.0163238629520986 0.362983551944761
0.00157484006269956 0.140166685753769 0.976088600112238 0.579942028251963 0.997430580298917 0.25059282176734 0.783459849094873 0.546437731822986 0.1312579766195 0.703544004942801
0.350416936111112 0.0152352860094498 0.96048258329141 0.32044629637052 0.8742517838598 0.00569305126914401 0.231185823031443 0.463658916219834 0.0227452298038155 0.305591806518463
0.00630719370576784 0.378357321199086 0.962231365144995 0.559897554244726 0.994304213863867 0.082617761305665 0.7028156299029 0.521966427098486 0.0967201859348611 0.550745062325273
7.16500486029189e-05 0.184786117448539 0.996387927936521 0.19603246899117 0.891743894033453 0.00213787628390258 0.0778342360178657 0.482058502819556 0.0274415973510662 0.236369631606959
0.130262907799861 0.295711469998227 0.487197010009379 0.331427748522411 0.928867538672442 0.0107934753154751 0.0128499965697567 0.466624056517961 0.029402004315593 0.364787676820603
0.0604344825841876 0.194504316660428 0.807336754242025 0.177299733592803 0.736711227703553 0.0027912108489644 0.169011448753109 0.456672622800215 0.0235725127888703 0.35162818296064
0.741813097304782 0.0192190180037349 0.864117304009808 0.149421961504857 0.819572732516622 0.0129131163814508 0.0283448054253566 0.483989448317776 0.0218696497158851 0.448598230828809
0.0963586422947511 0.831870911340397 0.989895290235377 0.487237463120889 0.993224310856186 0.184300382217991 0.886503937687218 0.530564630868765 0.152882114337039 0.506363705708723
0.99071210029125 0.37186655136278 0.982955656026285 0.495506581036904 0.949828432306749 0.181276526341872 0.145776772335802 0.500267262967863 0.124596839172449 0.508878661251775
0.045465245762936 0.0116892588928512 0.553081504322347 0.112929050195168 0.0362977554190756 0.000122313322791299 0.0447363732067449 0.415648111894044 0.0133410275613827 0.253466581179241
0.825155359368014 0.921549380836987 0.998758858389212 0.761146837034022 0.999848494463361 0.578451077682878 0.979882179852766 0.612180925008493 0.323600031810358 0.606661191341814
0.996374712062062 0.418326719568928 0.982739880772715 0.173691844825169 0.535111855374139 0.0168827696996319 0.658660537007013 0.521997964341394 0.0625721108890212 0.314260094579554
0.921726553631352 0.59034199704357 0.932302687618294 0.185610451086969 0.981268498869373 0.00997612357694859 0.191791310146453 0.469695561766499 0.0583712275201734 0.337620418020359
0.915373017767176 0.115307621155141 0.998964835663174 0.479491314019592 0.986699670771837 0.11375804449461 0.262380267432969 0.530443978245826 0.415061062658379 0.492518572420544
0.302771970951966 0.330779325116522 0.154255275467452 0.0735200906199948 0.378387218503195 0.046419352683298 0.0807577728169583 0.463522215918951 0.0441760118440095 0.238814821767243
0.163180800929568 0.276419594741226 0.999238097666295 0.728812417887624 0.871666969072026 0.113333000688909 0.458350472100878 0.547104979632576 0.103664846033535 0.414231572369631
0.92152433846071 0.0202941759369624 0.658207188739745 0.148141305241085 0.419816600980649 0.0209391140303926 0.241324179296861 0.479812623145208 0.0740279942354355 0.23096535292033
0.921148359724568 0.947766884213931 0.993495432756192 0.880694788190986 0.999120998927179 0.894698267147309 0.315119906689799 0.639036939524258 0.841103261006988 0.880619650551802
0.060476098013454 0.990950170770034 0.999838583466803 0.839246992540076 0.999963321261985 0.929986659814614 0.825829357529538 0.633525713641327 0.658425500231555 0.789285337984246
0.347455861662993 0.241243414454487 0.980592922239334 0.250165146707198 0.556066214023921 0.0155456871769651 0.607477539086781 0.533006715307366 0.0964500532928244 0.250061940089309
0.259320960749133 0.20269701574488 0.999472890971731 0.811713577895369 0.999878764878825 0.730957204118391 0.483999498888892 0.620689979353532 0.31100346154705 0.669722705804558
0.0858890840059807 0.0336040402711153 0.0176292350517904 0.325055821423021 0.750985858704111 0.00741945566106146 0.539695122109462 0.463091756006359 0.0168032578313304 0.14059515714075
0.827978567825319 0.57525115951188 0.998956992779869 0.37764049991863 0.947305188946202 0.104335373994585 0.174507217084449 0.508750475453526 0.0744181404120707 0.465560532504655
0.981392950394484 0.994928653236154 0.999814344145057 0.932092281717883 0.998922821795817 0.615671358080616 0.741632410078646 0.625914965922552 0.545006060933438 0.703076254611838
0.643270868896521 0.984153027753712 0.999919604823446 0.733663593075074 0.963649119731625 0.192327925656143 0.177734243839748 0.55011246345718 0.101313333776479 0.636800680801842
0.507675346968308 0.932469765477982 0.999512268036659 0.807655695615889 0.991809045575733 0.0861565266015518 0.372576515746451 0.566217899257421 0.0740306179408989 0.337298233294609
0.987345036874472 0.994470811050582 0.990852092164179 0.888647133673771 0.998537653386875 0.400119895397329 0.104355955158438 0.623806896802944 0.670509105710131 0.549632232682135
0.279474546417036 0.00147342406019422 0.776256678614835 0.455911168639774 0.97756122604209 0.0123592171666183 0.168941021170899 0.489491307990046 0.0665064059845207 0.475439756317043
0.0806836342792241 0.280731811018573 0.911646664498586 0.548382283237811 0.985735908617886 0.0490213177158039 0.171423837523528 0.528287565127207 0.0657623959091502 0.664106032921395
0.318625866190531 0.960299818215145 0.985906975303278 0.658994907822543 0.99950300547565 0.411609767000687 0.929561800012494 0.587767039302055 0.529250936015829 0.588818108397674
0.0123597685547627 0.000504803850999876 0.917047978017284 0.148021634627676 0.294670236452281 0.00208354240003428 0.0263638319624872 0.451086099621331 0.0126133093557694 0.381125895506369
0.568510517620952 0.00263572113794999 0.770906575236323 0.182077499848686 0.428612865873568 0.00542767336675052 0.0320027062022316 0.478408473201005 0.088216850197309 0.190036580823295
0.289679999694721 0.000932263707578914 0.0886485039851088 0.058265079732681 0.473785461412892 0.000793196411352858 0.0321950349517938 0.443652321345006 0.00420875250616415 0.249471258924251
0.163023021973105 0.273040070587362 0.0363445940893622 0.417669874271821 0.974105702184554 0.0621389655571562 0.245501220616399 0.494255426276966 0.0170745040786428 0.294133276516161
0.275239232589277 0.999685883476793 0.999738872880883 0.930772789336833 0.999938219378635 0.676724341631984 0.915676289140941 0.650570713726459 0.593148346910833 0.770192519647154
0.783282669399766 0.377595842153139 0.998007998782658 0.680815665274407 0.998499829861322 0.0617953483033717 0.424741702883006 0.583423359121408 0.278392572998091 0.589664517715671
0.741831678488959 0.88162244090496 0.999976333437404 0.609612801682534 0.978753814993438 0.222706088738885 0.507805566631307 0.563817023176743 0.399661677425129 0.536866205596423
0.336487290607827 0.369292608920707 0.818291868041469 0.442530781330256 0.999659331944222 0.26825929943886 0.535036347706051 0.571621820620256 0.20860071738181 0.481589345092107
0.072134655333835 0.867814300119585 0.875843092263901 0.836513559248415 0.996207234963265 0.278526738214381 0.629117201261864 0.56591181573948 0.386067831425188 0.55852271949392
0.994863647922238 0.0853576383075821 0.998908100273683 0.365421148236375 0.948980626993659 0.0834277272151094 0.262890697144566 0.537176906984921 0.0748938099039776 0.273981940184063
0.0480485083214378 0.0101374110765724 0.990916348410478 0.521140258429565 0.932059891238443 0.0432563646062525 0.214648984899897 0.52549714006237 0.106667851324356 0.628613765292805
0.995578021055882 0.34141812201133 0.973085223624337 0.823699637362279 0.998668435936057 0.66138672951837 0.598402265913813 0.589110185492741 0.427233719424294 0.69990772136941
0.387470485011019 0.553274171455344 0.940683963560778 0.492036189443319 0.997673504497132 0.318855510015449 0.279023013218826 0.559524969544784 0.18425323308701 0.564588221281705
0.521178266514414 0.765942459306706 0.996958505283923 0.667488662424129 0.996453988054108 0.0447526022564478 0.582082166516816 0.55030297028484 0.125584664021305 0.522002251242783
0.269161910881976 0.0461934715999354 0.995947777494228 0.505332029963522 0.995372847949382 0.0276066064339398 0.125383399933156 0.563330388292227 0.42925628470895 0.628872160963795
0.026093999598571 0.106867012623268 0.39552525808096 0.196945406794003 0.15714318007534 0.00465740862026388 0.242157296021011 0.483491609596493 0.0131912252256649 0.292421408454515
0.00630928565074218 0.00754346377676546 0.99424407973114 0.306624008995507 0.882165066158026 0.135494824949851 0.0153179916321682 0.494982943448981 0.0317061318671559 0.291597145565609
0.367553794467993 0.967221430863996 0.986250533719637 0.856834716649213 0.997211857349496 0.149274968021751 0.818446735974833 0.621843171342848 0.609129257988159 0.741464467387063
0.827661692074107 0.468003473255802 0.168610066725177 0.474379359181957 0.973284827280637 0.123085074783105 0.157097384719042 0.560309821427044 0.26677836027941 0.401031792999937
0.529913930376414 0.0832311015388857 0.369847079482139 0.54864118866262 0.997216854990937 0.0515791283494028 0.175382550556021 0.539569288319214 0.152816433406599 0.477920476473415
0.900539101147353 0.659670442087866 0.787708891921373 0.40343801241501 0.975783094302926 0.182889623130079 0.0197599024966379 0.530725327857729 0.04269129472331 0.377116108694109
0.227655993192794 0.840614596207096 0.999974166357432 0.319381556881011 0.956473835530513 0.0482341068895928 0.150186360641045 0.497720757672405 0.277836069869125 0.465580734429281
0.993710569999527 0.581461336803831 0.731907686545866 0.708096793614164 0.994630849191093 0.261190701113393 0.0788465731598209 0.530919062153971 0.422395022432957 0.589507102715327
0.989237926246466 0.99083827310323 0.986710210791523 0.710160421695994 0.973742105546418 0.382184745334377 0.687935674230339 0.598519283541794 0.165342194166558 0.625005340530345
0.177008035533998 0.00776731107262867 0.617213566318089 0.121725815679212 0.876292920918862 0.0122933434372736 0.0232721120159227 0.467230299162945 0.028070312291584 0.402356345218593
0.00118032951700729 0.0141308413728454 0.14958367856696 0.110927307384725 0.0528427596352433 0.00113463555934248 0.17731336471477 0.419282681832314 0.00668462844942417 0.226888681500443
0.936522678718222 0.594806927820791 0.99436186365911 0.410021607111105 0.869849237525567 0.117106161914324 0.489823874332967 0.504749924449881 0.0352473191272735 0.435358727079995
0.014594973753966 0.0276789301711108 0.152372963866249 0.100327163762085 0.0862155260823929 0.0169612677291558 0.0613754752258043 0.44198936050121 0.00137722538370195 0.113014410954942
0.975642352271508 0.417243302031942 0.999603123931387 0.9075301384016 0.998861188751306 0.725525183601621 0.94356404917867 0.616888985394519 0.433810163705954 0.626291361236009
0.145993310297178 0.195038549126765 0.993640340847917 0.273084233032466 0.962513579248048 0.0131446625644294 0.301222900698867 0.498051845254064 0.0246908216606682 0.376595379833509
0.960399248356213 0.56082622010227 0.994894270486616 0.839529596996353 0.998912477956361 0.19107574449764 0.704502479381059 0.621811591498844 0.408366354744851 0.705551551030409
0.996378224057425 0.989501766491502 0.980360470180934 0.637859320876443 0.997379658741741 0.186319582101498 0.124147631468431 0.546328283571876 0.233890878933585 0.784654722208519
0.946285426000705 0.0203917369205328 0.990022136629423 0.671615439641576 0.997116620687743 0.186377820446379 0.446431837318196 0.577543953263425 0.28377060182957 0.570545388793338
0.976205068007626 0.584975258900937 0.82950106779617 0.674466011533082 0.992390881065004 0.408748949080003 0.397311463586609 0.574699405615374 0.385534741116521 0.575237954013947
0.815106546795896 0.131096927138013 0.999041851754545 0.447353699806465 0.824137902079728 0.0807085672335367 0.361849705643128 0.512806000410551 0.185564561413825 0.594587558683534
0.964334352290527 0.640692318516781 0.999410809591276 0.697888626436357 0.987169725657874 0.41479796431191 0.366503216991843 0.570832717297057 0.269485730519687 0.531654525166315
0.256779716191313 0.112194932071874 0.977844916585113 0.499151000667431 0.98812329923639 0.0456660774195055 0.381413011001953 0.563968493941377 0.190962282644039 0.50273815774662
0.0037769185863916 0.000622173638322606 0.478973937933365 0.0684925764436144 0.547498720965787 0.00284544687967444 0.0234906543114098 0.435578650560586 0.0100966871256306 0.198381057654744
0.908103920785748 0.73307059889176 0.980217559770609 0.358187626642808 0.998566490527611 0.160707725303572 0.496713367321044 0.524097669475663 0.228114658828646 0.532507695528357
0.56906707252611 0.98424708768799 0.999566879146622 0.615343728954646 0.99789552653006 0.0782899351088115 0.215589010525905 0.576708145158811 0.28804187522858 0.704165571008353
0.982347495045494 0.937376763392475 0.995575399750089 0.780458395339183 0.998944034943294 0.2372910242451 0.517125016803463 0.58710057848968 0.279884007483242 0.698113468487803
0.913491236765827 0.246485925303296 0.917369649446706 0.688313927326113 0.918714070097906 0.153481496770047 0.266138910178555 0.528060733668672 0.165667208950462 0.567462903543681
0.0874756153448048 0.00240850095323532 0.998760543988003 0.242855163477455 0.993137012926377 0.0976154294152133 0.432462767078722 0.511424799659171 0.0756254991796326 0.354391655085537
0.215188878670301 0.0057373398277636 0.142788889883918 0.337267197812001 0.992435635369454 0.0541829470644614 0.499213082845363 0.476872441093286 0.0809457606761292 0.204577612212104
0.996001682750761 0.983372288012761 0.999863155373752 0.87877757180918 0.999499787540209 0.900291173203926 0.619365136002483 0.601246169846218 0.474228102260395 0.794693147461093
0.993774421838374 0.989982595948896 0.906551723373826 0.686017222784856 0.994758692360471 0.260980743400861 0.95942760249515 0.590778796200355 0.296731950794095 0.563601544606179
0.0829571322873152 0.00126903778460019 0.733784409515309 0.485786721282297 0.989848020647218 0.0174550347249378 0.0696268666796679 0.509880304312726 0.0302444718796705 0.474063715054141
0.00439080190174236 0.000140782899328514 0.751388952882023 0.0644221567420303 0.580030126214146 0.00167712726489778 0.0119760611936416 0.415756328743926 0.0185947550558874 0.170531365758062
0.213915268831873 0.216006930352497 0.536254464287984 0.688083597912649 0.959541004410472 0.147980453261801 0.82658181374495 0.572045535404114 0.142457965699835 0.530005923218023
0.105246323746785 0.436411331207168 0.99175871678839 0.689567770340364 0.945422067986606 0.139826349163738 0.244419403044788 0.555038194124332 0.150160850871004 0.477279295821464
0.961810265122714 0.438765490007933 0.996267395825648 0.723411847512059 0.998137111334587 0.594844513167826 0.836645832484795 0.602920657951958 0.429149768556998 0.385481643541549
0.993729822385959 0.77957626459875 0.993765407920384 0.593463265484635 0.999199319423319 0.114762244767797 0.678553070149019 0.572047845690578 0.0908841744884099 0.324929539240458
0.185902884223659 0.0686610255871232 0.980606783932789 0.574854488293306 0.982465369684128 0.419300147672855 0.15405863120715 0.551016646744041 0.113077638870678 0.536713564852337
0.00349793202395895 0.310131944696246 0.988932904689778 0.333312404821456 0.690731940839274 0.148691453574897 0.283157936470931 0.51030809104185 0.0272565082884156 0.525918596477335
0.899546547483555 0.957535217913222 0.999622171783847 0.786533042546608 0.999919974083216 0.125726816716842 0.0789543394781644 0.602138526630032 0.363779876485039 0.689054019032678
0.216964652497124 0.000981401496947252 0.812225694261175 0.30226305249004 0.678903593575978 0.0357733687641443 0.304876248955735 0.477549827716846 0.0905187375273131 0.46605130584781
0.814305779028883 0.868023981085295 0.996470082056275 0.261666264139818 0.969957132299198 0.176508857597208 0.0890587479171293 0.507743459135579 0.0745603365694671 0.68271607525727
0.624570348697337 0.573748339120414 0.72168445332169 0.558570554887091 0.887554823758154 0.0222139815871287 0.369762684510727 0.54741886552022 0.0595166190053947 0.597925457657005
0.693112515126692 0.00210119380805155 0.912557919925681 0.265687112617006 0.950627139463643 0.00540817214145269 0.141603516217177 0.483756996046174 0.0617880057114556 0.437936349675424
0.0299369849746764 0.29802275509819 0.526589129136284 0.676190846974253 0.992012702509784 0.143581964345761 0.224407389081812 0.559049147368234 0.342767311119537 0.349502397627868
0.0887312579213574 0.0228904500922349 0.996903993163304 0.341549135245115 0.674274542886026 0.00649513714533957 0.0997112568069458 0.482960089493001 0.016729723108808 0.396823950521206
0.872813826296157 0.992039426453101 0.999863943664704 0.929332461857759 0.999907697065955 0.649078580157225 0.891564351516105 0.642083448287242 0.608262538063779 0.77921062482116
0.943393788156016 0.0166864792142747 0.985173967817557 0.332500290254969 0.884756453984462 0.00748287544490764 0.0578778370248005 0.494595634246394 0.0754329329105754 0.367998375344718
0.363615890731724 0.00476672269779951 0.917132375764806 0.35089694548721 0.93345860272469 0.00682396891187963 0.404631179121437 0.478782631660218 0.101419845091481 0.451325492825418
0.97711885782441 0.942051888118765 0.999945387064267 0.895426246139664 0.99955812070503 0.809508142834996 0.58444182445572 0.643164247805202 0.578939218131926 0.733374081980711
0.0484744315113918 0.0130549032476215 0.192641545266481 0.13885396942822 0.916860950539341 0.00680650675160301 0.444287255394441 0.471671754715584 0.023616256791415 0.446840404582722
0.98713611428918 0.94761068925101 0.993914136467034 0.72310421523785 0.99072523763264 0.349552792578617 0.767747456576888 0.586614066278686 0.294047049675551 0.498355035277162
0.728874185053726 0.253471558605935 0.627743087862421 0.611769569638244 0.995830092776174 0.11894641022179 0.00959197325249548 0.512241881056504 0.188937562941885 0.396527985815434
0.389467332717391 0.480538737936564 0.162498942114615 0.348085315610097 0.991672253655365 0.0053578387156617 0.197368128021403 0.494890106521092 0.035914445336446 0.316591513850025
0.856137604288772 0.0730238829220339 0.837039925192725 0.563087597676094 0.71817926045509 0.036882385582523 0.24310150994484 0.530251801920427 0.0497488277655463 0.517275525881506
0.0558037015256656 0.00263257660826216 0.996432097514419 0.626463583699974 0.937213264485888 0.0409289664989468 0.35206248555092 0.549851033811813 0.189159751023228 0.52801032007097
0.797762670929381 0.0818780916683642 0.81953219940448 0.444281236054013 0.978770207055344 0.174530329616977 0.469443047541953 0.531056296548112 0.165123854991423 0.562623001408297
0.364028364234452 0.0265811018279966 0.320758961269 0.380007503403122 0.76896310513784 0.0695232008356106 0.0354928976010942 0.497583151679773 0.0754444317969112 0.241316264060518
0.98457706459606 0.761407860260596 0.998460389193468 0.638371921989759 0.998349309715595 0.077331660205902 0.221391993828899 0.525841857410052 0.267431222178398 0.645829479908767
0.984967398459218 0.0257352394016986 0.957901388086557 0.672571401037253 0.989373119710053 0.242155296252004 0.532296679267326 0.579530034219065 0.192537888550276 0.511596555448187
0.564462468373799 0.000450504880051136 0.120316475176522 0.0578258851019121 0.101856995194033 0.00760236819361135 0.127647607467401 0.430091959359022 0.0135718770166515 0.243958346059143
0.937419762435598 0.217871549093327 0.897905247989836 0.30301626369062 0.67940141151168 0.116409982960172 0.768259420584746 0.525440180196834 0.309906892135158 0.344439095962383
0.481731784980569 0.00118188770356241 0.308919652074927 0.467385848812682 0.9392437276376 0.0244816092153069 0.364166996619534 0.504108806902792 0.0202291567822071 0.308922687334441
0.152491588648039 0.82410526891202 0.618007668112638 0.329548907642212 0.974694801293169 0.0618966274113036 0.546785924094705 0.542976993374461 0.0546632447284324 0.304162790915563
0.914162024850362 0.896492169266664 0.997999702420457 0.733270915649048 0.999478588123469 0.615669543220786 0.170999710689148 0.577526017214966 0.444561233806818 0.578577150539791
0.99406857780409 0.0807466444660334 0.822718783729324 0.224700584491824 0.975119906202295 0.102774158690633 0.036480866393316 0.516399520712032 0.0764048868778353 0.404100590326601
0.875912451670924 0.732673591969598 0.999835022853168 0.717186892965452 0.995983895365104 0.108835053000277 0.577658711448373 0.593368319604766 0.371135071365965 0.71031101182201
0.263679281676312 0.821354911559638 0.0717887558771286 0.496299738873559 0.565834688296224 0.0279166990586919 0.122001335272708 0.519580546696128 0.139588818560987 0.449508569443853
0.842676888656233 0.315890834750263 0.496809635315564 0.400021707093617 0.981030128350531 0.00891372691687062 0.16804640265413 0.532519763671486 0.0787068487203064 0.486303304138678
0.0782177466696839 7.9206652973794e-06 0.98350326596273 0.184462563624078 0.740378386259992 0.0342393950796432 0.157408277843349 0.453680259149648 0.00791267871175186 0.32457578389219
0.781998836059784 0.721265473033443 0.99997505588105 0.566006962970707 0.974954281013218 0.058871778551233 0.540355201369066 0.58354047182728 0.238882990757832 0.585261037838625
0.500501679203483 0.891791205367731 0.998160917579115 0.841259080251522 0.99889685910585 0.618838906940953 0.604500841427204 0.626055159399883 0.398104800620359 0.720875375105248
0.0932884403484096 0.00347181516329179 0.542965026008888 0.0760873614159734 0.102475816226001 0.00189222466698154 0.0377885789079056 0.401651352825427 0.00219863203096667 0.158758282199464
0.993327787623646 0.720278038447209 0.863828312977864 0.766532177244703 0.999296639760298 0.351539623437401 0.153082765952353 0.560100559499359 0.400014449898348 0.67005501461647
0.0547096783486584 0.0108029212033636 0.970847800232685 0.441805675042485 0.597998740607548 0.0104601913232673 0.00917817574468791 0.471676086266358 0.0111717179358454 0.454199391203451
0.883344953705225 0.209769906874168 0.957094476328246 0.82603211612667 0.998704327432273 0.262055640146498 0.850811787690214 0.582590621448139 0.447900157929969 0.706996850634296
0.969341441956205 0.245914872116719 0.998443632546049 0.603769963167665 0.74188979368002 0.0678951504775803 0.0927851109882978 0.483810132258179 0.0401697344435846 0.467777537928023
0.983902355737042 0.969942836824459 0.999042541883812 0.727479679155082 0.989744212219879 0.281575509287262 0.243870093353568 0.568702254569601 0.254449921700032 0.529781556968334
0.624224979542416 0.784009679727296 0.985016067884324 0.575985892446894 0.997929906712007 0.079808654624464 0.2055790825535 0.547028323879027 0.220657466919407 0.632160182243761
0.0301473600868037 0.0418514509288556 0.922946511674325 0.375501652821156 0.64720318124169 0.00943402572453128 0.0505418586371956 0.494302297719319 0.0309676611783932 0.405110172583571
0.775667928476778 0.0639090167027915 0.999347889028492 0.563915536992272 0.980381591578031 0.0870421479397864 0.0629582583860251 0.555775787203668 0.162379535082264 0.330550888998456
0.0608169827363882 0.910613841042399 0.993699869674732 0.587721836710141 0.971239939449792 0.26596426820719 0.291431814183758 0.562162885455842 0.218978227936309 0.645965399017527
0.0259067764419857 0.000928688986650266 0.728269653277034 0.0575573408815292 0.0276305432805283 0.00172424914270948 0.0351638933260967 0.442817741429307 0.0066216732556663 0.155412271858176
0.391434665230573 0.00871771148001863 0.97199460713151 0.205047305957949 0.148156645340128 0.00301535779472208 0.742223765051787 0.49519846851986 0.111951546701193 0.292450897509084
0.0110211903734598 0.000657568813253053 0.532481555183123 0.106176049057522 0.645751273977806 0.00804807272452001 0.154720843091562 0.456722969228504 0.0112271573502831 0.203410769738208
0.249640027028728 0.0548200229680987 0.591042144886487 0.261346549210972 0.581921853168874 0.028799686735385 0.209838315890375 0.495113347948921 0.00614648837531937 0.213424499157404
0.161779647587512 0.00655629579216593 0.0195791422258553 0.146972070930038 0.505138693716819 0.00069958640406394 0.0381632980717014 0.456159688161421 0.0191252721681299 0.224273389443382
0.0493109891926211 0.989473035951798 0.248056226163186 0.729055783846283 0.979505300082291 0.251618681732031 0.57016016138487 0.547501606390926 0.379824570787687 0.421495104676284
0.0752961174036509 0.121521655258298 0.997793356969291 0.57738347108216 0.974555666023802 0.0682063448212925 0.482853673630247 0.53619915461798 0.0449400963832382 0.585600470835285
0.285206079183128 0.837775968047608 0.998680563279637 0.457069646217647 0.986606196971999 0.0785482645428887 0.053955896452574 0.527647657923807 0.0496562748541949 0.536949440706824
0.613703505078072 0.00122315521353647 0.26294085938073 0.452422987118748 0.988888905135126 0.00775577111600063 0.0152624734047889 0.540098168672747 0.066035069417176 0.493618558696468
0.0137139337279468 0.921039942167398 0.88378363799537 0.608204846371373 0.937878280693525 0.132749628842313 0.38817936870722 0.523081390903861 0.194568329281345 0.513824523494787
0.997339119382145 0.647428625056884 0.982823196965509 0.666085845399536 0.99941599810114 0.143563279590064 0.927452151504248 0.549207135779835 0.40950432334051 0.359116228438082
0.843597499735695 0.911210158125908 0.999548199516426 0.679496153495864 0.999828449905857 0.415847401092836 0.567124275092594 0.580514096352669 0.361577870644872 0.494625062329262
0.925819789157083 0.0825916449480869 0.998952041860073 0.396749389463248 0.975678780751691 0.0946678435015705 0.194462740252389 0.52378911907979 0.0603011037998774 0.565145372430218
0.998713676034327 0.161906374856384 0.07635552283873 0.465100703895993 0.948900346865584 0.0145755395660072 0.00980210602641038 0.483997117111709 0.0272608958601386 0.348438052375726
0.182572444445594 0.26685881764292 0.93821595225611 0.449977414745264 0.908326706418124 0.137875809043658 0.296973575115298 0.451227990827794 0.0942576438385876 0.307900467909232
0.738606424804577 0.637639507569529 0.994324465883494 0.55571045694593 0.999613916048578 0.116342027890726 0.33961015596174 0.591639738320114 0.403506110534894 0.784896307459499
0.824217682248079 0.0638597692377306 0.976167177301837 0.651446193756194 0.930744513495055 0.288016023398622 0.557133706099073 0.524111636142163 0.180516469983087 0.68393667030855
0.0184151707993092 0.119215276676766 0.981477074333835 0.479342509780403 0.894396849810556 0.0590759765716566 0.290318215852042 0.494945875357792 0.0891411379174504 0.715991068587987
0.998172193006641 0.782539925682943 0.756569383437176 0.39166493014327 0.99975102370566 0.0402494872306978 0.242137144489999 0.543209830868715 0.166681264908123 0.574877673188802
0.0710075514083632 0.0131066250864466 0.314048301755966 0.360842272201443 0.929555527264971 0.0039977971065253 0.109558672288031 0.49639251098287 0.0386300527232985 0.270056751717126
0.543789166059416 0.0688739966534757 0.999305360717295 0.795608648441198 0.999820589298354 0.2385524598566 0.737345602689287 0.59337892353778 0.48864752109356 0.805806228960039
0.331281022316424 0.0289081676289786 0.554017480569891 0.430931902103359 0.962689299353447 0.0274494410055444 0.0571612758226316 0.561414088058358 0.094230183553464 0.432929026269677
0.463769479901144 0.0570095615680707 0.999387720973551 0.379492511785026 0.896108083241241 0.0657100424681977 0.153771472676307 0.524109096387377 0.217049157095649 0.343337511805078
0.00727672729851664 0.0423197731759806 0.997677922502267 0.196614104096491 0.922926987403923 0.00950110754918935 0.377068992141805 0.498046015154156 0.0394714719797146 0.290213857997557
0.0855566516346368 0.0123346609834715 0.166334901650123 0.268271740645468 0.990805351251305 0.00819821547457463 0.34114084603006 0.510377683094647 0.0329014201576073 0.19890282569579
0.0141852969961918 0.0109730532541885 0.940194695627529 0.38410440549903 0.984721631734825 0.01287774368721 0.190737152066929 0.517619088483462 0.0165674666776349 0.239681739168982
0.0154935695104424 0.132545455406405 0.972174332366455 0.286839794032971 0.998894816720692 0.0232538577802015 0.0245222298864346 0.480404545301316 0.138497565761281 0.603960752561714
0.130029183741713 0.0306175669182904 0.792538620078753 0.510576272969861 0.998881467171467 0.216415597188949 0.125414244134018 0.545436705839142 0.0567198191721747 0.645841403505186
0.98836262157673 0.914136839454065 0.99049185475573 0.756274588748479 0.990793199775943 0.498838603379039 0.268936673112859 0.58935789730244 0.332928315392412 0.540749872526125
0.665770074723742 0.768136953211166 0.96815038944947 0.466863993502767 0.965845971506099 0.294014092674097 0.319403780844945 0.515993177507251 0.122926929668496 0.643130078823478
0.980187986496512 0.263103608080371 0.99910824883591 0.625562832561375 0.997351036133378 0.311106519831051 0.39418043851389 0.513545512882474 0.0986709470049069 0.589998155644962
0.722312146075372 0.996132961701349 0.982239394746525 0.555713695431205 0.986949074728799 0.238031036259474 0.301445915202315 0.564612326472044 0.200002999355793 0.626017860681968
0.464615497644017 0.00802002571593458 0.690428490492957 0.313154084508906 0.389203448418428 0.00309985969313667 0.181273751565526 0.477878476302431 0.0156854965930656 0.318543328048313
0.235094281431678 0.000971416844190755 0.650714801974144 0.08598383547527 0.317496153146392 0.000960678680124013 0.0256253022967294 0.446582363211503 0.00973754865577961 0.218095537872963
0.971121029311702 0.168912844880515 0.954919737000795 0.541556063995975 0.994357326012313 0.0804035298405164 0.825022761043858 0.518599915777359 0.307764876657052 0.295988634288213
0.705473011952805 0.27177104288081 0.859332502299824 0.641525473796822 0.950857758101328 0.107781118267801 0.829700506040324 0.551243907567927 0.088326863626927 0.508968543748465
0.437488800478799 0.359834215412255 0.99971478719982 0.569046928677761 0.997689884018818 0.135271172095776 0.336049568652489 0.566785039285555 0.106098142863108 0.534948964783954
0.172858669980062 0.0030422316607211 0.995332981876556 0.42624486528135 0.99358364944114 0.0285356034686236 0.573562819784123 0.537033112412947 0.0529562434240543 0.594653293168383
0.596995618731377 0.563684036781341 0.99908688298674 0.784133962033208 0.999675022434953 0.460608108486116 0.60414013237743 0.574535469872595 0.123259036373493 0.817432279904371
0.072387432997274 0.391380688241569 0.832778879017682 0.369985193632076 0.967060269526129 0.0326382224712869 0.161240559677384 0.53398254973128 0.051919941472903 0.453582132044485
0.991404345377172 0.394789327977567 0.997180694196014 0.552960092555392 0.984703628946269 0.203478873974329 0.601292178992457 0.595340569354188 0.152395956083518 0.756483312798819
0.752505792256039 0.0533865061940237 0.946786625257323 0.6288037592145 0.995586544187349 0.0220362026966067 0.259667211124451 0.541016302277196 0.158519127396435 0.588765964919404
0.99957333208747 0.304638904854039 0.920698433970899 0.676020932161045 0.999413889189167 0.456419418677549 0.27713963530354 0.567900318847456 0.088128153499874 0.56944877243881
0.00179199519574031 0.0111090794929303 0.280190697567968 0.533339145710641 0.998192199297252 0.0667674445858348 0.108828506841802 0.504587974410395 0.0683032403653927 0.411186487397159
0.838956709012682 0.493586015139303 0.999418038672475 0.66053620964193 0.991632358468691 0.0189225286957208 0.701109155748591 0.537097891064703 0.264565278341844 0.523541045956419
0.833377665987007 0.0684584841727583 0.771110721597008 0.131309444563613 0.396543950900401 0.00184462195899631 0.0177570899494835 0.436255359756962 0.039523548922613 0.190447915185173
0.00734159916673803 0.339081627146621 0.99599935173797 0.149516074871954 0.906074400478115 0.0189729123922339 0.0241121779969675 0.493333806522141 0.0687891036011063 0.26655214902706
0.69915904846083 0.288353507637311 0.901441937337836 0.394554788180925 0.964091222600057 0.0604751465794278 0.433327424936302 0.558614179895554 0.167976978830963 0.501824390244197
0.271092232165481 0.463651169706411 0.670085837306475 0.37943925706824 0.953704278714406 0.0303356285315688 0.243041434929986 0.525260298362862 0.089105626696741 0.402314055819947
0.959039743190948 0.0783420829691118 0.932831656877381 0.557770243587177 0.961582821969117 0.0654405839640801 0.630580409319178 0.571668616933466 0.281732905121071 0.6269718846343
0.834099382054212 0.992233499343226 0.947932441241675 0.752562811282228 0.999963404641681 0.133809237726438 0.83428937679589 0.561772409825874 0.139718024810477 0.647518868604866
0.798282910750557 0.618312358506072 0.961457248459348 0.295433708594936 0.985792679541015 0.0888665470141597 0.886567270498169 0.564090797513373 0.119364919889244 0.331881048172646
0.587482432472646 0.0120696778330128 0.983038647521224 0.4895500302924 0.580845828365934 0.0268857054883802 0.0346016069750227 0.496837353529129 0.0363249935808997 0.56355542685821
0.997172399356024 0.308484018211646 0.946173632915406 0.479372414842617 0.98621758866614 0.0793680801160912 0.286494911163476 0.541222469948094 0.240969850382113 0.329699103325345
0.0269041412424288 0.105032587117774 0.0521548434645157 0.208361564429388 0.900541014956166 0.0106206125638676 0.0181419484377041 0.515297527709976 0.0225523438484466 0.172709716678906
0.0858359811288111 0.997701776881275 0.978356293944325 0.843446840831864 0.997702135509407 0.775245989453593 0.841747606591691 0.627232133069474 0.620118138095091 0.700242172204761
0.979605227289788 0.931453386405089 0.97146743236374 0.663786736838838 0.989362099273649 0.264387416052647 0.239377840322876 0.585165509594632 0.190020540927198 0.489283524144368
0.34327270588406 0.885659490179842 0.248588638170971 0.276518887546305 0.874616573090795 0.0259915866297704 0.0972062544875891 0.486443399672927 0.0294149493398941 0.361035407198614
0.965376652953241 0.993534913111395 0.91845962134437 0.793075445136623 0.999866655848616 0.240797944167461 0.16830258696258 0.604243622968412 0.329870631134931 0.52681795387764
0.0165254725593775 0.648516787258008 0.530150051471052 0.248808951255062 0.908954077782932 0.00815790300690771 0.144000516815391 0.489111267469107 0.0471280659697414 0.45072462719571
0.986104931152278 0.861545755888281 0.97427420331129 0.772227483079067 0.999482396856257 0.277943116159306 0.1979153346642 0.588201188439453 0.744903579274983 0.771616799066284
0.662080239793864 0.0131782403683666 0.996844136073045 0.861222949196356 0.99744892372109 0.365714239851932 0.9198252602904 0.583487446363324 0.47141963109043 0.605218196032887
0.768592532376941 0.162534693202448 0.993324822005949 0.644166064288046 0.994232429333238 0.0219239073228994 0.595404847946334 0.521633171013602 0.296138918007036 0.546923627621594
0.980541847496139 0.000600190815249952 0.995014432898118 0.835344812481815 0.996913562491287 0.315518902336623 0.788285207860656 0.585187059872428 0.330485842713939 0.743713717194426
0.475476447024802 0.0863409728801015 0.872017532894132 0.592631836085976 0.869513535401733 0.042912891959016 0.194248065500288 0.5117936652967 0.0833235505137258 0.466317871646594
0.690247028715434 0.0949414314093266 0.99456085634734 0.835506166444315 0.999186963442002 0.264820490817569 0.292315452117787 0.589334797337272 0.313507356360879 0.718642906046733
0.516966927443875 0.298687702610938 0.980994359377482 0.39894643454019 0.976848806823767 0.0557271499410784 0.320166144324876 0.553502943311758 0.113666962352662 0.553379749657091
0.0504007064834512 0.139207173082353 0.676641820290784 0.471337161982704 0.887145415520645 0.00590602678209998 0.0458913240724687 0.501426669975904 0.1276460699851 0.308226350505026
0.153686681312585 0.00062065599856054 0.679062531721172 0.215679084137903 0.266354647072298 0.000723743962390612 0.246106286963794 0.430148819735268 0.0158098186671506 0.241880621726297
0.0807037270623872 0.00108420492765583 0.780592399319465 0.240140284453743 0.745475318052933 0.00781689790788353 0.194807311167607 0.504440253748661 0.0493526265181923 0.31287052110666
0.449786839172554 0.0407135275729418 0.977240577149248 0.164820165683243 0.910604986464959 0.017972954108348 0.195438199183005 0.465374071752509 0.0316192072369038 0.259615736725677
0.101264764138703 0.0457714729596685 0.984488328764532 0.383042882612162 0.912821401380995 0.0916846065753551 0.00307762624996516 0.522738128170546 0.167410408280755 0.44156719848413
0.0820733841543517 0.0207848688496764 0.644929849460872 0.366338727748703 0.555624727581145 0.0149613930404006 0.175677505662193 0.483076862170269 0.0176125064415769 0.635243041709388
0.428655824249332 0.24807344573141 0.774733180778681 0.508080023203989 0.996827164416963 0.322564134661552 0.52785685815072 0.556889731640154 0.072271466065029 0.739148585190586
0.702721134943995 0.841058690371664 0.797377749196487 0.523133005677894 0.985318927395108 0.217619853088906 0.819785263202168 0.557292085063303 0.199006227882433 0.387103143716323
0.987024392675941 0.21994583849643 0.88692228835555 0.70741999792756 0.997540286330461 0.109280405944773 0.8378294352221 0.556719446228655 0.147973424729875 0.520545023851984
0.0510824844243703 0.187019743476874 0.981928776678216 0.587966253555927 0.950914630163353 0.100711638985514 0.544906297263117 0.536730098189959 0.113973732932349 0.528393495010331
0.464711625709918 0.35460448554225 0.927162257393939 0.251692636927652 0.977561567588748 0.0388310967206456 0.421974976175117 0.507901266666831 0.062735195868234 0.319081213079865
0.973440704236356 0.20870776160468 0.998177881974302 0.361458911163272 0.956763673018256 0.105749273316294 0.115134759343909 0.521692696581002 0.103327945995631 0.344766826995924
0.970296158439158 0.714692093181464 0.909706074333088 0.647946559790865 0.995702569797077 0.162729731218746 0.34364335297917 0.553375421054758 0.231882337564782 0.478895514474488
0.20033398975557 0.00881416557779425 0.403705033449501 0.209583096067882 0.483946511127616 0.00336361549930233 0.00405921823172556 0.42899438590574 0.0519863098953147 0.177640812860129
0.992125394772019 0.972163481900505 0.999551027141412 0.855129513276551 0.999977215324279 0.764444526235533 0.77419430371965 0.617916611191031 0.341781541810127 0.755249291688337
0.798614247889702 0.0102760914465992 0.878260304554792 0.290161129590237 0.978259235274515 0.169921726679983 0.121881861563979 0.518160297895881 0.196774704107973 0.333408545261579
0.872324925839204 0.0145510720626291 0.994747244019583 0.523831900960369 0.987327782637071 0.0479424395584548 0.278570051319489 0.516841296818297 0.0464809437884878 0.377699894904263
0.00517208325327123 0.157590077112041 0.843031970942085 0.266574549049213 0.980518245697143 0.12985684789139 0.69239849251681 0.507450532858902 0.0542844307287887 0.434185779841424
0.0648445559269679 0.478545490677827 0.464417365287014 0.167748419745817 0.977140347492062 0.0158573637036251 0.13543551218785 0.463466988030521 0.0215454166216957 0.289593732351143
0.588229198393107 0.748232066250785 0.878445967965243 0.204372375968544 0.891762180965574 0.0443711277162846 0.0644244885459516 0.514202751731551 0.0478425914628705 0.387880646855846
0.972122552862648 0.0169927923057106 0.998057078844849 0.498627370299104 0.989865835707572 0.0824823502371054 0.0907981619301299 0.529341206494341 0.194808014755073 0.523809364981436
0.684734000546823 0.013071204419794 0.181798203116236 0.332043951634578 0.912723237286418 0.0988346523011702 0.305763640086632 0.500191802877866 0.124960160869846 0.337914460858152
0.975697449012714 0.866317686602062 0.999853455385442 0.908560769516658 0.999802496679491 0.795717377046257 0.89442270528251 0.632844428458035 0.427573123323103 0.565468872435099
0.823761185181385 0.928341689410917 0.93150825866343 0.578445225299198 0.996092007376811 0.0920268694928094 0.560058598245444 0.558500574475101 0.0379589428260298 0.575461523378753
0.359507495374604 0.143420042376467 0.995584215277202 0.56187023414165 0.999200191555653 0.285323402172494 0.0571624496420447 0.574485155308276 0.117405907286797 0.501860395479801
0.0202651057449397 0.0663228945749512 0.697868063271361 0.605013605398096 0.992402023501082 0.0702316797257417 0.296896058523775 0.532334487278065 0.0650718116887314 0.369567520885527
0.412828871855861 0.008719811065121 0.986294647424351 0.787494339365965 0.988804633110926 0.752756547049374 0.545896768634986 0.580375829066045 0.416017755497292 0.7769115219133
0.547096872629426 0.0845550047709035 0.992642176490678 0.410641164153045 0.999565356041959 0.355069084196174 0.601994875550623 0.542975939308375 0.0693246091231139 0.574169720395449
0.960587319617557 0.545520918811096 0.999529614725886 0.811147381765439 0.988868570656139 0.341813154136364 0.652303734636142 0.613940393066717 0.217716921602736 0.669818618044964
0.343737692493528 0.142093312600607 0.998457506371546 0.439208873698621 0.969326397616071 0.0956020945321944 0.214257960685598 0.522934524122289 0.0783296155693163 0.417202176514946
0.0227375576395155 0.824529611494004 0.996262622909722 0.360750847776453 0.989851476194433 0.0274147265292246 0.373676047544601 0.524257153415989 0.0896887131985208 0.460867890244854
0.989227985327024 0.025604672135001 0.993425646732027 0.471260566551689 0.979066704234563 0.167171945986063 0.41847892752776 0.559219427604921 0.0990619024638882 0.507428162910386
0.0116230893591365 0.105204733331043 0.860575264949958 0.229880638604326 0.683781701795492 0.0035877723269001 0.264255717710351 0.459513793633589 0.0156427729991435 0.257794545933752
0.989249459265199 0.79916760644602 0.926452451257257 0.510957659563367 0.999414833364195 0.226848847747619 0.536207319688598 0.591124767999897 0.244022984262112 0.800547647505317
0.165705602417569 0.215135180715251 0.938120202079171 0.376098097269839 0.997080694483501 0.0104688108311057 0.257271823289537 0.527823621548142 0.0400985902062005 0.410491282296994
0.48921582366344 0.998795404063554 0.999334168736932 0.763518329111297 0.999894272941782 0.913881996105257 0.638131388042626 0.606043150325664 0.349095465111967 0.769158286026526
0.947604614470451 0.288517511717329 0.975682445836478 0.36129784188706 0.808872794692107 0.0113596118951914 0.177285386336595 0.513486250772727 0.0704835140030328 0.495529413973378
0.993707648120134 0.108181378780312 0.999945368797604 0.822114048458285 0.999060699448028 0.20950150988353 0.47763718369858 0.572422013989007 0.333919330907075 0.641703764952894
0.226434278342082 0.2669503785878 0.999213098652159 0.407259905526102 0.970595322409858 0.309535895309551 0.595819703920245 0.528700785889359 0.140748257355214 0.326139474240895
0.166408138502161 0.765322696636069 0.998550561744117 0.738981188646742 0.999775771406642 0.572940401788524 0.208786692040945 0.576318716805367 0.417894256270684 0.572565975795883
0.0205229646877178 2.98101308395234e-05 0.691086651209155 0.188409904924711 0.261441940218421 0.00488627447912231 0.0728983000186288 0.440882669695632 0.0138182769773992 0.181445346722783
0.766821636816025 0.29003581241634 0.999785135854155 0.515670110284551 0.551885344784275 0.0892287449954255 0.205904694098495 0.516941589751302 0.150459507137727 0.489603994382919
0.977304631734177 0.495868339851502 0.999756093252892 0.772490184920735 0.99127309854041 0.580859874804618 0.724745359547056 0.622154672555609 0.735959894925622 0.646959079019854
0.286053406121677 0.000809973584922715 0.638134939893781 0.173789389220348 0.196660997330594 0.00860428895297233 0.0558764883046894 0.481794177739954 0.0173728138817536 0.21707033003343
0.129719845325604 0.139853447745049 0.97409070225074 0.364809084322207 0.990176887250783 0.209956532912034 0.630699140824925 0.54687906906378 0.0627689661199184 0.566947533832281
0.684032272362731 0.0150154245847267 0.995132611598795 0.403116003031173 0.983659146274498 0.0946902371062619 0.12922587110979 0.537010334666761 0.0304978168324723 0.430973236110805
0.0108599366372667 0.392817306955542 0.998844344539295 0.148017109469645 0.607173275794928 0.0073118721551646 0.164289169033846 0.481646142815742 0.0411861239836506 0.17678116946082
0.291994407057735 0.0396956155993313 0.0831002949198087 0.123855223989658 0.991898241744004 0.100075641189719 0.0634111408320103 0.503088159466931 0.0306342213857756 0.372993391131733
0.276719206405 0.252566429949667 0.976290385493253 0.644902509166535 0.997076351383698 0.0477804345521444 0.466841057938379 0.561274840524292 0.0717392109613911 0.622933891986663
0.395824715022121 0.737172308331166 0.997672243085835 0.728196728542302 0.98863333614747 0.217352910753376 0.685674595820454 0.586731660825575 0.0789107106302071 0.503902828854898
0.772692904956387 0.527059262356768 0.898306210850231 0.792433482873846 0.992440899078284 0.343039818260666 0.084149160668196 0.539140018389416 0.0674715284097183 0.626689963775445
0.0342095235006611 0.0144680104919059 0.696536839134462 0.160659275225066 0.909329942570791 0.00927077895734547 0.0402791285915218 0.487225490923779 0.0575308853059511 0.456400224308735
0.0532711667049738 0.118361779752563 0.599816383794704 0.170889867333957 0.196297147930757 0.00192902359677556 0.0467406862758135 0.459367562805142 0.0149775516835039 0.200310128254466
0.410859741829806 0.0368775837821653 0.990234132259282 0.191572216123071 0.635732452070112 0.0224119203271284 0.0836450748858886 0.485374427389651 0.0250964821329218 0.45279113544363
0.992472473376651 0.694413012760947 0.994681104631813 0.721944400883565 0.999141592428431 0.104463151040569 0.463673933776142 0.585042507356977 0.30777916286732 0.742516098424967
0.406844256433138 0.198994057215254 0.741231149441456 0.46825854449395 0.974756024071446 0.10695987638007 0.245151198149851 0.546644922241307 0.215020189357475 0.332277853736248
0.883773221938874 0.118316030466198 0.358660813752316 0.683621741801191 0.984985104004047 0.0314471583537551 0.042722370321595 0.529561535218438 0.127909326352644 0.507081521909472
0.781562856269637 0.240030677969239 0.992442811646166 0.266107259518048 0.696219332371503 0.035183054522859 0.328175434713855 0.528801247911019 0.0887876154994371 0.506728178348457
0.962508772392206 0.0246554558045932 0.995083130684357 0.168844273130236 0.328454675529668 0.0323236315266529 0.2655048582737 0.486772525520843 0.0393720555942935 0.155584492823893
0.998754690973208 0.331078654290092 0.997814496101551 0.727573302403439 0.998074859074764 0.417413345313449 0.56884002200915 0.576682049813605 0.287426555748774 0.703183796529982
0.860938955009641 0.0859979574658962 0.996620630270838 0.774184348783638 0.98594360305737 0.0368621026166003 0.226191651031682 0.550468188197686 0.25942618946801 0.417418585331263
0.605102764951956 0.958698529898074 0.999438082638997 0.687385659077804 0.994078859273613 0.66111501262933 0.640431982430909 0.545105978616002 0.332956404529702 0.712580053679526
0.110704984853905 0.437887848091107 0.969543115238341 0.128453836533733 0.492793990572166 0.00604420254476539 0.140530903932462 0.452441107589242 0.0114272458372008 0.221010315079648
0.961097071006783 0.414994772233138 0.795489676998088 0.325046424903053 0.874100253893131 0.0789652585973202 0.670259726655874 0.55890087505579 0.0940222148109489 0.477981801651297
0.00781679596489447 0.713194556782478 0.776775544140369 0.234352615434728 0.931233196463597 0.0151886876350658 0.36671612961209 0.518395496917206 0.0876870590780366 0.319619788756609
0.0818553297787776 0.0499253134988917 0.998494445591307 0.564417565447701 0.992764725538287 0.0879713005131201 0.477368470058331 0.566950089259915 0.278047278024233 0.492600922031135
0.320192573145633 0.0390640438948604 0.533292608329895 0.224567970974067 0.553963563626139 0.0569288458271389 0.00965783039268015 0.508648251493378 0.163353731732668 0.430886679360575
0.0116306635039197 0.000242835420495972 0.267352811505178 0.0696627599469157 0.0869007728082634 0.00392525002511061 0.386111336094556 0.451316343213589 0.0397809592997176 0.204208978412044
0.338412864048038 0.0746664283347639 0.996714401817155 0.246311968161881 0.42758484210841 0.0198093872346758 0.73626208057025 0.482742687206765 0.0221846721036605 0.244698986264837
0.0716185523088979 0.892474385207346 0.98270708183487 0.74159311735535 0.999092006797672 0.279549092864901 0.140927591925103 0.591363514791241 0.20574000854245 0.399932767512934
0.963357423952327 0.843235000529783 0.999953039740025 0.836019801963462 0.999636922364238 0.66059629340548 0.486140365644548 0.638271708096607 0.6932360553852 0.727600208589994
0.762099062414991 0.188661796520317 0.999145415405379 0.451475477702289 0.6692646925557 0.020468569918648 0.108012639282805 0.523797505019778 0.0688487142334869 0.527698381732593
0.973635766806959 0.244358535072179 0.99924695319413 0.761571999819318 0.994906298774307 0.111979018547458 0.412081435010058 0.526240292892528 0.196213955557362 0.740000081989116
0.997195127609678 0.3394293765853 0.376765612944141 0.712403015480729 0.987975597913163 0.225409322387426 0.356636556094974 0.561559121893228 0.286363703802575 0.571179227290085
0.044650483961784 0.115899607063435 0.985856047621542 0.28589564385344 0.957706680046674 0.0401056502159762 0.212643963441144 0.503023225490477 0.085242241432538 0.382814121603371
0.753053546037301 0.0748657925226672 0.742454631409719 0.474847969824994 0.914706239045351 0.0422802669899124 0.0519264473965056 0.505325040020187 0.0983601981800389 0.682140933855762
0.421086041097271 0.0268930089806552 0.995372052392399 0.600952136372479 0.989863456077447 0.0689047134670307 0.218682792360316 0.517105800258281 0.0864708096721211 0.660853316575645
0.727129125407779 0.3340941281052 0.0615505869782123 0.0828416008482583 0.256117236065463 0.00404317234962514 0.0651495202913088 0.424207225762283 0.0107213173363781 0.198607846789211
0.0014252082099448 0.00721725624663379 0.553127009128859 0.132286908958041 0.260722750178931 0.00230414192554997 0.243763454261343 0.449945209212343 0.0120734652052989 0.351003196780346
0.985804358128076 0.653100544256778 0.998795855053224 0.666659844569574 0.880597081531211 0.115692059454617 0.903757073754184 0.558000539672397 0.447763869672236 0.655313068586261
0.150980931046099 0.999380700926998 0.861379026928665 0.669438105106662 0.996019072941519 0.322678142766996 0.499961595090307 0.563734081439949 0.284229518264368 0.596004880043137
0.453673602419386 0.819741490253208 0.993182368891087 0.612722694585972 0.999018990292698 0.27410608335564 0.199633070930425 0.548707056157835 0.234202850195575 0.59672383225556
0.992056549219601 0.149784339014706 0.918883738858888 0.815855014577305 0.998683726523697 0.180318848561284 0.0774065092742857 0.554315339196287 0.108656133284101 0.452800366622706
0.100034422745376 0.323709774423467 0.769642630148816 0.286014085809735 0.802122595010901 0.0392394304243668 0.150012125437981 0.475673849230109 0.0263475716606867 0.33673702507757
0.76478035905548 0.582264282574746 0.995759131950509 0.513486281748669 0.998267913613645 0.0479903177240064 0.753027092759967 0.530250510422835 0.220296542679147 0.45139859040328
0.182549924149658 0.0104263065990816 0.269091100309086 0.137026978136741 0.887225905035517 0.013684407908867 0.26590219612053 0.503048566198072 0.307560569005056 0.335902383789462
0.243341043984737 0.0284171144085609 0.852378927424579 0.509300454271488 0.980392459903426 0.0531997111405375 0.88168290242384 0.510376653590147 0.080531924884641 0.652145730819471
0.885945707157609 0.0183981706429074 0.363101931046614 0.348165315313296 0.270376404568519 0.0269914369937178 0.538353692923804 0.470902858062991 0.129897388579709 0.482072495365622
0.979893781002225 0.978949968058335 0.994610202929062 0.837298992215964 0.951194767863694 0.406931580552148 0.330728004560421 0.543498913017598 0.486716567585612 0.694211227642483
0.889428263431342 0.740447230499881 0.834857437824142 0.722886101414803 0.998486719520984 0.847165251652731 0.898458743462096 0.56727846978329 0.287072077394545 0.622796328133865
0.488126215377204 0.554602134184389 0.99975784967641 0.587125577620427 0.991200042838299 0.251481280393352 0.36793685819965 0.567847400064255 0.207895120334397 0.736009880804228
0.207635599823114 0.989891679152262 0.999053772647329 0.749037745193835 0.997641155672421 0.272548775915215 0.821302458971265 0.590407451677223 0.342868852652 0.631533164664117
0.992237662258622 0.0346256690406255 0.999565002331639 0.613584653883535 0.985366952378652 0.110408263229524 0.06457892685192 0.571452618524326 0.0977970130352056 0.667793417791316
0.924936583048619 0.27995371195262 0.950018461667375 0.583755223634132 0.998250417707685 0.142659296949906 0.168434158621343 0.534776234058902 0.316092923025873 0.695815629791452
0.000544739338897373 0.503150728431805 0.0996557793228516 0.161477947016745 0.909747680100047 0.0293541022162894 0.123439818657588 0.516888167243671 0.0248056632612677 0.454598787394206
0.799421045124074 0.932558184427733 0.838486785066733 0.745866748912487 0.995414157023922 0.0721035192927056 0.49654737876657 0.578835190995973 0.16855695899616 0.576087103025827
0.224716333210444 0.225430518784486 0.998277621747563 0.388985611453692 0.977650353961444 0.182259512751954 0.178754282888029 0.560678477245201 0.0992723331263107 0.535059009792465
0.947286476037568 0.834426542198693 0.999774488378667 0.79792767194528 0.997477305838747 0.578109125945836 0.903247386606913 0.611116314279644 0.412542680197059 0.741233738808603
0.301106800853046 0.00608134439010721 0.544409787581667 0.304384386751609 0.981492424861379 0.0493715484296724 0.309265453391583 0.475354038644377 0.0303553257606151 0.355833708275309
0.976231842790426 0.0979247617871009 0.981842374524535 0.593509909168416 0.951749475079383 0.12761135364672 0.229697997035214 0.545418931046683 0.152159740699061 0.51588991147757
0.00886359313976026 0.310655173444057 0.0348080854508416 0.252198332645094 0.199956010586348 0.024855835267001 0.314290527632665 0.457999083219012 0.024736578787066 0.20871724828114
0.810592924117529 0.181511896653024 0.846402922104619 0.431188126085133 0.954902504834257 0.0308695630711523 0.111677445446938 0.503367480932692 0.123828594857708 0.444088233870345
0.00953672934481944 0.0185469959340805 0.986534487982797 0.308614140478123 0.191221579510193 0.00446941725367603 0.681497302072687 0.482492406622022 0.0183195222950436 0.456636170395627
0.039231060367781 0.240367305269253 0.429868747353183 0.320222257696048 0.942199547560347 0.0415901281722175 0.0613289481949116 0.51811601059416 0.0343239357877276 0.559276593408613
0.96643782189663 0.0188853356996422 0.999759633157255 0.274326064310071 0.862608032305938 0.04989176125106 0.247230932056673 0.485310765403287 0.069124706647599 0.24185039254918
0.914773036465178 0.0194283814173491 0.997691992373295 0.497325268636933 0.79373517686554 0.0089933432956664 0.0322662779670209 0.473557032656075 0.018689094909397 0.2846138999034
0.788016497619844 0.0524261293987333 0.210857805497573 0.078848846118635 0.215747741450392 0.00572195301298539 0.00459467907180128 0.460023476103592 0.00391860140192486 0.264669727621468
0.787632468005889 0.107210188953543 0.996303571860018 0.392021506701496 0.881513371922208 0.16651575056215 0.263632928307619 0.578993239005695 0.0778923256674039 0.498379642853506
0.352133418077192 0.866330066087051 0.927221281613679 0.609545977217771 0.995576532342573 0.0397724303090045 0.298194489322037 0.549527961098712 0.212686513254601 0.442421362717807
0.901710092242829 0.00313542113367968 0.924882337854025 0.341527452229223 0.989690289900913 0.0857838653580756 0.0408000445498125 0.522453982057394 0.0789089843350882 0.449988521917775
0.0329437893250811 0.991696840255619 0.655837181853873 0.671460215052359 0.997938876380957 0.547358879748352 0.103723735921742 0.594959659309034 0.293481347020843 0.636205064996211
0.810330463864099 0.904063787476194 0.863364416032966 0.613116940827967 0.951213403398745 0.196623825765733 0.8461219213039 0.570080194153077 0.266385600527034 0.412365327452894
0.391009251170313 0.0333562461142746 0.76403073284953 0.226033901078387 0.976291440355373 0.0176898770707309 0.108074012350048 0.516287390515975 0.027054124941349 0.574015193675738
0.822079536777279 0.288638596172907 0.997871763890113 0.68101950245617 0.996616798978814 0.132166637594206 0.898944692507807 0.561517952328126 0.0868084057010205 0.656593543266335
0.81248615091361 0.8069208137969 0.98404776561629 0.513541921825364 0.999628155385253 0.0410433692552527 0.495239484574489 0.550903608759222 0.27334206286039 0.601544748619365
0.217293465362493 0.31272035198395 0.995073641969873 0.716307203339845 0.999940197686331 0.179764873927091 0.74921882549451 0.588940109432014 0.403356121497876 0.587899166225435
0.86921182255488 0.308926825337957 0.999340414341891 0.437358801698124 0.996713353046279 0.291531804715219 0.212587268231188 0.561875023035037 0.0449280701405805 0.455215267927065
0.158572174100374 0.0739334421345166 0.983686485867025 0.79513024424047 0.768383386959444 0.207378636498674 0.0499661790527407 0.556899146749534 0.146029268341738 0.567321774165182
0.981552284942668 0.320224578631468 0.999904314236939 0.713105427828101 0.988054715918948 0.096494126535436 0.712791688702293 0.585115634165581 0.0815169535476572 0.472702616336643
0.00172074962255144 0.130474629643494 0.662353513283814 0.543610075493126 0.806078520934257 0.0222810444581346 0.353896738378959 0.494221647372799 0.0831124793087642 0.342207609138355
0.407633406736658 0.0244381340794172 0.328125732987658 0.213073875255927 0.726667181430848 0.020539528960315 0.255735684340491 0.443009416687016 0.0108115917910298 0.407222745492025
0.984525412863372 0.00318813168895552 0.993179237887681 0.506939670332617 0.90961096389527 0.0437859379092467 0.515884491097793 0.505677663938405 0.0741865300811487 0.610362260088709
0.00567058309710778 0.0048202092693906 0.786673049404541 0.122973506412497 0.161656141226322 0.00294096502527232 0.110998484347295 0.454279368147394 0.0129623980770756 0.239243118095336
0.81475497162489 0.992357589057628 0.981478762113007 0.795523971086643 0.999976881191974 0.577585771189088 0.535107773357319 0.626364471696926 0.586702805485847 0.866576644077561
0.181726257146711 0.0168768973378459 0.934796679740137 0.56293571087299 0.976340855734796 0.226290927680794 0.0881995077306037 0.527800627115262 0.0299620746765654 0.226599771031564
0.127345344622048 0.000532686055142166 0.995484131788715 0.107086305804057 0.648974308422614 0.0018610320865381 0.341668331390118 0.503844217471549 0.0117591301627638 0.282338325842293
0.0807558464184006 0.391314234029705 0.919629690365571 0.670991990831183 0.996504109886814 0.131631022514187 0.146839358469573 0.561498939689716 0.265879713996137 0.605031646956901
0.749609179756939 0.0133619851773634 0.881133926046735 0.561004577544077 0.999188489011625 0.264553658697081 0.111978624630982 0.547426153480239 0.0513818600473559 0.521258585030977
0.545222873540686 0.63997250135237 0.995914331326035 0.421392132455891 0.985672050402779 0.0334068636221958 0.223195651848681 0.521494940450391 0.0931427383057283 0.462317733714512
0.780625141116211 0.128253895719961 0.48841985146065 0.442237164752052 0.896511607796002 0.0483217375415244 0.459861170288379 0.549512738256753 0.0262641762571266 0.344248547855003
0.353529413143938 0.893291323837298 0.941673199951342 0.544630367019822 0.972829025868228 0.161564301345893 0.0897804012548756 0.522134892002128 0.181858488731796 0.440640839609726
0.967851657642686 0.00308052024658884 0.682645256124211 0.403620711053692 0.549426822474731 0.00675394145474759 0.18822267431511 0.490169449529177 0.0361218843737335 0.270349346001477
0.960931506785919 0.0192908067192819 0.985801356241807 0.572726433540586 0.985534652048409 0.0558814286587981 0.0984778564671115 0.533164833786053 0.125845690093737 0.548127154493194
0.760300378960448 0.684140089385071 0.999009141207432 0.7938839293919 0.991468809052401 0.521658460412593 0.912129388847223 0.567063765646124 0.305550460287633 0.617175050104473
0.41392305482654 0.880367602472433 0.71266652038028 0.564266022102874 0.978999512758639 0.0360958770479172 0.54725213669809 0.516942598744967 0.113303394083368 0.285478419653804
0.978274781426817 0.316608812722125 0.999926784348679 0.512834162963799 0.970375089410305 0.0391783628222359 0.721146564030247 0.544509076297232 0.131020891383106 0.516853001193882
0.838340458623442 0.125227506761073 0.726092915313426 0.581129352162428 0.992117946198093 0.12735425516848 0.646160677093447 0.542149704346906 0.131954039736348 0.542550001938869
0.785226308470498 0.219395550485096 0.993723362154321 0.77808627458974 0.998812416274587 0.157816000454894 0.204178994871036 0.558029374428408 0.536830383115932 0.516867070072681
0.997122992591454 0.00103666186510682 0.859311281710876 0.135725178876125 0.869643094757813 0.0209679040363729 0.03589392546307 0.449319901568379 0.02035765565636 0.389392257835109
0.160243430804821 0.0611321223047077 0.997304740339982 0.407736748630927 0.994264763530902 0.0399495717155884 0.073523553669779 0.528736983453522 0.159074830028077 0.681535535513723
0.892550972898172 0.674584641114428 0.247585923542727 0.780493479228558 0.976929245674972 0.161974478320421 0.188975529946936 0.566950935444002 0.354720842748221 0.596178701137148
0.0528761038047828 0.457479460165294 0.999892272197606 0.615290762285108 0.994615479677344 0.0579007873418033 0.259824204519652 0.540154294683645 0.110050916944355 0.552556360874507
0.00922080187120721 0.0401115141639737 0.987517485273815 0.317907946113367 0.642841481229145 0.0449087693092251 0.396554368935423 0.46829311226135 0.0565457939483347 0.5111821904222
0.0469997035848053 0.463319631569962 0.725107359562102 0.274189070505254 0.971419982467506 0.0331520643313048 0.0479367094960228 0.443073276086681 0.0109622885257702 0.27924536371104
0.00866343796934621 0.0425001680521748 0.0356511935471961 0.186443705306791 0.41366149398328 0.00880744049042299 0.0843662310137126 0.493647166115991 0.0186437612070867 0.481866722456797
0.996081100558806 0.995655630933083 0.997318423057056 0.813603137762196 0.999884804024894 0.768101374342608 0.864237611957821 0.587351909983625 0.351001927225678 0.744675676815627
0.62630192043438 0.973254539543441 0.999764099841335 0.636925368127299 0.996662067758081 0.116723722124283 0.416133469553514 0.58332261661695 0.288728337070778 0.449991227168
0.895004945253427 0.0910544132655336 0.338948595118401 0.667224243794594 0.930052008110014 0.0839578975221742 0.207527745906425 0.559972979525392 0.188637831033614 0.558079072722086
0.880191488902706 0.999795531816942 0.999986741134934 0.852768512201052 0.999933676830728 0.976481848507961 0.728246054513749 0.668240768106455 0.70763651798785 0.791911887052767
0.924183233117971 0.0641207038059454 0.98586584317317 0.540356030855099 0.996443857337445 0.232042231531838 0.286054347082502 0.550820419598072 0.208867581802402 0.448510242832841
0.084268047320745 0.769401876502414 0.882457206503189 0.670858940134104 0.993786197621884 0.0615572843748332 0.686830438825056 0.550866543644971 0.254990919401606 0.492469891868019
0.578357642694035 0.996256124246431 0.994462683479908 0.718295733710113 0.999128129099346 0.501530532356971 0.742494213405589 0.612345012758707 0.377533377507372 0.529461562143986
0.10433174541336 0.0482408410618394 0.865202091828491 0.349339309003317 0.975021541167601 0.0179070528061759 0.0578672134047574 0.512159027676992 0.180879107543077 0.346747381444382
0.696737324424245 0.678250609717068 0.999522261974951 0.303465192664768 0.97295198900581 0.107581499042922 0.610274621958816 0.50806708992611 0.0369622383165863 0.47289349489248
0.515943338214117 0.00381776881583021 0.139088618407344 0.110284948210255 0.238117473376457 0.00113092115175066 0.282866062624478 0.438695592594635 0.00654269133999894 0.0876682749040281
0.820075091309299 0.0658016102351135 0.466644729539129 0.398493377283394 0.945919558652159 0.0620547428730799 0.11121843965855 0.504660607589176 0.0406689559298723 0.340647551779271
0.0736991543326748 0.775136449899701 0.986038658448822 0.457295986571004 0.92471734460509 0.0709194873201255 0.317767147965077 0.532923611507117 0.0576852273685334 0.288799061224496
0.985686514112246 0.237675853518776 0.941446228186235 0.568797746688379 0.961517714552766 0.0638531742685218 0.0568380918431963 0.528862696416696 0.177642316722426 0.353304842402317
0.651313311388167 0.0101900965121031 0.933681154687541 0.0547827312863212 0.282938092984429 0.00217440270426238 0.178982625664512 0.426544818130991 0.0355889077385876 0.164806487962447
0.390314658568258 0.297312299355765 0.673678630069966 0.292069766671877 0.725281560537471 0.0198432245916904 0.21940186900025 0.511860070761212 0.0494277433783615 0.310627664133792
0.822814349848635 0.643291565930915 0.974263476482722 0.667958905794524 0.998476974910595 0.175614976846413 0.540600737396939 0.552778666794378 0.0892399729796453 0.694095415069176
0.532974534948409 0.0024035779756746 0.997595456383258 0.403637799122462 0.123131840426546 0.0450572581748672 0.140851704295958 0.502068096434891 0.105023098292847 0.475159468280519
0.177750524088282 0.932263963928642 0.998001623849931 0.526715443083651 0.992546333971467 0.058890409994242 0.146130302744261 0.554896730472528 0.154944754006964 0.500797432950414
0.62517130220073 0.0445539373949352 0.999861334462664 0.455489395775356 0.997928136258539 0.411421414980355 0.0660182467584668 0.569656869755126 0.210562889593119 0.48511448085971
0.563821283041361 0.0909315409396458 0.976229260242985 0.672495384189714 0.997836961505782 0.252654100437056 0.620568976182677 0.548266183034225 0.371172714910866 0.683128583827474
0.995093133290241 0.213095566421976 0.964078791282659 0.551504757609239 0.904726552281778 0.190900240661445 0.35272550915718 0.529892836706234 0.171170307860386 0.396514857118988
0.72145517184034 0.0466978703483194 0.957747901163568 0.671961226411378 0.934953494931284 0.14961643098121 0.742369031318544 0.555945130587252 0.124967377856782 0.536380520654421
0.953702298937574 0.0014022622315484 0.430881213445102 0.130001844248979 0.990017247775132 0.0155814408941023 0.037139255598075 0.467301724009046 0.0101459549051207 0.445415685809807
0.0484217791392983 0.0152107760117436 0.998241484283593 0.378449882983497 0.966872880165535 0.227912720730756 0.200834071578992 0.535595068880423 0.0952804631798551 0.537529400854894
0.0246191275439506 0.587087251048052 0.853374806428876 0.666310123193752 0.991090837157255 0.0481644590168265 0.248935671010466 0.520932379457588 0.0435280059456439 0.510464844717233
0.986842012127715 0.999746752459183 0.999902048489466 0.946152500800805 0.999971903342784 0.834749666531505 0.911116846392807 0.641583547252214 0.462233069915911 0.682824805719097
0.99559060892502 0.0289668923822585 0.852100552718582 0.232026655639557 0.84542569507517 0.0261788951342178 0.136720576802654 0.484163381632577 0.0307502443400578 0.171424410136277
0.751114272354459 0.0273042261776117 0.999885964697543 0.660944793114345 0.98174998159892 0.239327027091858 0.843345242628327 0.552890639606494 0.213589828898569 0.498668803903792
0.89940206136193 0.555331990621029 0.996580913358605 0.751052227462268 0.988346613118601 0.153057376094527 0.399525840760628 0.557393216006593 0.335574161861236 0.784498216066112
0.00537887193906542 0.00125876595585731 0.59337842537464 0.17176625874316 0.520607936972632 0.0412877107286677 0.132632154407911 0.417844678916542 0.0440702382746073 0.237256341383602
0.863721980050005 0.973850785013986 0.98288670120482 0.108228523614576 0.308538999788075 0.0666789480197115 0.0481484384111986 0.42941899257342 0.0280231140726797 0.252912062349958
0.946466658614444 0.598267673958644 0.993333567732507 0.274202938654602 0.499870977466054 0.0118802330894155 0.0318486236663299 0.490280594746817 0.0220419308588823 0.392540283239221
0.990759978618331 0.164826902821096 0.995570801901005 0.821491260174408 0.999730259394921 0.49393864715 0.644351395692022 0.62704992285221 0.426547559383972 0.790122243292214
0.822083620134649 0.19762972257604 0.860992607759354 0.689560055976737 0.976889675439914 0.353753142091513 0.14559181110333 0.56175139496957 0.245551434413834 0.503345895608316
0.977443294667493 0.0564969725064512 0.823347476667857 0.269320515653379 0.794558581403029 0.134967235564452 0.916915871850393 0.539516249245381 0.077293738883768 0.376491977339823
0.834416521721411 0.854763450977893 0.999882027727904 0.371586431916681 0.73510006383521 0.0441751804844971 0.0746024065436486 0.5343683243342 0.0435565854238614 0.596574539453215
0.979359598990448 0.473050579966732 0.690331512689221 0.564430165984183 0.994038184646926 0.154410064229185 0.177239116861362 0.52692053049921 0.153064386788586 0.521773190164251
0.106172403732621 0.0344135011534299 0.99751445151361 0.489169424383523 0.966555452831088 0.0431777173830926 0.107523940736911 0.580918319841348 0.312782357733579 0.571665169806232
0.386258039929738 0.609293817952766 0.988497702715595 0.252506608616928 0.995495708057785 0.00403492168415091 0.159544382815231 0.510566432498085 0.0265563606993276 0.339657296570927
0.998019466075393 0.593551840642586 0.99811017174971 0.705778855151018 0.999462668904629 0.47834973995437 0.82478622229997 0.607447384368548 0.45121920023365 0.59260584414491
0.53251743405092 0.62583228026324 0.987572047940436 0.66499072691588 0.979956341543108 0.237359796546546 0.336446608779816 0.575122164497447 0.0796950162755675 0.651343954294415
0.728224916310766 0.00977996104642283 0.968461863560634 0.32992862972975 0.961961129666255 0.128427347072828 0.170041795575863 0.531087565155819 0.0563171589702069 0.367756128352826
0.650173260647157 0.0699834275789853 0.786755286666615 0.505545449184861 0.881327393985496 0.224974208614348 0.229466450834907 0.502273547925891 0.0900481860449144 0.420095612330141
0.962159318703545 0.023645513567003 0.388317059866849 0.479655937579056 0.685470086094957 0.0128650390290267 0.0097851768910731 0.525188313883163 0.0272560055333339 0.224587816881245
0.1368851042113 0.00719706135533157 0.95118493995404 0.38929836857686 0.944071988882839 0.0871315967548581 0.442076358569465 0.523929495435372 0.0747976768712314 0.674676632522822
0.0148414760114249 0.0011393413007869 0.838118712867611 0.150879667301189 0.606622033847561 0.00390987863984447 0.0400540211314513 0.491394431969131 0.0127858503588144 0.280672023274624
0.0723470023111307 0.104534932805518 0.848194770567572 0.377698809689259 0.860011102826884 0.0248711413762381 0.0769475243126063 0.546925634548186 0.0537750619597828 0.472143629882311
0.97090410158201 5.90898612745527e-07 0.993589565230333 0.121551707315922 0.154146518695928 0.000509716363433144 0.0411040734373925 0.451797809168982 0.0081732199077038 0.219742024423804
0.219158599019487 0.0394554101467394 0.787119654278857 0.11493034961515 0.196057027411533 0.00251163380441785 0.136944942225427 0.438337606156361 0.0286497149388583 0.305348026951782
0.388050357546569 0.351404109496792 0.998593203909624 0.601601453134014 0.998915842286689 0.162388244900091 0.122013077555191 0.538836615114278 0.261759087685033 0.719991133630208
0.561152222505428 0.0263470821521174 0.992772684213883 0.507457865981563 0.990669760147419 0.169163355183195 0.105664225042198 0.561325503605222 0.118286019187536 0.604270886163466
0.992271886003419 0.601887445127257 0.996008917950895 0.73697008952839 0.9948953948493 0.919862508860591 0.364916326690421 0.597657158234854 0.352724189398595 0.713991630771757
0.167693884140784 0.700877055875888 0.999674172936834 0.520641648108103 0.997029761335727 0.107692019259535 0.451572442165261 0.529515152635994 0.318365460232317 0.464227792056437
0.414729505294389 0.0152135116047944 0.971099043231243 0.383506552430316 0.976097017114947 0.173590941562332 0.0961874167173298 0.5040268498764 0.0596340547122946 0.358075417607735
0.210413622072595 0.16287205895865 0.977965299485405 0.730295719951125 0.992519406395002 0.0561009123733605 0.190356029089958 0.532337264832113 0.23987501729932 0.436688931882826
0.22264744675649 0.694486346664136 0.981954358924559 0.337646285409518 0.866720839886618 0.0967136478497325 0.116628079351386 0.538772790802822 0.0737559952336687 0.347628596135723
0.963175039187068 0.0782454495049141 0.258233728592968 0.376765463072325 0.974884636514822 0.0613737567698726 0.32716762850745 0.539483677743479 0.173668836650761 0.743142458891122
0.608168473936727 0.357922597390473 0.99080639999297 0.421688423166518 0.243894422339341 0.0729081668312831 0.108003852674952 0.529614693126788 0.184737008884163 0.269174262262031
0.977305114913032 0.9986213871585 0.999889871915623 0.903654303502371 0.999935392992559 0.958813585613061 0.863007407505717 0.640108083350835 0.694790513201118 0.794069704556335
0.00229581255868719 0.232618012636009 0.978048617813328 0.175391150057336 0.965462518916452 0.0196828410913822 0.259565108342908 0.516833283891997 0.0435222367970218 0.60583632795528
0.83155069016637 0.0510957519926491 0.0410828713296175 0.440051090074395 0.994753131304126 0.0123010900113353 0.293793984920198 0.548593342724914 0.0385954812059026 0.420886261974625
0.987009995842609 0.586050715735653 0.847967142521191 0.758404939741494 0.99759855684656 0.0699957644663769 0.0423605463557474 0.569140167542993 0.0998918638786078 0.511008070748139
0.728896370521103 0.0350487190332063 0.912289552960934 0.330684171230066 0.518523494406776 0.0127957134305215 0.0245418668699326 0.462514098375759 0.02753648903577 0.599507587061909
0.153077133292446 0.0584677114777929 0.985019962726919 0.361299924788962 0.982643229975508 0.0810126230448067 0.926854311465083 0.538714737954111 0.0674915470437017 0.351388167100478
0.97524114858152 0.234891430237015 0.926562993187574 0.590425691496711 0.992218996896782 0.0284438942189229 0.203733330627916 0.568257984763527 0.157944628361906 0.528813143893484
0.976565126325157 0.567038419866242 0.992795802437077 0.523404312936318 0.816351640159909 0.1394229895632 0.220187083160755 0.510913397559276 0.0639662341898608 0.611918037689292
0.784650033436445 0.976284807582323 0.999436500459624 0.875262730475453 0.998213423525736 0.706548053541957 0.304547748814374 0.634804363196296 0.445276939769656 0.777141960453267
0.680985685772885 0.489896413188809 0.997377586676103 0.437997277425086 0.883811503538925 0.0292369902838478 0.622586681120722 0.507372389160333 0.0402334393884793 0.473438256962441
0.289864325008243 0.309224668512519 0.991593313202409 0.634218680385832 0.922348918752291 0.0072194943716285 0.192138657734991 0.540824952831921 0.0735408903793392 0.423560858438365
0.998990979687808 0.434421324200142 0.998838184938778 0.684759447720356 0.949868649543054 0.434026273104773 0.614920129540993 0.548941320758883 0.196477876644718 0.5526602869636
0.774671051078108 0.01257956524492 0.983031731891707 0.16857705989032 0.836169058133159 0.0576648678160771 0.0980412735042951 0.494904340107285 0.0691398398444496 0.569232018349851
0.587310314641905 0.00113886995255623 0.944496654848728 0.458114725960832 0.865235790085595 0.058805404404861 0.0487256482748393 0.510281005705789 0.0624171548678657 0.559933457607622
0.20336490687034 0.00711200229871078 0.793701617810099 0.249473577490725 0.964667622614678 0.00654631903723712 0.405030327325156 0.504328831823166 0.0609848252177328 0.494708671081961
0.501710871354839 0.978715339298374 0.99951626025217 0.383073294470579 0.999508008820794 0.490796342878793 0.49386520892627 0.550457162102116 0.286379045168776 0.752154500104638
0.319663527881894 0.00130250457768219 0.697757839758165 0.376247874618504 0.547218309137216 0.00517716672330612 0.279549098002448 0.463057263641238 0.00746135848087814 0.491071463670288
0.999934990517346 0.487613280508964 0.192031127615804 0.524747038823369 0.999506753611441 0.0773277626633493 0.485251582030349 0.549593478086802 0.0662036257659084 0.596071212336951
0.0679900318176572 0.505388529820689 0.298927007593641 0.291791632068757 0.995087723011865 0.088857738345431 0.0886260683167213 0.508579913003919 0.0737962749544454 0.437734642905541
0.931518944175938 0.716404022805367 0.999198494231401 0.705689576316877 0.999524374651628 0.376923881057797 0.676575674009938 0.598499348060072 0.191082307132172 0.721149188615056
0.150880322728755 0.0216699694391231 0.997590023751911 0.603694159712463 0.992071617763171 0.0838245600143018 0.613282691684348 0.572812413330281 0.162155274296209 0.517014814993724
0.0485673721425506 0.836598012749996 0.970154740834058 0.260452935521737 0.847893361100899 0.00221912296506247 0.455640269264791 0.495398365573412 0.0151934318668821 0.24772916366442
0.995191289334442 0.333632818136426 0.999847068557685 0.791062399667506 0.999011829872898 0.663464933142969 0.158291677485462 0.590035554914465 0.232329697356667 0.701950458328186
0.999158264748757 0.92708234847594 0.999675555566645 0.896279359444714 0.998900992717761 0.252667737320207 0.750019004957652 0.6142674940325 0.296893156434227 0.752222823692085
0.951710058401311 0.999720718278164 0.985163919534285 0.865051852256749 0.999621720996461 0.574054583399735 0.916287999309951 0.608292557143017 0.216451983051202 0.722814092621572
0.157967811531784 0.832457397254323 0.445735800545479 0.367937926541145 0.963260330379271 0.0857852891204188 0.255647472288303 0.5155650901831 0.0640276574166369 0.40264310685493
0.617409731789883 0.570255451514043 0.984482579286138 0.42700416171003 0.959431645861726 0.186246049585062 0.402759405786255 0.493586659253614 0.173250587783321 0.304285029354536
0.056586229518862 0.774901087582968 0.954046456136354 0.660681532881586 0.993541127643632 0.0493400414199144 0.0563372222821455 0.530473326686756 0.197488479797668 0.495339977317531
0.948794459507911 0.83899198950241 0.99800518493052 0.611967567310139 0.998784837509735 0.550499424164105 0.0940686257793484 0.550268819317748 0.148850323374016 0.754018179559364
0.868665559248731 6.31978102903472e-05 0.971727901804218 0.458515294656266 0.99248286917519 0.186119496168529 0.224748454532025 0.552351870673488 0.181373521833677 0.556900436406275
0.116489848869741 0.0519140644329606 0.99945016897828 0.480642827206373 0.982900486141526 0.0293342103843199 0.207067644831573 0.505698391428913 0.0302212352845713 0.375946664005959
0.957882867847659 0.0689984382271075 0.974887607227003 0.324551025457976 0.801066491027827 0.00264254639294613 0.223768033252928 0.489449297987249 0.0286436634999195 0.240166160350699
0.986524958284736 0.0170210536518911 0.354473077914324 0.405366692416736 0.793984174796652 0.0282047828859983 0.0951097121946141 0.479773018845388 0.0495795263913877 0.400721095962565
0.333528521274145 0.0038418998029426 0.928913900468813 0.395105694425922 0.965847499010007 0.09573632042435 0.0681947372205108 0.537712741955747 0.056709491008563 0.306951323583502
0.727760694573058 0.733811200413462 0.999201788467532 0.591020468474491 0.981613821888907 0.211960210691785 0.378318097127872 0.57352794685359 0.0954380408766454 0.651918332294295
0.0147623007081462 0.000213216012530248 0.361974130960077 0.142218175422892 0.492387525398626 0.00297897899343719 0.0138933633848075 0.42497486133238 0.00368438680084135 0.0835701421502342
0.884234663082772 0.664379731294668 0.99981355960091 0.420484803261532 0.963656468984788 0.0499166837979313 0.730512904847118 0.520372787262003 0.100592209071183 0.672158042663873
0.00990012119965883 0.00118026597233732 0.957758774939565 0.198046960015231 0.881623127462691 0.0305104063903783 0.141686117031718 0.497379626382659 0.0427686390383344 0.28260432640795
0.937977466968948 0.108393909748174 0.99918016678367 0.747734704468095 0.996559956788076 0.278254280741498 0.747791972404583 0.567969607632872 0.303656421155859 0.610737457055496
0.979531462315795 0.0785297067726174 0.994747155033486 0.71656410963672 0.999511584102398 0.0974839703690813 0.237536021618073 0.569052157598965 0.325498126001202 0.525218125332104
0.999353841749799 0.00183711433644948 0.987324452000047 0.141618304788733 0.360475276847866 0.00181111585958177 0.0958142820053016 0.452969594342403 0.0346198644202242 0.509490303739497
0.9987655456577 0.00811126179632022 0.998569478112532 0.625161117276022 0.988691033807536 0.250222438186574 0.358432578080913 0.528460218307568 0.192698067291025 0.44518254035147
