0.958207753323952 0.974858786195457 0.927670824916591 0.354522541481077 0.991607944669924 0.118800019021048 0.509911112903658 0.555117097506194 0.216979508623633 0.329084163234738
0.654655318248109 0.000207464471934406 0.238585447005971 0.211534984048144 0.981288736875932 0.0450927044989021 0.00916188044759483 0.464316562178947 0.0222846898387839 0.365375011242602
0.0065121644067695 0.001915417618995 0.147105692111199 0.164506432444266 0.851890168089612 0.0213370252073889 0.028897376544547 0.46430487509448 0.0564103766757914 0.220133015623469
0.3108078336634 0.652773740428044 0.818873872986111 0.612181238311296 0.989422352529213 0.113517742345827 0.357900419352786 0.53370160859947 0.203642148878118 0.360922945937122
0.00429271191522688 0.000136708802643194 0.501833078722115 0.0745554055076126 0.173637455090062 0.0147253547432625 0.0336220440305333 0.455908701382749 0.00167652339742685 0.19206536066423
0.214052630824847 0.841555922838722 0.814500099435928 0.632263628268629 0.997721519564111 0.0206148222770601 0.301734652433911 0.569955300438326 0.303786240825237 0.698813296421185
0.828761915789462 0.025592405404315 0.867657122593888 0.725340621013094 0.97857459908985 0.10980337764555 0.962998240376304 0.534055948603602 0.0769298749086537 0.63651774229318
0.341262968203162 0.571009876251614 0.993635324746935 0.444701338063845 0.99654237397628 0.0996598267170484 0.269146281063263 0.537226727101155 0.0335608084360941 0.515066449336655
0.995206526010314 0.148494192642257 0.981499439136199 0.52909732571037 0.994371190437026 0.432820632433004 0.159046606339671 0.546146239179388 0.16790543554464 0.35380088471878
0.21622571136333 0.720798384847373 0.999626684046343 0.369543492856276 0.999357262787904 0.194637336067179 0.355545746890138 0.576869963076262 0.240528377558392 0.428681982806973
0.350378500780097 0.00135007890196819 0.908120631308518 0.667942190446598 0.9820011205094 0.0928354498842614 0.163317612849998 0.539757544996006 0.139146777880283 0.467549636597658
0.229219008562367 0.203459030987753 0.996671240911353 0.182367474702446 0.969590021799831 0.00823710729834502 0.00991931834151003 0.488511725807008 0.0291380936524248 0.413893577383445
0.900323316516426 0.00276025740538021 0.891874214476979 0.496823328700218 0.953632117885292 0.073210362423614 0.200830275124375 0.50595971389917 0.0615310736751699 0.461315463495663
0.0639879856242451 0.0374351546470401 0.0921358192429614 0.25001654972107 0.980131622162048 0.0414938424034025 0.154830753043024 0.49743248334477 0.0489232965573809 0.358041979122258
0.9900556579359 0.319199953504234 0.942872054729566 0.789985032039673 0.984074060639195 0.154304658600923 0.23503961314728 0.571682040262413 0.407163961628963 0.598827782809947
0.990310309477005 0.00823211352904808 0.711787450853763 0.225162497106585 0.856451680792181 0.00406392954688615 0.235649217247886 0.487435754468929 0.0353584875222409 0.37268889090943
0.980778851532474 0.98825524790608 0.998538927078748 0.850017521726558 0.999135731910563 0.478607676066902 0.877274116248417 0.622283988556714 0.414789713847451 0.839370450985394
0.0136745434605712 0.0730029812546108 0.853198283443755 0.161553207687607 0.279721409910992 0.0113378369288251 0.0101639739470293 0.486710221055409 0.0222388627324902 0.329089206914752
0.284977650228118 0.31232114505065 0.746129956291777 0.383210081426418 0.605453749215113 0.0377733022244393 0.344517585684606 0.519636346361531 0.0534330124944735 0.398983270001791
0.663320770851136 0.909156158825135 0.973112204214055 0.812031832370931 0.998696643669943 0.274636146204449 0.127854491990671 0.594094935967057 0.639002228895427 0.721130524669994
0.784908745636156 0.451002762824871 0.994636006525573 0.44675939170077 0.864059997795011 0.0207196888753484 0.259396141038237 0.516726290664302 0.0927966199461917 0.308391044601311
0.00388992240628435 0.990869806964214 0.994299012739246 0.725464303111051 0.999667275167176 0.229481955611903 0.195912416268972 0.58183064484919 0.232192825864232 0.713071251859471
0.0178202174414743 0.00112417974582872 0.0373169149154298 0.0556536847484009 0.475450107204142 0.00295602595818877 0.0428992744059065 0.445459899679742 0.00645300485924037 0.328063372186806
0.148750897057706 0.00412954140325335 0.388995885438021 0.168277785588002 0.905129639157766 0.0425209631103973 0.273079067749781 0.490806512130363 0.0500858064323446 0.204439143502329
0.0144917214467948 0.140899837987723 0.999029059068604 0.193764596867271 0.931035781713445 0.00720729400058163 0.180377763831081 0.498539143061613 0.0625336556121376 0.223632373410803
0.425936608909339 0.287160123832875 0.963059333582643 0.693094471042647 0.985886118818123 0.0718692019772041 0.0563648091989141 0.542870045441845 0.109973138101305 0.461692800775523
0.990492542201638 0.396812469521257 0.805641023569017 0.367463349990684 0.978265607621841 0.0111025237057305 0.588626498743602 0.487959621048528 0.0831427572018215 0.510746091931382
0.899043768899423 0.402562040041597 0.728796643008504 0.613917073607325 0.972821064728989 0.10666446247929 0.471073323097008 0.514531577767512 0.0703741404210408 0.424783159976043
0.54359705710897 0.031441099123282 0.989662317921275 0.190425172923504 0.665606267222005 0.00417668763006204 0.421917608442424 0.44686665732498 0.0841799808748567 0.351757860192236
0.970702801941946 0.041671311288887 0.999981676910042 0.784604776113426 0.997603845305636 0.211111443041167 0.183306963479578 0.588554180816757 0.540306233541077 0.741557070693391
0.110834849337871 0.168998726951305 0.980601138090752 0.46176306354727 0.981933010357336 0.0219562839269483 0.865702300524513 0.508524179240146 0.0570119824430745 0.390549397728262
0.245357303988459 0.000423161909037842 0.595915331198187 0.0965778959402276 0.204001833533074 0.00635897985496051 0.0513340418494417 0.40722376258065 0.013274026678559 0.130421606620057
0.924050663465696 0.00416578397507414 0.877736964490149 0.246748201692224 0.887630005017754 0.0247319596263479 0.0163824071127235 0.47504254454312 0.0131240232678927 0.497731778987796
0.344670531109624 0.619616905219941 0.916891193248281 0.368573066384933 0.664343440750261 0.0313717391145159 0.170530211102086 0.523536249114007 0.072895363909462 0.534685430149745
0.992996938965089 0.136206147451423 0.806619729180483 0.590701446691408 0.998246232199457 0.38641831650638 0.305153277499575 0.584810719141194 0.158798904034248 0.454526131169107
0.596171258720494 0.00375104707668098 0.00241708173024842 0.236705266131858 0.909958525191643 0.0317274098421561 0.0181005612271774 0.478036538600149 0.00674075512528404 0.324530769348035
0.0452409367085823 0.0498788362471735 0.611304825954089 0.412738940898158 0.941951628978839 0.0495344335695165 0.160026002178829 0.466770962596327 0.042654803112679 0.319185852354993
0.0855030812924449 9.53039413070228e-05 0.840490083767269 0.273683489504743 0.445361406074746 0.0106427123770615 0.193674276993633 0.49544924548421 0.0259631759625815 0.34911660205308
0.292542247803185 0.0844833255009253 0.996993024731085 0.159713645242018 0.895793596730858 0.0339441535024098 0.0371370185485923 0.519665015937074 0.0591867307375662 0.404182206192142
0.96466386974432 0.0272235340495916 0.998425636399464 0.298830020013772 0.987657207089505 0.197475599262928 0.23742517373383 0.5436687809326 0.139935085855715 0.412321309163824
0.82547276438835 0.518534765536409 0.865615691689942 0.669954354446396 0.962748554720882 0.0589753251729497 0.0602520409168077 0.564814908088793 0.260045013695746 0.683401482875011
0.0323128178968749 0.0649043473260817 0.215073208114179 0.103445500323792 0.380308335464811 0.000944953496196316 0.109985980714686 0.427224608615437 0.00614912818802191 0.197293662251796
0.000286184861493654 0.000798603006304879 0.0456934173902795 0.0123222316810553 0.00602399967126839 4.09394905140693e-05 0.00347288607760672 0.338627136810355 0.000347400166970802 0.147377698873964
0.0306718574275259 0.0981147063348406 0.993540189770996 0.60899372196692 0.995437605059429 0.0687350778038206 0.612550151604766 0.54767319014974 0.108225073923206 0.454861276038716
0.337472247148569 0.21489451000101 0.998732551893149 0.818196128163434 0.999880293148321 0.813588962249982 0.903859342855028 0.638315312520798 0.768569946846408 0.742826428115559
0.88548073856449 0.0103206369402811 0.989315250565763 0.330182777544962 0.989281655361354 0.0719110051051412 0.211009665943501 0.51052235898543 0.0538816573429456 0.454868253317614
0.284730229422953 0.00515984393326326 0.916357182579503 0.280911484642332 0.986842171000173 0.0323698285736827 0.446588928171272 0.471570349159594 0.0332450417902455 0.482607961694151
0.981302120261427 0.529414171910905 0.992309594987224 0.805799104427981 0.997245363424857 0.45227566783319 0.306040597130357 0.56616741726322 0.339712178529558 0.832529246955699
0.995261338059699 0.980418825498578 0.999745614095745 0.946460892115001 0.999898990955003 0.915579553542475 0.931578228443306 0.661439235164616 0.792236183245797 0.851822190243723
0.390913983481044 0.115026620228994 0.715214345897167 0.242826249307048 0.994499118995719 0.0253399159620654 0.052714263689902 0.539084545573999 0.0613308851125098 0.46482427224797
0.174415180350288 0.00101641992418942 0.418909545045936 0.459220796795755 0.993188679644486 0.0854833711257854 0.442398012931454 0.558980168640634 0.18568607923055 0.591421973064606
0.983054352010461 0.971557270247522 0.998791193183112 0.90844225113042 0.999925140726216 0.726680508935706 0.806490757543364 0.594100843642032 0.286506466545653 0.774854156072757
0.0252738138471235 0.0104170286740422 0.996156946509601 0.621183203613176 0.996540525194793 0.0994508320065976 0.508132162866132 0.54028277293975 0.284486559518961 0.591007168430862
0.11622972723221 0.5997812890927 0.974827500043792 0.536211021627914 0.240587318248674 0.0262492581131196 0.64736443251102 0.51172815252762 0.141683519820364 0.388022085119045
0.758516932079258 0.0134591705828237 0.99900634917775 0.403803190902333 0.97947180497383 0.070432626472251 0.1458402652541 0.545329892574046 0.166722154936741 0.467062579115431
0.564916819811362 0.0538712609356965 0.994761456785007 0.486825344240596 0.933935008460773 0.106588266584143 0.0190436993570432 0.572086712130171 0.0920289218844071 0.583164646041254
0.994730841631912 0.238708738255564 0.816815815741034 0.473262320891953 0.965087688262942 0.0590453567815669 0.301043127361848 0.50134928235159 0.0567494380184014 0.453853723679491
0.196661312525807 0.731659713710466 0.749979147388264 0.279726457475001 0.92655255647366 0.159553030726758 0.101875981431025 0.478221010579964 0.0470016576818657 0.456849757984557
0.869773125456489 0.996019719210592 0.998666939907075 0.845389825925278 0.999805381749267 0.313856855962973 0.640042378577318 0.646394415960238 0.563079248989987 0.764603384540347
0.375710055470406 0.275838989404004 0.87064600902843 0.631358161751074 0.987038094908503 0.358477591008581 0.260311693934547 0.547997780971396 0.175072859782898 0.641811483416832
0.81836404750064 0.000555221438122743 0.884979327789192 0.318616455933231 0.162666495132157 0.0313707267868931 0.0485576586066408 0.495549408986836 0.0354877478751283 0.358663438711588
0.00267205021084042 0.00266776856404073 0.970913344477004 0.0832300003379022 0.25180482097529 0.00224245759457327 0.0298553162486843 0.489146404524524 0.00594749429066106 0.249223875025719
0.638069050286857 0.0134155162667536 0.995705941533581 0.624818510087799 0.997020794614982 0.113397251245621 0.374991848334893 0.559424013136598 0.224473568602078 0.60636346218882
0.953994198855803 0.0309165949947881 0.573925334243908 0.307665250019403 0.802321517200717 0.0241413576245311 0.435365731889259 0.492691717731355 0.0120139217416755 0.49213874027733
0.432676773700016 0.000981774376804604 0.998678422401607 0.391126434557923 0.99878176246558 0.0709319244714901 0.487877361634636 0.495098443509087 0.0676043101886366 0.43382489583231
0.166064063368285 0.619805352027878 0.999648674000584 0.661254508316387 0.97500260140546 0.143165688680899 0.600084346750975 0.543802410634499 0.151798007257293 0.584800822794146
0.485988554820774 0.273996049091177 0.0219876186227229 0.324645463897631 0.823037395198348 0.00875134431181033 0.097160085245985 0.497157344661781 0.0356180146846658 0.34437450734885
0.563515798382791 0.311473787347369 0.698722750287118 0.241298166694554 0.998301012905156 0.0493713667954643 0.974361112632169 0.509436424835326 0.0873045366375776 0.328722859287765
0.00245673445129511 0.018654341497611 0.931425893066977 0.0864410977571565 0.73274193887523 0.0053845522407537 0.0289472501841271 0.464575670622788 0.0216638580546917 0.257049643229839
0.991053170396234 0.0186879810191796 0.853156610640206 0.374189002436385 0.918060405060777 0.0334264194602677 0.493702832437091 0.491809726873796 0.101996663898353 0.449336248291312
0.258201182182552 0.366110367488284 0.924345148811229 0.429834974861058 0.994691432613373 0.0867783579712898 0.142429702571744 0.52139203811495 0.327731146017985 0.392043570748246
0.177081879326663 0.0544514268202643 0.921510902009073 0.634212457893948 0.989012393181873 0.409669009038212 0.619940356838056 0.553709998717345 0.150902834572028 0.392733660014747
0.262779263373073 0.00153968034891388 0.596132818637568 0.511925212155428 0.979826277939579 0.0752752202366431 0.307692197095993 0.537629752782083 0.177470626960565 0.407793044776591
0.929602626163494 0.000878551553894053 0.999659832922439 0.678292668686243 0.999079839571794 0.212981278885727 0.493817331710324 0.551078159079931 0.269990056710366 0.498222874730082
0.484330165096888 0.558664837638902 0.983221258510791 0.594102148636901 0.998489674201675 0.0602417653735824 0.184297643564145 0.541159292743072 0.122667286623943 0.700897928170692
0.998640049747402 0.978527898470951 0.998050102901537 0.955902350480106 0.999280520431595 0.807213509939262 0.17706651190436 0.618525711310386 0.645640480115459 0.876812776837508
0.568670520726808 0.0440682031627913 0.981025837095145 0.242156064301729 0.563582538662834 0.0145726702356023 0.0392533263620598 0.446038500950364 0.0235236144465995 0.367259307644498
0.638448820554236 0.905242836797764 0.613242816231913 0.586176571451976 0.927451999159013 0.0777912271466644 0.430223840526076 0.494987554498937 0.0708697281979391 0.643793286991657
0.77077870104256 0.96753693707334 0.588168216348227 0.392442036776159 0.977135998729238 0.170056438423077 0.919576544217756 0.519745417596212 0.0756065925587807 0.589090808251294
0.093315133533363 0.260939895863495 0.953058156806332 0.599320624590466 0.971376933229258 0.177295033881066 0.267907212106859 0.542906841951177 0.190575503585237 0.541512365758748
0.0800974055970103 0.381098204674354 0.995691920194796 0.489190989647397 0.999491536157674 0.0954580798213807 0.28845924915534 0.562085151922252 0.392531260343025 0.707471890582374
0.00308897329269393 0.0302347602464875 0.612817919365773 0.186596242634835 0.868340132004247 0.0149233885622474 0.0142077637397955 0.488842335306108 0.0756538827466515 0.381819412136009
0.0958370054835031 0.533010072982429 0.999334697878484 0.365052000767424 0.946703722848904 0.169415144185812 0.564067901745776 0.524379326807939 0.142918691214224 0.333550613638698
0.0613752426579911 0.229397192122275 0.9167574885853 0.436488824322069 0.995933834487562 0.0723749382389464 0.245507080400354 0.504677127876716 0.0961323549717119 0.349770066230303
0.447712987091512 0.697267940641221 0.986835364093457 0.276957689600973 0.95272852886467 0.191578539803601 0.0495747972638614 0.569988943910636 0.10494288997104 0.426991851616116
0.0532224035795682 0.511133411485295 0.71322722304774 0.312996375082401 0.892565620205248 0.00472422429642328 0.366488840619605 0.508129229741412 0.124811505933155 0.324963427489298
0.173649206608602 0.460055995833805 0.987030041655967 0.515205536489193 0.950755702368367 0.0398823206078829 0.124341473702002 0.557169801541678 0.0195970122946157 0.560675007746379
0.000161068630421912 0.0555534957206946 0.999528366123402 0.368975022569148 0.991470291051636 0.0162155882563317 0.0874006680645967 0.503696523481635 0.0327492085711043 0.344670705638143
0.994873623958415 0.0858161522440857 0.990567631728876 0.788690160040552 0.995149087130217 0.540393862155727 0.283059757210524 0.578994694137301 0.16645141534958 0.676926736249526
0.234660563588994 0.557207664538581 0.992723400819831 0.766310596497921 0.946248318021617 0.262904177413189 0.341300789656747 0.572370989910853 0.393333929838501 0.634675546647142
0.0590172709836254 0.629302333484961 0.999736776630379 0.786982138769941 0.998702713746775 0.516941671955399 0.961074602491231 0.63428114963938 0.527980382580432 0.780664430646523
0.993110844925487 0.99895263101458 0.975511081173514 0.731243310602308 0.998342477283342 0.366322894956798 0.736060027251361 0.602020359757534 0.363729434299677 0.735986315329934
0.774910505503518 0.0678623687794793 0.108524509265748 0.235488089853416 0.652352719954571 0.00346132107770081 0.00351129294345585 0.437588252510869 0.0146900045982101 0.15363242180655
0.949180108137754 0.331521929548799 0.921829625720032 0.790563565914001 0.998750545314241 0.600670910276771 0.83624844553469 0.630033692152089 0.365633219990785 0.602736652125489
0.99979715985206 0.319509470050769 0.995472789209721 0.747149491682001 0.994553977203381 0.179207715769161 0.679638883710894 0.560531186683427 0.126140927197832 0.673049947254753
0.21781898104093 0.978973611989655 0.960730569702355 0.568272532125798 0.998171902074996 0.0819474481978613 0.735322644967636 0.530335970963785 0.246504066349824 0.678922670611588
0.00754961550449244 0.0049121837125589 0.859833980300224 0.360539224017973 0.365317844223562 0.0411792562557798 0.144984014522033 0.490198015770771 0.0380023296731715 0.325323145859402
0.760149146730935 0.0186823873531573 0.995212971947913 0.689458540079432 0.876747710246 0.0468641922424228 0.373250723511218 0.502916007759903 0.101730891201142 0.72751202065573
0.272663350082763 0.11995370623748 0.997678229163915 0.354847895555673 0.986734819466836 0.0395184252068035 0.4849030696632 0.505664093343236 0.131119959119398 0.371019241488413
0.314091782005233 0.0068002330140187 0.459117160577812 0.417096463005525 0.662926863457704 0.0165524150216785 0.100178173425621 0.530728777038031 0.0687785085823947 0.448010381355164
0.0884680168491702 0.122656657599904 0.918939996329007 0.385164848193659 0.907857359651564 0.0739825425633417 0.0283186203706305 0.517190852873195 0.0702383779720918 0.524551984274515
0.964557788212641 0.537979019449632 0.998075387011104 0.773742843159324 0.980932037789737 0.0461739039756506 0.333607624239204 0.575304397388491 0.135320087401439 0.545197248482359
0.057170925546982 0.755292832723551 0.695194819075326 0.319897331159713 0.900829681778496 0.00446982545922418 0.0277285926243505 0.499961098288108 0.0210496314494747 0.197109271316587
0.533446350742674 0.36107819290092 0.0481648112488361 0.256372475433921 0.578662462135776 0.0017671908342179 0.168009613776874 0.464383956651083 0.00389660277301565 0.232784616515101
0.994553845137775 0.997042648956872 0.999999092196523 0.92163136032466 0.999986148162924 0.874342893669206 0.490106608470847 0.616527001040762 0.778132197248506 0.788318026034594
0.0531398126337365 0.0469132177477597 0.0620529416215194 0.216429825309865 0.917348965939931 0.0871243512034008 0.0294416975004798 0.482106378187326 0.0677472014490533 0.330361637833791
0.895478617078599 0.41303135064854 0.961576028532888 0.66103265627657 0.948808677763193 0.104691059442734 0.300202076496796 0.541714737157681 0.117563505049262 0.560019621023613
0.96535027755806 0.431825020814993 0.933203590311121 0.38307218975306 0.995274401031294 0.0752209486676883 0.854511618720137 0.549954435835982 0.0474364497238063 0.502161484990853
0.8996244846796 0.00157379063006019 0.978517991675463 0.496203189656982 0.996358709278135 0.0147811111809692 0.803001907219137 0.577296240453993 0.122036026079997 0.557861768488993
0.251629281691178 0.0149788628587714 0.997472032798098 0.63373757937478 0.801497751316556 0.074295818402242 0.463833807442867 0.523874674342283 0.0875855260516227 0.498228283005148
0.955397084535244 0.63930960264826 0.983620120824554 0.743969610320527 0.990543166147553 0.0394564062492242 0.170799086079543 0.503476389434539 0.091620632024133 0.310359461471334
0.0446036399698866 0.0609582879459712 0.89914412127735 0.322969299137606 0.157776282586376 0.0462038627489756 0.357552159258938 0.509393085908725 0.0753046637132389 0.346923454926869
0.141255496754825 0.690735781670476 0.999925200472691 0.750522651474931 0.995003256342067 0.312424532084816 0.381132740012517 0.60254652793374 0.256550144516373 0.658013890166661
0.810697748400118 0.264188936796412 0.288729099398811 0.673466315615979 0.996597924445334 0.122319354626988 0.543846211072475 0.545465191830524 0.0912202725277812 0.57775429417346
0.991993826843754 0.0512585832394464 0.910328507328355 0.562790799516603 0.895324799860405 0.232367779985379 0.0852579610169065 0.54252088303658 0.0929915223276632 0.364757296469129
0.00939044691366559 0.51959532202967 0.926670574909751 0.529089923844215 0.950285908473623 0.0640817463019708 0.689934560580359 0.525491564137701 0.148500577515453 0.338564690243937
0.684631639907025 0.00543263180150972 0.481157087905438 0.273221359586461 0.230790833511059 0.0790436787784086 0.0902706180157703 0.44658109567779 0.0198901788777827 0.389281351264307
0.987878267596971 0.991169002209263 0.999930820700872 0.678024065048243 0.983045448050804 0.333092521916699 0.314328086419812 0.591270846473373 0.155673743950787 0.64613951311093
0.781432506918456 0.98496942044553 0.992203964484447 0.8427936480655 0.997194636760058 0.529870114367447 0.440799884773701 0.598961067992084 0.490960357783098 0.478227185462878
0.146556242908578 0.00820564925270702 0.319690329646352 0.219095671563677 0.0404220521717914 0.00574610343967648 0.0266415039013273 0.460581568334146 0.0232343358397967 0.154885510772114
0.00753986517436258 0.948434353774494 0.791856323886415 0.713888205817657 0.992309627043814 0.307995172563868 0.10142271809203 0.553214684592592 0.140332415746061 0.756568781712229
0.990535653871239 0.643983025342617 0.997836881209548 0.566837171222318 0.987419237285191 0.598294610498755 0.460500528522607 0.567833435861631 0.473386437141205 0.617707264797873
0.000347065442516538 0.000626287101201578 0.926888410823962 0.136867424739793 0.85971702101825 0.0210324152264289 0.0374301449252737 0.483604026381652 0.0202667754487635 0.503085058725266
0.410826832709598 0.958357833678347 0.971438260532808 0.474626734373697 0.957267254014372 0.0471083170987089 0.0348355534836403 0.553627956113751 0.0505501251032454 0.329062910891952
0.468428197219109 0.000264256232805545 0.797027350049326 0.228080349025097 0.881447907163993 0.0143659100113145 0.481699669488343 0.477774906016077 0.0786221211474233 0.556785026162169
0.230709438511424 0.392159164365403 0.822496711346931 0.656966183635099 0.972713526832071 0.0669383725865237 0.192624209666175 0.537462840487495 0.0889161768541212 0.494123128264221
0.258134243965574 0.0145279933774099 0.984330769721588 0.14357510546505 0.732848063975117 0.0083334713399935 0.110463951076711 0.5047224652236 0.0178814543279286 0.60672417315859
0.170579736497623 0.0672113235309309 0.2948547454191 0.569434226781555 0.96425201168362 0.13677906342632 0.125227637803206 0.537900804490528 0.029802778120018 0.399619434661401
0.834402974585065 0.0240651599785518 0.999637428694257 0.6562373860175 0.988542753242404 0.165369063297083 0.0120489137863931 0.546599820979262 0.103475601657752 0.352155586320843
0.83585349583146 0.799834607717771 0.998584465958501 0.730639230738532 0.994811209498924 0.367251797736662 0.242813572306373 0.554091844178315 0.206372178826905 0.589314945883588
0.0451320656578979 0.0433062152554926 0.972092213075904 0.226444255527938 0.919230879250572 0.00536884107485901 0.0509602462724669 0.460197055586829 0.034459764359687 0.31184918880683
0.150853126517012 0.24170792866863 0.999369592432334 0.265542365926267 0.987087668873137 0.0631196511224026 0.0636870708058243 0.560497000948973 0.0931037664243245 0.586464199367655
0.920726581151381 0.0457564838210264 0.669346299853818 0.387921290123634 0.839779412790091 0.0157192190022037 0.143101610716498 0.50154660691213 0.0555999662221565 0.373258132097362
0.946594837566803 0.292950760433486 0.66791103450626 0.636316319796541 0.944612331327661 0.0390813693160527 0.22037399111613 0.540620413442068 0.188832937884906 0.55077758080014
0.579864020973998 0.00600991465642599 0.114427580450422 0.444234665974371 0.0497290878100548 0.00504104275166568 0.0486139824365184 0.452127836652446 0.0171979247477405 0.279826548038941
0.0072333841939568 0.787076647715539 0.995527839755849 0.657312585165672 0.998322926772874 0.0825893938303677 0.283268384488278 0.568664386578841 0.267569325564519 0.503221690673143
0.820807023585436 0.084204869896527 0.998613943733981 0.703601932655841 0.999486612580522 0.398809697990472 0.579370246220342 0.55881836656423 0.311652700443896 0.751528928889138
0.0751205576863874 7.54616973380397e-05 0.750983145870719 0.109474643796771 0.862017013332792 0.00734433746745062 0.26519895369478 0.47662669613137 0.0152475047698676 0.24923393311392
0.338680254860269 0.0018275365972357 0.0401670343263547 0.221930207519253 0.829124207062024 0.0220244298711962 0.0516265516485696 0.466826391834768 0.0164708890939622 0.296609943857049
0.76408315890349 0.650752656539985 0.998832698813708 0.648340584973877 0.98397715141267 0.226921281213062 0.533426985568635 0.520545701369341 0.259078379685594 0.661561509508502
0.901666388204453 0.00465402207497204 0.802890650513637 0.385786741822204 0.948361345625145 0.0257703771309118 0.0193323449062072 0.488977181819199 0.0168490721575876 0.372393045677193
0.984005040531677 0.994568180148006 0.994196588442316 0.848429413373628 0.999981900101444 0.60978704804655 0.562692306542224 0.592055092029308 0.564723292297115 0.677419422549397
0.182809408625075 0.00628957734930748 0.936905949504576 0.354386473293488 0.970261271914712 0.0943968945682245 0.502277832622857 0.495815146233249 0.0680014004075278 0.467412583898433
0.890578423916066 0.997032792649294 0.98449927603245 0.540236339640312 0.958830710123065 0.154051564259993 0.0367978507047336 0.59088738215192 0.535230734891387 0.618308390679132
0.0263250269270249 0.198931627449198 0.96729344945466 0.455843947902074 0.92333911008509 0.0164498169840549 0.105363653714678 0.516161602193659 0.141230712597544 0.566338895148113
0.54071415254839 0.229437470956467 0.983534824115664 0.356525320514108 0.94218391472427 0.109575210037405 0.407920614287124 0.529495154572924 0.0692456115486147 0.540207812689282
0.0102866478335641 0.00361111517340197 0.972200459922382 0.51937182545251 0.946524172767229 0.0328496565805465 0.0271075382447308 0.491663316778936 0.0328935263047598 0.28085001667706
0.27555460723988 0.435043810343068 0.714848863363786 0.393694721439698 0.949008618933439 0.176394321312533 0.352923073940464 0.517295693971934 0.0324764548530667 0.416790489764867
0.136011989807601 0.691506164367947 0.919192551903495 0.785120224686292 0.95419301666302 0.317530275555777 0.604410580643933 0.569786764839005 0.0689192130655362 0.495309682527277
0.0012990065094786 0.0739333777736826 0.229346771688926 0.383965983782407 0.842909286669062 0.0430335367202859 0.233149523037123 0.474068690058025 0.0306811049084468 0.593522673178389
0.00571740835810571 0.0039377302231961 0.426862444629297 0.363574988374368 0.966166906666305 0.0169616038897532 0.210130698235859 0.513342369200744 0.0271833854961721 0.580313398861711
0.780640369481709 0.994665044286122 0.990650226208174 0.90099362011521 0.999967615384818 0.820122933897029 0.551133520954551 0.669790477502701 0.740442134202227 0.892323084524797
0.0504299489338263 0.00846133247057256 0.96774297879981 0.367016629261015 0.964345681615518 0.158810120848308 0.10281783665887 0.530712359712186 0.0781504332610921 0.453229348786691
0.0447421989023565 0.0013369619973373 0.982146820956772 0.581410180969201 0.796725967544169 0.0319942836933824 0.751809275871059 0.496814267371449 0.127037701708332 0.242418041699715
0.457881675143927 0.00383838376155377 0.336044203318767 0.116080228286226 0.566279671877815 0.00360705660467706 0.140818385709923 0.453739915176796 0.00881507649421145 0.209185455969352
0.0861982341700943 0.00171474807316764 0.691070861077921 0.0599647752963268 0.146833960414724 0.0010576088540266 0.0986364026401485 0.452874935948781 0.00245535697091171 0.150387675419751
0.978018805402343 0.392618296498884 0.912510137473076 0.647781009777293 0.995958042010029 0.0181626275500703 0.0841459686439737 0.555148400647225 0.191335149407008 0.574468664070345
5.39359590645047e-05 0.223438619555448 0.978103375663877 0.414747158788785 0.745490844540634 0.0137958042163692 0.235202688167252 0.510907771809113 0.114090690606086 0.509584050895097
0.19989855131618 0.178543609739706 0.998937144611488 0.316206910582961 0.989549537684217 0.129356560738671 0.43926374033056 0.530495089246566 0.187990757293903 0.549780946581181
0.741190906933304 0.931754258113788 0.990348784621666 0.630619048164338 0.999761235205667 0.163176351973959 0.382458959507528 0.590204539746564 0.148703157549495 0.587352995895647
0.394286131305406 0.00435370769152936 0.199103456372386 0.76039270429359 0.998016859674736 0.138635916753036 0.188193989676088 0.533802509353355 0.192064019495392 0.491882151806461
0.172372499508657 0.696495089769219 0.773851616863674 0.544941337157532 0.973574220931941 0.0456549179457778 0.0515667066209025 0.561949909316592 0.150939340338968 0.222248826632764
0.886980768729199 0.0827688874977036 0.992740553179539 0.712709525149076 0.956806442424398 0.142375934170252 0.205445310836355 0.548962128548319 0.0628833524872338 0.399750707695695
0.689990609805187 0.875731971184051 0.982951701164623 0.809116653179903 0.996662499588491 0.20021211612081 0.341277962117899 0.575511678553826 0.417117392969721 0.66512373120984
0.00817009610420562 0.0161150778396693 0.00548507823935535 0.0782469344078579 0.502836914898383 0.000406714149174713 0.0355058729974299 0.411100791297984 0.00248565322349209 0.161220504891443
0.813294716599046 0.143715642528631 0.993874801010003 0.641822454129191 0.999378571927081 0.108308183734598 0.301836181900885 0.557058650169606 0.240298343452231 0.726367724871034
0.886137250152437 0.702826150848431 0.96981231349447 0.850573597699529 0.99944277276123 0.388277113802596 0.05321568626012 0.594954436015091 0.385596556727331 0.488724616838665
0.753295717130307 0.041199932759148 0.989031322162679 0.503823268749628 0.977855256272694 0.0626969542521392 0.16727623697524 0.530213043806761 0.0599218927547954 0.632026419997833
0.0897268045254006 0.9895532194655 0.762124305033215 0.23362051907816 0.978398907510713 0.0614317784337364 0.0581516936346104 0.508805339178144 0.0682095026290826 0.412561327684645
0.282008406290183 0.0321435989723761 0.798374437531362 0.178676009765277 0.556731747338367 0.00847274357183057 0.136708658165225 0.491358180260023 0.0217418462806364 0.239775575939379
0.0947234900375533 4.75191726894837e-05 0.508140322051074 0.231069405036101 0.404096718453646 0.00354000265823686 0.0137003998449646 0.4332892009755 0.00624330042346029 0.382093113930848
0.998093354243808 0.807601661259786 0.999580549887474 0.889466411346385 0.998590654629612 0.397593105143159 0.80791618477887 0.60761863876163 0.299960732632163 0.552462826104654
0.291940761099036 0.425238604672872 0.894048544273799 0.768397389921119 0.999079288054285 0.284511997248403 0.396631724331418 0.589667631423234 0.306677312803563 0.677073364754597
0.873906966826001 0.716351503416539 0.977538657041008 0.939778359474694 0.99927468384217 0.697141496086554 0.881230773013962 0.609283597586428 0.504932282930503 0.86355895310854
0.00876626287528383 0.362935190683507 0.662655581863468 0.509111952614681 0.826078867019602 0.0704406696957238 0.468647739304638 0.522251340058396 0.0903470447086137 0.46133217143528
0.995559632742219 0.741851270388648 0.992161782603804 0.659823630547853 0.999530152877134 0.355481611732559 0.428195132108154 0.553222341845062 0.125172537772765 0.683663883374653
0.609764814295752 0.0287298707090859 0.999568694526715 0.416802738635137 0.933747071940196 0.0298043304553385 0.148985502618879 0.509901118025023 0.0389620035174287 0.442039319317393
0.974161296248516 0.621920296479941 0.930612417600277 0.512980150443896 0.763227986770294 0.0752717057532284 0.522623605699628 0.517511270831354 0.0269699725386304 0.546254316497787
0.352836382611169 0.513249853412779 0.778976411289679 0.569922398079877 0.996756303989704 0.224504106352055 0.0404979432351854 0.547447362595998 0.187003991392824 0.386318362542288
0.206679659571167 0.59720815737153 0.967040712685782 0.364172348493053 0.943316950444642 0.0497093987094236 0.88016814301663 0.51484182320234 0.0426013202070989 0.52179963359086
0.0259010365993058 0.00530660480572534 0.987579793110965 0.388646861589031 0.910559456519301 0.00502417187696078 0.191769695010361 0.454017369646391 0.0124054679991925 0.44618124970037
0.473524290275876 0.13560569487447 0.993066407673477 0.453186677653758 0.960699703843136 0.0204350655851855 0.138934356117098 0.526878294272854 0.189344558983549 0.590695036815368
0.669560174518332 0.0172530985688949 0.996580188539067 0.49590422074398 0.995776385059256 0.0709742401834573 0.170628161689297 0.520926671612613 0.0120825851171437 0.665177009722262
0.989837862684371 0.917664183412503 0.0566957439504033 0.42962240581916 0.994754545217748 0.0201587305756722 0.0804092923063752 0.513579629051537 0.0823507301024632 0.433288357484739
0.811292347532119 0.292784618413068 0.978005404722812 0.346508368145429 0.974023830548204 0.0377460481502841 0.491650524726511 0.523267076102635 0.087852998650117 0.471487155967658
0.998982843705815 0.180050657337218 0.99808252539691 0.609407186591896 0.997996539658832 0.156602320052593 0.234114942906082 0.516327336164938 0.0995022701356598 0.393807861891183
0.845333718151849 0.0097477207682578 0.599689649178115 0.318429342822208 0.204972625988187 0.0101864154884286 0.275846867681729 0.448211809527203 0.00837706720196368 0.261914881630971
0.989038964506864 0.884470190240893 0.855246173045637 0.629978577572347 0.977683690271022 0.160675674295583 0.162132093156061 0.608965379915548 0.246258522442474 0.67752914527928
0.153385957108859 0.0055010289385459 0.474374233534391 0.178453126553581 0.470281946455776 0.00173638076440099 0.0709180297244542 0.458602619929967 0.00861316919503719 0.144216273616704
0.2727594624344 0.979363040095722 0.990182388482017 0.339174714795145 0.940985549663931 0.0188161345686326 0.129918897002275 0.524392662735206 0.126553656121473 0.431268757914244
0.995828073500892 0.178784190514023 0.999843502404316 0.606876408081339 0.996612782435766 0.305713219196116 0.607229897919703 0.588782562235666 0.415743492871744 0.558473967753305
0.703851613819061 0.483382220395002 0.992525524416043 0.83202834256615 0.997793287925791 0.588958044279976 0.0752387624752347 0.615115776444837 0.237595550690552 0.686893291791331
0.098803639275704 0.00235977237494217 0.995712174431574 0.267910104667008 0.878055412562237 0.0544758844183667 0.301399204363939 0.478952137099046 0.0619372804943583 0.312621816600396
0.108441982994663 0.241175878285847 0.995901626675909 0.327745215980076 0.898159832096141 0.00599103300377973 0.365847059528675 0.517270226715284 0.150568847734063 0.484062120647659
0.705476065585947 0.36411108835822 0.93251283319503 0.457087126277596 0.862335353222444 0.0446938526268761 0.691706605508344 0.549293711306655 0.218462369590698 0.349634602272478
0.904422971777526 0.981843677068055 0.997752886838757 0.805528665534472 0.997113513876671 0.353869871725249 0.644413474457556 0.599129622891538 0.300957330422613 0.574922289199175
0.279202987266749 0.0557937313759044 0.709943226569136 0.628910261744843 0.984966776789536 0.0789566210419531 0.24019823055314 0.566176939369153 0.123467672880638 0.524061394608483
0.814055165474617 0.0359178688331208 0.0224023777006571 0.321071057459002 0.74596428846312 0.119624147734832 0.245183106725112 0.512797502051023 0.0782738595478664 0.545023239714606
0.926625722167518 0.0442736512742846 0.981108675003215 0.760866285621067 0.999630376980171 0.0524524039806827 0.791474115589388 0.548419929786866 0.391620012385512 0.797980686281272
0.620013732993626 0.00191504093364479 0.52429830023571 0.306501359456839 0.651386564010295 0.0203331785501202 0.0215965450944596 0.476767690181288 0.0262491100790848 0.3665043757845
0.780649211210337 0.00239568370420449 0.964427075304602 0.251037598119983 0.538513695575003 0.016345421048311 0.172761862206268 0.455296375366674 0.0171065612032691 0.278366395656453
0.0086233326238517 0.00568118368621664 0.292091111955905 0.161937369806856 0.942194561300206 0.00273613748022659 0.0660752229348489 0.457748148589953 0.0267726338851469 0.494022246519941
0.201714990762475 0.993601721559395 0.998623082404905 0.779563856618953 0.999673130979642 0.192536747629739 0.339766614479615 0.59413779642241 0.404031608309497 0.650069266625771
0.0833919651698893 0.509002161431132 0.985113191766266 0.395207380344804 0.98707828052302 0.0213702934540044 0.127364675225224 0.509024859499076 0.0205893611262642 0.413309942512896
0.406699374274855 0.637056654259538 0.961842032759139 0.7834468895195 0.999376431059055 0.05655619767879 0.24346593486 0.561105578370603 0.0495874200277665 0.622720918334431
0.996423168086408 0.913188656269886 0.199387739428619 0.611964879838593 0.939773363316001 0.0382512849269585 0.233366600544446 0.549217821633258 0.171767301652535 0.647734189934294
0.36591126496827 0.00200006362139908 0.926139663215463 0.220079630570186 0.970641382522788 0.0101365806409637 0.225567814412333 0.48640866062678 0.0213141327200315 0.318831132547637
0.859164956733277 0.693059361658554 0.999183686272715 0.816949662154267 0.995347567337215 0.220946585067338 0.242916097298059 0.576272492054947 0.390085906798905 0.691194044510519
0.780349411588775 0.307500156555579 0.99334853432567 0.603869499709695 0.99936376184959 0.131021668939567 0.526628222407192 0.557697157839868 0.112590522936069 0.699982090984501
0.0790779985781368 0.913740993899301 0.983226933158956 0.757040940880931 0.999946026487976 0.417229307479131 0.24021543861921 0.600961546874161 0.213764694245767 0.721863565811565
0.952728055693627 0.433463626893602 0.904228462686262 0.300367422978047 0.941193859907359 0.0458764714593409 0.0553307141732699 0.537846091316908 0.166541490577762 0.53729476730562
0.996208028705495 0.808171148642205 0.63967727991943 0.729818089153505 0.999541142184164 0.354121205928707 0.669442864389031 0.52854228058411 0.447323520886439 0.474100002372053
0.0998394600958654 0.912013154346434 0.105953640444373 0.423313154666391 0.762452846919252 0.0270159863479831 0.457113382155209 0.54877538926323 0.156534681876082 0.626005423821201
0.998201815457585 0.0249618611432756 0.0410922047849729 0.501794068204096 0.994447795318618 0.0131616184738897 0.388919469131052 0.525597914604162 0.0582317952553943 0.464551760400877
0.958976164636354 0.996745738682387 0.972492005698711 0.664900600051602 0.999228400848215 0.0829047505840369 0.277407354188537 0.537144564716595 0.140711364994953 0.579615572872474
0.642113121539474 0.738627117944751 0.921257247079259 0.587905122717496 0.985404672062988 0.0936003117376938 0.610303809474169 0.563005816466207 0.216711943952923 0.60544241328153
0.987278522330352 0.999128979148333 0.999875324273814 0.872848947841936 0.999908876590658 0.663744270816911 0.755163044465445 0.625816832009261 0.543050817552609 0.816407422015838
0.0440110290369667 0.0385106512837325 0.990172110659768 0.511863438782486 0.915688692840203 0.0695662316063772 0.0969426975605949 0.545209688082015 0.255206940328288 0.26335367521286
0.128065078812246 0.0552010950829581 0.697925346067245 0.336292805734821 0.451082741631768 0.00997740658427973 0.14497440536414 0.484581800150204 0.0593239865742586 0.249534686304376
0.687217552067354 0.215820272743664 0.994470818357541 0.568094093365784 0.989795772289614 0.184475175859861 0.126118006857548 0.567080284052466 0.175545791000865 0.70947762812292
0.908788913054078 0.159035266620857 0.997290395019702 0.571743681370892 0.966133781719833 0.298240424486984 0.241568013463195 0.567728134941943 0.0785595421903835 0.591183979888661
0.89692769826 0.00180612737095126 0.988636772809631 0.208536261843945 0.425589361567918 0.0375311514696453 0.100248394042044 0.445973990122591 0.0123815669594991 0.497125882322908
0.913840955137896 0.815863990027788 0.999292722691462 0.612285243825727 0.997011960757685 0.770590277182426 0.931630195484272 0.610023436218311 0.651191182227898 0.559006572777514
0.0867445972605427 0.928124713716239 0.967864862724308 0.59879534697646 0.95478586556654 0.0655120045749053 0.0982397982261074 0.501275661391161 0.138050691434226 0.48103594238474
0.893844744177249 0.000960895935388481 0.952006572072228 0.446717165568997 0.963268571500412 0.0122817769795648 0.30373777679944 0.487814974858302 0.0811303478661633 0.37429432615785
0.245399320537385 0.46729807990734 0.995733829321715 0.305405430979774 0.884757110396275 0.0790165490297844 0.532442284353068 0.517893767047168 0.0426854606242716 0.320824869922024
0.035380796904202 0.0206480758481758 0.95946862884113 0.166808737659197 0.903942603214625 0.00613161576331143 0.187560256025879 0.449059290279737 0.0197731414822167 0.295801167566279
0.0436816623648147 0.213797414713714 0.994303735826955 0.462371534763783 0.736444308918631 0.0258583363019296 0.131119157509375 0.488912819613463 0.0860731004748943 0.45114630576518
0.923321852583565 0.415068306589478 0.938614335321835 0.607142905691397 0.999753776070186 0.34850430656921 0.555348283322031 0.564375701094329 0.424602585128102 0.678218533310227
0.0505969180672642 0.0407027315510917 0.879702921822451 0.334613930261441 0.985113312976592 0.0754512925448103 0.365589437379577 0.531069008726887 0.0736884413636586 0.396386479755633
0.504853252321256 0.736623677253662 0.633529792746337 0.206315608476749 0.89592894511672 0.0068506318113638 0.63215915923207 0.499143497110878 0.0511129174628847 0.264630064458293
0.998467840203066 0.28441908410228 0.979528242193303 0.692951047937184 0.99950655439284 0.0874616408210728 0.311063528015378 0.561750540212988 0.167640500724857 0.528655549488818
0.918291867863967 0.800031617965553 0.968435872695449 0.402956654257155 0.989098121670128 0.0903790216223738 0.801321563499791 0.549436475769799 0.173380487973262 0.572092625631267
0.107585693406389 0.180065888201898 0.433522822480356 0.383869976619937 0.948400509879642 0.0444433391253589 0.0823182842955419 0.511782447286141 0.0426739959195192 0.529156664202499
0.884787845834117 0.000945378482343393 0.999806685909172 0.54794768546361 0.949604852102054 0.0719116102649247 0.694171118324931 0.517217506729217 0.113799801836179 0.60661289798602
0.160394899496152 0.235599237296586 0.988525724348892 0.325222919278978 0.813753287523658 0.0725628329391472 0.117985145108042 0.521387421320218 0.068818246202044 0.319483078234761
0.580975334515522 0.725777614379406 0.999517653808029 0.444739585076373 0.968543726239806 0.0605062198218673 0.415277709538747 0.520803073955247 0.299938361487136 0.361732209389305
0.831046436423818 0.226191199666612 0.951249408446242 0.691406119599296 0.961735272123943 0.0780069767844569 0.153290875632972 0.551227539001343 0.110016968290876 0.643423546791951
0.897773558319671 0.865338505539601 0.691598435988212 0.709999368997348 0.999343738576982 0.491360809374215 0.0439325461381057 0.567394280264809 0.224329308303415 0.687891778404783
0.899230669849833 0.173711546859322 0.980416422933258 0.749229905764462 0.964739966233964 0.0871927803327426 0.358009685417624 0.562258875809502 0.261493166196912 0.686223959312447
0.752666959286817 0.33156064053642 0.289516934038763 0.719549784250702 0.877841442316657 0.0250327882107368 0.123421847939565 0.522786717690687 0.456590643462934 0.607138152166389
0.612338625147751 0.985381930952546 0.991113222004628 0.766754362175507 0.999919959702111 0.705213875723352 0.375886445729225 0.595886721883823 0.47153892006277 0.736075082912407
0.897857796458583 0.121704126865675 0.69833484935866 0.628666932620697 0.794618816473776 0.13431069739774 0.688028573267655 0.527368037737333 0.278583145661081 0.555309840461185
0.668275601424908 0.365255170066154 0.999909474342411 0.678559732732429 0.985896642235562 0.0565005333611358 0.0815877580779783 0.550346060396161 0.183609930294509 0.510246255503464
0.965662986865872 0.846970972033635 0.721524883954558 0.799995552219395 0.999795366144145 0.546756538637299 0.727614224705386 0.629609758977793 0.234712340317996 0.73484468057821
0.0101263232699466 0.621927511025649 0.99704837071103 0.480583115785591 0.999469856075997 0.182771815952728 0.0598793576518812 0.579565055511172 0.50200522549837 0.498657560176098
0.64170418065896 0.286870602459432 0.989774822585279 0.375298825353345 0.994304556367473 0.665496851564966 0.627519139993251 0.539818240279337 0.316602031123597 0.561214432991497
0.0283482706297806 0.0391436658244285 0.961661753004018 0.258378911590372 0.979720568273489 0.0306986053507953 0.113734459116709 0.484460855355647 0.066626865337694 0.493321270938048
0.466944681598007 0.00368947228660964 0.99937645938246 0.509615109792416 0.82181620171123 0.204282533404772 0.526835281061252 0.500325013587726 0.041307730807642 0.407765784986554
0.273755531024319 0.0416247398595819 0.99819911966606 0.230706524520034 0.771719629840254 0.0582721184000516 0.311637274307046 0.505251930328967 0.0417687142078272 0.366640468785582
0.00118063083766011 0.334308481983922 0.0370951629603948 0.34743641786581 0.87088730181847 0.0401381680431737 0.0286389659642012 0.493381376936513 0.0182161166497168 0.436383908049918
0.44931514235868 0.824055270726637 0.978140101890763 0.553028769847137 0.84850119888507 0.204687335388314 0.248907616008223 0.552007983167852 0.255763275250312 0.454003406010815
0.834373332894048 0.00322943334725754 0.00132692318605477 0.238409109293688 0.8458107072893 0.0158800625876857 0.0902172199218572 0.501128235472948 0.0637617269272726 0.288083964697153
0.0527809707900991 0.175690034687335 0.993150706419353 0.395097795497037 0.968984156589837 0.144936351751525 0.207694751952705 0.559978575331086 0.144521366631589 0.696565292992827
0.116423252960598 0.0403640144334605 0.829112579725662 0.453605269987487 0.695460824570324 0.024676809934203 0.241551872697275 0.500856383259917 0.0190756482419496 0.317852943835885
0.998831085146135 0.895727927739135 0.999382474899194 0.50165328846202 0.984748784010624 0.372062199877777 0.972435766565728 0.55311289302018 0.228678559921782 0.576009864220188
0.999208541298368 0.226661581298803 0.998352238724378 0.828162332687092 0.998196045525407 0.187614309831104 0.574701077605587 0.555661151772802 0.222946780525219 0.790908963077141
0.932304852020958 0.649679354111842 0.975846459768896 0.401198336300003 0.868344770680831 0.287600070315681 0.795433784500757 0.544972011631613 0.0591215858697193 0.470914957521681
0.993603375152331 0.473693134968423 0.999967604568737 0.816433395674547 0.999517245668216 0.830438237249066 0.477647577952268 0.61351506834614 0.504230634856795 0.819967322953411
0.198397697088581 0.506233216769416 0.993095507057359 0.427218567375782 0.6700960254726 0.0211842584577124 0.0592441279763869 0.474940921802304 0.0322144677664003 0.269661982740839
0.00222493520118241 0.659962934715622 0.999895731314455 0.653812142006512 0.999453176666019 0.462861816659884 0.677921620997729 0.598039465346672 0.281045292697468 0.483135956826023
0.0667997126870124 0.00171722756396593 0.966476582665538 0.192169933061198 0.375099687748145 0.0129188138596662 0.0078698359842254 0.474084808493043 0.00902558089365701 0.491820649074063
0.987058338837145 0.647824391061216 0.990315923559905 0.65796251005808 0.927875959131313 0.0710324105824976 0.37261729301655 0.521408047912329 0.107173697817146 0.323645343753665
0.364313512728104 0.0278732573961445 0.983384427022085 0.341881350853276 0.964242252828769 0.0364151880301501 0.308349342152574 0.497674389760903 0.132709347736747 0.362755406385558
0.955715325596901 0.405366563913556 0.972488177729169 0.459295271887693 0.95761391121741 0.0332525289941776 0.171855793397842 0.527350936123647 0.142325381686721 0.390509131964799
0.985937638550117 0.0320906254821264 0.704345961420632 0.2553464396854 0.598093138635852 0.0105810434459695 0.168836503091429 0.475051387998773 0.0315827040224156 0.210666345751196
0.734027481768725 0.310191895273174 0.942216463747218 0.567270987837616 0.969363130326248 0.088199358148722 0.285917430254344 0.519460152409415 0.216352573052683 0.45229025451051
0.918226447998507 0.639959478896653 0.940328324612478 0.511735964384845 0.990951279924423 0.0687549123524522 0.17403929225274 0.554478113133593 0.0855980928200473 0.56227763787302
0.0423525517549609 0.0545586961749723 0.789001796311292 0.33740589239521 0.415301393401339 0.0234205649426588 0.0300557281804235 0.475281477073024 0.00673814154770559 0.404532618630619
0.990080479187421 0.878260175397819 0.97876441864622 0.785899189922925 0.996967577880097 0.188580438984973 0.417769792164696 0.594069594350478 0.431724769041094 0.651364323128518
0.380906495435202 0.876734985900056 0.868216751389517 0.57554990507549 0.996082939062236 0.102636699846882 0.390594174403375 0.564947391185873 0.313591694408172 0.594057799921593
0.0271351818419088 0.0344820682211481 0.527245629154312 0.209256259486049 0.884419705096968 0.0112666746695011 0.32969984133113 0.485671189243035 0.0594346683041154 0.217993977436093
0.990489302036489 0.699335056932793 0.997399204879403 0.719558044053769 0.989340329225307 0.0776077684562073 0.36394096945566 0.550541008457904 0.182233190244178 0.485126060956532
0.000627113400219436 0.700739072958249 0.994242877191406 0.331255793474616 0.976080279301612 0.0781506123157693 0.354301947789915 0.487818130834532 0.0515953512449291 0.33489850598026
0.0053125774774042 0.0790180953929229 0.134215972142736 0.211649400706084 0.790620810257446 0.0205121447134706 0.0112007658734523 0.472240094809295 0.0252769942982725 0.266008624369855
0.985250647781603 0.955994189471574 0.998597292961467 0.557708353539583 0.999742123457746 0.632107038696295 0.520820642356067 0.567746452902301 0.321520807514095 0.595367307154745
0.901395681711099 0.801260236742344 0.352517421238069 0.625925272574179 0.992447036651459 0.0594391167518993 0.266116055981274 0.549087209724858 0.252586103805964 0.407087356717164
0.239573221595183 0.0104965024029651 0.966372537973219 0.305654955237252 0.856544132249744 0.0697850109789207 0.0633452317495124 0.509770777346518 0.0574348341484034 0.60077614927586
0.996834749888728 0.116450612266919 0.998392247631607 0.614016264923068 0.984040308355865 0.0566743861543744 0.524831301840144 0.565488239241963 0.277690494590263 0.6181445772741
0.965280413612935 0.0768917806379633 0.984794032759528 0.821793726144197 0.996490929745805 0.35543587082765 0.282173548203324 0.625774610899183 0.481754301589099 0.744202590175715
0.919487414161732 0.798426579875684 0.990389258377568 0.684110232978594 0.99848147742704 0.426469333756061 0.982935415276163 0.58311984156053 0.331611297516039 0.709124133883622
0.00608752628641242 0.419492066313768 0.942662585921506 0.296181502256221 0.913523640387595 0.0174121813343001 0.298641409994963 0.507010305020578 0.0188516212429955 0.411710331828563
0.0200527115872544 0.700029905302307 0.989336558277191 0.601145912782214 0.969594638603396 0.103594898714029 0.634621921687744 0.550043093278941 0.193589042311902 0.417069710633261
0.0202452081011591 0.924174564179441 0.992070601311491 0.617905564321631 0.988812355391466 0.351455015562129 0.279800037300688 0.583083881620112 0.446725118870695 0.444243422167576
0.0221101108484052 0.170429581555942 0.706457469392426 0.131713226096489 0.752630777146955 0.00627450533946027 0.0501949309486069 0.430227573937052 0.00558531431674601 0.219922718345695
0.840520811802052 0.53340699171255 0.992798554588587 0.561253411968964 0.998966445001172 0.249639096626264 0.323066884119153 0.568027065608855 0.135211791562259 0.538067793400131
0.366530039068288 0.234420145129114 0.989903458538673 0.385251722304876 0.810044938844497 0.0364812633844664 0.015401561939178 0.523757972467506 0.0337331080095508 0.385210911723161
0.838748693579802 0.986959005337009 0.528434384142812 0.589969869148742 0.986273461960937 0.101004108191034 0.486862819178514 0.562283480272177 0.056841291860362 0.555180132127317
0.95274330784788 0.754010270206252 0.336680188737156 0.225969264300729 0.927507857035928 0.0340713131101534 0.0800994965705666 0.548392693795609 0.0289583028546027 0.345884569676804
0.975588482851516 0.628725744761281 0.963910041165261 0.382340891491996 0.962956498019734 0.0289607070246743 0.268163939746093 0.511223047986151 0.102015950312413 0.390508706621303
0.466070494933925 0.649677967018585 0.361701348757369 0.52891587695136 0.998011391630119 0.198618598107376 0.77490559600115 0.506503525107711 0.136279590215376 0.514613972760483
0.258546837382804 0.832734896528189 0.45800041754996 0.665394015744914 0.998688095949287 0.209141339478172 0.621413335006958 0.570930428168812 0.335466877133431 0.637998276743877
0.978005536576422 0.979070101367037 0.999482813046859 0.624754911440595 0.999445561931081 0.471669146399912 0.674230335073231 0.585864596201721 0.169206149809194 0.599385812191841
0.99548462125832 0.0159643241416427 0.954807331489331 0.314194265229006 0.951318628210989 0.00595428161612013 0.1270486434687 0.486856305085847 0.0488287470910879 0.411158505635513
0.548076114196482 0.382704325866014 0.999703936633376 0.808364601532251 0.999779567817085 0.391275857937818 0.208183403301836 0.592247762188416 0.481960698880366 0.45246987660596
0.00748167355944132 0.00125968599282885 0.943850079803353 0.265047121447869 0.998328665195889 0.0947333725801254 0.0231557917985024 0.513645718649656 0.141975675405734 0.385572051957087
0.289542721454112 0.129555187715312 0.313376868740257 0.255871870017215 0.591633270892587 0.0388424064747001 0.105732125433437 0.522906834920741 0.0361605592851621 0.386720422137536
0.0369604144131016 0.611277234045744 0.97243443655111 0.239684478575093 0.99018846474541 0.00874887312560599 0.0869880330087417 0.489914175308596 0.0696019004429024 0.309643877399271
0.141179645696638 0.237734235578541 0.998542807540874 0.609992991013267 0.553330194606751 0.0674040813899503 0.288818045925751 0.546506436842664 0.0835734363064403 0.515085658977283
0.970985992832008 0.931228289883152 0.9920016100038 0.791679427371146 0.99999092636671 0.262659370794527 0.590865143060864 0.603144369201668 0.755226859783231 0.79016408530628
0.0924967108658615 0.970892375313348 0.995989976689975 0.84942440298674 0.999922137319858 0.352837107398019 0.827641129325643 0.578938214906797 0.748768462573313 0.826513244464396
0.864560475307835 0.871711888647777 0.97782241195752 0.85086976719887 0.999200666605823 0.179404305321763 0.416529767867009 0.588996395284564 0.464295791530584 0.660166775656432
0.998692891840188 0.0492091087782817 0.986033863874487 0.240008290683968 0.922134665395399 0.0460450092215297 0.458483451635763 0.524236161472434 0.106305806335391 0.377874179867244
0.48809392322636 0.0184570858356767 0.989382143374447 0.547304390849942 0.998649128684938 0.534245170617338 0.470338394629888 0.572927150975933 0.210631475211471 0.605571163339851
0.068515566547229 0.108151257791131 0.232282378125938 0.242991013878283 0.838346517519433 0.0360905415893559 0.264997080758958 0.471173077157208 0.0657898104593825 0.477612368874214
0.816841187857186 0.0316228531708308 0.705712589643027 0.596749784476952 0.880942491852384 0.0274335410079001 0.0699446228894506 0.517060745003398 0.0994168757294876 0.560610311688537
0.46146161938542 0.00683985668544177 0.998933521452044 0.505356263656969 0.984309732729666 0.00442880956643761 0.185362831154298 0.542320936272106 0.130804093797814 0.602939914039028
0.302524819878019 0.029681403857611 0.99604809411799 0.374144262254232 0.947887838076349 0.085852999372708 0.101116118194621 0.495035930007978 0.018786372173051 0.408887771134534
0.959125447302345 0.936189814609686 0.995266709938702 0.661490917310192 0.999005391507152 0.264298532518927 0.212557030502888 0.54221999037782 0.0354406799174121 0.41039898894961
0.445024756296199 0.634478831405579 0.998920997196499 0.446460040118389 0.998645640998368 0.327286236220866 0.366771414970978 0.572054416909299 0.21261686661133 0.740684323072071
0.93974704946881 0.829181643721059 0.955010285627692 0.42185008584683 0.951599926992194 0.0686434712352535 0.834247121778599 0.555874114067148 0.27445671924554 0.416819552795239
0.401439275497079 0.0181420043238694 0.827011483709072 0.206675910838835 0.682085542979348 0.0138619049718892 0.246958950270299 0.489079993894794 0.0230234782031975 0.171657801784858
0.595614334688916 0.567762194915591 0.965780944981924 0.436812635085777 0.956217847056567 0.0566478867626877 0.154465534178861 0.554249168767078 0.198831909552564 0.670030134166778
0.586902973962715 0.770456920581199 0.988850547123852 0.839206355578756 0.999096647939119 0.527566922061026 0.657228898910555 0.574158204934643 0.387033027327137 0.395632102802785
0.847586689681195 0.00417221605763802 0.015861454009078 0.10029509483763 0.512476518912347 0.00445655115176303 0.0890051549381361 0.418215374593464 0.00274500160249408 0.137358144632458
0.706988849326057 0.0168608844733459 0.556331698192273 0.35966747126356 0.739746114730153 0.143940598312904 0.0617827953574616 0.517838576342658 0.0297205522433191 0.454929965016103
0.926961720169882 0.956346352631448 0.985894009426257 0.515158714037605 0.981803424061951 0.0638453185154029 0.346587563856043 0.53157530141171 0.207225344713137 0.63399297563908
0.996660627710069 0.627070059760601 0.445910441786943 0.131847607499722 0.877733154572576 0.0129133898949979 0.0658902938788425 0.459166418561097 0.0120734903850496 0.406408276562677
0.00517544871072083 0.185196655328393 0.296489311605527 0.277529996444145 0.923707415671458 0.0121146856084027 0.0915645849728631 0.463104681483887 0.0175964017898105 0.226447092374607
0.510330432174919 0.140615632133214 0.0646556689050596 0.348014236220191 0.166424222409081 0.0345840979034781 0.0798039787196495 0.498201749442915 0.143023545371346 0.326380613147836
0.821774764172781 0.755521213699788 0.957496166408683 0.696781001704241 0.997374888029018 0.63683270962617 0.192898709606749 0.575783043489442 0.268943663347295 0.681873121305668
0.361900571353418 0.935465596288571 0.930248410468475 0.78063427160423 0.989525761444692 0.248208750022447 0.787088247625006 0.55001005433031 0.216927726027755 0.645697262257022
0.964797703946114 0.547742940511888 0.998519493999863 0.628951365202668 0.998104258098299 0.199818661451114 0.425067807396022 0.55705965550282 0.257371176903578 0.610662751825631
0.0506308974777855 0.064445257836061 0.969758959937341 0.567411389942746 0.966403874874271 0.0705054165385957 0.396530126633496 0.546260623512848 0.237007197630056 0.40251270425766
0.0303290070106368 0.403026112577537 0.565427748871234 0.219290352586608 0.946813869495503 0.0779495407781866 0.0855224209215635 0.49309509845047 0.0314157419564686 0.310427383867539
0.0241499049013584 0.00193209372887995 0.106713470622893 0.0889946897821632 0.0480566799949183 0.000335853119908037 0.0503053352596096 0.381905286468574 0.000816558356069496 0.108730954089557
0.74740581852698 0.998516237188239 0.99972332004546 0.746529828645054 0.99971473611584 0.357502586485352 0.8164640578116 0.624286433607774 0.174430366525173 0.54963251260238
0.984470969715912 0.26994797932044 0.997773555561231 0.654022692060434 0.941631501260294 0.0980822020044766 0.193160200001603 0.525426758485951 0.198249018694481 0.582129337485549
0.460849457110847 0.301416259659841 0.93176769570812 0.534569354653603 0.994745029491537 0.130517575016199 0.453339427350313 0.554837957138733 0.112930695294132 0.600389684262196
0.0470768501309528 0.00287825949582742 0.991861633948028 0.431282267632977 0.904997387512066 0.0355423418123928 0.332379471248955 0.517213643646362 0.0557701354521559 0.388106210747323
0.658744314019156 0.788775047011102 0.989516900788967 0.568648250000239 0.994338971430819 0.29223429974822 0.668510243548853 0.563981666126214 0.248308717722416 0.696675198919965
0.976151550199563 0.0161950024821362 0.844818788115994 0.250284478534252 0.900497071130029 0.00894462009831186 0.522025608560337 0.464150160707652 0.0177240320515804 0.288353040535113
0.290654727879353 0.0279241900345176 0.944684644819421 0.220966803389628 0.204857141723077 0.0225286077413841 0.251984888173061 0.483338023626036 0.0293515754038399 0.351140249991664
0.704662161534479 0.54953844650126 0.971701290440866 0.502097756131373 0.985181795125088 0.0758557172789499 0.657162586038711 0.513043766318231 0.328848650456008 0.409605289478629
0.979334315694309 0.581737874711197 0.970853360895065 0.378616228459046 0.954809656761925 0.00764067619351727 0.719883539040385 0.497016235628955 0.0625250611130793 0.287127947491647
0.161237308081468 0.000399923751416122 0.390744354725196 0.077655828933069 0.494591270837242 0.00216475364478304 0.0716416729528527 0.411751699362143 0.0157127345482218 0.24343392131579
0.326295953899259 0.0641642827618766 0.992444649042732 0.495179109201713 0.956528379503246 0.288355509803059 0.0686999820707812 0.537378757711995 0.18349583551156 0.39857982298404
0.974745209925942 0.859505768122097 0.999047376239184 0.68312353623945 0.999331150045755 0.635003352765053 0.406152173917495 0.526380119109882 0.0806488495039944 0.720255265869851
0.981029122233216 0.086008128511267 0.937330352565152 0.558471811867292 0.993327813754814 0.0307306509985332 0.218625780320907 0.568606126771246 0.173048071102727 0.562067130811928
0.940271060504902 0.934985173202057 0.999923058273064 0.753448444042637 0.999975818161445 0.394659478233533 0.538844051387321 0.633104173260319 0.221767755585237 0.736298701400422
0.720918445933297 0.124697635106512 0.993103400933354 0.690088933007914 0.999391308548936 0.365161531788649 0.590283041062416 0.580906372217085 0.117045626213423 0.700715104584419
0.901026147250982 0.748348007441121 0.607307206652497 0.757698278183279 0.996930084523987 0.261428136173725 0.905723618850089 0.599677616864104 0.330687192119814 0.57492602305258
0.195882705153345 0.212282174604874 0.999336982809236 0.779485700289539 0.911295749203693 0.116390988212129 0.451326266891537 0.530254075821067 0.172875500143403 0.3928639890998
0.981010940450478 0.940401445248383 0.999899354372947 0.815379295964602 0.999529369567854 0.291691847154837 0.402494719449969 0.608328404791394 0.205022397716344 0.802369694118897
0.270564118329966 0.606787217013853 0.997590075504422 0.421579017982096 0.997096602750745 0.0267320653119262 0.138829124647405 0.544418698121039 0.127471969000245 0.374403779201483
0.048795474622765 0.525936623780641 0.780895332402384 0.411150315397807 0.952436604252096 0.00181866707289769 0.289226974297018 0.503693273257487 0.0289681133720186 0.608026900652121
0.102831388316525 0.783086278486314 0.0224898968264454 0.259475229942837 0.398631614153903 0.0208074124995901 0.00877314883441265 0.484288566688023 0.0148671689700783 0.252611798879944
0.00202070768702842 0.00917033384195536 0.0218186208081363 0.166400735122789 0.723305849780715 0.00761452070230043 0.150630399199354 0.460609270574412 0.0292987526991926 0.281155743286175
0.270269661634274 0.3854888905291 0.987455572913533 0.321174073463183 0.244756543740149 0.0475850292924281 0.205016986240965 0.501129255338091 0.0681397100054568 0.257272792994178
0.999715482263831 0.965385559895594 0.999155794069488 0.84435847695282 0.999917695708399 0.362255517664042 0.463949340373637 0.61885093620214 0.61128599268084 0.721653375636332
0.991603064013872 0.778535724528756 0.995277316667203 0.374013638427454 0.99634547167922 0.214245171492582 0.0821795134839397 0.501924987318789 0.0555335046843658 0.547366296424852
0.664351678397753 0.0211789935316183 0.497542714635668 0.37228581739574 0.872084953256914 0.0140537999293008 0.0427875791050085 0.526191781898112 0.0691143049487198 0.449581857490224
0.0351241049480004 0.0785927676155884 0.997882097576202 0.787800300434721 0.997916275295706 0.260575704593421 0.478991081704655 0.589484686614341 0.307637084196432 0.753744644842958
0.835777245934581 0.989592056825056 0.998253746854761 0.722510057970614 0.999004643016028 0.594759643087293 0.417653133382012 0.590689402095743 0.479606243893088 0.646491878735189
0.996233399521465 0.939303139781181 0.99570809715683 0.723333011722179 0.997719032801543 0.240699076923741 0.116463296866952 0.60030954152777 0.24420472479441 0.693653271851653
0.957504942926293 0.502300721971345 0.25843980610334 0.672795480013926 0.996059641433156 0.101992268669663 0.250519864876664 0.579095620952963 0.277598610029424 0.420229478218679
0.267148411026101 0.169626659078234 0.927962016367898 0.544838370250546 0.975012748156862 0.0231828615045141 0.0411031535877047 0.506574138751392 0.163135299702166 0.286577748967736
0.419912815340613 0.229626754493601 0.893889431165593 0.222130110320226 0.0446641399035331 0.130620147641777 0.165834776095941 0.47669062239313 0.0461152873520362 0.368133875752991
0.983678600854005 0.161013251100258 0.996911177998524 0.367933434100941 0.993758717357311 0.204850517877911 0.163008407292229 0.557426442340663 0.247820894230682 0.723387095848973
0.408365356900388 0.000380437495676833 0.631377333057496 0.35781625921219 0.898198566661644 0.0110807876483144 0.0299944967928014 0.471897446257776 0.0415768719301884 0.195555203626278
0.916025865171195 0.316426274734681 0.94238703296081 0.400141630821478 0.993241872378183 0.0542087771098221 0.394107487783574 0.51582694240624 0.0302054480948373 0.293891246460746
0.111450345923823 0.712041909973788 0.959285449080486 0.488545196652456 0.809093733749432 0.0593592321095094 0.377018905106149 0.541426972655405 0.252673322263717 0.376891356184163
0.771993370370107 0.0275409278305181 0.948530548026793 0.499118392956594 0.988835055065116 0.364896378936848 0.15689952735904 0.590681324372561 0.219770014655409 0.6211888604848
0.327493126393709 0.000373114483181017 0.979301984736178 0.350748751097875 0.871828820442113 0.0501268469284188 0.058903795790352 0.511102254159156 0.0459754055599963 0.370838470574239
0.1528383225307 0.703557210550022 0.83113428050522 0.315379286446262 0.958716878428967 0.139246156126068 0.138353797259744 0.531728917327114 0.0925427283014286 0.579767066681204
0.406803538519662 0.784160783349887 0.977103926390398 0.269495213005039 0.868357827724843 0.0129058361139964 0.297773829083818 0.521920007069513 0.108707812356302 0.450823636232071
0.992573108048827 0.248640672759565 0.999127163845693 0.668678456246685 0.999040183703557 0.126863987861844 0.378083011091771 0.565109574658961 0.200682649039191 0.451007593767839
0.0190716378145063 0.141177710327748 0.972962371636321 0.364470223758712 0.880398901836648 0.00583083802359884 0.229790340577223 0.477263807978686 0.0598219582399755 0.403112726595855
0.703849979640019 0.146079846292232 0.972891209746467 0.353692227761202 0.789493696521169 0.00801903409836829 0.21965361940245 0.498401268100551 0.083078203808408 0.416112659062791
0.652110935345762 0.248899475513848 0.934281394567991 0.480476226395335 0.956676815372777 0.0236153330792162 0.172210932635121 0.527153975571401 0.0849039723068627 0.508816366216363
0.889968285403532 0.0175459552364143 0.166820723173096 0.265758341689694 0.703776146594887 0.0100089528320384 0.323297616911873 0.480153694289563 0.0313235757460303 0.407308094499537
0.982396766218271 0.102586570450051 0.996798770988964 0.514827470666431 0.986212287831864 0.0367873484288805 0.279028233905821 0.584067551327119 0.233453565806592 0.636507703520534
0.947864807493583 0.930192951473064 0.995041085696033 0.539272162110872 0.989784544655318 0.566272252107093 0.440288500492381 0.554158472907626 0.422433204570729 0.57222029351857
0.142546027089489 0.000220280739533822 0.0685840748954422 0.304998362919269 0.24977456358147 0.00774492672067334 0.0747077033708078 0.452549585693722 0.0338524075407142 0.261250846501665
0.499557770712153 0.00829728768051268 0.200686613207407 0.380758669854097 0.966404263428724 0.0198550178373698 0.476991845850704 0.496033448992927 0.0264275515152124 0.406981370555174
0.000540246056161203 0.00476448153471463 0.346926782733658 0.418509401120556 0.943535793020102 0.026092018022697 0.278442423075098 0.48745618392106 0.0565420176142082 0.449222049025131
0.00414696705252469 0.00194376683638043 0.999138386974724 0.201461363568012 0.84539171657693 0.00391893164135054 0.00956518300272184 0.480647254411566 0.0152720097906284 0.183663987895884
0.682314599707544 0.859997570305117 0.504816284916278 0.259334580357071 0.910870353357586 0.0854951323045696 0.0177560751864312 0.499717881015716 0.0834350798880897 0.35593325635459
0.622591793571983 0.0700865365028358 0.887943904874608 0.586192832034733 0.986550358770797 0.0831782847813824 0.355917992420284 0.563513678299443 0.53576497485302 0.598247018303625
0.512282372194574 0.720685453856316 0.635931975806186 0.394045579670286 0.923886664032972 0.00777365204506241 0.341027082340809 0.523636991889829 0.181510097918591 0.444707777636246
0.795306148787233 0.00334057939145044 0.83908880394006 0.425668977667871 0.584345106072381 0.0392713970033091 0.168740023997689 0.503929082363064 0.0275904507884533 0.295669223516796
0.0786071303982403 0.163664587327416 0.97949138855745 0.3914147744797 0.538068981211938 0.0588287839869661 0.222438404007591 0.549126984661666 0.0926113858917914 0.457424854591963
0.00688199738083477 0.0621386844580665 0.988672089637805 0.156257457856187 0.948439714757921 0.0353586976927287 0.0904835178459183 0.489817779454441 0.0567615725626743 0.447397620258356
0.152019198983458 0.0183619426262144 0.998863747250508 0.342151343368679 0.769127305540095 0.0735672514606659 0.0121180683077906 0.538119347986908 0.0913201770620086 0.614098691279507
0.0529184124757222 0.651422603411218 0.950501477171935 0.59024812431569 0.968018753334658 0.0684120941573288 0.338504551136006 0.547080281798003 0.188584181108835 0.462685728531873
0.981112090564869 0.38419720734604 0.679665655646341 0.389018507020835 0.986591208451296 0.180114144240554 0.380203590120065 0.55206781474287 0.0765199770761804 0.39245321903067
0.915934829774189 0.891067047967848 0.99612427767465 0.657331058450899 0.98675269440732 0.420982917669115 0.183619606129334 0.577808397478972 0.193279040040642 0.636606723894195
0.00672569386364145 0.0206442994624069 0.792537412781591 0.345599933722861 0.954146609065393 0.0404268162447851 0.107311898674974 0.535900538113516 0.0261657505160485 0.308272794928654
0.919511083020013 0.0280455977910448 0.928345834345375 0.462892430443101 0.914115993566532 0.007054574786922 0.149286832045618 0.493626480189829 0.0848451166737157 0.397191952543038
0.769674772957238 0.688025444662997 0.268806798190188 0.599782926319238 0.997209707261339 0.203096980405017 0.659561117822996 0.567658564409573 0.138685838297128 0.588421409093284
0.881405984054674 0.847594379212691 0.997689687661861 0.681020904777408 0.999707867557763 0.460837791116678 0.213106047677883 0.631396911951591 0.781443272108588 0.753769024450867
0.957411666482762 0.90986172543753 0.987153644518998 0.85713204747421 0.999389397911443 0.721452980315997 0.174444047292462 0.604516039177456 0.619973103851941 0.666899058256002
0.183134648247412 0.943152645224851 0.996302447049791 0.54952413944682 0.995145252064515 0.247380897506324 0.090691319824246 0.586822867147488 0.591187182706391 0.690016910948836
0.78770597565978 0.00106111762433772 0.401436030078528 0.261959537021825 0.864891700280408 0.0673184003473162 0.1091623802163 0.498478411403445 0.0263341830465882 0.28443649910832
0.43484337135149 0.187979568721101 0.976836579559689 0.354899574384878 0.927402620705525 0.0394916086174715 0.248443464670051 0.501761857637934 0.0308225337463626 0.321393449544566
0.938186704490209 0.00124451511186448 0.981912127903081 0.297641208615297 0.950772719658259 0.0119166134704541 0.424282456979627 0.517248213458972 0.0727675294740117 0.176552357294964
0.864818545855342 0.524341883484136 0.758299613667968 0.713554753987875 0.992501870290133 0.36504385835529 0.510342203410161 0.568242290931435 0.285493577004249 0.562900893581732
0.0300133517855292 0.197663961455116 0.446147876164463 0.264211300015924 0.669208775811479 0.0142235001366223 0.793893365383761 0.486558318773705 0.0180533599122153 0.497576059329467
0.7463392852643 0.966529239015503 0.982404315564403 0.660003329482619 0.997089458084049 0.151069325743145 0.199437719642923 0.566159688107752 0.287561491107185 0.497565907363969
0.981641022913186 0.0137481278708897 0.870308020315993 0.486344084328287 0.953657765206324 0.336013796514261 0.549431133510337 0.517010973778807 0.124567327343289 0.646343961584585
0.987517196687206 0.904572627117754 0.999937914694081 0.52203644848231 0.972397932084469 0.351889211058397 0.621475989322177 0.556877871225866 0.0919141611476538 0.68260736778929
0.498341637339004 0.900095750011871 0.916602509992807 0.619732993061487 0.998137658536337 0.0909068113067496 0.392848603864315 0.596883845163837 0.370005782310202 0.602376570487233
0.443543267211292 0.979509529504309 0.999936080144936 0.513862003180258 0.965015402258098 0.0236293656619805 0.771845711540975 0.54448899198791 0.189953546397911 0.402544804303508
0.999330886113258 0.628077161296875 0.999765351509415 0.893980058836283 0.999856318045801 0.316968988683083 0.481827559667371 0.598475029942815 0.520815745996782 0.716704610043732
0.0590302950392527 0.176553337888983 0.829502775126369 0.466513827662054 0.953444074142456 0.0406940230581457 0.0342643593318566 0.506370953685584 0.0899596746897743 0.416888339111501
0.743510932775339 0.521295398976527 0.93875983428996 0.543670467751243 0.954224527395672 0.103004938321447 0.223018605216396 0.531539913454738 0.12099298710522 0.511556667504282
0.980508691721934 0.641189118025137 0.999402980497907 0.553395017055467 0.999092310768315 0.275966005804455 0.0362016219900136 0.562368432946346 0.30279658879558 0.609220604881771
0.906059903668943 0.438473568121202 0.967455240903177 0.285635456691885 0.428875614702423 0.00163165307256981 0.0353110576694296 0.490828591777499 0.0196654877690001 0.307705629090276
0.232695621485888 0.922392565117734 0.999938955270985 0.709417586624429 0.996017588688682 0.670988366111677 0.568062430760681 0.604333846488819 0.223942045683805 0.707430195364613
0.276353872178204 0.578000872573336 0.996509633696189 0.731559575830755 0.995001583200483 0.225852616264428 0.0876520982984045 0.567997307437113 0.142252200358008 0.655310108387984
0.281191524523325 0.0409291173268974 0.907511509646365 0.347867794409772 0.433706458041055 0.0448933242272564 0.797506722220647 0.495397194445527 0.0279410812433652 0.391474333574268
0.583926653947072 0.00266404048892062 0.171361109666101 0.170260063749946 0.429410215046305 0.00742896561343782 0.0265761466702745 0.493781720514945 0.0074323087290248 0.170311650303416
0.568670509025569 0.404514512414739 0.941716662607337 0.466953582345702 0.684191334632128 0.0348826643725894 0.0997271860702428 0.515472430765009 0.0211179581357158 0.665844325317534
0.801439223548252 0.111737583142312 0.876391436018289 0.661141463280854 0.977968841515817 0.0655766745504216 0.193618925100056 0.542644079910924 0.246436202436268 0.679883589209422
0.010350822011719 0.210078550726739 0.980601223933279 0.15425071404148 0.570064374567924 0.00841874354778159 0.021062735944065 0.470599300115885 0.020165067763862 0.255465788831545
0.944140706251124 0.862823878280712 0.958809007231333 0.560607125306501 0.812058204562014 0.0245385710052616 0.423500591306327 0.533097430877241 0.052154797672223 0.234697400943658
0.995179191715907 0.597715990246224 0.99943654362899 0.807302614142954 0.999082607147041 0.0533263073572778 0.217073401436573 0.557669314912611 0.282308634465735 0.638124999009662
0.860299581699899 0.435647755985028 0.999951934333889 0.762118508478247 0.999766636508122 0.214206999912265 0.812151688512141 0.572244483909461 0.172261954714396 0.670406702448886
0.703229516079088 0.558086626674676 0.998846060013395 0.587225131041336 0.998433748992211 0.189607694687253 0.085304659104308 0.564259738247023 0.133111747159145 0.608624714497651
0.459860497884854 0.0011115605986909 0.832695631310919 0.398326860926104 0.971453864475129 0.112207245093213 0.267224323545954 0.528863778575956 0.044769028376018 0.430808848357996
0.224790891002361 0.166873827363422 0.875954300616521 0.27498636844342 0.890678341663161 0.00767659953523847 0.304080224244773 0.479802511367644 0.0463774461826673 0.413332437054088
0.402628144824411 0.0534098359732669 0.927074538845928 0.488096630552728 0.904843567166017 0.035658799568313 0.757696271148226 0.53778409314138 0.207318067925958 0.569946562717045
0.453976863074116 0.326020061607399 0.948252888114165 0.738776170149017 0.99171683861995 0.124301827383396 0.373519077704193 0.575663117341537 0.467413556084563 0.665816578910328
0.236513222385303 0.99628089767738 0.159108729697073 0.576808568071617 0.991992956746627 0.10546284727941 0.544893708285906 0.504843248733199 0.0795524138019875 0.451549753968003
0.318858348898021 0.00020098454009458 0.206634936261897 0.174381471584543 0.981275810130665 0.0804438238042525 0.745641988442393 0.531894006458404 0.073811620740912 0.490830199697179
0.252384741146337 0.0094816524673827 0.937146985007141 0.520068165360306 0.945723086499245 0.0771256049470622 0.237477899691979 0.50653875074865 0.0246390357959659 0.262246932065181
0.45336416298935 0.641774115672825 0.988415988171146 0.744841498672859 0.998311398051829 0.256197096014646 0.25570572011067 0.562854002486318 0.238393288359027 0.656597762856664
0.864155773621616 0.173254161242318 0.0848869782082909 0.65513500530177 0.978070261145276 0.0277040039147325 0.183622977959178 0.522435262912237 0.116890548468351 0.576541763060229
0.725451558012877 0.46997900393582 0.993169763212328 0.851437504311235 0.999432328965733 0.40605952267969 0.416145380897038 0.599340564349189 0.39899883935453 0.804371242288913
0.999025270089628 0.835824648561835 0.998151253928272 0.835264625263601 0.99029823713964 0.608487891035322 0.772380925706583 0.596817834523244 0.448019186549605 0.583848523156286
0.211496558387092 0.559037810785611 0.751440643040464 0.454237727720729 0.991258231648293 0.066338010341375 0.487011042656305 0.555574972900383 0.200684536979065 0.661144643082632
0.929524783799851 0.0145836003359466 0.992056480330783 0.804356900056837 0.985063240876859 0.0511309264315487 0.58654262038671 0.563077507629012 0.246491599796361 0.448560429179312
0.258147969782701 0.0490873357197764 0.996450382749048 0.545043201988187 0.995455492736283 0.191819408056272 0.331875887155848 0.516463837502044 0.0482448946126175 0.489965585422534
0.132609795072327 0.0826400850528452 0.472399063776892 0.191185090805981 0.556001682770051 0.00902823097342704 0.0807857909837987 0.444487309081579 0.0219776058549146 0.242549840644268
0.738391672988831 0.061392315136825 0.96851083871092 0.456116864096241 0.900155776138075 0.0961920632851477 0.329313999360183 0.531210371211603 0.0619729432209206 0.515911097722852
0.0728866537674149 0.0643012469429494 0.815925853659299 0.352920733621938 0.901326038570905 0.00733816564469525 0.24166366332995 0.495125457420265 0.0605337293251983 0.583999560884377
0.996274461445895 0.195570587330428 0.34422900711875 0.712024985476104 0.997945711123591 0.00905388759506295 0.125014148031771 0.52863672442295 0.134281900902188 0.501931098220503
0.999516656916933 0.910877070478995 0.551955768009222 0.445896523681627 0.998439361000747 0.0233345393665986 0.269690987345074 0.517013573628049 0.141375103132697 0.557776977805671
0.453741324778886 0.00914228768017221 0.882976338356942 0.182278273927218 0.866820211198622 0.0355711926929982 0.104084565035687 0.457152193487778 0.0075265150289882 0.238878630561954
0.477692746650654 0.0104145634862506 0.986443336966632 0.256530697135988 0.987387857794765 0.0436251309156866 0.409314070067225 0.483475517537357 0.0242595670771514 0.497767270478592
0.550956337688424 0.661540998376845 0.998944447677935 0.763503726022403 0.998685882031265 0.346934900860116 0.663726431229569 0.585492422183494 0.808937326244876 0.713060523994032
0.602595690430322 0.359164569558556 0.933598318980043 0.810396897701219 0.927861942878433 0.121517508367653 0.115200777903449 0.581576482654406 0.144341055864762 0.531500834277461
0.96632263127492 0.89057545468527 0.998488453028362 0.726685960899629 0.981156185371446 0.193412665989807 0.0362305233559888 0.576161026463177 0.10825091284531 0.547949955728801
0.410074311255419 0.00146338815319611 0.769555779170307 0.4684047283736 0.98202706608003 0.149879763573811 0.660516990576745 0.531919844955074 0.162400048350068 0.589928445665781
0.996050916494776 0.193476887223375 0.982821532779329 0.319132770504746 0.950060224507383 0.0907878993517157 0.132607237942951 0.536670749637742 0.129141193499288 0.42457352913651
0.549861494448043 0.00576785000927387 0.833616039901906 0.349093865854795 0.953598459050517 0.00631947223708205 0.137477600660748 0.516729794838032 0.0974814025306157 0.306506515398872
0.831056328506976 0.111098751016988 0.919131625979712 0.297638883022924 0.965123450870702 0.0689571401131802 0.0156403173661326 0.498664395097071 0.0475658110811676 0.254671023950491
0.205932310187108 0.201622010663183 0.999034607346361 0.363989138866874 0.988960492281187 0.187821817959961 0.56977869874748 0.514585102657909 0.0689289204260521 0.421561079468252
0.967119592775261 0.362001509450331 0.823889241491248 0.472523976488378 0.989183538184154 0.0502682147730374 0.646383678791544 0.589145487462599 0.226032327293233 0.480699815615582
0.982616061824953 0.111009721583503 0.999882053191122 0.681148362061876 0.994800811577375 0.314407101329177 0.0557847390262845 0.568649681349389 0.172297116723343 0.425365749985603
0.0165573349408436 0.0479593769121143 0.37219649445695 0.232160373327593 0.640066929305727 0.0103847860995582 0.218301566555243 0.509641244384697 0.047790590071816 0.37224776678778
0.473608286451792 0.400074400004109 0.765043880050945 0.411244838464471 0.428851446356005 0.10840469884846 0.0709603880595557 0.515745161704441 0.0527451058796884 0.529315022027992
0.163312445410735 0.00145413158668229 0.150375105396364 0.133852049388233 0.12036682593159 0.00848853950452979 0.359654820198322 0.491543798949033 0.0213935423344828 0.177365451154196
0.959934323880349 0.997897852287454 0.999937116125815 0.839330550526418 0.999899816002891 0.627813800857724 0.641929671091978 0.624991236314253 0.854046998404525 0.88582958542214
0.331217361333729 0.00228297637984555 0.991755530740784 0.272217381299425 0.988585298916401 0.00833127954120031 0.254688777391078 0.508764497637753 0.082573173899513 0.357398010972283
0.538272860621164 0.0299757331054893 0.314859598479873 0.471210489897845 0.967325228020649 0.0511208374372541 0.333079756680718 0.509042463231419 0.0612308942025225 0.357846814913914
0.989755108201596 0.279557866947674 0.997450013749817 0.134959845509755 0.935499323827354 0.0154086527402223 0.142419801781585 0.469892551508781 0.0605038242791736 0.359804634903373
0.79104125990066 0.00167666200571302 0.854675443036038 0.242229713155202 0.87452845783396 0.0263043450177435 0.146946302878355 0.505067241671252 0.0214298851443339 0.334841158997048
0.769911268331299 0.0969234965599475 0.976553707308628 0.250412609053294 0.858739082170933 0.0778620604198521 0.571161159690605 0.53704770420957 0.0471898656601926 0.398588171333965
0.876134297383741 0.912268285694668 0.871972339823035 0.373978474001752 0.971431878826951 0.0152517883631 0.775939512717719 0.489828060951453 0.125971931835222 0.358421123482868
0.909989638493438 0.958646070427407 0.999813392246511 0.754813283092039 0.991257878809745 0.22681903104009 0.419602928467453 0.589246533868988 0.311429134839279 0.597556469859238
0.958251346101349 0.291472274090452 0.621107826592826 0.318080058761367 0.995235616411148 0.0104072819541398 0.263265143525186 0.504082332525648 0.0527439509267849 0.481913152846774
0.0164713791191716 0.284285162566373 0.619977818691953 0.123061931815226 0.838751257818799 0.0220191813124373 0.0916516501834179 0.496583230513831 0.041840475256641 0.449103240193515
0.770929264007765 0.00413351876861126 0.422570725973404 0.107213705858021 0.293155738968041 0.0155263840248243 0.0428169216039888 0.498397840418111 0.0100050625075398 0.266041545537117
0.990401854932359 0.581731743725627 0.982698291432013 0.63991455293409 0.994175031700972 0.43332815189692 0.533718974980225 0.559179092875759 0.431764038530632 0.71091282982527
0.842402964866373 0.926244496773888 0.863233124661927 0.315950970615233 0.960909604950976 0.066241839333904 0.408405451760081 0.53102629358252 0.0735386482983899 0.549739165849643
0.0547290803360639 0.0314550642750207 0.996261402448125 0.304193566281748 0.997911234192184 0.0185490556979466 0.176758873443964 0.510126114671276 0.0786103859032617 0.498773447017767
0.0815198671114035 0.410898660949438 0.96540063423068 0.314184224539949 0.878007826498813 0.0175899184428644 0.0138158598276796 0.507963651436387 0.0619654935823742 0.242299520406731
0.999212307898793 0.691902654187288 0.992759591593652 0.70723253175634 0.995360036055695 0.435237085681241 0.666729794792416 0.607056363762367 0.389127588656455 0.62047400004915
0.781575368862143 0.0543831139488832 0.930663805030687 0.487456428016802 0.998844803437215 0.124239769324063 0.784053517670453 0.560107596505866 0.304385479622682 0.519465044022751
0.0119652658712791 0.036367105311137 0.983903678578138 0.50738490969567 0.983691254235217 0.0424742195311289 0.0152280818488612 0.547013712307904 0.0600293132461947 0.475079410829883
0.175196369669093 0.0111160846945701 0.987683006220178 0.615345704775364 0.995098308543047 0.329965061803251 0.171581508106316 0.567481511822618 0.276052487194603 0.492721386890009
0.0387427720651092 0.155584017122891 0.999458071387286 0.765318535635788 0.975953387644114 0.142389615490274 0.155555766858019 0.563617157608355 0.197955071290104 0.673032067118705
0.0231745999973483 0.497736250873225 0.942517335229392 0.36806725190717 0.394674320942171 0.10072927631789 0.760519517809641 0.479866636248767 0.0994580741930704 0.457415386428855
0.991207636145293 0.705094313646963 0.998593030157269 0.703222854088362 0.965441171238525 0.598125216420812 0.689793339486678 0.546971316529853 0.219082117601649 0.541075605962628
0.376657518127657 0.433236554016397 0.600433139154292 0.862704213082093 0.996474533064334 0.224245308366637 0.702984087250678 0.556318808899062 0.40179793649509 0.523455619769236
0.00711882019951393 0.00503773196364546 0.921691542737613 0.268967170524982 0.8475066072864 0.00939627845686578 0.0480757626070678 0.47768102870537 0.0146730238364935 0.215202291400451
0.994119622284694 0.0264821608836546 0.41263331221299 0.168055544791878 0.221784278744852 0.0191193852528613 0.0118686389668668 0.453920451966269 0.0210793936910561 0.396401615095741
0.771522396877185 0.00123836368660336 0.974146786527109 0.315755725211693 0.888685316552598 0.160184817904091 0.3630813760263 0.511570340071513 0.138828400049597 0.286572481385259
0.683294648657457 0.0187252772762087 0.349693173545266 0.565062868942667 0.967247074432266 0.108350706822262 0.174255231604158 0.517269577299339 0.133908299904868 0.4391373019423
0.96352246700131 0.0903196160176309 0.543422440711309 0.310138274504245 0.932475063775858 0.00602842477614247 0.013303516335525 0.485377560124758 0.0487255971365923 0.334341996979881
0.027909610581087 0.0390473582563865 0.988120044365193 0.532640045468154 0.995313661245963 0.428484820822625 0.44910679809756 0.591656371910646 0.420663936602352 0.597723198931871
0.98304312350422 0.206189784360898 0.916082148432136 0.587855511914677 0.999686166103979 0.226211729107641 0.361489625790999 0.551297379956786 0.131138392645795 0.513062331809256
0.892803836536942 0.773092646785923 0.984207359534218 0.849193700332129 0.994486979280155 0.739685757299842 0.199976284208226 0.59746368123346 0.37576072253897 0.709814262801123
0.799686738771569 0.12369266099988 0.624808352797356 0.0785593427367717 0.339650074754371 0.00389108595737457 0.0101523328259151 0.432492183905902 0.00784170117728224 0.406230256045252
0.0214884022168704 0.545320159542894 0.99379195024007 0.433313697995843 0.870805751337439 0.101711955855267 0.144869421935759 0.514303239308926 0.306116812902071 0.487587723742038
0.948798592700203 0.461778639107827 0.964894434387749 0.607498179241548 0.997561935639111 0.115820984392536 0.455118297247511 0.567244879319513 0.16420940091784 0.610136941465525
0.000416046060474438 0.0490868636112621 0.984847744854814 0.178109379173773 0.973639943372611 0.0154938902118295 0.121885293510212 0.515853815859598 0.100788839461234 0.403966129458616
0.0926123902719306 0.00637705426378688 0.0889592235568477 0.232381651160991 0.712017696211909 0.0198998276130251 0.0771693067544621 0.467629224365071 0.0994666567320508 0.346334774905691
0.998467268204589 0.281495036836707 0.939173357093953 0.656512057981478 0.98083883920443 0.0865021021345407 0.139574875556504 0.564259875808521 0.142009275792351 0.306452445615502
0.957622290565293 0.983903567845337 0.993271706922833 0.341230280624059 0.952020438821611 0.0464673649092901 0.270713651336222 0.532963449788425 0.0216587493911555 0.307879869472619
0.858462252819734 0.44670285304997 0.999239367416989 0.693567396854726 0.999672523985222 0.20610035743997 0.68859398809853 0.590771794393035 0.17439203091394 0.625966939671412
0.156651209959048 0.829477680335646 0.719102123983196 0.500010825260757 0.999690190229493 0.149732413228661 0.650658765246717 0.558660345614589 0.315323175771063 0.521409463109835
0.903150159140981 0.813016703976022 0.999907327755152 0.78044861005125 0.995073634461802 0.66206216149763 0.561689140914057 0.603444016328761 0.605389112152822 0.576109366487052
0.00906472882301544 0.946742631152608 0.990120691001976 0.513968396847309 0.987615457926199 0.105736853363483 0.238599500806439 0.556307280257199 0.101008116076669 0.665818478141278
0.0142330278256429 0.260919060472742 0.63772361663694 0.532423862905474 0.917877506356734 0.135146000431469 0.157577762390172 0.530322787742815 0.108518892496945 0.25923261655357
0.944244287010033 0.0800741282495596 0.992965030500563 0.410742416049262 0.9250205821887 0.193930136209566 0.292069332418215 0.54786979251151 0.0409523457683135 0.534565131091669
0.229481674012081 0.0315106460390886 0.555056599375252 0.322879428072437 0.804912005472087 0.0173405987602553 0.0444511246031136 0.516049370470221 0.0460628662788632 0.180077004442468
0.563739422524943 0.185824002922434 0.0181842379238472 0.184498812933015 0.925865996709142 0.0252713109501498 0.0681116966306013 0.470078673143155 0.163332642354719 0.426364011355162
0.00664129727869434 0.143916986853437 0.50936699790842 0.302860995621063 0.805547523024905 0.0167496167279938 0.0454571223023071 0.486164009610286 0.0340921140610383 0.294487490066593
