0.322281676383946 0.937112172859519 0.994096499825575 0.744278480102911 0.993733041784996 0.531189279815395 0.179270021194616 0.597007524580699 0.246185566481682 0.742453141941873
0.0326316030027817 0.00151517869481196 0.992607385562531 0.264298307002347 0.192426004855169 0.0440237428342961 0.086619202833142 0.492452402195218 0.0221551818644232 0.258507918862821
0.397469564777504 0.0203789897864717 0.952463497070619 0.444354815333416 0.989333901611104 0.0520285245595303 0.752571807508969 0.529934834692211 0.122736726226813 0.510673020485346
0.942369318678979 0.989999921160738 0.915348140754971 0.47742883681924 0.998752416463418 0.0173320063955941 0.157469049727253 0.54155610658777 0.0231630901437146 0.292991278361995
0.932912421509242 0.972054182950569 0.643218188455805 0.835197977829341 0.997902823075338 0.154678085560254 0.828444564535795 0.575087229611625 0.414515307562476 0.562640848305678
0.90440856435464 0.39877139467644 0.832575735097485 0.38118019953168 0.998398906674354 0.0936677830508859 0.0651190035109786 0.548512128488306 0.128993310836451 0.460112845901208
0.00249529021144393 0.0529504095805656 0.996343121232786 0.362266605888704 0.845500934396388 0.0184262630667646 0.367836888291402 0.488599249024876 0.0958864553878692 0.369190578948551
0.475233586226052 0.984093403581366 0.997036525329453 0.39465461609997 0.979354338989313 0.0876005545714825 0.494788240869357 0.536818506513262 0.179762858461864 0.533826426294617
0.972117192991134 0.981715771739796 0.999851445970272 0.867027121018784 0.996204192928197 0.327168762981096 0.583740559317746 0.581796358329275 0.67372206917134 0.713525771710442
0.280548482337033 0.00447323601706004 0.974939261811787 0.192952771905268 0.866322115893527 0.00456072809351177 0.161154325587381 0.460915311479389 0.0413930778072831 0.207094843588073
0.0756649956648316 0.00915342125366404 0.896933082116224 0.388048124100078 0.952498581094507 0.107128138171224 0.0665420071212963 0.532571423973516 0.113729628528168 0.425090085144671
0.984317415277705 0.00196141468735969 0.993567248567236 0.112694885450979 0.123287224548955 0.0214834039405002 0.0403447887074069 0.490342011326175 0.0432378527590069 0.235241600183056
0.0122993043871609 0.294635790755814 0.996455410475729 0.406072193854518 0.985992132866714 0.0684700882490545 0.182642488553263 0.550257624460788 0.168620022365052 0.611121589852322
0.812343535879203 0.0417072896498188 0.778653315298911 0.649462203986862 0.981114220469971 0.14207335256807 0.182118012925178 0.548852538187678 0.202964887875219 0.696637926404957
0.986394572418906 0.00182533740580509 0.755056080059075 0.500292623853591 0.898540101269125 0.0183363798855828 0.208651567007692 0.500036805379933 0.0768542045021627 0.440461834884465
0.968578239457285 0.538106241513199 0.844890729323663 0.542317043427572 0.997081428612247 0.0504918105350981 0.805460810747346 0.516806477815196 0.263481774503795 0.470650494088968
0.0111097640177433 0.227146139637455 0.892318851170399 0.777335146942504 0.999534070946042 0.19843657256032 0.814556148582783 0.619390567684177 0.322064939326656 0.697347312570945
0.955202269183733 0.0584509668346562 0.999344134907132 0.330831684782839 0.835049844220855 0.202110025262393 0.138054159407739 0.550646610545547 0.14255722398097 0.300479309428912
0.239627454352373 0.0101906974564199 0.183557457547429 0.3464799957872 0.988854558010005 0.00921793639623372 0.499463266479137 0.48563988172842 0.0306948321749249 0.351145038022164
0.412515250304664 0.155769295772345 0.997193713463283 0.614709904477658 0.956948177546845 0.0636341649321772 0.118589698370896 0.540807450503123 0.274490478127012 0.607311971221512
0.412058274782522 0.93332172882681 0.996262623825311 0.44987424846858 0.999695386652141 0.303967142596399 0.728627950181564 0.539167354775627 0.164000097093196 0.666977807309129
0.918310603478003 0.401654228605199 0.998377532699996 0.908901782859658 0.993094655035747 0.631517665759248 0.876966902741425 0.628458934623509 0.582530322277291 0.630702590179252
0.950725667656804 0.10865173469023 0.531260325260544 0.689646321681716 0.857839354019049 0.0640306593908936 0.463030277080548 0.549018684916327 0.155973142838493 0.655924521301632
0.997966003126573 0.0933851722886451 0.314158865007462 0.365707783163635 0.742197491413671 0.00506951225954829 0.478675366954055 0.48619721879341 0.0328543884502592 0.35167357154734
0.0029925177692871 0.0785152813648871 0.777649167122002 0.489768211586225 0.991246261997237 0.0448479772602822 0.443520859028127 0.571080436723705 0.0918328025787702 0.65240786542159
0.500038753916772 0.145874651608386 0.986414330903285 0.400308646163287 0.928892492125859 0.0979557930371026 0.350280053947626 0.515325378464337 0.0796941301154788 0.231324367126478
0.371010499207495 0.0869638610903271 0.960623607759414 0.439197337297471 0.997124939271902 0.0585637934414018 0.0694046195319337 0.500846391659397 0.126184471012795 0.491358797990795
0.717513212757229 0.0575201791818912 0.278098307996737 0.565777404891513 0.828672222564784 0.128261342883586 0.344700081376854 0.538161751813267 0.0877826422649719 0.424023823511334
0.796359208102558 0.234000901401875 0.133937280527589 0.28749677665488 0.84393009909108 0.0421922398049312 0.122030259782317 0.52590001401547 0.207380407708401 0.360432667260299
0.998068262207789 0.190835549371048 0.705932061529108 0.489806405903878 0.998652582533921 0.0407795126158255 0.301937528979194 0.582007569329116 0.13479732525099 0.775288404869603
0.83764375230041 0.120540614693567 0.999289665116803 0.71211278348806 0.999351633344022 0.23014005821582 0.524817996296795 0.620640921521379 0.464117083655062 0.679262338948463
0.00609200239820911 0.0929129179271883 0.924415392245537 0.0837613775224654 0.836178551774613 0.00464192541838746 0.0211575326332928 0.462486093982365 0.0115823531909462 0.227677585055148
0.0840489752378097 0.000432248350865678 0.0128327665073118 0.362853099889521 0.107088164819199 0.00178595502998465 0.613246221564614 0.490874430438406 0.0398725946131146 0.326738215124023
0.0200996640774033 0.692722684904578 0.949842473703415 0.372528725209419 0.94861775259561 0.0204934202793219 0.0468818979726018 0.500174416177306 0.043060147124362 0.361704837256026
0.89971494460491 0.138203512569125 0.917303317240071 0.546558286615897 0.927632724734187 0.0650274225756852 0.682351430211247 0.482126465267369 0.241989498892702 0.566216759174289
0.910742324463057 0.959731508082723 0.999980296506429 0.909836481226889 0.999748167870149 0.96072241797936 0.581478500247596 0.642843847410075 0.761656895206474 0.786969656474146
0.997226763032137 0.021447708638624 0.986572078715881 0.41230652673516 0.994426485608348 0.0735801235355766 0.549081408300759 0.55007283298369 0.291453340618407 0.312701511017365
0.985848244770264 0.0482581190242069 0.956929753268017 0.261484259939738 0.834854352694236 0.00379318659813277 0.176269802236973 0.490732712125701 0.107801831117744 0.233188335924399
0.969888251319678 0.15742437335564 0.99694558043967 0.547114759833675 0.989004021334432 0.0554874363063862 0.525457943235051 0.545641533958263 0.0670296012591411 0.478063618352477
0.355976127553666 0.099960728377163 0.935411290806913 0.307567085771573 0.83738859566156 0.0317252053807988 0.252195007871214 0.499652923377593 0.0719080833328565 0.486785545334063
0.805252579557078 0.818724605329866 0.957087372254424 0.219317976894673 0.975890315341028 0.0126149435199591 0.0159164155242025 0.464632887132756 0.00724448720451075 0.276773283005974
0.00106306403470172 0.0485807164117481 0.815255561031271 0.362601309117743 0.916494333166445 0.0120209448534597 0.0878118508528171 0.512408428842801 0.143739598759856 0.347558001903101
0.631886010417855 0.996015664542926 0.854195206396107 0.378252503664235 0.951374929484501 0.233954989784956 0.456899442310068 0.543034041203251 0.114164094253885 0.427921682912612
0.0285900414088754 0.0964311939599123 0.197875893290762 0.317041867952362 0.744666583280349 0.0189246278306247 0.195126108139136 0.533988612520197 0.111912481733191 0.410430076938327
0.0750151880232494 0.22968008762494 0.89473912412519 0.3729522940421 0.993978181576038 0.0650597092156493 0.166498114185784 0.558022925645495 0.0896998720248187 0.466899598210565
0.16967137773707 0.00752268097910735 0.00528093511840484 0.178277310491028 0.749581941509842 0.0119134742388107 0.0470251148732477 0.440447025859748 0.0177530478016843 0.17054629452011
0.804334986388072 0.257597898923777 0.960536471286181 0.450648170939653 0.674102005305072 0.0711771968883746 0.058058490504862 0.529212317441236 0.237236595541002 0.484812111909815
0.578806814876969 0.29554065206372 0.625911745112142 0.421380257135536 0.971359808195065 0.155967102845636 0.331997599452327 0.53167356754267 0.087796455547495 0.528903346658616
0.644670167230456 0.678215666256351 0.997274834871972 0.361725121781194 0.628237430630722 0.0941881817772449 0.438541538337283 0.452205666373746 0.040622754998397 0.380434786969758
0.432381874996355 0.296542167504425 0.988198318783397 0.552404029709337 0.997104822394721 0.0573617337895683 0.493773441617085 0.515732224866065 0.0775043988780649 0.445113321487564
0.883979695101683 0.0701784382604144 0.998289395168162 0.525402454249746 0.986460032124967 0.101852839858 0.224888309417712 0.561727050367556 0.106067761900569 0.485561079606481
0.966071913639839 0.145007531974761 0.447932920403028 0.196039683933418 0.897214227549615 0.0863639903906922 0.190923304742255 0.504514196438186 0.0475742361166493 0.477250758577968
0.613496635854436 0.7836836699068 0.998582286783908 0.785222688377023 0.997604058177612 0.335482710971415 0.0753243366683466 0.567885116949521 0.566909404145269 0.600139844342753
0.14635285120435 0.0515024732436077 0.758304129034527 0.0857526988149019 0.532687309528351 0.00157001611468223 0.115142070234771 0.449565918738997 0.0363042347241191 0.204245167691157
0.206318407566778 0.393249365265717 0.362057222714454 0.31759098745497 0.740527048614671 0.00522898306640075 0.134619693113421 0.491709620721074 0.14307203147395 0.182189304688461
0.158311096264422 0.0608180574208626 0.998075645158093 0.305666209269897 0.846045429608766 0.0195759898464937 0.0606075039811589 0.507577803347331 0.0399111872935707 0.409935614823846
0.49043001865832 0.591491933071646 0.998969332445068 0.737252677133811 0.989309839545286 0.336405888891394 0.131655798433908 0.569261461286439 0.217543338734584 0.63007191914336
0.862034318343504 0.326108284563669 0.995310583114951 0.747778143284831 0.998783624153463 0.159704979253833 0.159834037859004 0.559562871790382 0.162781240806167 0.853273262354441
0.158972592272262 0.0830938805609285 0.741927622933863 0.324731235104128 0.998967260720741 0.0736483817503109 0.166902749628388 0.53483459137575 0.222257425456855 0.518454328659621
0.921334906297498 0.36270043961912 0.978898380401374 0.434638179090187 0.985695513418749 0.0718104984763104 0.143297829125392 0.533232826574701 0.136188602331451 0.458591565997837
0.984960274271609 0.811575004471557 0.978656533318068 0.913212253542954 0.999931411712163 0.813875043075257 0.938667914584233 0.624810276107404 0.449760688357707 0.688314008162772
0.98804167241819 0.0032820426859086 0.990622336646528 0.737966454052747 0.989386041053715 0.186864289676916 0.160552027955665 0.560882068613866 0.118801241613463 0.577938409163779
0.640343099948054 0.00665653273844439 0.979842535102384 0.277634879265133 0.963593365604862 0.0415165207050836 0.00725513027609146 0.452758033731102 0.0110119608821918 0.516878195459476
0.998096545056979 0.0435859494569506 0.950318371382534 0.738890915565529 0.998955540663777 0.133408920006084 0.812332169784747 0.567174684948143 0.139025088629487 0.788239533137824
0.866456449740678 0.831805320393796 0.956958729569119 0.631215567706376 0.980142619357317 0.0537148329321579 0.685851701811107 0.54951156296162 0.0865560305705947 0.480145932505911
0.479430005949517 0.890320147319627 0.998125097822327 0.776158233148864 0.998049159959718 0.139502656438275 0.46558471790823 0.57729893939953 0.181437861268098 0.521375721562032
0.278830114560084 0.0213194850210788 0.877011938536924 0.317504841003916 0.944335001311937 0.196188191411073 0.149262151484788 0.471291453533147 0.0258007438171056 0.347970631951047
0.442420433791212 0.0182283195468713 0.59713001606584 0.316544323646572 0.588234835223913 0.0840288599481956 0.0381242863836208 0.487770473764843 0.031010094747094 0.455253815261485
0.819022375056371 0.488583050498146 0.498556828749063 0.390943921261614 0.987719329630942 0.0204288559900711 0.39973216712413 0.53071239130415 0.086833167464944 0.420284261745983
0.139438239766767 0.00650404306945859 0.829162633255433 0.243163580256767 0.901854963444557 0.00230951347548518 0.139361848540645 0.492012276784397 0.0260367126625654 0.357788572547362
0.00437995073869232 0.0534018612323218 0.995437641581066 0.528724967718166 0.923924166043663 0.0765381315353655 0.0336101191631916 0.532597455096823 0.0798526891458727 0.434926418004408
0.852545455335867 0.0319718765188714 0.9580376587372 0.364227930006728 0.998599009979635 0.0944354849624765 0.537864709100199 0.525061598535701 0.105206009144995 0.514716713893417
0.937720136611184 0.11824110142368 0.985470762200679 0.383073157695557 0.995043262069939 0.0549960140861794 0.116134274983251 0.521416991740922 0.123067957587684 0.551766690743269
0.000275450115349675 0.545723382172242 0.998051583338422 0.298980675128477 0.996706849994487 0.0257780540128301 0.191663874104881 0.519655688596521 0.0439457878136761 0.572042995900636
0.00397122278358929 0.384687386707983 0.990954297982889 0.505649830973716 0.968367021274103 0.0733319207962244 0.0817286494785971 0.545657478147093 0.107746574805106 0.535500758149428
0.766479876691746 0.579158949189358 0.946083061412987 0.718287491429167 0.995943353151299 0.192628989466106 0.115204185738909 0.551614974583112 0.217159763511717 0.528493558938502
0.585251888462906 0.0778356931948761 0.998418127981753 0.321119627864176 0.893346126862081 0.126421411170649 0.531375304283836 0.538687605188751 0.109182933624248 0.55408525563316
0.837723003289239 0.634917601860269 0.999975809999335 0.659327487464284 0.99949071085929 0.583271726717066 0.413972089964852 0.587515029571861 0.261036295016885 0.658995176405525
0.147486670918596 0.0042532547172817 0.693477929768289 0.12594442217912 0.713441347965913 0.0139253175390962 0.143752555972742 0.492604780135306 0.0124041830644556 0.51807701633163
0.0113878398529219 0.269808190539257 0.99435114900732 0.62821199027825 0.984949393400424 0.107809149524091 0.538277518295361 0.562477746562681 0.412413413209774 0.532744044400194
0.00498243634685706 0.114472276530327 0.934966219149152 0.28260529283709 0.697813669689318 0.0307206978225026 0.034148895350605 0.521210400717032 0.0957260664669148 0.638083978618633
0.065300912649158 0.0854524891128405 0.892887473550977 0.381710386970912 0.996011954921174 0.0157343156099104 0.39732724620667 0.516043355802106 0.0554620928006658 0.457987539469379
0.972405428180223 0.872910357342691 0.35001063105918 0.172363581935948 0.247369332028818 0.0136581799776312 0.0116583191873503 0.508083476482392 0.0414003470203083 0.268032107500423
0.990261540068559 0.355571233979013 0.910298454700325 0.718967166490311 0.999887434386525 0.330191765058651 0.475247397582723 0.585388899125829 0.412367255880293 0.712875746982149
0.00855481490059462 0.065766737607763 0.00941298038485957 0.254781995122061 0.944579129314198 0.0260178141170156 0.200085797928525 0.502379154691196 0.0717024285183846 0.374221894866089
0.00308709356592287 0.00081495999048036 0.509951744860101 0.333610101724412 0.951810629072832 0.0229916149403446 0.091318117873286 0.493398545359508 0.0600570374757322 0.476245148931161
0.492504274803174 0.00105803792051686 0.593298790401831 0.583405330852612 0.988452324216653 0.0570989170543638 0.0280941902864318 0.489375462686698 0.0386778658250232 0.422084229805796
0.16412313510231 0.0076215168400116 0.996839334042572 0.312157146421772 0.863714199218867 0.129541669542469 0.350665602222357 0.509787775666046 0.0240133072935216 0.288983783313475
0.999430530314017 0.972397034097189 0.417196812728886 0.774903293206828 0.993385326597284 0.693346980694879 0.706052055652045 0.6202914665265 0.495309138204274 0.532572192154429
0.40317565050919 0.208145836634144 0.888520936790645 0.371098842533221 0.996727887928818 0.0273516256410991 0.4547575501612 0.551303573330811 0.164357163575817 0.410055352008479
0.376921642744881 0.00993064300505063 0.669663394315514 0.0618135235911814 0.0629771473968314 0.00144137273441803 0.166740290121633 0.419492729242838 0.0157955399288904 0.201827128512211
0.607187916161765 0.0611579161844317 0.965260053990837 0.485623079934434 0.9886636097779 0.0227996215470674 0.268473097441843 0.573322527578112 0.10069614908208 0.546263971285534
0.994819319832737 0.824154888643079 0.999878417337364 0.725692374526789 0.996474648481255 0.224976559856785 0.342189302417113 0.575915510743348 0.342641381295927 0.55250701929731
0.873106270442112 0.430445585306942 0.383936097027386 0.430569830354073 0.996635430638636 0.029115464022068 0.0935427937232718 0.535706138389355 0.0219341051831707 0.630393386658569
0.974553787541029 0.739721435633628 0.997199740455271 0.854908916171911 0.998659558804376 0.135208228485953 0.366326536674322 0.576109941924988 0.256111964909783 0.717050661414585
0.902298101891671 0.894235677446063 0.988366402239523 0.593274527268708 0.994260727386427 0.412945136735029 0.285434734179335 0.564449120751041 0.502468001898776 0.820916982561513
0.714656214032619 0.95527350898934 0.728516107965085 0.744220910036499 0.998806136171009 0.262183269077251 0.300204064867573 0.542910212110055 0.247051947947225 0.625045620690689
0.0397449680385063 0.137806317521204 0.96671997165378 0.502119034776812 0.934810482330243 0.291626159383079 0.154418244537908 0.529612752878212 0.166960725626494 0.431761680990053
0.0553316231800803 0.0495523349175587 0.975295166103952 0.38633703887263 0.98928340597287 0.511586862341842 0.774131002178577 0.544748291947565 0.0957908848301648 0.485784554353398
0.556137136393371 0.160281006244024 0.745317183221136 0.478115561351332 0.93019475790747 0.0383698519759149 0.279006251806836 0.485573763767063 0.0680775458551247 0.324612061349693
0.0176189382454539 0.0341589953971211 0.884149202397717 0.247482740143635 0.793280366316895 0.0212809242277821 0.046366141961186 0.52968779953083 0.0441004157138976 0.447952048237176
0.280865090775005 0.0175448123758798 0.711524887481209 0.393376376827149 0.986377801178447 0.0592115006619255 0.187698509596977 0.523715319677157 0.0400402030923796 0.316806430962729
0.805531927013661 0.000384933154876724 0.593968334302986 0.263301188468529 0.932011955166794 0.00875136152860605 0.108245219472008 0.486296720369335 0.0852149839359935 0.397079340263836
0.0742787388694163 0.972432143317249 0.998554615221699 0.665292868005976 0.999963435373098 0.158059790018434 0.828415723299376 0.603953513552162 0.746924816662393 0.661396973627348
0.493001832824428 0.101196109502502 0.254196456538424 0.245610153535088 0.476543058395119 0.00219203793034858 0.25834245700761 0.495446861648012 0.0539523822627455 0.299900286885483
0.898466992571105 0.179144128701892 0.999103087287355 0.430132607741134 0.585715061888744 0.0361929585646653 0.150781503433217 0.531883332896117 0.0440084679431408 0.316633299459352
0.949594053153873 0.575372756932378 0.0303846897270014 0.415239324320932 0.986382364389053 0.0725765609569639 0.856494621511323 0.532027216293746 0.0888670414965825 0.427924350305333
0.992907401282261 0.952018693761042 0.950176554545607 0.872135614714536 0.999552501773315 0.193013351092211 0.776605091984802 0.613298356630742 0.398596809780248 0.766544069548324
0.930688744641648 0.0117433887557265 0.999013460187518 0.441397625188028 0.996609401813849 0.165729851440303 0.486844107127743 0.565624073773793 0.446076057294353 0.535316802913606
0.0066458695909336 0.986641650139979 0.989357158772167 0.349284364564669 0.874602116035382 0.012569906162213 0.105791182928494 0.513315944043643 0.21502734813371 0.301281239469434
0.0551589307692854 0.954542734441201 0.998184035673456 0.837307468188599 0.999601104406812 0.872084604225446 0.728305485109608 0.624505867550662 0.295261275515871 0.588371293900248
0.122657123520132 0.0755597950045407 0.994815178269636 0.573151033268338 0.99588468665274 0.0211032388342007 0.409573635071838 0.519535728823965 0.470676070645599 0.427648694688957
0.956337734011456 0.445389770585582 0.926911447215094 0.283323230756825 0.881418418807069 0.0052848768436557 0.223149211596543 0.48195266449368 0.0519262664405182 0.722606569134381
0.40674745928071 0.669633143298622 0.571871919541441 0.108993491912081 0.960035182189449 0.012752118622211 0.0865970272371756 0.498346073856498 0.14285645328429 0.346215617230766
0.941464342268901 0.987156951587743 0.99612196951246 0.34136917703988 0.983749204314181 0.030155072204783 0.171651876017409 0.529947390156413 0.0511679430064913 0.308364310136576
0.0994933116024878 0.240095862333967 0.894454149092229 0.145816863489064 0.785127893994824 0.0149257451465006 0.16662979090653 0.472746557317993 0.11039204948339 0.432782216819663
0.121230836552493 0.0594865592471704 0.861518214820538 0.467770719187096 0.861620394934664 0.0976028419986088 0.562415099303617 0.524972666295963 0.158758307587739 0.616295756241154
0.114158243808217 0.0012240381231769 0.388769081924665 0.0989474924439261 0.324346262960621 0.00485213664174935 0.207340411438605 0.443399889210464 0.00347491019897448 0.287541779492553
0.407118426866641 0.00696547640880171 0.600408679528118 0.256510298662233 0.877203168977277 0.00207089310880424 0.459918100267178 0.472707860951184 0.121127516521754 0.51787542102668
0.99783353364981 0.983819718523079 0.997937911510963 0.806440509693834 0.97567198022932 0.46491865743658 0.258401058205229 0.609041877323633 0.465251038150279 0.708779560243247
0.356521782938663 0.0243906813459041 0.919221952557088 0.604864043176389 0.822611059048935 0.0530030534468376 0.114796854818172 0.553789634989068 0.363696339673256 0.602447137874548
0.0404082130766127 0.564746482212383 0.956652970819304 0.446059825208304 0.987098581326661 0.0250863551896198 0.592412440021447 0.556211024463546 0.245757613012236 0.320224621921856
0.93532844979919 0.0860676934111975 0.989395509288816 0.580490216129415 0.985247719828261 0.0879034704820946 0.289208277196917 0.560930140038403 0.204094117132085 0.654416627694535
0.116988887460154 0.0010867847908727 0.997811222233177 0.302200957199051 0.648064675438117 0.0264087495869009 0.173772290911259 0.511609019154536 0.137435191042254 0.4191644261349
0.407974863526857 0.116890424143467 0.95901613595768 0.481377111858204 0.976497079115188 0.171003637320002 0.482944087323576 0.574580014673013 0.0609985648680829 0.446061652467708
0.383716592292797 0.000758003626576141 0.36821888567144 0.345871787270978 0.799656734905825 0.0135091413561518 0.710885862317495 0.498889429822801 0.0237660436975126 0.362402271730309
0.334817912730817 0.109125933584675 0.95109128789435 0.635964536090918 0.963407044715561 0.0658597751360335 0.368777707474936 0.515587919876943 0.215413702223101 0.429549458313166
0.0416564746852673 0.964160205484265 0.996705384643616 0.639995802770097 0.989459437795131 0.178941545343324 0.658992145046166 0.601104327165914 0.53073158264441 0.517095083862875
0.848178660035169 0.897218003979344 0.934475618462788 0.50569624903355 0.999093009535104 0.088480520776467 0.63780785836384 0.571829388635371 0.156502524723309 0.732026153050913
0.446093694187109 0.229066522958323 0.820263004535406 0.376257981311871 0.954669682658176 0.0180280871910841 0.138540387731046 0.509488109023175 0.0603748528663792 0.505734855730601
0.200279464697401 0.737921804190452 0.997932050191715 0.263752694058753 0.88257221117333 0.138745625154004 0.302715735215215 0.534411115886838 0.0662193926800844 0.353717372083597
0.91678352847839 0.78715132379257 0.985169567884218 0.726699976010327 0.998485509416197 0.587609194247517 0.823965307934073 0.619331298382865 0.612896397815841 0.689775269765834
0.073451300152317 0.0167912890030253 0.421231358152513 0.321501617066377 0.994156897875357 0.0338082581287659 0.122111265317645 0.514136913903818 0.0326775574615971 0.25953154681902
0.896168818605725 0.969971365929783 0.997958838989409 0.608638289557284 0.995740887888603 0.091498936243815 0.334615160207625 0.546581314361477 0.2633779664536 0.60633360427507
0.636968357113383 0.918931385298206 0.98987986578078 0.564834043451885 0.980093695963405 0.0207679405783545 0.938003706911454 0.529069649126945 0.208021971412334 0.28302449670266
0.854207085602479 2.22539211785176e-05 0.914009946886243 0.336112628066893 0.377791012932412 0.0519877363015373 0.0760363429610822 0.456281110619553 0.0339269976015079 0.459282816706179
0.874761578377861 0.687220671936157 0.857723581397613 0.824417661177716 0.998541976734935 0.478275178039734 0.524911941020884 0.611463562495873 0.260738935231749 0.754159596980422
0.827677140007669 0.257269159279882 0.828561892296873 0.254793677230434 0.419428919332576 0.0091751879030607 0.0632734055901343 0.486684549751055 0.0224386991968855 0.302404432633517
0.0865026334493358 0.449204518740499 0.970014255329188 0.387171544031061 0.910857656666298 0.0106249671031195 0.111035652863483 0.500017646348025 0.0227489401745786 0.398385445188451
0.384498484926934 0.124681410162224 0.98399331914531 0.291399515300738 0.971492016981651 0.0021408306020976 0.407188447764886 0.489813524329921 0.056674113200664 0.335516719682694
0.025900013694824 0.108569253698394 0.879618369806353 0.519743686887392 0.979988082902108 0.0246311602684435 0.206483038011724 0.532658047330133 0.0716333736324562 0.357387122679769
0.392782673565354 0.000729753798055856 0.0127745746389193 0.0731806530521323 0.265601356233727 0.00222231918807372 0.00170811632600185 0.344772942121449 0.00195710060589747 0.128837047835168
0.99418635735908 0.0112926903045021 0.994825500155781 0.651087859328714 0.999750854787749 0.220313526045384 0.590659670379459 0.590016575353069 0.359683229678547 0.72469665689887
0.0547346554561301 0.584159822004227 0.9302866484415 0.406147399208971 0.68903130843147 0.216462122726137 0.189246566561613 0.557921307316107 0.15616058962107 0.247881790820188
0.998287046525501 0.161902092104174 0.560989939648511 0.354270798220068 0.977250806161196 0.105854353664187 0.14030918563131 0.52244146338116 0.0891628906216441 0.438509815441933
0.0673821126471725 0.988212130283479 0.991081415743023 0.72264043969608 0.999398929810764 0.209105881805557 0.695212999102757 0.586709625662458 0.325898679213437 0.640655020937786
0.631966712394721 0.739621771999827 0.99537949510174 0.771683562247232 0.999688644031286 0.0908860780401202 0.310926540400773 0.584796441640382 0.213745767831022 0.629205889470827
0.437132731341418 0.0503338911057478 0.998142198546686 0.532608089251362 0.930479300891163 0.0648144020894839 0.0419008805739189 0.500182238453149 0.0601830419659754 0.577967763230354
0.985257755765748 0.967927134721076 0.95349681444015 0.70917398520856 0.991629337588122 0.0164484739328079 0.184862760133429 0.54036622919244 0.439215351596008 0.675760539483502
0.325243161091378 0.0168287920121993 0.0151836776268172 0.357836893729374 0.806696245867376 0.0101234025144907 0.118921206915032 0.532445877732415 0.0618087786932593 0.376870582498777
0.519487915389283 0.900742756439484 0.99660468940662 0.775195049953967 0.997543731019911 0.331320748157957 0.493951611799359 0.571201232923249 0.245634606724357 0.507513870773799
0.033250407740591 0.319229793406455 0.859313035624446 0.789759009596937 0.978303827835375 0.108014974450065 0.277768140264298 0.552643966548824 0.0782058300278142 0.677386530135511
0.203761668523381 0.986226608095762 0.956007716010568 0.645459358669557 0.960208166493776 0.0947542467885711 0.40357504958242 0.544346056681551 0.047724461314398 0.295836888925458
0.0517398877020917 0.0026713497148455 0.986630024791092 0.268578552032698 0.90213154485717 0.0125476885495315 0.192358638635055 0.502138789576143 0.049508637220785 0.493266145956259
0.913623723881599 0.922317655195277 0.0423659421924545 0.151865925194678 0.833958097725857 0.0469931838368732 0.219407850137607 0.451394272263075 0.0346357683334373 0.236291656135319
0.000226595888508928 0.140131091717095 0.544114726545473 0.40297263652947 0.623981156487006 0.0121356040336095 0.0347279279538738 0.48833686117011 0.0122293875309165 0.545900109387652
0.560683683017327 0.000365996202511263 0.827388754564281 0.0638551537820076 0.0470525678815819 0.00129479371069272 0.0169096880737704 0.398661051724513 0.00054081783284475 0.193629082426684
0.697718713955344 0.927603641521678 0.997693599132683 0.634765610911773 0.998046899252309 0.107144246685076 0.419343104671946 0.575127267209272 0.258501358058631 0.677548394566098
0.673168014534843 0.0298047629002479 0.0163220873705568 0.323633065025134 0.897905743897667 0.0137984878091847 0.0352026945730793 0.512636549253937 0.0377015171904583 0.330297100886767
0.563908142978652 0.0553887723509145 0.980487429336767 0.751185116546197 0.997537077887177 0.108940657040308 0.468020106669955 0.544918043695104 0.108779922567988 0.487980442608832
0.162430222596298 0.00106529098478125 0.293535612222704 0.174509474370082 0.406443211548896 0.00910822203203431 0.679025267799671 0.45850867061021 0.0269484175301715 0.265734699488944
0.689410452232037 0.695270586342296 0.997140170657122 0.582437616586294 0.928236466751066 0.0469568205994961 0.0892547040958226 0.52635643568595 0.278691806536218 0.3478107281602
0.614639007109363 0.11154294548506 0.99915808694981 0.535623571882526 0.983787758518608 0.402405309905823 0.149770504428522 0.566631139172436 0.131156464392445 0.561939272837263
0.593089837027778 0.100647368423285 0.998494486162298 0.814622038042467 0.999047274955677 0.122352628152922 0.441457767345586 0.564127806718336 0.19662906788686 0.612109110890863
0.00125812258626623 0.104413734888497 0.816508271761361 0.0892402539133184 0.0872105665697854 0.00233390222705173 0.0045016750068088 0.469058716540141 0.0159337216948082 0.287410032530146
0.557477430880179 0.0396360104319156 0.228916615646899 0.358703241454054 0.844097388305432 0.0476068391477965 0.114757279914829 0.526366955116712 0.119121851508528 0.500835553393174
0.999836979756297 0.887863015067331 0.898391056345873 0.505772031703872 0.989059939404374 0.0432487192199433 0.16432933812481 0.509494518391337 0.0912455908514907 0.487733888836457
0.80794428535041 0.487284703661603 0.978938071430153 0.7942313307663 0.993986678527759 0.260167966930023 0.467444367781774 0.562796985064759 0.277387412848108 0.506015635545333
0.928634907116186 0.0025565205815799 0.998701114173079 0.270961724497553 0.975460719787124 0.0361008416321529 0.206502266128091 0.504931775360429 0.0706306481288406 0.362530841612711
0.974721452905034 0.583155538202457 0.924077294126129 0.286049109240727 0.868783934379907 0.00690046528302253 0.159517730723014 0.522846353317841 0.0473814304762139 0.243779400653348
0.966087287982949 0.908803168270266 0.968715796422215 0.618083566927774 0.998452129079234 0.256268106862139 0.800066888802997 0.571668753127661 0.294078132100687 0.611020492408073
0.56085090444581 0.0108345091611762 0.581124939858318 0.111118802029926 0.201391179761851 0.0130004524272322 0.0444391430362404 0.460265954836609 0.00455817344244809 0.317468411103005
0.997350073000134 0.000228343281886145 0.193582400890544 0.282100983787692 0.637306773849982 0.0525727945592144 0.117626932772526 0.519258149433119 0.0534126692070306 0.420335222519167
0.00445018259348162 0.000607037581319107 0.880677899344588 0.154988287753844 0.479767770946041 0.0201403062463893 0.503029807905756 0.471685577447003 0.0312507173475873 0.383581900694017
0.709895810178857 0.00137413146957402 0.984365792284196 0.275932527262637 0.796713966712212 0.0760946860935331 0.244607565025722 0.487981839876563 0.0294203862717135 0.615611395698675
0.488402910492078 0.00993831801770621 0.484182776529945 0.425201516174499 0.767854768803874 0.0224461556865389 0.414417708197385 0.501737808424081 0.037621362977439 0.456245921728812
0.15570520723121 0.0057758854737831 0.686454074990888 0.308839884655903 0.993234537411612 0.0351234700320576 0.0234474303852336 0.528123088495868 0.167689029394933 0.668156855408528
0.989804314021704 0.0206418530848856 0.997071772803575 0.751620501727117 0.99984647510477 0.164959484013794 0.704315622781443 0.578763612717109 0.314504111268681 0.604618810108117
0.131120853523662 0.0298794592420502 0.999871346315112 0.705374579294024 0.567840632102355 0.368928151147661 0.264111258658574 0.52697165074966 0.131833568825215 0.645209328378855
0.00443447394655812 0.0395188091831245 0.797859755537409 0.42231809339509 0.238150057997206 0.00334989788676495 0.339925254692322 0.49243179830149 0.0273864981886942 0.28937555492119
0.0197238876912903 0.00029611017703456 0.997375551827782 0.315106654001171 0.731646151553252 0.00306621443779586 0.104606482599457 0.456489274288272 0.0204562344272091 0.272180514163913
0.0144255560276515 0.0486657103087082 0.93038461841814 0.351403556903852 0.854960388697969 0.0400582384453509 0.0341406048656607 0.453079565545363 0.0478192319460419 0.231104002774304
0.0607225819890175 0.911968578240525 0.988406719638789 0.719723062244165 0.97162266961529 0.0672952053697604 0.698682336674434 0.580675749840485 0.147329027390312 0.778026519374217
0.839200955455224 0.00311057955260197 0.703296215047674 0.170963333189273 0.598266966730031 0.00470080303116718 0.0333727737547831 0.465101114122679 0.0227621882435523 0.276816727600157
0.981693517518737 0.0834336328654175 0.949291468015659 0.361725643497463 0.984684942707947 0.0147513659241939 0.152941766434495 0.519340056251982 0.0480113279244435 0.341708026734351
0.972846488045839 0.29870115902533 0.999514616317208 0.492093102317498 0.997753451250189 0.418695188919398 0.240115039740895 0.547003635633582 0.162761873613741 0.523732535908182
0.322937601284893 0.488560468086693 0.998419302414914 0.634989058828938 0.998077584679779 0.470725865584838 0.28897184804182 0.581880636542952 0.16252913518709 0.753176836770992
0.993348976083226 0.0107358671097376 0.999796089306675 0.466751979510453 0.998582382851406 0.024224676181888 0.773969636935127 0.568062751753675 0.183800108326808 0.374100892672165
0.567525536011284 0.718078888698594 0.966356285339604 0.391853677919785 0.824738414689214 0.124538218682754 0.158390712733801 0.519853240318699 0.0855014411492947 0.376510980876593
0.984715047663256 0.961232633224489 0.970839289951649 0.739915335686241 0.990621838600241 0.701210200565699 0.394488109213518 0.585190337848933 0.289003929233174 0.693722147751263
0.2669577421341 0.00904852583315947 0.728657618472582 0.262331490810396 0.900472120678498 0.134630804966298 0.0132520208642401 0.458173092834088 0.0199781195506255 0.497324086128065
0.959594148105748 0.0488610598629758 0.951542467568558 0.749071198061966 0.98056018877334 0.0463550930855183 0.202024875011562 0.559348399774318 0.0630745275447178 0.36026782624489
0.646789367205428 0.0587137276043248 0.648069518549379 0.370890234011483 0.971269275056454 0.0268326432822641 0.693661435702388 0.503016629425998 0.0802735304260147 0.290589041506179
0.0297568905407023 0.994179960199151 0.999855072613601 0.909876551393408 0.99998956551924 0.490095859916971 0.451625854061083 0.612580069176671 0.658846692206043 0.793253491866973
0.558483361555474 0.309505161230709 0.778784452861358 0.295198176293849 0.767007687716941 0.0191563543790115 0.041349134434422 0.433554039920274 0.00699056536622442 0.144117710794142
0.905237361606069 0.876353084909885 0.997045335917657 0.764293758291231 0.985096757904408 0.141846139516557 0.738830019972631 0.549021354713593 0.171571995167829 0.639051921749354
0.0193818055808348 0.801398172963935 0.837849801632124 0.719456258644261 0.993638758107845 0.0580460686687252 0.524367594045496 0.567872305481414 0.215095771895535 0.531944949418424
0.669519170284632 0.0178803118142942 0.977484065343521 0.534768612157356 0.998101520437881 0.206198813843342 0.128008437087694 0.561969472632943 0.137742831298443 0.677675001410166
0.482147954332734 0.201827773473204 0.988289121893595 0.266607613299163 0.992587974596806 0.0262450667989888 0.0482886630588212 0.518090205364986 0.0399569109975672 0.332119439652852
0.347311839256025 0.224100246801834 0.998166309846232 0.39590976778709 0.980468946459408 0.1860569012566 0.0330974167216835 0.547683951412274 0.16275344562147 0.624842034660468
0.0757704204831573 0.132724906677526 0.531726578993574 0.408162168746325 0.916970878663446 0.0533594668639704 0.0839083164413532 0.502411686982498 0.0708843530460315 0.31928345223007
0.792325073385245 0.00253940780078419 0.803794349584558 0.12600894567857 0.103984936833606 0.00844766843566988 0.00614939778836935 0.432933744478332 0.00669041220101721 0.185299023498551
0.974273189086126 0.974683620887403 0.944926010835924 0.721055548981217 0.990115490584715 0.399438010013354 0.690786576318691 0.588530198090482 0.375441962073749 0.648489911008709
0.584941454803981 0.985317122212723 0.945399761291995 0.336453127112864 0.796122935591175 0.106097538804804 0.900841542817922 0.518040031060331 0.0703177663896235 0.498128870945013
0.262835960257519 0.0128498388040704 0.842027131067405 0.208880026370148 0.870477677569336 0.0254221088710615 0.17919209156415 0.499251048927608 0.117404191834906 0.455305274889383
0.587100999656705 0.0884361516925391 0.265905657607964 0.489761520486653 0.967697426303403 0.10022970014896 0.0388619116935674 0.508565613896936 0.0503363988719263 0.256946875990753
0.00217489783672684 0.242784246465791 0.994575032515212 0.619052668317235 0.993996736204364 0.176482290906172 0.390494979893118 0.587475501966308 0.0868322734567446 0.554294568013151
0.137022335154395 0.296604899360041 0.978900107267845 0.31712967446483 0.84816934810035 0.0843752370787353 0.222968376899854 0.523876139316023 0.0399554027207331 0.420113134403636
0.895598086834651 0.278659892249175 0.993308308217352 0.812885602164965 0.995494291581488 0.197954189302553 0.388537791987363 0.567157129151608 0.118675396695477 0.645963046723115
0.0487623876388193 0.157267662288664 0.9961766205685 0.783172788593787 0.999399520702687 0.346625610461155 0.692900108030212 0.546983150628457 0.303881695695596 0.475141871509953
0.745801989376655 0.241001528820172 0.996478236851768 0.567412307652906 0.919865575881621 0.0426617565108768 0.146566885423405 0.528219055557274 0.0640544040473898 0.348592576932402
0.858404344445452 0.0155407527820865 0.534769476628205 0.425735843441597 0.541071417550177 0.00722215656240355 0.0992962576028109 0.499751654389395 0.107193242579361 0.296321301350876
0.334917297330313 0.107715845752181 0.991785497647986 0.532096416582835 0.997754337201289 0.113932180813115 0.780792145138673 0.56762608925863 0.364808763183377 0.581252475845829
0.92770854721545 0.0411158107223267 0.873417272456646 0.531829598976762 0.99195773144425 0.312395971768183 0.449073729396139 0.554120685881869 0.188835844835876 0.549247884283877
0.999621388821315 0.175509375711632 0.56858071593672 0.341821735470382 0.990127064839013 0.0833618217661675 0.050842873892241 0.514599678061102 0.177900069799199 0.547252326920289
0.931170889624169 0.132674231663864 0.746963522691591 0.233546511879258 0.896515795692186 0.248563275903352 0.067548470512219 0.52339411292597 0.1015191231974 0.311378629146215
0.799934686793724 0.916890285944864 0.867114655335791 0.314599805514218 0.86077964771435 0.0288938153262718 0.0351352690199967 0.524521693461907 0.0853287476544864 0.513682021987854
0.954536656746467 0.0231698446980334 0.983063856122834 0.439957444315877 0.96878290014441 0.0990345656651433 0.173784456640788 0.507057654591797 0.111996454146049 0.471167842568557
0.984149252779581 0.0949198585187062 0.855798436189878 0.568344729672368 0.998335401553531 0.220345447600849 0.565948194160884 0.599006727834376 0.476043007260974 0.551218080377397
0.992214419121044 0.500551419486315 0.904231908218725 0.614062673344523 0.987686866023605 0.0437419800198198 0.807115735635965 0.548805102616394 0.327186067079711 0.428498752024684
0.00142485295223719 0.273023904524296 0.991029663611313 0.616660352526274 0.958426033748974 0.0970451637196052 0.00746306878341442 0.546123045854168 0.047534594245112 0.636772015883464
0.0192337553010632 0.138118628489482 0.948963672374581 0.2567142407889 0.384430446963014 0.00954556153232128 0.435641244788165 0.487294985425535 0.0309465320020403 0.287463176660914
0.0206983597391908 0.00977587474940918 0.843394793689574 0.39597792939651 0.990926950100108 0.0167347852509154 0.0518649459553088 0.459393725466531 0.0181554571373514 0.400966307937077
0.198580957892726 0.0150574879838123 0.999371701623424 0.473774562740984 0.996270872643657 0.203740215418928 0.593914897035112 0.56407586000622 0.0608038883526247 0.699324870035094
0.94168464749183 0.0491679083278981 0.994744086070951 0.393568847179755 0.994233105778028 0.0728161591123701 0.748587781919557 0.550026690336999 0.243031999073708 0.617704879609887
0.738531027684703 0.00450960610931222 0.999798806366078 0.660581087829596 0.997448484267921 0.0549737951909162 0.169340506681795 0.581949603037089 0.273880844992658 0.777959710382633
0.84358557456009 0.399690826958722 0.921893710691071 0.480824272154653 0.998581692357451 0.17329217769186 0.239590228783632 0.563256111997427 0.318027670063119 0.522220817889104
0.969848309901874 0.095905830041501 0.941356519205813 0.672551404238269 0.999518704310632 0.398706773067897 0.316489345885847 0.566323083648133 0.22934286715198 0.438523100287501
0.07398453353738 0.736625972233285 0.998966072956358 0.590999722020084 0.999646422138644 0.265795019155011 0.107079119554496 0.535276600675961 0.132040573376408 0.587301153081893
0.984600544860571 0.463774030567837 0.951198669976586 0.537437384436859 0.994200779051063 0.263417591117468 0.650215508928596 0.561169362538651 0.140215193999304 0.429440399755147
0.581764398631962 0.707595389694952 0.990373827842307 0.838362293200099 0.99969556195913 0.358654893645391 0.735516153539068 0.571841493945463 0.350878999049447 0.497613673928117
0.398220480864944 0.0958252797924531 0.537017648121371 0.314565697459878 0.858740253200985 0.0155609238593975 0.0483297385813418 0.497694258437618 0.0339562820113628 0.231110389490979
0.921326492781047 0.00653218097488726 0.988353652254384 0.141011452755007 0.0693967682796186 0.0047886057798007 0.110958965509999 0.507892328050293 0.0339963823501122 0.303378157711926
0.831308714654083 0.15462557296302 0.791513257436301 0.772954734563001 0.997422764827215 0.144893233647133 0.261558815482688 0.545977145987546 0.216265777788237 0.658227936443457
0.160313201680595 0.00373373532446978 0.0173078147156923 0.0993354133125588 0.767452761257046 0.00224367547134979 0.0516581124668543 0.437666921238895 0.0132755385048451 0.13880257606588
0.933548526061447 0.000130691827833795 0.969723724081826 0.446927813821767 0.774747983754507 0.0403201892821819 0.461218774926748 0.526495429521155 0.0525894101787459 0.598689215170295
0.896510283413742 0.599753430322443 0.843064396431815 0.486175222460736 0.986602477960839 0.177184394347192 0.256452458071018 0.525111980373911 0.0462924683019355 0.592777431032949
0.598050535177206 0.0130365611564743 0.997766609529554 0.640014465468069 0.995643061573033 0.149548456470288 0.904493513199531 0.545370004309702 0.20001948986635 0.515647579691925
0.0177939328001504 0.0378066640560831 0.655261402419052 0.310040491292158 0.738101349947047 0.00968914263558226 0.117316026367806 0.457925063183699 0.0316366326530513 0.223207682274554
0.02987621675785 0.00775775440214098 0.189783843000518 0.0662302199226628 0.779554927364417 0.00187278086020482 0.0982677424973511 0.414524202184543 0.00814711590308857 0.328966117938545
0.158850281631695 0.327779069848042 0.976868581658104 0.64070378945599 0.986371530072793 0.374364328585692 0.424063299804352 0.573580822246851 0.35985140313526 0.512565943114059
0.419583736229245 0.0231779442645177 0.99351699003391 0.372014505342497 0.893404649292538 0.0546504689518078 0.0664227633127422 0.513008809236639 0.0596374489080265 0.594502700543727
0.963513446651625 0.480892615613261 0.918720371320137 0.67672319927447 0.993817629488 0.241579209180435 0.634091754536513 0.572883003800214 0.227794588763823 0.716065569198393
0.953075686926427 0.279450477998941 0.992924788409969 0.537931722335615 0.99947164961072 0.0315664183096602 0.496146075857351 0.55840068209173 0.23611165883154 0.519655374471815
0.986773856750215 0.404429087266599 0.999717638270782 0.718680023493601 0.998058267766483 0.198404851305041 0.286190580774836 0.566085754428431 0.423152686626346 0.508038303718412
0.502426019917841 0.248270829749035 0.549212923856628 0.22732820369784 0.634301816651185 0.034752337236826 0.00608927823416044 0.46773611771945 0.0257944085770538 0.368296025733454
0.739916086035105 0.927940606894365 0.9979080879419 0.78671092866865 0.999531836102072 0.114879302270717 0.80080873191602 0.567998473660857 0.449612757995172 0.514113825817051
0.0287151641559672 0.00346023507989387 0.76457463800147 0.300332971297414 0.986846668822751 0.0217274375450178 0.301947727467439 0.530645623585235 0.0690205013004797 0.466090578847938
0.873841729895835 0.955089676698807 0.99869276462663 0.831752985461841 0.998977184148959 0.543329842100848 0.360475930451826 0.607157619500593 0.322343933063277 0.797604485687015
0.230779647692742 0.00663993542643116 0.971066488139208 0.330793475085155 0.993594838990985 0.0298126795841266 0.373097538023144 0.540771504420991 0.126182479171732 0.326204878962814
0.208590054562236 0.10773961584332 0.948357028957695 0.319934687146946 0.937006211268192 0.0256845556714272 0.0970810610003183 0.531598735290558 0.129289990049069 0.244326380930084
0.776865105033726 0.276885134189843 0.0230966859426465 0.710899972886139 0.855747257880599 0.0410239102015722 0.3167358630658 0.548053318021347 0.0595183960287606 0.532101790231598
0.22255005096858 0.00900822965928783 0.613342955316384 0.36042775185654 0.996954363871073 0.0679441494693927 0.0804343242184805 0.541808225959405 0.0876420464513203 0.421457711852118
0.668073544550272 0.802364791560322 0.999968511095287 0.706315885417626 0.998087570655045 0.106133547660113 0.920678564005276 0.611414933387429 0.33779070136525 0.583817293074993
0.809470792945161 0.833725319961379 0.99901899973527 0.693818810037268 0.997551268794917 0.110843876675748 0.448425869715123 0.566138597609711 0.272460717576166 0.56382591982291
0.982214761639556 0.953842844782502 0.996240144395795 0.549143440009975 0.991921622009596 0.398333913132441 0.397432039553792 0.566970078921357 0.360685148558268 0.660086066301495
0.49277081975207 0.0285838972671705 0.999884908060849 0.22032622468679 0.818471864856073 0.0660864659693288 0.158558297772526 0.495659227864277 0.017501003060483 0.479085661363294
0.882371099345224 0.998310563785267 0.999005196880572 0.889232306654202 0.999575432078583 0.878670970311692 0.829017895348708 0.615477132928508 0.70098053622947 0.648861543204896
0.985475184472576 0.0626174407367005 0.896968029049456 0.347651546949477 0.932843317291603 0.0505586434389043 0.708789608719629 0.483213608257171 0.0178489427105843 0.325989089091671
0.991770321405474 0.739384364771691 0.969954304455397 0.752089012063375 0.999605275969863 0.504479221439098 0.440264521719141 0.595693117012684 0.312197848202196 0.517564244456915
0.84885284879229 0.841782092382879 0.822451692277959 0.724987515114659 0.998013998318567 0.144702293127233 0.478332085388904 0.559382710899987 0.442468569086643 0.710693548491135
0.60337615461175 0.861318980120974 0.976923560804802 0.809267645923577 0.999348909840199 0.510036103632904 0.457510559372085 0.56809946579779 0.431680192145426 0.637894163294352
0.00871380447030715 0.039626196166616 0.379154098288377 0.280921800447029 0.901626309284732 0.00282939215540265 0.157720394903135 0.497713309151825 0.00780395643345499 0.428438621316594
0.848449940327775 0.0434516592213951 0.915339175213733 0.0580881076059838 0.0626969236770731 0.00757401339941549 0.0363374059829576 0.406926241434748 0.0281947344121721 0.0970510532305184
0.261162978035294 0.705698292985335 0.661173628831294 0.664480942833816 0.995202854497624 0.0778453585572922 0.286386130283051 0.548415139045127 0.19383798486912 0.631632727583118
0.761032830245968 0.841492169542004 0.660100902954283 0.75030703505077 0.965116592104002 0.288012451260543 0.643092393923927 0.583728316374157 0.521965375719219 0.67544032971818
0.52748606441293 0.184749040421716 0.373159393905447 0.395732876042966 0.404561718715322 0.00397989377792536 0.0470075218033031 0.525293377660103 0.0610626744000067 0.350744679386909
0.944916577408466 0.247601021626115 0.999951871934504 0.745080029035412 0.985913363088156 0.0747427051564856 0.249056786028071 0.567826637028966 0.104846931016979 0.741766668595287
0.999615564459482 0.935983413928274 0.999994670698639 0.974965423264939 0.999989859791348 0.953516332160258 0.917512757436165 0.678457875903509 0.865502300380896 0.781028769645875
0.837740205635242 0.155541332368193 0.961937161559912 0.271207911670013 0.80207549076492 0.108223258598514 0.689289461267381 0.490679007693599 0.0622949911468578 0.342830265311044
0.9413585047285 0.845036822789027 0.952489879133288 0.353487952184139 0.993255594163822 0.0401551203952728 0.123831005505646 0.509328082336544 0.0504726389019139 0.473587463615397
0.811398559386808 0.000180117821385071 0.179550186565551 0.371809195024887 0.720431481130448 0.0441415163466549 0.302407678589009 0.488568223799136 0.0495884948194964 0.377523853837379
0.969909407785944 0.0401621891340537 0.86000164413295 0.348138810649721 0.397273019171991 0.0300295891224536 0.488478351714366 0.489577020303173 0.0113800154951576 0.286170717643633
0.358160357214016 0.942764508935107 0.990794931151514 0.630501038999183 0.998184623882754 0.110125293968307 0.38127872468882 0.591319141014836 0.142094248064253 0.500215672745415
0.932191448507514 0.682909479580796 0.987107055722297 0.647945065419569 0.98065298577231 0.0964362051474489 0.398667632017046 0.563006661397513 0.282584941576799 0.520092802916122
0.936709220816353 0.00979079006453724 0.99905924958892 0.539154180922456 0.99602593852884 0.407243708930752 0.272440355226807 0.561533040065815 0.246591012961894 0.706431184556547
0.750106988884492 0.0183201974823907 0.844716196728016 0.650102464770766 0.985609344797505 0.235587619494676 0.647499747349585 0.55746146213308 0.140048933198427 0.574501024093915
0.992905964727852 0.0321165775895705 0.997216481907714 0.827674902588371 0.999807815270232 0.307200530602603 0.22800452775463 0.562026687655398 0.459724757702681 0.600812807391324
0.35412577207585 0.00360371487406867 0.927639129169731 0.257805293043698 0.937920651748193 0.0552389530439745 0.431366962456566 0.486722501162243 0.0120695838808134 0.431234202457054
0.189245417602362 0.00561757548436027 0.0165294490692415 0.186424533717324 0.729411421110487 0.0226689508218859 0.191019553528507 0.489971016278608 0.0193547057863866 0.336947763281502
0.723899203389391 0.476410233242421 0.592947326364739 0.122680154326865 0.984678757230422 0.0401064446533798 0.085879765604512 0.477155459441194 0.0238020886143393 0.505455388119461
0.00171036239061135 0.372360423390906 0.81704562929427 0.427695347626816 0.548671915346527 0.0761221299126291 0.256053606760239 0.532569841053904 0.159538384243499 0.530979104535644
0.990476398934982 0.666227653012614 0.103401306281211 0.512603459501514 0.98987369494712 0.228799359641725 0.347419612067079 0.558009982431735 0.111010981745237 0.53260931729198
0.00156185745349972 0.00835657134525561 0.578560375372775 0.0380577751309657 0.0417929577138305 0.000122704678482921 0.0805683882990517 0.45061141813157 0.00199100387643459 0.20104373803369
0.738476064559714 0.642095480859088 0.999202756384402 0.634249740952217 0.99831500506838 0.691144119362588 0.897639609891395 0.595468944979719 0.640225362684455 0.647457075453101
0.235481162953682 0.00626401187270747 0.536792438401067 0.0896293464276203 0.329730769168911 0.0151292137158103 0.0934471580728596 0.474479610866939 0.00556172296702632 0.187996729385586
0.416924309379971 0.0811591023301053 0.753896150267183 0.243524106174922 0.550946643324379 0.0213071988228607 0.0689176808963317 0.502717858302678 0.0173154928366248 0.343561324153522
0.434986054278505 0.832683680309634 0.999173881515614 0.686606147044427 0.997317950377752 0.0703333687583535 0.263441132450358 0.564614716913401 0.236344344670975 0.495037055669309
0.953559086426618 0.00334993327872308 0.0871274178865968 0.475260024933561 0.985770929294099 0.0715640436129317 0.384768228664624 0.534664021927353 0.0696425077533357 0.513143245355164
0.691082659824691 0.659205151667474 0.999938425808803 0.692039215490394 0.982644362126885 0.0793938482033203 0.460598772658469 0.57209064036266 0.073508412479615 0.700456350941219
0.975452955298405 0.791810509165316 0.989000722373917 0.568238551967118 0.992544310805831 0.263551063533845 0.332771672077513 0.543995826402977 0.252070271286998 0.60473514489517
0.018775044900312 1.08154992720444e-05 0.847804519412148 0.195859324642697 0.714954681199319 0.00347629801887303 0.223112222036691 0.46769947323715 0.0228694866943968 0.241994405964867
0.602949118172918 0.436612002715528 0.858477248336744 0.467277298953807 0.917057708351987 0.0959605256103114 0.298843161732294 0.545715632951642 0.221688944177029 0.64396913226241
0.524837995656608 0.22124589353683 0.992624729051879 0.574182237864902 0.985805980791092 0.416780912172269 0.309239647989648 0.577304927595806 0.125653378389531 0.691982449287996
0.875709376085619 0.508969665397931 0.999899938357584 0.513550190426647 0.998981416213839 0.164229323171883 0.196976441757583 0.533601077784104 0.249390633914602 0.418100315370881
0.267778496968251 0.0990161131921112 0.980882041254375 0.586213668320433 0.954609005612165 0.0139724065783759 0.103511076798474 0.568380269590133 0.0877103911379518 0.532235500785188
0.63634480474828 0.795684062778517 0.999698283531968 0.783119170047571 0.999234073395777 0.297442155121511 0.761244110087972 0.586058746860819 0.371313942533374 0.786519757605607
0.00896560170136203 0.00210395516896625 0.0115244221354747 0.164873492056723 0.457400033339638 0.0133159756954488 0.0500140310148108 0.456495957186435 0.0507479110915371 0.292433638958474
0.837640923394089 0.696519628681296 0.977984246519271 0.636102961728151 0.980431735202334 0.132324411926669 0.512305519533554 0.531186631542464 0.358270998169223 0.555872849171778
0.271330968353909 0.113298252868023 0.945141620864265 0.56773567283806 0.976185344149006 0.195062249246048 0.485216714655724 0.585491797256255 0.139715717427217 0.707558032184764
0.597286113170238 0.230545992793535 0.870947171478633 0.394298754731246 0.960790166681174 0.0354205047716465 0.601524287104748 0.49962076503746 0.124993706766006 0.236374950469407
0.968126590037382 0.00977230738205278 0.934144954778653 0.359979273989352 0.933074209096333 0.0247775524153706 0.0760582282143602 0.516817499993852 0.0595054277869711 0.365893598523412
0.0147738211751264 0.0148093692647699 0.828890085264243 0.349102433649376 0.993218791354521 0.0312379248505366 0.125768625349092 0.481602528796876 0.0828478478082913 0.342209134422771
0.0325073592515079 0.0121819850597005 0.785424109091365 0.305776608480115 0.892449167291523 0.0292383166201936 0.262952598209268 0.465487629355983 0.0927279488496043 0.355300496328523
0.803523708653776 0.0562329679196842 0.999951792143045 0.506872922292325 0.982292431938564 0.203134103045553 0.213458036907195 0.57656750994257 0.135836460338104 0.616263177818518
0.00609253311338019 0.00075759015445431 0.993546288128773 0.431243504179358 0.861549788829153 0.033256222257121 0.675061732997692 0.515370550800524 0.0215319318300575 0.251323959872945
0.960790959775948 0.545778624551022 0.967586290849112 0.147680878686683 0.922918084788795 0.0400403711704873 0.139393928304106 0.494089348560308 0.0185730565407645 0.539074526647648
0.299280360671045 0.0593814568413135 0.416706161625469 0.292930180527902 0.975605195884359 0.0331416323829012 0.913900410992486 0.494852156768817 0.0903096421060591 0.511823745418967
0.303947539308642 0.0376288123907415 0.873419512185373 0.751455117578711 0.999118398131083 0.323920743915676 0.516794738978766 0.591538359840093 0.372368365500526 0.522330316836299
0.237598148454164 0.921287578364282 0.99319901021083 0.449433050965645 0.990781085197109 0.113935845883635 0.0840317468845694 0.547631184457746 0.134343557444224 0.418646716576474
0.932264417267071 0.817135051749782 0.953599292755904 0.91571449684151 0.996492146756631 0.293822060184832 0.801206240588868 0.597381686594131 0.634468018175335 0.680996880581371
0.554362162993466 0.861866328200985 0.957455797093619 0.360286166936883 0.997096004037802 0.0278205274820242 0.113422570969168 0.525680094236485 0.152484544160269 0.779200518156102
0.998231022762791 0.318848083147641 0.688135063246097 0.749884345206324 0.999693053099864 0.138363451376405 0.482728579288891 0.582346040991193 0.514644515075726 0.659143415165413
0.346626003479543 0.161348866831468 0.916927969839587 0.544832145955168 0.95771405680195 0.0181428534569491 0.491717124164156 0.529819566899396 0.0892418176825112 0.550674290769868
0.137386290650248 0.178418999025946 0.994967187143802 0.827995538410688 0.997603071252872 0.347735007550908 0.260358773212501 0.58039968006968 0.351509520138523 0.700484055862771
0.767182231616051 0.732651372123034 0.997688844922652 0.642237497823309 0.9954328733827 0.163944520273715 0.504651206006552 0.585445513888283 0.488462697393199 0.376707783893162
0.574626619665061 0.0391537125000706 0.748456318164803 0.248358797833499 0.973619303951888 0.00764621409719817 0.200519771507471 0.475618947019444 0.116382652430985 0.321094882632321
0.154458869623839 0.668528650940414 0.975352016480124 0.546537463368234 0.989762855912481 0.194252565202137 0.0460694400032262 0.576712932668903 0.168722949671064 0.624048324236998
0.973334305319231 0.705035972987222 0.672787677640515 0.606815900514211 0.997366344707283 0.127679017402273 0.571472277340174 0.594484722848097 0.0900291840421384 0.47453638429913
0.309510442118043 0.00915204641973505 0.94603861130175 0.223044050535626 0.844401069024788 0.0908168114337422 0.0886586831000105 0.455172910920404 0.0160332273037359 0.462550368514037
0.224461965398629 0.762028966103531 0.933059978824472 0.493882159606722 0.971158429149006 0.0591743743311456 0.394129544277889 0.555364307898217 0.303750170387438 0.625019057972228
0.899828551933933 0.0640042652267237 0.999986188385546 0.894212590382221 0.999331771255838 0.581617488517934 0.393257299610324 0.585098043272768 0.405952135413085 0.714366547620028
0.981988989431662 0.970738185611529 0.979809608685326 0.368857831128369 0.98351598497011 0.0132468355105012 0.189834177046734 0.520168390376401 0.0556563065402602 0.303251200083495
0.965220967238591 0.845794521817695 0.98993598768229 0.714959636336172 0.999571255458512 0.59543594681147 0.133975586002696 0.563817289849342 0.176849679821946 0.413730631898036
0.998890423930793 0.949151525253371 0.997944442009759 0.751632219999388 0.991976811246435 0.207291391826817 0.171091885115207 0.579907510625602 0.656684866400572 0.768283663003721
0.00643266492448539 0.000155945658771745 0.0532749020714937 0.120543633049339 0.777249793464981 0.00275751996475545 0.101403686966794 0.414361874678083 0.00461553660968963 0.146272448882502
0.335983755457705 0.0716592848287316 0.788847813507548 0.267461175924565 0.675561498495839 0.0533075236662516 0.0660927835564352 0.483536428110076 0.0141128815601193 0.374847601211182
0.0374998542861123 0.000944160444964527 0.972095908199341 0.135783216919194 0.922600172467846 0.00160683449378049 0.104109524266841 0.464811219379028 0.0124715829581925 0.314537465425705
0.902665360130129 0.990391903635299 0.995659170948935 0.760537758063955 0.997076883767505 0.47505228278721 0.893388001145535 0.60158220151123 0.342415217457215 0.721767187530399
0.347733136466431 0.030954241634648 0.988829062390853 0.342687550119604 0.98043024977014 0.0693921613031134 0.415074939564191 0.511458783396888 0.167385466178762 0.622443399980642
0.984948131530358 0.111463249661774 0.994569332112305 0.676120764681935 0.990302490141373 0.663035020098341 0.286757368333561 0.583248821378229 0.137333475300173 0.556389513272522
0.00301171183579933 0.257359186330742 0.996851631788031 0.713763095566879 0.946828617037014 0.211199928683148 0.147333838464319 0.568057977003373 0.227903485769129 0.49099443294177
0.00838271535250484 0.00391251949696133 0.963230008610108 0.271039451299092 0.776481200343457 0.00839926726617274 0.243479462465858 0.447443420334276 0.0114247593694851 0.188261175846233
0.27917512805748 0.00461295580114287 0.95683611771375 0.412354532175075 0.774943181166097 0.0128927844622912 0.107512155546574 0.516666250249847 0.0702604928941013 0.507051681219599
0.975380567945503 0.273157511949017 0.923005176490171 0.471212862072769 0.994045764056561 0.0275807989236804 0.834110990754538 0.544777174642935 0.135503139052882 0.54784582054048
0.00506628051614973 0.000679708746562715 0.15634930522263 0.0740286307558879 0.362365905819736 0.0118233894059826 0.0101043184843569 0.465671079117435 0.00432062168091737 0.186901633950282
0.671380146274515 0.41502064087798 0.994098547556055 0.284610496104888 0.991556094701119 0.144961102997234 0.293983545996051 0.550378590751756 0.0459048537401782 0.443739810717256
0.045703061232996 0.0117532999608697 0.150838571560887 0.15866563669314 0.884061580785785 0.0048607840627633 0.0456467316562682 0.472257459074349 0.00534734832806517 0.181948784921926
0.0141256471968404 0.600158656241459 0.834206661145124 0.615169984197556 0.999278249566571 0.0787386583704118 0.846640707059131 0.575813051142288 0.288698273237323 0.776650015729187
0.153521785857885 0.950982464227161 0.998536451817542 0.802507720923921 0.989869263463792 0.441580500478011 0.130195442785946 0.598652237894437 0.252926138574621 0.681019180744425
0.101866693752517 0.846397139429871 0.70043208014335 0.534338609697704 0.994439082933333 0.161413115385025 0.305121100807869 0.527572943725865 0.132933784306654 0.512241960536436
0.985323688576035 0.00743269187935488 0.562527633323134 0.35354219329512 0.801257543493489 0.0341444060774515 0.0299152703900491 0.501081179551667 0.117669847734818 0.241492751959068
0.981812926802428 0.0900109156023231 0.999457468482331 0.800423720472158 0.99967249040849 0.789527184288036 0.733542818352172 0.638948339764499 0.441580333078744 0.79071333466751
0.78880997952927 0.000605373502744972 0.123271950022676 0.203478223798692 0.869699138064757 0.0331060333253298 0.0339100243048552 0.465193201303076 0.0147874297740924 0.24257545028201
0.00518208631837349 0.783271299971169 0.997113778708899 0.828705593805074 0.991187943047754 0.28232508660374 0.592307579770607 0.602826345884905 0.217193086851715 0.386541119942525
0.00736357507273281 3.14160766109017e-05 0.0437826902277431 0.303490994964854 0.231847432712327 0.00579565495933411 0.458856143861348 0.458476831341844 0.031315107002752 0.273307785160732
0.892639841158799 0.00302942159926296 0.999678449687513 0.34255711240652 0.998080485485127 0.147784042730803 0.118135147794362 0.512200789841838 0.169651457005311 0.612117052761258
0.993702292990348 0.246642206380691 0.996551273257142 0.49133666419227 0.994788556085652 0.420426379743482 0.699910300767578 0.526854186942517 0.0837200610675686 0.733958157401398
0.925249585654965 0.149473005009581 0.995609513535293 0.496926343558394 0.914138232329727 0.127686432521727 0.373841995782611 0.546221835022013 0.11639539863234 0.396788683539113
0.555755579408177 0.142199432873383 0.958678750520213 0.713119805337869 0.989004411375783 0.082113683535012 0.177566768281685 0.565399700451106 0.213886969446069 0.515714547487893
0.53513355074131 0.142006712095931 0.00969129835648574 0.255421263262133 0.951495108479462 0.069159142224305 0.34821101508111 0.513789079658605 0.13690982165223 0.464861903362529
0.208475914508847 0.0371446953733578 0.418716803018764 0.267835789585196 0.915483668404759 0.0143371584377743 0.186601888117529 0.467425577898824 0.0202153309813374 0.289601034522888
0.626957063524096 0.0576563238743495 0.828650612490339 0.413498105990739 0.969632950143587 0.0562939088948344 0.0374148334385093 0.516421678821917 0.0554054813593472 0.396588334101443
0.409513319746213 0.187235306760554 0.0691229193260521 0.454527730597415 0.921775503967077 0.37592894612825 0.178966775334832 0.539785950859478 0.0558698239116804 0.603730912713324
0.999372002925497 0.598068384981368 0.987606241323223 0.788321061113209 0.998352333503043 0.409937663790091 0.148067687142996 0.601432806121211 0.574469117159039 0.744437991311813
0.00554756308049572 0.719002505926424 0.967998432613137 0.301657991436022 0.976404307651952 0.0429824689013519 0.124621263408734 0.524152595163628 0.161376053451411 0.328141763318093
0.0423786255418861 0.00411523143291989 0.193102989374006 0.0798066870898503 0.111693350786229 0.00732769371896594 0.116059914698547 0.448656684703446 0.00682863513660679 0.176807416833033
0.0464824294154352 0.0743322889394189 0.990217508740971 0.402987109803303 0.638400731439543 0.0219779359826632 0.104263759588064 0.506610677161554 0.233944531689181 0.421830773301165
0.982679148547033 0.364201222655823 0.991090385315114 0.800173998040974 0.76946930468161 0.0634408125517524 0.138359831045188 0.538008032388312 0.232625563660051 0.515022515632837
0.678307364596143 0.0982930147746728 0.427620480470199 0.454874952932813 0.975711001105334 0.0469587640055433 0.0347294722730999 0.516670607815708 0.0318573926733042 0.233171749093376
0.484463142884792 0.0138611618682227 0.943134004400021 0.182484990200716 0.690834946265154 0.00895245477672521 0.363782753522063 0.488856446231673 0.0214570021616191 0.195239687908477
0.387461682522728 0.0898412067241771 0.965917888756015 0.607258622056466 0.943049237799466 0.363532811247087 0.284881246240952 0.598596375778298 0.296860128127796 0.406174761736276
0.688305094840152 0.92413024282069 0.999788300188777 0.875872320259359 0.999985921842821 0.496224300190269 0.670352127172885 0.636031906758536 0.667978141276279 0.774247780909591
0.00132627758128756 0.0655329440094724 0.395982521233854 0.0310749149321538 0.015966933095843 0.000771256223261779 0.264144074541579 0.377611950149154 0.0031365920832208 0.0711657896245905
0.512013940990033 0.0135441694768828 0.988572360476805 0.300061379702137 0.930547195945116 0.0271536273578396 0.0349968767273659 0.508174286914393 0.106388727794746 0.588448253376561
0.114107970171412 0.000856666814165971 0.994563173899163 0.233174454098043 0.899021468754569 0.00447843865220127 0.328047743602287 0.471251404306091 0.0343339431512377 0.380455811951936
0.292295341965465 0.367484162670506 0.99755002848074 0.653010078124927 0.999275573430122 0.0939133834121613 0.0796900938662833 0.545854800283336 0.0954628114556057 0.615585038034425
0.968253749132594 0.699233804742362 0.998841569491337 0.671987636063405 0.998811641370688 0.555060210627795 0.0636351398652319 0.559585512083368 0.121272468056567 0.626489695947374
0.990654000464839 0.971681608373638 0.998358359182317 0.877399914688524 0.9991848453799 0.652205585412021 0.23411890488125 0.595837597728845 0.606902682193334 0.750117956379776
0.256731552621692 0.665747747579207 0.555263010385896 0.330865593737339 0.847778124845795 0.0698307894757158 0.282470462308909 0.519720461876505 0.124757328861502 0.245765676904835
0.802411596126625 0.214821078665918 0.978726238824075 0.453130289657774 0.935660468740852 0.0606288603189864 0.262565241634833 0.503567531474168 0.0495798412187678 0.298414560690318
0.798931113275935 0.01804687290573 0.998055793629799 0.431660343918053 0.991913515361894 0.107798706853521 0.769210137188478 0.556736302823978 0.481944109621457 0.556295731154623
0.891240980095215 0.102042664407161 0.969071910433869 0.313331405487419 0.676454361369275 0.0336981736205164 0.376330313764719 0.472144943051079 0.073380039936657 0.340295041623954
0.670304208347322 0.00936730553037272 0.722401755388458 0.373259371837844 0.787297437999448 0.0152290218352744 0.125302616333084 0.535508919220419 0.0422995926938984 0.218154813103604
0.303676984248911 0.979072005300059 0.99959707872554 0.666233722341577 0.993790985491824 0.376554209274934 0.474090291427189 0.586038869296655 0.149841961778837 0.515229675467571
0.872661067507015 0.0145417261349875 0.502775548435691 0.312747916816588 0.89746879450209 0.0232131806800842 0.689354787792924 0.514222667170651 0.0734814509822237 0.335777672216387
0.995314075287838 0.18271165042498 0.998550915937972 0.389408563072809 0.892646261660003 0.0464164424052298 0.270157664352275 0.499207080249671 0.0630345090042601 0.538269782178369
0.0260048224682307 0.0228494926131362 0.937095833982088 0.439001398891843 0.827458560106432 0.0258860144047209 0.081673670616522 0.513914121628365 0.0429814508096851 0.468981033530358
0.819939896204277 0.141701068072398 0.945401214364074 0.429024129774386 0.998448366971567 0.0837854970877401 0.266015728670136 0.548854665758463 0.0348617614846234 0.551905039849879
0.998395454621459 0.012260577398726 0.999811652545716 0.875919944380341 0.99978952366953 0.745656405076198 0.804969231200089 0.603973476345964 0.514591517106508 0.84801700276913
0.964998632803084 0.913091156032721 0.997899298190264 0.76866538791547 0.99918595309525 0.419324348894742 0.927957427471556 0.569568884323348 0.473445993145775 0.681298447357915
0.108994946023162 0.0300423357487793 0.810614931169565 0.38964740613177 0.942387582055113 0.01658316873187 0.118162849603717 0.515673077242774 0.0900705398348068 0.614083931642901
0.080087833085994 0.273690503400811 0.994356154300232 0.475311260357245 0.996919558303441 0.102773964710958 0.303245541707308 0.564051662938642 0.242160960345981 0.713764624802798
0.982138099403734 0.407654797513917 0.980880369128485 0.65839473015648 0.998384457223466 0.0451162276977638 0.42604432773685 0.569537082355321 0.406686519694902 0.377224649959397
0.232916182540634 3.80914985070775e-05 0.830833153227276 0.508697082887924 0.990456783594425 0.0310934155833956 0.0945907093646294 0.525809357511547 0.109030756598534 0.55163772257671
0.179466775987856 0.0194134435062303 0.309213922303491 0.476937105140559 0.991841366897921 0.135307215136217 0.286417783185847 0.551832559921225 0.0284876129814741 0.513768544136761
0.451961696120434 0.166777628459977 0.997135419462547 0.71749264945588 0.996871325743594 0.343586208334877 0.526928457990845 0.613858665514837 0.359823446298326 0.711630069845436
0.300776752014004 0.0308863500401072 0.921529395204882 0.283817369901264 0.976433854540499 0.0366593851764773 0.420455876693837 0.53968083207995 0.162410088121369 0.512228804714521
0.918130299753621 0.00127676212771978 0.327940210089134 0.546884317418548 0.996963093572112 0.0281279976903298 0.14032743213973 0.529626739238994 0.207322059928318 0.453130039948187
0.23521032871246 0.0116767884744191 0.17955502697774 0.198849325626884 0.556133095865682 0.00799771867267852 0.785727925678141 0.503689802086935 0.0575943133270511 0.315291227969131
0.117973750116324 0.00679716517520323 0.208981768842601 0.277307222348219 0.961757750814362 0.00793260177054306 0.035349890502832 0.492496003456545 0.0228274952255469 0.232514145992665
0.599613219133076 0.0964007938479066 0.943109557016092 0.424214767372638 0.94108647293036 0.0992809068317352 0.500610742795183 0.522061820079574 0.0855825159824517 0.407605777819837
0.996477940394857 0.334620794398549 0.664513513140968 0.483624305545903 0.990578819238718 0.200687961912274 0.125087336492956 0.515567675899079 0.300407835442266 0.736961792977511
0.988150768249382 0.276187038392327 0.994936229920663 0.633778941109188 0.984820027660389 0.29798363217081 0.521503676670912 0.598446826082185 0.100724235241417 0.648321772205038
0.878544674108515 0.831505620275099 0.995451699398091 0.547315266775293 0.993112064977087 0.575058320189659 0.197265939397733 0.555254908914452 0.163940544802879 0.479921499686602
0.0153323860940709 0.0404103808752158 0.287831135128327 0.379734845024722 0.985081999643156 0.123281174458735 0.807174117050224 0.517279777544859 0.0354933872825405 0.430050374114163
0.156708700825994 0.868224124890893 0.957116604185387 0.655593763710588 0.994048663887278 0.0412707401669426 0.258312629088723 0.547530824937701 0.206356866363457 0.420311459886996
0.337175471570994 0.147329885078811 0.962213551438424 0.572410368092904 0.999363655807372 0.0684737290486196 0.198782713127141 0.546583012539778 0.380427161359098 0.707909890307259
0.970625800996177 0.450556453238476 0.98693823277708 0.563761783447451 0.981389953560761 0.0635742108994989 0.743968713580248 0.572091939788674 0.111809651752658 0.409381380068165
0.992998957351006 0.574501446777888 0.947769693515709 0.681897861095945 0.99995303217461 0.33212884500347 0.890906307506356 0.608597518490308 0.322068447125055 0.598129232133161
0.912720067714815 0.831772935200669 0.998036856121785 0.732436206750139 0.999666467776997 0.0931489376908828 0.15710876367437 0.541558998582525 0.165117748712127 0.603518364590427
0.0823156795434629 0.0130631407154689 0.740730136631591 0.0732433746078397 0.408548910929273 0.00424636448038726 0.0315412032941618 0.457600021501743 0.01331046589121 0.286503367994442
0.192379080952512 0.987095476600301 0.999060808421168 0.597343645115269 0.997947735776539 0.13106632337804 0.842197193767071 0.579865061642631 0.174159796177445 0.707704290561455
0.972652773945732 0.00301193838236973 0.77273324829332 0.503752344992647 0.792291225923839 0.0245698489828735 0.686251307549364 0.551538396576564 0.0581798801152787 0.57309681237368
0.879047251944292 0.965323135993607 0.996569348762189 0.778312853701927 0.999939121843085 0.220288755481907 0.875924978296822 0.603216557935337 0.366046292780992 0.743469937385811
0.985752373423834 0.973251200239989 0.997644409000964 0.86596489845849 0.99983284046904 0.228703303784442 0.163461142126843 0.639807494937469 0.627474943341238 0.875604358133922
0.023330007601965 0.00929074468976578 0.111955733589047 0.0342431634275067 0.160369368410883 0.000887388361504088 0.0232890508314568 0.428980079706872 0.00157136360866144 0.154025665851328
0.762393049288561 0.377654730881236 0.999898171473239 0.209125954225961 0.908807710893822 0.0137651314410224 0.133779620227668 0.508609467709418 0.0414706276425164 0.503681088687772
0.899368744410255 0.0297970663557199 0.854580935249831 0.57264156557579 0.977924484090388 0.16531833672902 0.534651743418558 0.541245216165799 0.114498524546524 0.448748982161632
0.929068182509921 0.0296115412417237 0.883778255086383 0.602586027014833 0.997394379462552 0.0483725012154403 0.779913639860987 0.521347616109246 0.118283934843325 0.732116510438611
0.457851967079869 2.55719161356557e-05 0.799218218344524 0.309363758807386 0.477697274298733 0.00442136574117453 0.0393887586178368 0.493038087981229 0.00942705753749507 0.23555076957845
0.641387707500305 0.0179515633593505 0.998263478364913 0.578166450877104 0.964938528875325 0.0336841923098304 0.672256707401648 0.521581793690543 0.0543153737232222 0.461397414364322
0.0208874396668048 0.180898322781245 0.454190153223999 0.236787881251524 0.260613677451492 0.0176481297659911 0.334728347955586 0.470505905682584 0.0440928476977366 0.361877050742488
0.83114031773551 0.978731775516686 0.99886035072966 0.838436649555916 0.996399304389426 0.186616615700115 0.674271819730154 0.593842669484586 0.16576183025245 0.61022284640879
0.149642803483683 0.0799623476635648 0.745820000682613 0.61496615609696 0.933732589116253 0.115092325173812 0.204044649819504 0.513316617781382 0.142969788379322 0.392177602607003
0.85007788543299 0.0161696996833334 0.265664183117441 0.122535566979447 0.0337964101981568 0.00173200223176423 0.0184447702536087 0.426145044666486 0.00570537347692733 0.257282932337967
0.591354444472175 0.0198408589492529 0.957720084156068 0.215667061427196 0.84515799549162 0.18748965220476 0.433253345643018 0.48368056871477 0.0747545994846409 0.51869972010318
0.00663692816846941 6.38230646717106e-05 0.245714371687727 0.239032186940421 0.878632010288433 0.0243996334583092 0.16556691557205 0.503929207538101 0.00486075557021479 0.465044220183568
0.971140100146459 0.590543324971655 0.97459926761217 0.575509032699395 0.995923201530211 0.153525142341319 0.483388687097225 0.523885145338152 0.170091052589717 0.298069996591498
0.0982000816270513 0.637012602716734 0.954275182163401 0.680397859558627 0.993875213809943 0.288849830492152 0.230923243884237 0.569529469947469 0.377312474742279 0.66265042398504
0.140927380389793 0.399200037723644 0.831897705525648 0.264298406359461 0.942930835679468 0.028571285570445 0.486667922979305 0.523114463823352 0.122342921328731 0.431974284296353
0.358254104148298 0.00348710009450358 0.993792908452975 0.635401429170739 0.999120394768748 0.506197214107843 0.553894546209262 0.525674453974067 0.153005812257943 0.5366658332112
0.987318580167953 0.00131633707376267 0.992996671811391 0.560225907477567 0.997996655076498 0.12862994356462 0.837070438694354 0.584388303738514 0.0948467665723609 0.598007071361991
0.396417833949 0.0204283207731144 0.808167295743954 0.637630432294483 0.916256922573364 0.00986117676455579 0.0746094554563714 0.486647518538625 0.108461062779956 0.46050625038801
0.103418710799719 0.135215022151179 0.991691573557742 0.492503027054823 0.812269232466799 0.0157401811199379 0.209762639920472 0.517072454050555 0.0388871288961512 0.27272601837637
0.873316557626851 0.159644538306615 0.195241284674864 0.353187468085695 0.880388928830562 0.0364906870520107 0.0275758071858536 0.496728336033447 0.011624909665106 0.387656865929575
0.123792574333488 0.00403396238125211 0.982222236190786 0.380938224289987 0.802337192261247 0.0267713635923913 0.0680928931273066 0.498262889807799 0.0580600038104315 0.335231002976923
0.0122461115345792 0.0297754040300983 0.613328025894186 0.517023871849231 0.824966018731657 0.0195157877544648 0.14957188870595 0.505993203601024 0.0375151005865254 0.270912450422272
0.966927552965593 0.404677388133645 0.894594013602685 0.257603624534438 0.963430631364361 0.0575200929034752 0.0915346349407082 0.488830415279013 0.0299479441343731 0.369253803763527
0.998436865888499 0.708529297680613 0.973662441332614 0.607164130775579 0.993263394598931 0.109156756577436 0.0321335632657678 0.597133085006656 0.188655020031384 0.454954798324883
0.0730134323354789 0.804593139215643 0.991644237824854 0.290951893738965 0.98204430792429 0.020369270173895 0.835525329793087 0.524368232455263 0.0588533483396645 0.508603228963383
0.0715174618605675 0.0504416812111821 0.99126851271614 0.716268980930162 0.991541081030348 0.244870915980588 0.79863539247678 0.475194912053728 0.113442355624848 0.659074786534343
0.112050495047797 0.0153603180464815 0.995711120746941 0.414522981569734 0.751306488822668 0.00401757581003667 0.0179949931143468 0.504908333162386 0.034549423629635 0.468125652103273
0.233332640967384 0.000857273706016155 0.301810182758606 0.120371057146931 0.639470186644406 0.00115730450892205 0.00314122208008169 0.437259219154971 0.00282343500920547 0.21228639879542
0.30382588171467 0.133439743282136 0.998455438504666 0.459468631455804 0.927763497651254 0.140711595472947 0.373743174743646 0.556076039015087 0.29551946162381 0.559054702574403
0.99035761505671 0.229235448751372 0.997833131607405 0.509007751196659 0.990120751888366 0.0561011966702498 0.72066193926313 0.553361355636449 0.0453383136737918 0.422702948511978
0.696644688976145 0.377922635376106 0.985443589430397 0.254930826895277 0.758529511539021 0.0182484002717221 0.337179261438739 0.514345901795559 0.0230802256071878 0.58278709087414
0.991773552986228 0.228116144698945 0.984989007566712 0.474222508581903 0.993968536254404 0.0504234143484203 0.520455787707767 0.566456002756505 0.0892042551332632 0.505738755447787
0.0624192104634658 0.00169840483096368 0.0379265428105344 0.0742810471580628 0.0791267863963567 0.0091730914245916 0.425237817330419 0.425721797219635 0.00479182156220056 0.283923174744464
0.94649468790442 0.794247165008916 0.793068128692857 0.330521289940664 0.714346712026158 0.0227182918276606 0.116288050589595 0.516611532128285 0.0579867659762765 0.533085882537421
0.175912693436705 0.865184907176317 0.972437007989994 0.650570588686347 0.997213221316218 0.038066335443646 0.142175977528866 0.544113322866336 0.247522379088207 0.398896868205858
0.904772402691398 0.0277335034419788 0.893766939449903 0.252564816650551 0.930133642707608 0.0178230108406152 0.0497951285939888 0.507699348125295 0.0535690517090041 0.254591312678763
0.862922496867064 0.00270052358858251 0.744445010167122 0.184785554662233 0.637077224484576 0.00498456921209616 0.208704695378056 0.45504932702052 0.0138145373703235 0.240526775035267
0.562260149791275 0.126215675455096 0.632804915295366 0.318358875310983 0.953269107491228 0.0171032801509249 0.319155130240352 0.514903628396849 0.107651495720801 0.500207226407832
0.566668414376465 0.00873037691467486 0.805765806855785 0.724238855563702 0.991260553296118 0.165303225686323 0.122357938031491 0.556546104471748 0.101989697832924 0.615297902392603
0.0505690464212596 0.61637726320425 0.913463994879325 0.323703138493612 0.906359889162033 0.0419842267484945 0.098377105402253 0.532427988489936 0.0983815773562602 0.316078378525509
0.956137196051144 0.00700856722914047 0.966465844216496 0.260637791034221 0.928152752505543 0.0555421936006422 0.0399165005943595 0.490449761234773 0.0661809464617879 0.203011085296385
0.953369297168064 0.141035733063382 0.999821487688708 0.556219234630327 0.996889897377439 0.298409225974488 0.224018230399296 0.510158241132225 0.117906750727898 0.538352304216184
0.983137737003418 0.12709506913459 0.991843176194054 0.617251393870981 0.988973783029329 0.157121956135277 0.779019082245174 0.559707402666142 0.438009681361094 0.461588650312651
0.100850891880454 0.146526069288965 0.922781277692364 0.56723594935489 0.994273365719449 0.215842872501166 0.565948903241578 0.554908237583186 0.19206717118731 0.493557496973251
0.977925067622692 0.0946606090929662 0.940718954665574 0.229126547202425 0.51503495094183 0.011392002909236 0.0201690836448628 0.508112857021054 0.0216017622113922 0.152427509355181
0.714095454422375 0.706704141264138 0.999819904302047 0.436311904780879 0.945649827151072 0.0935986849981358 0.450270960049794 0.561805712934128 0.0763399342300289 0.678764026552003
0.998245076680149 0.658220512156592 0.99782201100019 0.785794532080619 0.996529025232181 0.173569930171564 0.190929160281792 0.556745530153591 0.443428356794316 0.492669995029263
0.0549988010365516 0.764513859801097 0.0630911807472072 0.36102430645626 0.947207526851854 0.00728207316936324 0.0927165039665979 0.488101665381537 0.0208221802448185 0.364760921931125
0.321012001279306 7.7387327825925e-05 0.876481203095915 0.135502883287219 0.497916499235724 0.000857296531333376 0.0704597957263633 0.483523841229324 0.0630169492535774 0.376104160660953
0.993459963209108 0.987499220712339 0.997547917387609 0.785480422193384 0.999840105190597 0.55726424700102 0.82253542864711 0.581047655171952 0.721549075758988 0.459731870407459
0.635860730674342 0.679918027488177 0.993851653607873 0.332135047951565 0.98633170329274 0.0143127055057182 0.607305762764748 0.532066098174409 0.151114996149358 0.474183090076523
0.757221926174726 0.0302095508217793 0.900423397604811 0.681910863951136 0.98847763990167 0.0975680193944373 0.179387936126627 0.563182631756025 0.153021159981565 0.503248914317182
0.0193865436077297 0.00870443572210218 0.0888762800816645 0.160113249052027 0.604016684609035 0.085902405603339 0.232341487582339 0.479334063161516 0.0552842703871265 0.279327741220235
0.307904594912593 0.993513142242389 0.996836523933515 0.739704658857545 0.998687340329826 0.155052729027008 0.349840658524401 0.559697373054997 0.328255651269918 0.556383319361926
0.502152932645284 0.141008207229509 0.110217583317904 0.296127104784729 0.974324913235263 0.0783609184735783 0.553490809689665 0.52659559851117 0.0327647550373638 0.327936482125143
0.768871298387125 0.00117083880159041 0.991254487228994 0.61695936324924 0.855036590608931 0.212654562804398 0.182187922978325 0.557190697854457 0.269702214910263 0.670835315282369
0.0232190985671381 0.093606131431684 0.989536826677728 0.70235005274 0.995479840800295 0.126285314706672 0.505015231531599 0.554339752117718 0.32847268166139 0.521728045061324
0.985057815144185 0.92991478381634 0.8679229789767 0.438629097050634 0.986134844244796 0.221462906297491 0.427490107568884 0.495054614705578 0.227425318937872 0.371554949042236
0.569521117415054 0.331330433860784 0.949876156771223 0.684265455851039 0.936790851361068 0.0490076775900753 0.336354058014396 0.572339265869338 0.109782760191624 0.396237998988544
0.949746353066255 0.492020502291608 0.907081462314855 0.486189732732284 0.985521169611656 0.163771060969047 0.605544924158518 0.531259346248637 0.12183665578708 0.289532846974834
0.34304014818412 0.186559597738639 0.994041556640562 0.625750635936664 0.916132344722742 0.0692659273863756 0.384605590775985 0.589845208873494 0.275509105467587 0.472219878328856
0.495307514181057 0.0227989004563482 0.95399398933356 0.319622023288052 0.96482489050782 0.121982662247308 0.653657678394964 0.516268440379137 0.0368207702298262 0.440966787972329
0.938716989746575 0.391021978683163 0.997284954840467 0.667216580296567 0.999521597198268 0.813455418637396 0.576821817521741 0.581055356453321 0.395906399729388 0.784152089964008
0.720211948014321 0.00266412443196475 0.879867602400508 0.330423944818294 0.875693454543832 0.056827288605177 0.206736950841574 0.553753830707767 0.0473945568055049 0.611188357687224
0.179256664034143 0.994654628578404 0.845117800930411 0.76094299816848 0.998725921343627 0.495936393454089 0.429817136834415 0.568205457116801 0.210880032540484 0.586978988359421
0.451635625283809 0.954569826623541 0.979447443246169 0.823773143244224 0.998647870256002 0.585174293450118 0.390353899008447 0.592987479551324 0.229753515245588 0.695407060717977
0.296528268711427 0.326242890379912 0.949535739024088 0.443530396602889 0.396063291765734 0.0128821283314122 0.132826820882177 0.509871309816482 0.0616602343769745 0.269845185696681
0.0459444962329574 0.962371994912341 0.997471847548587 0.557091693567257 0.990727101706857 0.0364555012479141 0.321949616314246 0.544800367442136 0.135980618525392 0.470264735392815
0.499645660051874 0.256979694478821 0.262973447366981 0.157189327953639 0.980783619268332 0.00542756702897603 0.384014480528639 0.485855691212404 0.025207447901316 0.286891447642321
0.0619742716703434 0.00024162638940698 0.149049493445406 0.402363721083342 0.833736362215837 0.026046800330644 0.303472519457377 0.509905930610737 0.0318012239113929 0.243072191036099
0.147247530626351 0.954352915622855 0.978098270260132 0.705699327804057 0.997476659047295 0.206088157287996 0.183910453979347 0.549538008779422 0.244209786578343 0.542191897324411
0.63574649919582 0.00380231300863383 0.961023050489297 0.191443534834679 0.770517104550161 0.0194314812318533 0.36635331102586 0.500626162545095 0.0162125327375255 0.503256535781705
0.946870427552448 0.999784839713202 0.991546341135659 0.940601167408282 0.99999488433481 0.746041040401656 0.965951905457006 0.63642714185611 0.784918712461529 0.8005714082838
0.846370303297063 0.999893842368083 0.999584153456754 0.713116725348949 0.99963093666349 0.195164262904081 0.848474508142292 0.631095307384711 0.73787847812766 0.599094619081616
0.931474179206025 0.349981895586681 0.996131831329734 0.402018422763105 0.826635041856604 0.0122807784366878 0.627209814636223 0.470190950388923 0.101290461599863 0.374555617211358
0.368128092968036 0.0023714356602666 0.013953176184942 0.156905817204616 0.57271985094138 0.0177754207327807 0.0142032796399964 0.452605266132751 0.00612479536649189 0.325590224602758
0.350265351407818 0.572446494965931 0.997948619977955 0.734864710841193 0.999472460494668 0.381012041353942 0.553099311111163 0.5697358240602 0.616976659852521 0.603538005760528
0.180785466047215 0.00282937823972966 0.137183118427007 0.098837428048409 0.314551474371424 0.00598937111734651 0.0879290654186305 0.453125098361963 0.00515307964994349 0.187899170671991
0.49488052530392 0.301233794871546 0.527040302012717 0.314580642529595 0.975771119849525 0.133859624058276 0.0636609541345156 0.526978398708089 0.208089785260474 0.496820810192943
0.993968249936422 0.700228234074578 0.983172023902702 0.491072848860377 0.618867049020285 0.100573136203161 0.635091216355468 0.53072856561981 0.0975785508146328 0.516498029430173
0.000224867827996777 0.901063153234273 0.797306248169912 0.601478871089432 0.998094070093251 0.0361991787138232 0.201996079624636 0.565683919854298 0.48306332398102 0.675834403837255
0.226956893946725 0.788312770052019 0.998682317308678 0.396019233203254 0.906137557789835 0.251287024481866 0.389323764200726 0.531728189248943 0.207064938134418 0.593251952483183
0.0891827503423666 0.495599665907175 0.137481506751481 0.217120794878635 0.854408636243452 0.0034305867483629 0.102822501586537 0.478723373469795 0.0382046965437101 0.205204274691052
0.0197953882767477 0.000404399779393033 0.54941541726284 0.211165376914458 0.243316442412402 0.00534214625346257 0.0641117988742244 0.467779695046656 0.0327191341898091 0.409235801107251
0.737327574525846 0.736298727050945 0.998370440918901 0.678845519013598 0.978378669679426 0.058405231626434 0.361741599287288 0.551356237554788 0.0999900011106591 0.556890697587641
0.367382675663058 0.446205831310647 0.996087697493916 0.501218693448005 0.794193116213317 0.0121883466639686 0.012738040228501 0.508191399385907 0.0561976728461717 0.401068405022846
0.952954505821441 0.587653867964808 0.970751225571392 0.329074297115538 0.819455901680556 0.0766531555243337 0.236936660282015 0.523521047238373 0.193894010126878 0.569560044939229
0.688767082472279 0.0657905058629938 0.931370033663632 0.207903522141714 0.882385170432264 0.0104266136754745 0.111660602213172 0.514848586598379 0.0339922148026183 0.491335685262014
0.0030357306991607 0.12463782722054 0.482625499811447 0.139351812856455 0.376669190366598 0.00545853773975995 0.215924150282217 0.455438968474678 0.0219826043205234 0.273405377346909
0.00563173633557392 0.0748009812244968 0.678732393536377 0.294804755620946 0.307631016039953 0.00522184058616758 0.201376874472097 0.451166719471988 0.0101922311127549 0.346190383895806
0.021643909932773 0.0381203667567537 0.987283072910296 0.13044894626477 0.307540250373711 0.00389165498829255 0.0417778226281574 0.482515098444371 0.0126263719320903 0.19277557530993
0.90657490886505 0.0428037383452663 0.618217952963444 0.374718312351221 0.969210134549844 0.0520707675305 0.4999711523773 0.514990398301383 0.124688834419834 0.392364117327426
0.753278465812433 0.828670585417785 0.927556885263051 0.401886758831069 0.993822640323768 0.045845930175113 0.392612847468213 0.541462260480368 0.28123712923373 0.697774530319932
0.918329875830684 0.08849162811484 0.64449086159534 0.304983361875579 0.925995809859251 0.0218515494650147 0.157701628654264 0.525988862342218 0.0180168586213153 0.356675895479104
