0.430403027767384 0.00178188948540284 0.984386748078967 0.351423402458169 0.489624484272837 0.0223191333046229 0.237302270801907 0.525139720143266 0.0449775792616697 0.322992097047531
0.00246777592792264 0.520732907648792 0.999259400148658 0.244202616946278 0.852107376236418 0.0969962611326213 0.0101138685680292 0.526750977018251 0.127021963724418 0.564564302222464
0.863099655388756 0.0072881605119978 0.255657215524 0.219469602638464 0.590510292671118 0.0168250676900571 0.195764353584387 0.490925198632419 0.0220986917459417 0.338751253832912
0.780423521214388 0.886197671115505 0.90695994392364 0.332113135050683 0.961405976110676 0.0371862226710583 0.543387068228095 0.571459585080604 0.112105815497608 0.448808911608505
0.236741029386473 0.185703545618961 0.875070359842772 0.62988899232066 0.998868090792846 0.203075277690067 0.753643150521947 0.577497612561914 0.144737719758996 0.561185013297505
0.92109692056796 0.0261204100131701 0.962758467618804 0.799024560831473 0.976289483159312 0.0615268545422866 0.514895256732912 0.540485186286132 0.0712573935239263 0.539737846797805
0.920787498775682 0.00343327987361081 0.889049333139188 0.527256787215171 0.940241246868961 0.0342797338300584 0.0733966874696545 0.522603758226131 0.0263483660249987 0.401407866092757
0.574200188697133 0.047117934722829 0.986897502877664 0.694778704039296 0.993785708674813 0.323072819099261 0.443828351626954 0.589005316118815 0.161328915083957 0.671441745602431
0.119680564018173 0.0018411304886684 0.878948011193275 0.297159708115887 0.774041821880242 0.0140590485698765 0.0182978282963775 0.436004894008281 0.0284269207134688 0.25844307275163
0.788443559951277 0.957540717753856 0.811799039940079 0.659162826967426 0.998735765591099 0.101386310056109 0.598750507518713 0.565801448795873 0.314527397365742 0.597884274407371
0.261948581184082 0.0143909349426341 0.530128058594078 0.304802423140149 0.911409138415439 0.0247515594025796 0.0990930731216526 0.519247322008545 0.0209967142535375 0.276331047956254
0.411059382041348 0.965025036271547 0.999894528854632 0.766984272485263 0.969677065998415 0.137125951234297 0.457340707727988 0.565717623197382 0.17259430943864 0.620263792269238
0.888182552385708 0.308687272398445 0.998979952385526 0.457661244175822 0.994262616641067 0.100918413926006 0.901467958583497 0.543342756274162 0.0643178938459223 0.589434618732606
0.0391576309545581 0.830891274784755 0.80182038484952 0.621799730652049 0.999452789892186 0.104426718870412 0.310370706729024 0.588229102132428 0.206244954682191 0.540139968597643
0.974172886023348 0.733191416656201 0.976915664797466 0.553132180034243 0.989010297876039 0.0709335150380033 0.280685257300068 0.54623597831551 0.101047664762619 0.437037089638513
0.877679061209103 0.0519858762655188 0.996167742649818 0.755124803334498 0.994952939137254 0.242511803353112 0.274246596582176 0.548481378367712 0.395423309171878 0.703576045067572
0.998933156380752 0.858241188821995 0.975255341697372 0.410657639019474 0.970587748469448 0.0867969931065752 0.344184725291712 0.535866379243373 0.0227789245936159 0.574880829175208
0.0897055975499056 0.559877599561826 0.972840014378138 0.351393630927868 0.92376946382688 0.0483846991136692 0.0876210531934407 0.504453614620758 0.116703864461883 0.453981419297944
0.00505007533744084 0.938535070791865 0.997333521551065 0.545218646745639 0.997854871870527 0.0331659735220491 0.183354157892964 0.514989269536752 0.0697702164894461 0.417604918621084
0.227814776640514 0.602953096502277 0.990040722299138 0.408680911278111 0.986660911539925 0.0432242073919247 0.197486114801308 0.514251805066977 0.110237234911795 0.441747935464736
0.98734790550241 0.0546610285009674 0.985641795788836 0.390664208451613 0.994360952403741 0.0571082374621845 0.309740929377235 0.538893027708082 0.25116505755342 0.519447052597438
0.708807758652748 0.241385253624087 0.935569829396591 0.462923150261391 0.904712658260928 0.149081760233583 0.300335886949832 0.536880975149314 0.24527033816472 0.274767288974552
0.01116852399167 0.000383712024053306 0.754039433234836 0.168492712047922 0.254613809928623 0.00910763323420488 0.345553964006026 0.501470516165571 0.029417788782427 0.281307410959819
0.838648071808368 0.441003568559501 0.889097901034217 0.696316058790753 0.997867061784617 0.192257528243988 0.849469963253196 0.553126243870764 0.322805771132006 0.498491812899447
0.205902911567891 8.97815616392827e-05 0.0323045167825195 0.0581434942784426 0.0167060017854596 4.34295011869651e-05 0.0200601488192215 0.392925936599261 0.00324013219268777 0.0887263279732184
0.0849133503205125 0.0202194817414983 0.975855478426533 0.500132280812457 0.98801470420007 0.0477418684894478 0.450901645097159 0.537313180999554 0.356638696453609 0.519421926955543
0.882636594520205 0.543499886380347 0.98541497490313 0.658814246271092 0.999234558182695 0.0566130167026054 0.763417419776054 0.5399190984634 0.130040937902373 0.413857385418649
0.00694304003565869 8.80004686452967e-05 0.0721195611485146 0.0731201829590382 0.202055739793571 0.0067231366601452 0.0584453272928285 0.435847397970616 0.00350279580304933 0.0854799052064888
0.90156443299521 0.0559535794685693 0.899158792210091 0.749982465284432 0.998011252522373 0.162151650948755 0.247885761727903 0.552233628120711 0.244016110668371 0.602094939941025
0.0103054605037136 0.00462319501384682 0.902964233424487 0.238134177633018 0.53674279367986 0.00434391560931457 0.472821251740963 0.481674859773476 0.00883330295648258 0.181963380632827
0.0698538947313178 0.0264851279694315 0.288760881543827 0.180928728213202 0.862687131559029 0.02349136394608 0.545281049364653 0.511750812967083 0.0281152085324233 0.380127613961271
0.112037666627447 0.061907838085857 0.935013511034179 0.207804411521042 0.851524700796151 0.00906371578900604 0.0461158208499133 0.464587140296454 0.0439543962899857 0.416565797935896
0.945225468539504 0.429905416092209 0.995215967290837 0.568383452313145 0.989789549241551 0.137695113665676 0.463114605655022 0.591112252454302 0.323630869676855 0.575106340395748
0.507389085810492 0.0547865930085275 0.9988184867367 0.823589575037555 0.998647156702845 0.427723873905931 0.182192577646738 0.606031283153822 0.208194625822191 0.513767660289411
0.0303937113906056 0.824574511746604 0.681284981610689 0.218523822270627 0.879817959859891 0.0305773995587824 0.162372416205226 0.487192465754079 0.0118194005917621 0.52504011027502
0.88070782124726 0.530312187128432 0.972130152804892 0.170903669521533 0.0475974152165804 0.00222299704760948 0.0772800784570069 0.447475860355776 0.0208942987269056 0.23813667012568
0.173633665602293 0.0194423688418244 0.99624511000725 0.542768860324404 0.985940026320431 0.0656527580839269 0.497425962927515 0.553903874541429 0.136405234529529 0.541937068705039
0.169437713657511 0.000698241161861128 0.0507199522964319 0.0511489937571744 0.389783133569898 0.00158656472612668 0.104064224835488 0.445824157661341 0.00222581259882775 0.206829857607442
0.52647446033322 0.821392323601758 0.71208757666981 0.534594963443946 0.969387105086422 0.0763587679076094 0.202779308245891 0.533417513969095 0.205802837926619 0.447403728989359
0.957186119421259 0.765816033894954 0.975095222017419 0.537936065841995 0.997263604391095 0.167866136421884 0.313421714412356 0.555000173207468 0.141190714969005 0.668196250896386
0.989088543211232 0.0145096711521729 0.889601314753109 0.273085800581327 0.996725277728167 0.0111364807152557 0.256185265304417 0.513044639368917 0.117303182674636 0.631990826134189
0.215197662017506 0.180369945420274 0.90753675849335 0.374402810819567 0.990150815068534 0.0241447965613389 0.976772761052998 0.521010620626868 0.0284055943138686 0.666567262646075
0.998669694258585 0.870243338245486 0.763275978179237 0.524649859627678 0.994670198282091 0.0994595501307619 0.0199620661733938 0.54761232484913 0.227546248334777 0.485643472954345
0.714650652002098 0.965485669033414 0.991991891922325 0.683320952935488 0.996759366893188 0.0876171081389137 0.174894464671501 0.561304547639861 0.183322353744665 0.442025344792323
0.344133384476385 0.987882585074447 0.999436583297219 0.497103934880085 0.518541689886707 0.0664097104457647 0.138028170416374 0.546424151271927 0.1886922673917 0.414978242638922
0.449051965884394 0.010586549885789 0.997754910062683 0.765911872669118 0.999450638149594 0.0579668627732837 0.273007103072021 0.519420164071008 0.0860490179935674 0.73380465247788
0.114405436138936 0.0101624713175601 0.99474685726586 0.260988066894289 0.994204011692979 0.121188310503051 0.454216921124369 0.559970878887007 0.182095386457387 0.430604229444714
0.978907496706126 0.759362948058751 0.99825138123714 0.802648034301484 0.997969752405931 0.582706126515056 0.12895540491589 0.587815372150546 0.43907490549415 0.660444452771309
0.943299126397811 0.911745742853426 0.99853420281367 0.68154869765971 0.980571831273355 0.554841413434772 0.0374782615955765 0.601143749121128 0.675972794370612 0.801717819727319
0.0485137932672589 0.0769597933425127 0.319306290567579 0.063444919884959 0.504217515879702 0.00333723945917421 0.0287787982452977 0.441895836654965 0.00698558986512597 0.312727639804464
0.137150662136219 0.199773782220646 0.995299084686532 0.131277686286965 0.936995622330113 0.0265731845620793 0.0659722898011357 0.443298770970228 0.0194155205345592 0.279001632118731
0.998795465581379 0.871699440956223 0.995538074351129 0.865179436852768 0.99992008122847 0.387193101881884 0.288941524900101 0.601723849852372 0.499251854082569 0.714804925330782
0.620334524716435 0.110515112472892 0.966965038045961 0.772498828109421 0.999362779431283 0.415410412856604 0.492161747282315 0.57768900871859 0.31214616719117 0.820177652553296
0.670255218445076 0.0536455251331444 0.961814277502772 0.591218561718161 0.978773904873899 0.137869391328305 0.259701822750764 0.538787266495745 0.153289972401333 0.607038961394609
0.995243032608004 0.18971912072639 0.150507170907414 0.561692403621826 0.930225257631283 0.17525278220027 0.463751491351184 0.54650451243431 0.107778753273229 0.63775023339732
0.980399978810171 0.209585249668218 0.999137343308844 0.790993458471516 0.999884065564062 0.589176039994155 0.938003719084631 0.577979713568582 0.336886076398523 0.52358416808491
0.145174533924839 0.0110918627180988 0.875041095770909 0.289623224504083 0.16316780284698 0.00274201062550424 0.0304334203914425 0.480836426625924 0.0811663116187961 0.438366463224987
0.0410219939497026 0.00559910162842222 0.56601178747312 0.32011715886859 0.890227533040141 0.0132345169017647 0.19308792121402 0.492972070280117 0.0324539454660725 0.636928390269367
0.434626274829695 0.49976834211789 0.986675655601649 0.858965870306689 0.998532670106864 0.219058681189103 0.462647984338231 0.610017623288696 0.281886886458107 0.639786983358836
0.917291949490283 0.943350629237829 0.954336776765045 0.82446713152774 0.999804601169637 0.0461240757878273 0.710028284176277 0.597498964813979 0.194156993429398 0.548977018622322
0.266781938855703 0.0100227465724295 0.56186710477755 0.416098135543931 0.858590357172621 0.0135709937293505 0.0932224436331881 0.489536218961464 0.0464098632773871 0.143515045615148
0.967954584336045 0.590237000024255 0.62717850053562 0.677638333019541 0.999470512374819 0.495374011152559 0.312918631203006 0.552660634456795 0.108627055151761 0.622504649487859
0.59796210945738 0.888832196992844 0.998091138693396 0.91371622258457 0.999293227138422 0.323514765022045 0.686893732681388 0.609283458908121 0.707509756782071 0.787447200965927
0.850962635484583 0.671551311331334 0.997783214186518 0.558842738767369 0.99959126557807 0.152425473263739 0.402738060127751 0.571400092375238 0.194070771918016 0.710399493444148
0.0408204213176793 0.53794458895412 0.997412869824468 0.481209774884521 0.67556033637158 0.0900955630329568 0.243533477875824 0.539887558198278 0.0622387023357398 0.719652541171086
0.188615271193088 0.352680832605454 0.0124875979892774 0.33031848307972 0.858707754055358 0.0147661965135911 0.0242750709012593 0.514670634068841 0.0675177455085749 0.29343125504742
0.915789842037894 0.00697674562998514 0.991484134769639 0.214004574668282 0.890635888765759 0.00428858872815073 0.131604080255873 0.453418347684138 0.0288510536826562 0.210850207345846
0.447233101281394 0.00380074974922093 0.984450112273825 0.436660574939308 0.83111759053127 0.119571802650848 0.0824693596979462 0.488344663783903 0.05359542577215 0.269547402807066
0.772815893171845 0.0056373747295593 0.0691829090100658 0.421931929871396 0.980106575389987 0.0104419124243984 0.649799522963373 0.500671230955856 0.0792962153714171 0.41918034844244
0.895393412753528 0.645797905590005 0.991642609703717 0.535333794599815 0.952647760499599 0.267320466567493 0.259237283274231 0.542363988732925 0.311848071513283 0.504004682544563
0.0712258295737789 0.984661196969533 0.955695202987766 0.511806832217294 0.995011913785288 0.0317245764440261 0.157719708180524 0.529079820162615 0.0525675273190477 0.440367529653599
0.962706621322252 0.0878673016502202 0.893860318247657 0.462665356060317 0.968388526753018 0.0222140102392028 0.0114532332097737 0.517818067746471 0.104194005969451 0.371858784159789
0.350597636187673 0.0437081965493663 0.992732905005064 0.370223347163328 0.967388044060089 0.114940706251643 0.650413312183329 0.550496134679641 0.138239413119651 0.40327244226308
0.599960079595763 0.137670096262504 0.92483933896713 0.626681194250141 0.935565930470599 0.10193189212229 0.0933848053222439 0.537359658924648 0.104359031039606 0.580569616360688
0.963279487797586 0.205438200330999 0.949812190384924 0.487600509244979 0.99019886540865 0.132543280533004 0.0932700021924543 0.547200766105432 0.0961247476032645 0.355488851061676
0.337506508545014 0.14457094970623 0.893345904594253 0.712462567820758 0.976117421780832 0.120509915837769 0.229405865241516 0.585702116199746 0.182524879397138 0.522267985012731
0.66758178533537 0.193367676101682 0.976886516277125 0.780282942661019 0.982783123254281 0.48516236849503 0.50050409152938 0.55970874368458 0.1931062880393 0.488157874074023
0.253141730301659 0.0421763482842917 0.627057615204725 0.462620142878605 0.498444535328383 0.00589835723637605 0.334107937969537 0.492272837455251 0.0334647764869648 0.367661937125526
0.0837590353349604 0.119513152937979 0.612181351028251 0.433298800505569 0.764606071395593 0.0172395526409291 0.0973515834655967 0.508083085018315 0.039941025638413 0.566834839818491
0.320845783851901 0.915021759559786 0.979407530822256 0.392191230358592 0.972951319241224 0.10017464571089 0.522526872473764 0.532132305912249 0.210501292902069 0.224577481936383
0.994586805379741 0.166850544584302 0.999137044104772 0.652869102009992 0.998685254800497 0.425242878090315 0.770980731680618 0.585814952411766 0.504930712340357 0.816199472093331
0.960802015519551 0.252180440073012 0.948063056787512 0.671726115503881 0.832808765710795 0.129849642334146 0.284086644025906 0.515349757914591 0.197883907429409 0.50910498411608
0.998090837090555 0.366739140705816 0.978949332450408 0.825714074535385 0.999402169074105 0.16237892144511 0.545580349870964 0.600339883944076 0.428270162274455 0.689707098233811
0.989150429383455 0.227677412077321 0.998137731727374 0.497649349690941 0.97624593707753 0.184892177034235 0.49865005271694 0.564933252212753 0.0978353451488231 0.620430702182932
0.276415922800461 0.99560006164548 0.998986594140647 0.42748350971367 0.99896687870433 0.269663673769618 0.114132854756283 0.552962211192602 0.160812037976462 0.54355048906375
0.215357079067433 0.260258138121925 0.939469520703516 0.328083363080969 0.56126078585624 0.0637702606506762 0.660591627825472 0.50465890687001 0.0404256130338139 0.278319883253458
0.936360960317348 0.0248904911841092 0.969071031389497 0.332442349762535 0.982548799239328 0.483854317339289 0.318855415495682 0.549723358417705 0.200947164093546 0.428850952105462
0.56214298653248 0.00424674334991349 0.393663443946825 0.451775835031346 0.862725455024088 0.0115067026466821 0.0606604308399981 0.499351657755687 0.0617499939405834 0.318800910901503
0.692262704072179 0.463750692940503 0.982281114771457 0.374919591248891 0.992385704233715 0.028514638623483 0.350309109283052 0.500826115992507 0.0553352282561676 0.351793310098211
0.93950896379598 0.017286812088269 0.970034373507247 0.705378165446107 0.998691930464848 0.201802284987689 0.559107796252321 0.54784874383563 0.289531745176681 0.649757190859248
0.515084016495045 0.322899504558648 0.995962895415894 0.536548663463243 0.998091889794088 0.293801316073409 0.0309782687112299 0.568359448791342 0.115129103054849 0.338877555158354
0.978738917712712 0.713381716514948 0.969991807653968 0.652650400709827 0.999876341907328 0.137893958469488 0.504615703136278 0.58123614965286 0.33911786927781 0.542499000768772
0.99541787001995 0.986288236527271 0.98995635987685 0.635335530670993 0.988298510272965 0.374656190074629 0.690870495061309 0.574690272653649 0.269211097779852 0.619154495886366
0.276227017890226 0.0223243335345056 0.985678154097037 0.318005765513374 0.727314624432433 0.0136069460587084 0.0659740195569634 0.497297832305741 0.115991392272215 0.354579579491899
0.98184351836102 0.169679994872555 0.219170436288019 0.373331616632871 0.999516146256334 0.0271887188670146 0.0190748889070982 0.540913814029185 0.340285010637059 0.27773413641461
0.379014945563038 0.736727892784732 0.99791659763995 0.554193877594189 0.996998729589097 0.144110587735393 0.209108324979973 0.525366882296726 0.151416682704093 0.626982684763287
0.928492354379078 0.876507374457211 0.998831494547968 0.761534182193324 0.99882784643188 0.615557068113307 0.810781049620623 0.631347544345117 0.761439413902739 0.729086956720452
0.995477651549931 0.277876901015031 0.998141044407214 0.840311975795381 0.981327043618169 0.111013887369707 0.738367867956017 0.605515112482034 0.317469627346796 0.701286726561958
0.0930920960280726 0.458163180290264 0.623024628520927 0.472831889142562 0.98358710365444 0.0151036378959098 0.0825103724196732 0.5125725789968 0.103474814028335 0.47366047897511
0.74447632176986 0.333121753721633 0.883548688100154 0.737451785944722 0.939963925007173 0.187487075116166 0.213810491909994 0.549933262402651 0.108770753868117 0.483722025216781
0.963871039626013 0.00535099383609994 0.969010452219129 0.355571501448013 0.975307229522479 0.0113504851077231 0.136512566772013 0.497296794385195 0.027658223551374 0.234357088453415
0.641020800490462 0.010805745456233 0.999196759556861 0.424058919693464 0.996472819931202 0.0474891418285494 0.555401704221933 0.492893700836929 0.0161473262191187 0.314305317594253
0.0940771121289956 0.276424282207342 0.884938529127241 0.152210068412545 0.81456574481583 0.00895970027310669 0.00731440166388619 0.451380217795051 0.0501190395237153 0.296161338247957
0.0568584538876527 0.0468311489968476 0.785530573263628 0.475453195802892 0.993234449887835 0.0108415836080575 0.181746323364422 0.522791679136164 0.153764553828231 0.498631000811412
0.808948051191619 0.182294985787374 0.676619029849946 0.57182858110267 0.990150338948739 0.0666932877190921 0.487152937047579 0.568242728755673 0.0801727057744887 0.38431090257739
0.033220661616182 0.981724012036228 0.999991615826225 0.454821209746967 0.942091358763055 0.27579486792877 0.813434507405005 0.574817711472397 0.515057862596321 0.680389098528294
0.180290911518557 0.249647330891119 0.986676873334361 0.380626530281445 0.983426844847974 0.0317760620871546 0.165932722220303 0.545131233099723 0.0684390814579513 0.494910572397393
0.0534260200264597 0.0321207316352196 0.334344994966607 0.382628498802841 0.992119008318645 0.0248976818601452 0.455885843507625 0.526093460913539 0.0452938710913436 0.459609536221714
0.98545144739037 0.330318658529674 0.999836905276926 0.829626925756897 0.999935375005596 0.854993348656564 0.87088048136185 0.636722808296743 0.794289561870122 0.713692379717382
0.965795825427704 0.337307771985138 0.999474584309254 0.602165959966246 0.999469873269184 0.615457085876551 0.911865116740158 0.597873738703738 0.407461218182574 0.629066832746894
0.994760653826018 0.749035012220726 0.999799082663412 0.846449565090772 0.997176122463457 0.861204386000396 0.387445073105062 0.633329172505834 0.677351378133835 0.666095467760417
0.997180647206081 0.0284212505043819 0.965833343440084 0.282595460166097 0.856580075405366 0.111580869992096 0.0468219637793854 0.499489237413957 0.0481226788456622 0.484082950511445
0.903501349161136 0.019347965096001 0.988184392462316 0.385903525686588 0.846279077210876 0.0535251686872866 0.172961850532578 0.527062153591475 0.0752840328175827 0.480217204410088
0.450019168966514 0.0344851465900131 0.948388310539316 0.185082872289572 0.0872770322052117 0.0355683678328693 0.0131405193072261 0.487280376470227 0.0141386621785722 0.138646770158046
0.126760958880233 0.20399896175944 0.181217344399326 0.15148167076293 0.507476578625571 0.00336584441512087 0.00833503872172045 0.425369868456773 0.038180852163828 0.276928358859195
0.918824278460695 0.70548088076333 0.531242641178029 0.392466970457773 0.994217593030413 0.0815077644790744 0.513134395918321 0.538623766602374 0.160783824909064 0.504490691350755
0.635133976147901 0.164180326126629 0.975868857799092 0.300090733528609 0.974383717239024 0.0882420199486451 0.199066356391025 0.503203835006332 0.183094434297731 0.71160587964352
0.341720932853572 0.0192951644364258 0.695884882217837 0.212295856254739 0.355709246003809 0.00780554962174087 0.0220787758083632 0.480725599182864 0.0393459469330885 0.283572043855327
0.726542972635884 0.123409004339882 0.947363540738693 0.42247741766301 0.998012855536465 0.0160130433754967 0.413897775321987 0.524909996328662 0.102596139033319 0.413573817916764
0.0535178121537197 0.0292246272903197 0.319383978921504 0.310851339164218 0.954681307252745 0.0115810564711387 0.435736733383838 0.498536538399551 0.194861981931887 0.292308760513998
0.0173601162080499 0.0196753542073604 0.930193402942771 0.115492246010276 0.25393372538441 0.000792221192802502 0.0954592086293051 0.413980146233374 0.0287466555348459 0.121636696410747
0.07006686010353 0.0545632526629732 0.22901733653617 0.0913256053983043 0.068661806040407 0.0140225293703709 0.145944176962746 0.456849345488151 0.012087480061224 0.274390542506485
0.0852196148615436 0.0831376610550301 0.968715283046246 0.569530471201941 0.972739575866955 0.24623091060283 0.277704192847953 0.551272719379293 0.202752602333149 0.502697961526053
0.896221060095768 0.0547856290790101 0.981274795802735 0.69833969704968 0.998743461213211 0.617094239971332 0.93646493868125 0.606249016868714 0.421309608351075 0.680521730255636
0.0349212355752262 0.00792658570078012 0.132110967746383 0.146936229749385 0.693541959305651 0.0055615656005598 0.18561959344742 0.460802112876093 0.0770066475678904 0.2087822022647
0.0227140704404559 0.512039959510539 0.993221485916005 0.726609291148632 0.987808276787876 0.0820280331408048 0.229598838253573 0.553573245028623 0.12972241511783 0.520003426306289
0.17797750207066 0.0593423529265045 0.940731062947473 0.446421260418242 0.674188707283442 0.0343696583842614 0.326048322415652 0.525559012861411 0.0170881448542806 0.495351153055892
0.692070871100248 0.046558259134798 0.981065984203016 0.66322769952287 0.950191615737727 0.345894971386415 0.621192942521937 0.572288240829801 0.306214798913385 0.728034690570938
0.00808371303202952 0.00255132189144272 0.988150925248937 0.131513401516671 0.473558001711689 0.0124761616173801 0.455936279763305 0.451298879780173 0.0254857243760986 0.316214216026342
0.956102781181684 0.238797391818048 0.999929080945607 0.672866819161518 0.99583285627627 0.309250404446834 0.211291381975431 0.586333445288456 0.297083425530902 0.525796462147001
0.905205191073592 0.139222540688034 0.952727561104501 0.528160372613042 0.980797577747671 0.0361653582509825 0.645092389946483 0.519628766095123 0.311132186069818 0.470614077546685
0.471597459472555 0.415613430363933 0.988566427589742 0.492832538005319 0.998509822854552 0.292199864422542 0.288890497694117 0.564595176209846 0.273220857936568 0.48768201646433
0.969493302582547 0.00595651845820947 0.98479336435157 0.497570850027499 0.983054966152989 0.392934722335209 0.254864465147213 0.553770834571767 0.0963137232532547 0.521967312554709
0.92175607538871 0.258819913475984 0.997542440757207 0.702229117037778 0.986211018284962 0.179938809888677 0.575010432549139 0.531528442583663 0.193084152743728 0.485998475509617
0.993256178975164 0.434961150579804 0.9978915017092 0.709115936548226 0.99805378844054 0.130413820800008 0.311001805146935 0.56146292213225 0.521506159526497 0.696800352077072
0.810631140777312 0.98209293173638 0.785764439324882 0.712322744574567 0.998431463947538 0.649655658493658 0.250516269974478 0.567536210814234 0.210626162267158 0.433679575556608
0.428170804641675 0.813333641694288 0.938651349772755 0.332072055426506 0.372356449641683 0.0345494104550457 0.0509148596404647 0.489019794714452 0.0171843606543987 0.32590258762558
0.0608806299599787 5.23645307770879e-05 0.862859206333045 0.253850835755673 0.848449566822063 0.0081853832042222 0.0541761782219797 0.446006147847819 0.0645831002112884 0.317679514896212
0.887160707982544 0.946043033530201 0.998397942735591 0.622062392963002 0.996727528773253 0.179243088994248 0.738669985576142 0.574133213079053 0.146546508446853 0.565367359488481
0.851317407127529 0.0276471862276362 0.986257492504273 0.62731774434637 0.998510208432986 0.302792443472326 0.693877958811129 0.560692554974183 0.384052756627096 0.756396410053362
0.970278327849351 0.0273585761168236 0.781515054429408 0.185281539020985 0.981306223797944 0.00640002405471061 0.0685666922411691 0.484873885461612 0.0554474760619793 0.258610869484931
0.896310895484941 0.560275691901939 0.998786014850276 0.817190626651102 0.998916072533136 0.442165669123402 0.196964513852257 0.5771408228658 0.346515501260526 0.557223816249555
0.571190833209792 0.282557915199018 0.998220813547876 0.730347661357653 0.999100151848369 0.0752842210883532 0.263898591205321 0.565256004072084 0.223126347234199 0.618538508738778
0.984046721172546 0.0741334475307146 0.033765743091048 0.244257891274249 0.353662162467155 0.020297857932599 0.274397605064997 0.514238666441503 0.076037478480078 0.413149113675187
0.21002315131437 0.778044773882292 0.789433798886631 0.179429025750654 0.147580212227108 0.00194777835292185 0.0338743623824202 0.418486662946281 0.008085056391593 0.247660372194822
0.957403501786573 0.868671403374307 0.970459284771989 0.680688673886051 0.992028547709957 0.178168354871964 0.649145671155313 0.637608209869864 0.461493090592273 0.583963258513301
0.991341912072775 0.832668683827289 0.999639368976969 0.785796736916782 0.997682956289583 0.867246187323021 0.626840927844736 0.629753072317182 0.428446419170354 0.671619581610509
0.874190196421437 0.966974440536785 0.998747075457272 0.679713679090431 0.999912080452747 0.450718847562949 0.678347456730485 0.575990107699177 0.491929438756829 0.720079707165171
0.981037548624317 0.0349793252567455 0.853476554298836 0.347680543735274 0.945888950484136 0.0638659581176175 0.20406689159303 0.509602102026385 0.0557318190452372 0.414811818823682
0.139584817452428 0.182604807005465 0.824857300624694 0.525475890578385 0.979141485053847 0.0370427666982915 0.174541583054066 0.511562180187789 0.081885576512831 0.308207808073311
0.0275401566621043 0.00598959829220089 0.982556347687681 0.336474216962209 0.619240716851562 0.078423421173104 0.097722743420853 0.523058728102869 0.156639746314158 0.261914828885193
0.000684024036080185 0.249413852160242 0.799810739887965 0.589100338700087 0.974720417038469 0.100490380202399 0.00905911502469992 0.511959179250024 0.236971664002726 0.198815659982059
0.892957860919155 0.349453431047112 0.999886478902551 0.936499908612067 0.998264263053528 0.76489382769188 0.66042952084019 0.645039372944694 0.485455349653283 0.722440823110214
0.647103090908599 0.20473885790802 0.728878954738225 0.639461091826544 0.950804046015075 0.100881870726461 0.175632504281986 0.509842649417049 0.208279543033451 0.409969104041029
0.151813032750968 0.463637587196829 0.973024156306332 0.415554388304494 0.995924531573135 0.0219951380526569 0.158552161438916 0.558622638217638 0.116614804773506 0.569984934871366
0.932169423995927 0.958751697571603 0.999957157496694 0.789751517903973 0.999989772800528 0.85584248567352 0.682653945965292 0.629605221260836 0.374286324588298 0.716264440745761
0.266833891910029 0.689740894042755 0.339270306837748 0.538544067336629 0.965688642349438 0.191849963857693 0.260216780109541 0.530134240581348 0.161539108350059 0.643764968760871
0.0130716253588109 0.00585141961966951 0.499333997734042 0.0847566853754623 0.162423284545844 0.00428307147406118 0.0507560403897376 0.431613882719698 0.00268279192312311 0.188197641441119
0.990202519636521 0.373827675868738 0.968890639041738 0.354961416041176 0.519877897930896 0.162650737811163 0.118015831026902 0.579504369401458 0.272521027726377 0.630911663127605
0.0940019034617585 0.822180197752722 0.916176306883804 0.693727598483782 0.997193501668143 0.198083762911062 0.0715346665797908 0.586009055367235 0.43388228078534 0.518243385348958
0.953664122021583 0.710223641309849 0.998955793300513 0.832591489838855 0.998640228922863 0.101351064520804 0.582732159968375 0.593777340595647 0.237172585182695 0.619084558844797
0.520229936431424 0.000282118734646787 0.941984950098318 0.108652188050462 0.665024138485134 0.00110759709504137 0.0480590043720468 0.449911919574318 0.0283831857175854 0.143490687723571
0.911157230501951 0.965813282531881 0.858987417024534 0.46715354868937 0.992275135971379 0.279531631234002 0.195594619600718 0.538719176161494 0.370767350828432 0.624776122969389
0.715329918298351 0.0901285379885177 0.999896564491003 0.381534938105243 0.973188494131422 0.316594989056725 0.183807045638359 0.536005408722981 0.0938101666198533 0.436360205128
0.975713252856732 0.693772076277745 0.9956559566071 0.501017070637705 0.97023280949218 0.0372069975499114 0.407485737315333 0.560096492854533 0.429444895881755 0.541426582709076
0.000185623594632548 9.34001885321255e-05 0.993176085808511 0.0999629851028216 0.170642240437679 0.00468334421112574 0.0251528047497276 0.439687341892649 0.00917286034876114 0.232690837318009
0.958607269738777 0.977822815535073 0.999976001785793 0.81585491518757 0.999518367605966 0.782344469417504 0.282159696366729 0.587371463703104 0.503422475139824 0.647015579015013
0.967469000739438 0.247955863605723 0.0892330422807022 0.159997414588897 0.747593483975986 0.0135807711572301 0.0316298773814268 0.461950397796161 0.0327137359131148 0.242824903501495
0.827241071675855 0.00449132220430417 0.999320934390386 0.22576349287251 0.728450912066612 0.0547674406039516 0.265459320700094 0.451146800885024 0.0254839424789103 0.259229238013152
0.799626958580251 0.975709021129566 0.997191180612624 0.563293764963086 0.963518554214511 0.0922362802293357 0.166207075569475 0.514354619924069 0.0449775617515243 0.585512699487988
0.0953885080416054 0.000181145918593358 0.639829155814996 0.19289652115639 0.908960640759261 0.0432148430419563 0.017581893470552 0.448419667504996 0.02403306321996 0.139123760304085
0.500105941461293 0.128221251968221 0.993158343315173 0.282719921104204 0.907629025523324 0.0118121505586419 0.0613408543058581 0.528608465701508 0.0721838066528916 0.425694474863047
0.0297620316213784 0.163168966118609 0.767208479196947 0.516752650476646 0.975639044788645 0.0332963904180543 0.0781444671171266 0.532222815231439 0.0902488884500939 0.462899769344395
0.264626694320526 0.812715020668705 0.99955099249316 0.684064565165653 0.98350146238789 0.575884101920863 0.499399668442628 0.587596182414128 0.461763128093507 0.621097153027039
0.541889230157123 0.0581912326028619 0.999321605852645 0.615098934354862 0.992869064666353 0.0543920366361853 0.29665622707844 0.480960887184125 0.0191904833970816 0.435317766298251
0.182319201141493 0.0290471410328685 0.219535327377997 0.629506914592502 0.990608773779722 0.0293274379920304 0.13332183670911 0.552585203433753 0.0967679685741393 0.528898155093617
0.00182197585966829 0.144215385601591 0.19641240809622 0.212670764451026 0.253578864356793 0.00812736580418146 0.177869389743198 0.456041406281045 0.00340875687012892 0.231011899944264
0.995591452130884 0.214406688834163 0.98888077098362 0.450688811924799 0.977601484348683 0.120220254962902 0.145109248971176 0.566773210825556 0.127544123751467 0.534912746679476
0.779334577569544 0.161771292483888 0.9837593768887 0.663551160487856 0.997009865347729 0.548601730804653 0.271861570230368 0.544193916456955 0.186655534943986 0.605286680017668
0.946357269339106 0.000580495257412269 0.166189465341595 0.174249419390292 0.955441803797805 0.0195269528176582 0.397587286443719 0.474454326094837 0.02960416589341 0.415069068834662
0.149228038625902 0.00266614675569727 0.316256289624064 0.175123208674567 0.752040150410156 0.0197757138663342 0.0100857133691866 0.445042280424712 0.0436793048802292 0.46513414326601
0.713533500996557 0.27736715861462 0.634425573121064 0.440642060374379 0.996395796842138 0.130940917447775 0.259740313878193 0.546094656092523 0.0788818314556698 0.528904061775678
0.0526622862232415 0.637948428180171 0.323518984288306 0.452594445472263 0.945402090663555 0.0831589787086967 0.168028183607372 0.541698759652481 0.16239977875338 0.534080430039917
0.00348034194419259 0.0102168165934684 0.860421271465128 0.323155301324919 0.381821251238034 0.00935565924201932 0.0728396538817584 0.508225637743033 0.0133253162343619 0.630846969355501
0.37239960363753 0.952706946732696 0.997338842098111 0.642624835831075 0.998843760137917 0.739188825494643 0.567953884295782 0.584694722228554 0.223140169451384 0.706780523059039
0.912637814441539 0.904024023676796 0.998693940322215 0.763085828981339 0.995741228212039 0.437298802472643 0.844824608657624 0.571069788965158 0.163823567222157 0.618389673679013
0.384400870963685 0.195274484264644 0.807719781148679 0.44916820516818 0.969369887878164 0.100983684218819 0.0118990439487841 0.519673005183833 0.145781686310651 0.380924725881499
0.985712370507822 0.748567694932194 0.999499161240835 0.836395142595227 0.999966080981907 0.851771302700888 0.259993062958006 0.632351330529115 0.543695277394453 0.570871916845247
0.191283252944179 0.022392976266546 0.953998960104681 0.265280552783313 0.995626140287442 0.0279183442151081 0.389729401523041 0.499334546661484 0.084830325309745 0.390165706809617
0.201014211454044 0.0699047295509076 0.991242869353219 0.689902101307103 0.99898148981322 0.198997608772756 0.382452831294562 0.578175733114389 0.356315804961657 0.609983026303281
0.0367593152810291 0.714267967520891 0.999364776482998 0.72391351141884 0.998955619050987 0.709154547340107 0.185641445865702 0.607626941563518 0.42185493656146 0.764216519245205
0.861430465376238 0.053678559675067 0.907275624216098 0.888009513203869 0.999782492783839 0.395995755665805 0.689842345259019 0.587216648613238 0.258540887700579 0.741348679575798
0.000162023135287192 0.000758818460304767 0.757210649448348 0.228560306247562 0.491855606758141 0.00236605980630686 0.030941371722153 0.469320198369013 0.0114426723378846 0.158673033032663
0.67182710390674 0.470816902387135 0.91876665350548 0.682415153158545 0.9993115477007 0.191177311655704 0.138451591616695 0.620977010623497 0.466647369483795 0.647289581331686
0.786552887313354 0.000318349497638828 0.445143715550891 0.196936282170635 0.480898127705744 0.00224172807158682 0.0339569167342938 0.452026898645206 0.00671398146724056 0.202725677891864
0.642534088647356 0.206113534257765 0.815767441991133 0.619537379040026 0.998515401339364 0.286301752391526 0.771564935450961 0.574735663996724 0.269853175814423 0.568965458751176
0.460036951214766 0.00721881487872453 0.0448082291525745 0.328922538108904 0.479277165977175 0.0434425637931328 0.65459460876816 0.489815150955404 0.0197991874877924 0.515392650651689
0.904240655134441 0.0555343992264091 0.999235611027905 0.523141724761198 0.987013538347282 0.0249411226747772 0.140066426893225 0.539604292762832 0.170980487658779 0.46359069860335
0.0155839971289277 0.017489113150035 0.514422481735477 0.0957627128111307 0.054560949970011 0.00512722018561818 0.142777372262401 0.452628974920446 0.00655149636641993 0.275907332435134
0.197659638201473 0.979423625304171 0.788320576011385 0.516659213832739 0.999533934813177 0.0516563620822038 0.161535898465413 0.562141292922178 0.148183695552346 0.447191780889677
0.0844763615748642 0.00974515520924307 0.969389097065873 0.0985297391523417 0.0393541741333454 0.00454552674507885 0.1580602205757 0.434036776637928 0.00536834029685123 0.202300898754242
0.105419291497461 0.965146521871966 0.998313014060169 0.762300664741375 0.999565456294168 0.180711250606143 0.894496027637081 0.604738713070196 0.782735848655435 0.769895688375153
0.60348605362374 0.18199313819808 0.88137279941311 0.441149865351616 0.975401391302738 0.0240914079646605 0.404154848035561 0.549254024420696 0.0628925168767778 0.37540404695741
0.908283681759386 0.179009074834638 0.439107414240523 0.442053572097488 0.990502458128003 0.0166945622217778 0.31220906388608 0.519955008199712 0.10157445464673 0.57379922383253
0.968293600760881 0.00038682175169413 0.0256576645849682 0.13512213862668 0.29397301421946 0.00162381878966862 0.0989087688338799 0.454377408526258 0.0130849062713625 0.176635500576422
0.991591075252033 0.904427768639746 0.902330463195543 0.781968509087512 0.994689329315035 0.648471189042852 0.957435805294284 0.606691073143663 0.627847236256496 0.880388156381839
0.0275404343070119 0.0150223615588404 0.992303188993155 0.270847348410852 0.837326820404816 0.0819766496608729 0.160770201413619 0.478199942146155 0.0456709453916729 0.253269312581452
0.0370990796157847 0.000934346489031572 0.70246003237984 0.124877700262356 0.671187990555747 0.0034137508226829 0.0440874198333099 0.449798754525082 0.0594774463634087 0.310303508662078
0.950602638420067 0.647460533671534 0.993930346613805 0.627940165560538 0.943636976878476 0.0746804236123451 0.490864909410301 0.577150235057183 0.279325954652452 0.28590845671479
0.853606093151112 0.00290551980041807 0.399742620769079 0.10092134678218 0.243784172863656 0.00386525890415322 0.00785081429073196 0.441012604202425 0.0113983223190452 0.206925040550116
0.0905083428459987 0.102453050100061 0.975340906070222 0.445192348437523 0.940696933431626 0.0256782389622809 0.11683427626697 0.496124543852253 0.0954099481661236 0.266694674230289
0.962724390967798 0.0148896457628822 0.141142454788353 0.323247263093349 0.40842931538733 0.0211949166323346 0.540784925457801 0.499721533834125 0.0194545727094399 0.424647387957623
0.998702211590876 0.203751018110299 0.988527468917064 0.766393511266812 0.993573292293147 0.21958894100888 0.365784702673312 0.578123326366572 0.331077177139883 0.70622034184361
0.961120857605995 0.932505533890163 0.998081016445164 0.789070147951067 0.999718123306422 0.790043158229563 0.767070575301725 0.604561752598193 0.643582648554615 0.825212983593736
0.160855054239937 0.0397954651922487 0.996826219985191 0.372467943817046 0.521346555542171 0.0311507259458743 0.103000953447529 0.507712871044452 0.0486511739242176 0.624237551861001
0.747079669734174 0.00844536503334449 0.991558993243716 0.502366737755956 0.980248413280536 0.0101190246721536 0.161301449229265 0.546117647130145 0.184259732894174 0.417180430307324
0.418394914271299 0.968238406126749 0.961355512634295 0.626988682401353 0.996485537938201 0.0756910577290212 0.484452455407976 0.594365992207088 0.347436841734634 0.541089850765158
0.913442465631243 0.786939195902632 0.61886503506412 0.685120504974668 0.992719502090578 0.568296759846353 0.601180637344218 0.582932247913577 0.107285846391878 0.693274299676978
0.00076881156400494 0.00286007468731025 0.94689577908931 0.0960528792407947 0.0632764021578907 0.00108006142924484 0.0693863297369484 0.402968098535474 0.00439032536849312 0.298016757266641
0.862536124593972 0.0285252992571283 0.959096412790952 0.29077216717404 0.97962236452468 0.0130998543446134 0.579046231504418 0.490015476902525 0.0609880956474828 0.494379907500041
0.00416818333323317 0.00133387467986322 0.813444621118956 0.148329593764366 0.242457686640507 0.00986291900452665 0.0446279527578237 0.447584820431254 0.0346970345609726 0.323109053162713
0.94360920227366 0.018047284222314 0.558310508845832 0.679961819123013 0.999690191401402 0.200641929486084 0.940936586899206 0.570483088226137 0.381224868333814 0.434767349412741
0.744438051466838 0.423067061872158 0.261595975377308 0.528895051081813 0.897286449030218 0.092121414409584 0.202471217817486 0.518715579762504 0.0325847589698312 0.518380709099428
0.387306886608613 0.643613244529967 0.998519150642118 0.604451308703422 0.992179665539703 0.0803894042645065 0.0809285161071664 0.575830798374208 0.418725729404888 0.577285336821542
0.746629839667205 0.930476739877085 0.836935288275835 0.655521515038226 0.999031220352209 0.0333958696821571 0.402330506916326 0.553505067993149 0.351742008647107 0.516654224460769
0.00664218331173417 0.0102066688442614 0.923743692247836 0.355977077678706 0.977564628858012 0.0684853453251565 0.0780972263076206 0.535890120270473 0.150067957733186 0.74139211694573
0.657251417794886 0.984626721417463 0.984569770917265 0.357372289535593 0.963885663335315 0.0939392381557909 0.168971954792513 0.512948710532217 0.145483078369086 0.535651245824877
0.267797009545187 0.376609852040949 0.999317032999421 0.688358429066869 0.997996041442685 0.164090659778676 0.391235374384378 0.59055087713312 0.184002039766343 0.692077695336431
0.11219746023599 0.000447317781696947 0.997221248798979 0.512390923335552 0.975719694531713 0.0916375965656977 0.377980519473502 0.506743816978716 0.133442304714066 0.399483037309906
0.196694071029747 0.0796702425819308 0.153293812177657 0.127884253633299 0.391428879072935 0.00263038648448552 0.215696461389385 0.447897883934457 0.0126811375851982 0.165911784834178
0.29321479963973 0.675187422283742 0.972546986513328 0.729468342589528 0.999825996137339 0.69463389338213 0.614402144655745 0.585961176341017 0.532306958327134 0.694828809141922
0.00306882457320285 0.0130852217575305 0.980622955366896 0.31865913723313 0.972785156794618 0.0119199162082127 0.122066933123624 0.480138025315269 0.0157891617022327 0.234872384363802
0.936293622173693 0.190925738269146 0.702914725875933 0.500738110017368 0.916852571913235 0.0141786995390973 0.167914110613176 0.521552075918137 0.0662033078358772 0.515256542034297
0.0598038423585493 0.846210173499028 0.851687276368144 0.416905093613934 0.974071712452428 0.0542244601827534 0.589969675224163 0.539534885575765 0.0897669765490961 0.527270992020569
0.0317729416615916 0.0446709312838847 0.0429362208683719 0.178453769062355 0.442893154102146 0.0100916526887056 0.18395895493893 0.440450852611346 0.016173541836585 0.331405108161873
0.464682515592045 0.898227090820581 0.991413899404525 0.561026568647272 0.997790035097231 0.107003714449973 0.133941349047256 0.553455614346167 0.145785298676388 0.534966309513378
0.0573569138232501 0.00323723302963482 0.660111197363346 0.188752854971097 0.771690348395001 0.00442719811474567 0.0844566600190348 0.461904880397293 0.0211234189142443 0.210742563857528
0.648647914859229 0.89735294597209 0.994116001705279 0.42906366253934 0.964870947458164 0.249144138722432 0.240204524606738 0.583872980991717 0.26308005960385 0.478783041283123
0.133029671300966 0.0155512276457812 0.922565955166724 0.500635519392357 0.987416697512097 0.0585084653128715 0.0282382172657564 0.547693428539705 0.213803151722175 0.459481093509308
0.940987973332163 0.176174276139294 0.999023121688019 0.537817776567215 0.984342501683893 0.088922835444402 0.157173605544092 0.533526568559658 0.230074348769786 0.662587226444676
0.00495192085403191 0.0452267675831394 0.428307728004711 0.175476786966012 0.777765452048318 0.00588931090908652 0.217687599968097 0.502701137832129 0.0326515722181518 0.336457933650145
0.0963710691156363 0.0331772464103796 0.973069509919067 0.280786899722734 0.897857936051561 0.00783970592326532 0.357794866752902 0.504154721273376 0.254433804883408 0.470162162352016
0.927873838036573 0.977729011977922 0.999995885808466 0.876779801479714 0.999506265213475 0.313354888428355 0.345127527972532 0.61929293741323 0.400247323608988 0.682798984885735
0.40631980287109 0.0462423745141661 0.969744552202565 0.428512981729005 0.980354241720138 0.679063619556199 0.132404936486427 0.557454202141139 0.0867144194158517 0.339498967774366
0.331612808392048 0.749236560312147 0.994362258558423 0.420469905420484 0.985362208203297 0.0525039564734984 0.143573564413019 0.500427700620998 0.0734919214098858 0.33554855172052
0.837056273210002 0.955414111849937 0.999738348649029 0.74441610449566 0.999455547870727 0.597567912450483 0.551815223928435 0.615318293121599 0.351346218450108 0.762190002551667
0.992634415732698 0.188908771233878 0.98272002679094 0.673097976401334 0.999544777787921 0.198838097932594 0.512566364135682 0.56437703823556 0.259839607408779 0.584090756522586
0.0100100830027842 0.655005388457719 0.933282706250173 0.33404196756532 0.722215941372205 0.0337089399796199 0.00999100617956201 0.497745266109868 0.0287987701324565 0.388864112929903
0.798549000376492 0.983187888060061 0.997227489370097 0.88253232362829 0.999990220460633 0.782372244322537 0.780737537740208 0.610631934913341 0.839125041347079 0.727389207485846
0.959751408726206 0.969391522144569 0.998573624893603 0.641901369254282 0.994205894557756 0.581890467992533 0.0795511469842864 0.54962313328771 0.100247903246973 0.676759704544845
0.619955739790006 0.911646765948122 0.507851746667085 0.395887575772673 0.985481010478429 0.078767389455109 0.136338477798623 0.52705320739209 0.0895840617222222 0.311706429564373
0.931206381407211 0.00241165047023897 0.855256159264086 0.308276040817932 0.909788092720436 0.154229989499875 0.189208158308056 0.492203553111704 0.0164594125493141 0.469559414336102
0.196151456982589 0.813346010079028 0.996951150776878 0.700602147976673 0.999554512851908 0.369561060378744 0.433853794991831 0.570257418457214 0.298365028512802 0.580368836682545
0.986905116304193 0.647856362770084 0.997338453819129 0.908132316676624 0.999745429761827 0.683412085252917 0.6395929486642 0.625117301148779 0.398819765473967 0.756937739307513
0.798775107861756 0.116793067823443 0.650302982874601 0.387865663698629 0.886251742463261 0.0650824298888089 0.0639860495126085 0.525371555218899 0.0341139364921484 0.555234267565808
0.987177694535991 0.806152097389831 0.219778077912999 0.38928905141239 0.997696244120238 0.0696053978475104 0.500136953601178 0.546343398165385 0.08623493199362 0.314481358207198
0.797505599770592 0.00175947593214852 0.881344859534735 0.221614759449544 0.975408800090744 0.0355044571995214 0.160868214130102 0.489318712182494 0.106654895505468 0.421175218535523
0.490429902210726 0.0390154417349835 0.83680491503462 0.117146184082784 0.212936681895013 0.001348908781406 0.0237497893177653 0.441596932953182 0.0113755787020788 0.3510399857994
0.269536597271739 0.089437114539363 0.999972635060162 0.685339839398443 0.999246133138096 0.34360045266383 0.892308393878107 0.596993371753972 0.221938302168327 0.684986808088908
0.998947461261694 0.996167141926284 0.709453253101297 0.870414738227483 0.999551053519974 0.368548264797034 0.668526229671461 0.615027514411753 0.589637161721042 0.56024428443289
0.363557943030932 0.297394689693624 0.998232873345033 0.642110729002251 0.997442382319076 0.427722336804499 0.413115092796141 0.527192123058256 0.0843165074075535 0.60210654091622
0.875717020651346 0.939627134918973 0.997915204019486 0.683441827359136 0.999430692042666 0.455578010535491 0.597010929011393 0.610388022130411 0.795572472309059 0.696116774417322
0.800121367535474 0.390367872349039 0.990723472669284 0.551042104188537 0.9934640143914 0.0991605009178609 0.591861838428969 0.561393606800735 0.272704597751436 0.571584822257464
0.986151526673405 0.926521023583512 0.999956999150179 0.758610430372727 0.999688815091381 0.868566662721663 0.326342396902039 0.648989874396911 0.507662217339321 0.550600834559906
0.116795805939819 0.515430042448757 0.827372753671731 0.378053089617131 0.99186980338761 0.031214599827612 0.0903016667596402 0.519283991775028 0.0727280188274938 0.554646523471334
0.978738272364931 0.461347967225573 0.998261006830907 0.721495313583254 0.996069499104023 0.218214356414033 0.894445346922017 0.599701751860047 0.27576810228389 0.538909420810018
0.986861357436165 0.636347123222184 0.995913752912237 0.558451206322606 0.978734026075092 0.151386877489644 0.399872336432941 0.559041280427403 0.281253436242398 0.432926303526839
0.646658054602007 0.363310965038499 0.958614502783002 0.1626852557582 0.653654488986419 0.00626490836118492 0.370555539041445 0.451488240553981 0.0568063620881236 0.226696482573312
0.273417429297423 0.00138537363064965 0.571874674550525 0.106129870488185 0.514379179627623 0.00207637332544311 0.311794648753875 0.44206259769963 0.00475674276812003 0.377786607457134
0.991247168590158 0.162272301877159 0.942576092220908 0.624110468439974 0.998569914016796 0.224521567263116 0.719785170514137 0.534843454940332 0.385676311788811 0.704566488553078
0.874893906280605 0.0210559943498064 0.99949358057968 0.452512941724957 0.945727641394322 0.102702504029581 0.0315790111972746 0.533502975487831 0.0655294823161682 0.29112319665957
0.292221325785024 0.187648328711426 0.999259773956543 0.397930294498463 0.996698568598762 0.0294635142755348 0.0853936232619918 0.504744908076165 0.118358853853324 0.375742772823135
0.614997810231216 0.051892858320495 0.987139585366214 0.4507672791691 0.999564301332808 0.043725789431086 0.656485866686665 0.568203064635125 0.0865926319219594 0.669794824391452
0.794915277664018 0.995812550135948 0.997225059827792 0.892244856797593 0.997597049454669 0.389314133704878 0.460491386351035 0.58054170694997 0.345245644678735 0.623251260000323
0.249524587531822 0.0030188659723939 0.224472002130371 0.140175015233751 0.28971978626391 0.0019702885440981 0.14005755059554 0.448551323693378 0.0176645847683267 0.223877575358748
0.193312108720045 0.0562538072022119 0.999094628228772 0.674621356493553 0.982756749861416 0.230713849490275 0.478611240738349 0.524733912307431 0.161598768315259 0.770631857900395
0.825337804354336 0.000545559695574789 0.438460867771549 0.380316672725856 0.773813855253657 0.0806501022207563 0.292801604607139 0.512928894750279 0.0791064661670128 0.547164357038964
0.165602735565327 0.148304759140619 0.28872473799897 0.257642027195486 0.699167763103554 0.122465223941876 0.268048527793581 0.471377339267724 0.0630599171692642 0.418391276298182
0.985166476032194 0.769001527076408 0.978526451108656 0.471329463647651 0.993338373190038 0.0159723592639973 0.406004122815345 0.495042994716192 0.157681790702574 0.526571955672957
0.111740138891895 0.0148589713256978 0.967101555287987 0.437038485018503 0.625802026583425 0.0359630957834636 0.169054927349144 0.535523925195703 0.0216128550849687 0.406899815452021
0.0666428926122532 0.824052952801537 0.999794591737986 0.32727043774019 0.988759584114285 0.0836496549447269 0.074889245297756 0.512138510982609 0.101122111356801 0.477583923667355
0.970111743551043 0.934927391268759 0.805679248407417 0.244406511388816 0.935493877894073 0.0178195408429231 0.345012761703298 0.492609737777213 0.0568398909741259 0.538242963097795
0.00192041621706039 0.00105879388651601 0.0365415638238891 0.135889560943832 0.075519974592446 0.00581223703104374 0.0152650385986389 0.385551008011142 0.0103470337376681 0.190157436196432
0.92004525906082 0.281044209637625 0.999960572940101 0.654303063550996 0.997183795059531 0.395398831673923 0.655562259432427 0.549270463459781 0.103192607604993 0.439072390573373
0.00281150299277749 7.22529891469701e-05 0.175274362566107 0.166625406540821 0.955311147284348 0.0039614097207764 0.106823478495088 0.483207702310364 0.0215199817825394 0.225520341408506
0.578200414014822 0.166482251786991 0.998699762339552 0.4836008409326 0.9738840315484 0.0276887119570331 0.783945365361871 0.559921279793734 0.0272582927382728 0.57714388340558
0.966439176195193 0.847543892749201 0.999993050099545 0.644593477016611 0.994046349351793 0.417898398705367 0.446070391536776 0.553884680308333 0.413764344271218 0.69091006345162
0.173463332821776 0.143948479440024 0.931150499340345 0.343283741315979 0.275209631238552 0.025454712500584 0.0044671459912949 0.440525719932808 0.0159349479909415 0.16482815057046
0.706241815074211 0.912069336611283 0.999223349986956 0.370053041222581 0.979232267032667 0.0154443280894537 0.561102989059071 0.502180901365587 0.124776967237656 0.408743348451352
0.0973166548723915 0.715790809265281 0.999126861077323 0.728718952873245 0.996953542788717 0.530358413371127 0.923243614158669 0.604408525541164 0.192428211538547 0.496170921843942
0.976566434920686 0.963947173449587 0.884310732856549 0.324547877439241 0.961878197119022 0.0249412046604568 0.0546142140630752 0.568494178789124 0.0616706780728202 0.686261772760641
0.978480722567682 0.00754354456236235 0.732051751566696 0.477290341485931 0.981413494074639 0.38983626336576 0.713904853409115 0.567329735525957 0.236803874499686 0.595153996877247
0.109979337322837 0.280785638705661 0.0807491884921312 0.23110116623076 0.989175918961654 0.0101661488990822 0.206081001121606 0.535451364837383 0.0297876095273861 0.295485293237035
0.506220197003766 0.631480190729788 0.999348222095173 0.719250700749484 0.998640732489391 0.217661063101271 0.889332767868919 0.593326118667428 0.53123084823019 0.781979963208136
0.978320311806718 0.0150004378581388 0.958573224420019 0.49512176038144 0.987676186963912 0.014338141323814 0.0785901687075662 0.537854187787895 0.132886548163039 0.489841559038358
0.199632277637527 0.000319316509331974 0.272315824041206 0.106986295336763 0.168937742610675 0.0013146271083618 0.00474195591934531 0.427024797623232 0.00914839256437261 0.206825469297254
0.0361753794663537 0.175117653852321 0.998237258730229 0.322903291606456 0.999191939854845 0.0330416858469079 0.263911975699342 0.562337890461162 0.1324817143289 0.551594605935233
0.212974739355615 0.128633098139462 0.835384130005487 0.566247961839587 0.998536485898451 0.0787678152726174 0.046050671743361 0.535632970441436 0.196189870874897 0.421585324590077
0.554866574262626 0.369679486635841 0.723395897460226 0.509996838116081 0.994475091383939 0.00951338359084205 0.294985304180977 0.566277246256358 0.342767858934437 0.639156129429172
0.770612356153259 0.00162603062229073 0.990690418405739 0.152643785142381 0.814471250564455 0.0425181708600279 0.154233664215354 0.48172737547081 0.0341043682567234 0.375162254546149
0.248268287142976 0.186176841922646 0.793160229840493 0.575966366188418 0.995795225984178 0.1193846949024 0.393385666528503 0.564151075731176 0.174236705975784 0.448990272887763
0.032017218967465 0.036278795777736 0.579096024549841 0.118503925120629 0.969002141343694 0.0204432329612817 0.119825796855119 0.496713550412883 0.0508957919062418 0.448089421081219
0.204787472919352 0.00100831311759057 0.0556928370439272 0.316823361794535 0.898859188371266 0.00362053233654511 0.269479561688414 0.481189106277907 0.034987240295793 0.243512063419104
0.978045853273143 0.957758007317244 0.980186418885462 0.894242985224494 0.999201876836414 0.513185306527285 0.173252088481457 0.604167802319298 0.655524289549773 0.55323950005521
0.962852078540132 0.0648944782128059 0.999676597502018 0.467820456844765 0.98406964134784 0.03905618033267 0.277555513071591 0.492332538327448 0.0246223918302392 0.520401722302691
0.0694542965137278 0.11085258447129 0.511605036606629 0.225339708590767 0.932826375622237 0.0308657054533224 0.197803170827009 0.495036852978952 0.0327373947395929 0.408915328750174
0.595837158315805 0.0679001903481168 0.822429720691069 0.208621636758998 0.907048314164937 0.0234903378297705 0.0554884717011081 0.50546464526206 0.0440193101590387 0.39517620120559
0.977495483127925 0.99463048105503 0.999609731477284 0.813440076474101 0.998602464340367 0.390677301302058 0.575347606789133 0.607132294220971 0.216708752468003 0.703423530002712
0.237658460791888 0.731136502032816 0.988438829587361 0.622051760593719 0.936282212391869 0.122899234637072 0.176864857714351 0.556167952449486 0.123350898018285 0.479558620686635
0.00070276653559538 0.00305094031226773 0.452422603672732 0.215949269097225 0.989275272657162 0.00441975463755354 0.176447718878042 0.49196163944567 0.0260778553093695 0.332793356652104
0.50045786389332 0.03168788730273 0.966467089258105 0.273243936565615 0.824014908296666 0.0630084647312111 0.429012411161597 0.489674484400316 0.0257105838908233 0.31717079562181
0.845690158254596 0.432608308080542 0.937475696042716 0.542528687526508 0.885051509326742 0.0339753383868403 0.263414783262292 0.524890521280335 0.0168246875251546 0.215934848784564
0.999798901025265 0.902511917768683 0.992061858945618 0.513060431541792 0.998113959644849 0.523400511260232 0.749376217899657 0.578467291398024 0.279714635657243 0.568128803695418
0.250532531959544 0.382390818727909 0.862562597828135 0.418578300484026 0.999034981387469 0.017908420783305 0.0696226810291568 0.532617104260988 0.0782448005948694 0.478482923352621
0.095683340072974 0.117636626011261 0.990742844342765 0.223636401984892 0.931789981443596 0.0237470208113841 0.133528486674831 0.530985609588622 0.0552182423162517 0.232373039361903
0.991708643273584 0.17488488262076 0.999033398602374 0.782713638756064 0.98498300241569 0.310855653541876 0.201611269147841 0.602374178958132 0.331606546786713 0.61571927312453
0.621978859517312 0.0532891600445348 0.722284803366988 0.537131799188314 0.98380650443122 0.204852209559043 0.139020627641987 0.518220832391606 0.0305298283058007 0.568632856490738
0.885309901778747 0.498940677869365 0.0771648799862813 0.418168651184295 0.946540261548041 0.0635033882288047 0.503015915291293 0.491311680134494 0.0818701868271552 0.662001402974789
0.745648944831752 0.0697993591591784 0.94203877496478 0.662422946586919 0.999256003101926 0.185971492915788 0.163661865360217 0.532848268978646 0.360074896679725 0.338631370341876
0.79940711542193 0.864287200896935 0.870727244624444 0.374747695010679 0.969998849265972 0.162010813695293 0.587470997062067 0.538116706188861 0.0543436132224208 0.614772664621156
0.0361563816775687 0.171017361104112 0.848704234243093 0.325329912107195 0.820356286572916 0.0266681623366945 0.154645425709769 0.475131380598464 0.0331824162807359 0.324813601403126
0.702663377634907 0.95378919926286 0.994630840661362 0.731989723720564 0.968148295122219 0.314761683777752 0.800049277048979 0.566259038184615 0.0619384443078507 0.455706029416093
0.00969424218325091 0.0956080506450166 0.938149729008004 0.400799275362084 0.983048500639296 0.0331322817995707 0.101856533539004 0.534138011227362 0.142064518972508 0.516579136451241
0.993085550432348 0.920736061082873 0.897905464526971 0.624829077433543 0.999560645612913 0.364005931643075 0.123964086102044 0.565705965383028 0.273874509882383 0.542008242071964
0.992360199757714 0.395452266392308 0.850464344656419 0.624966978327294 0.992590104824179 0.168520538950415 0.0624946757070553 0.582422082531335 0.207396954071218 0.647417479879179
0.64228996243401 0.000659733106320395 0.41563839475169 0.0799164041434172 0.0751352318355293 0.00316467337439989 0.203666473022635 0.420016152733164 0.00295814306337621 0.159256852927766
0.0326876925776275 0.0319719936528161 0.901092633179002 0.214110351274552 0.59857670288698 0.0144089412537092 0.229113927093313 0.493418792152083 0.0535566978227816 0.532624047614052
0.948583252138667 0.825905110725648 0.990067680703325 0.919305981738154 0.999941041552503 0.733160105700098 0.975775739180396 0.61722786402454 0.722507572480208 0.753630611585677
0.0714363774020914 0.00490671019130666 0.988410057824102 0.37986423696457 0.949080764661592 0.0540879464139447 0.472843488284096 0.51952866118009 0.0178738276445808 0.457889712697166
0.453832851512836 0.00975349570009999 0.944471106485272 0.21499591674995 0.530509151136235 0.0505671659077597 0.0242511303964422 0.519983003393489 0.0981647871202009 0.314133097177425
0.158816559582 0.456690728945816 0.99738351328958 0.669064508065464 0.998953702329156 0.245500991475084 0.35936196524979 0.548793019052009 0.10060535868994 0.6171145892839
0.0643929299898093 0.0786334079381149 0.998555315747086 0.438743196257598 0.968169326633074 0.0240586571043206 0.71273429240727 0.493573806643161 0.0369009190706521 0.516611008144433
0.997414966994204 0.0538608287031525 0.916454396612581 0.390496637264079 0.965938669489253 0.174340405689949 0.529014800166068 0.567875364155382 0.219019572379438 0.327914856462523
0.969548273054952 0.982228449171943 0.984337579114515 0.691755795927203 0.999064113016913 0.267753043331608 0.0866009626060931 0.575137531550334 0.139446429050801 0.476714147575186
0.0421416059561836 0.00199944134577459 0.968254498655087 0.207297128046347 0.958782362106163 0.0256495237259225 0.484379605136698 0.508145084473818 0.0985241375516585 0.387194231212265
0.127616176983512 0.94264420971803 0.986133476689455 0.466371045703784 0.994456808854661 0.18387705215129 0.535402024161927 0.567343425400817 0.376723576014178 0.601752627672488
0.226141311852433 0.372476278961786 0.948397904121391 0.196772477559062 0.886270597925553 0.0323090506507706 0.24779957755219 0.518459609474026 0.0844563782977307 0.446153770153884
0.0663034947900928 0.0655054811674249 0.9999090643843 0.663039535973053 0.994319278650029 0.0644617700496903 0.169282824540024 0.577744089223458 0.17853760994757 0.418534797614958
0.0138586134328578 0.00680281428766055 0.430451602469392 0.175902411289036 0.749629658504599 0.00308888551938105 0.035836422431356 0.478661979318575 0.0397959220273773 0.59157166159135
0.683177527082703 0.220319589118096 0.993708571710256 0.4281032634782 0.987634055478137 0.0535563760749835 0.0413741042864278 0.548475897445511 0.106005690883628 0.437155765397441
0.886729973386214 0.979037651189706 0.787675393103316 0.741311843608795 0.998608871812567 0.142950800962832 0.940257495825011 0.573514236184596 0.431638146879725 0.60259331247715
0.142609725353078 0.000486872207207482 0.840659662188112 0.181896860865416 0.497009545883322 0.00462822944095823 0.0229363081755844 0.465299847947397 0.00877336376406548 0.227250228313518
0.996614358001904 0.996992262089484 0.997766784393633 0.971494061348816 0.999953131934047 0.809931503541535 0.760335953980777 0.682416897015087 0.927560633039939 0.909112965687211
0.893711663509322 0.820594006966898 0.954702983376 0.680081907692696 0.992263268597973 0.361782649765081 0.669814805790877 0.54590609845192 0.129424668681404 0.66201815837077
0.145707012681194 0.000119006707970732 0.804591186363504 0.198908490188225 0.47364589012413 0.00492653223071402 0.00320669511367287 0.428316014680986 0.00476024224029485 0.305892547546625
0.0199526244032627 0.305203535501772 0.999992608022286 0.627397902786306 0.998351709532172 0.610769892184318 0.705554395634858 0.595846358280196 0.218281180494798 0.442424475037403
0.212976416271679 0.26038240820975 0.961715604134185 0.42561291803215 0.925743117119862 0.0130294951605265 0.468944440944164 0.562725882241115 0.098742135498585 0.481320972654194
0.980797102717637 0.273074336626538 0.998014561547333 0.745541337852005 0.990824987766175 0.41811550849826 0.673284931987052 0.575187909410191 0.388115273315523 0.671454359123112
0.500573452094333 0.64845633072805 0.959158380363637 0.645775934358324 0.973075289672727 0.166176142369394 0.403750751645086 0.560853713439577 0.530557098799321 0.759949077864289
0.955139766566798 0.135850114971042 0.976184664892032 0.540753069859022 0.892779051386103 0.0136840420714192 0.210850139959337 0.517172447861749 0.230919394969677 0.380804823356936
0.574529446455722 0.178738987593338 0.999645948727736 0.642229152170484 0.99938409513152 0.39704088255603 0.570760737909447 0.552792288079434 0.277319604886898 0.420806148092978
0.985626919880067 0.117566288254463 0.508253679922842 0.652125571086877 0.999920307975592 0.104900532644632 0.547177505604013 0.536212868488377 0.266502555858419 0.606953954434638
0.988816964470997 0.972229478375769 0.985406370568426 0.879915753274488 0.999693185102769 0.779360814790151 0.947632192257687 0.596512507296844 0.463710367195504 0.610252411149142
0.00402926251248048 0.00389407835156266 0.138548534963469 0.0807572900598653 0.475106113064888 0.00521974376494625 0.12130689311626 0.459874021894521 0.0260027612673664 0.278744969312846
0.244948059667583 0.385916291365733 0.769769615389964 0.35814074753266 0.75361354671491 0.0160467209596679 0.326152360024748 0.53244680316727 0.0782139981681967 0.270556859584909
0.852509607218887 0.0169976541577548 0.87955834244889 0.565136756909796 0.948966463311361 0.0287437393910884 0.168196585503637 0.496165259945063 0.100446708183951 0.622256926161875
0.0569057282097806 0.00706500351463747 0.968038839180695 0.473006397953089 0.996463522667737 0.159062691667737 0.311765399663394 0.508312354160386 0.0507811652323514 0.578418423497235
0.102252700644232 0.585927202583518 0.954528430547738 0.430856187349427 0.996320639547487 0.0477675986676583 0.204071515273113 0.543592464351629 0.0895031857671757 0.532198594949908
0.0552961204678864 0.344244281288734 0.909450284735487 0.525508939586948 0.988899622693019 0.0484389582487076 0.80805873318358 0.512084659352152 0.112665197649041 0.580286187949016
0.548364900085524 0.179272346820372 0.996755178631341 0.481620313476923 0.999372518036557 0.143726956132882 0.500149598112092 0.565469102500309 0.103060450844244 0.582203221396768
0.159632765454556 0.0916077526919017 0.990371482791577 0.55568369191986 0.992333814140988 0.0447578837562197 0.0788169738990529 0.496417744819393 0.0135377249636463 0.460525039610892
0.0163064576146488 0.000545191546827113 0.754276100980972 0.273140996928498 0.840593145366267 0.00380400271391506 0.0117711691560078 0.487169760805154 0.0142300205360736 0.16100758711738
0.0640625687339657 0.00124861893610061 0.00187319747708425 0.269716734794773 0.3923016814451 0.00521640151593658 0.262285857751176 0.471290138085403 0.0161084260345003 0.372873285932144
0.993733814916909 0.962258754211153 0.993470968313399 0.487851960298276 0.998792037682475 0.187322416679658 0.272205888244486 0.536721120061191 0.0790304148112814 0.460707029741295
0.915832786756393 0.00275345442962957 0.977413776027271 0.642364380477187 0.997796259635568 0.0632354678966048 0.126614732702262 0.507480806262931 0.105718616668167 0.443201076815369
0.0238322290773439 0.000964833567619113 0.546081158362593 0.166890148547188 0.734306189326641 0.0304236910407364 0.363428486856348 0.467888798043414 0.0122173908407739 0.150036915042474
0.421805567628411 0.945076654843093 0.999967881036822 0.706203181272413 0.997045528465006 0.58738894410088 0.451120560724624 0.586025573085738 0.462714812711399 0.398165280317752
0.893104757531223 0.00106605962872382 0.167874238067424 0.166028127654999 0.771593415568005 0.0335211673302917 0.083255567894832 0.46808702105562 0.0439462362888724 0.316315061420214
0.985632117933146 0.728504790470255 0.983715049466005 0.710575504463632 0.990508136060805 0.387149520694461 0.634560358326004 0.589152073576714 0.206969655828196 0.798793884041039
0.956903334154009 0.187808486121067 0.999948779872486 0.618444125606416 0.99973854603913 0.193351250872232 0.789184885457451 0.603915444112744 0.605509191931177 0.747231209314116
0.944080826137178 0.187411454838692 0.934419542754272 0.319795658229872 0.884383035183429 0.18595925619009 0.465990687536535 0.514994454325912 0.175359742913441 0.419754310940493
0.391763424563177 0.247792359449344 0.991276724816044 0.534014609715572 0.946095674131494 0.139514108818163 0.38497103458632 0.502571872663699 0.0637342636674636 0.623728469541536
0.964034086229294 0.852729349716192 0.997956764961008 0.539105736708093 0.937818888787261 0.0475049373698887 0.0926778444776484 0.519118013743425 0.0771011468081406 0.672086656122092
0.0708767858877724 0.000647925762189966 0.617838172907433 0.0852745806279473 0.565084556092642 0.00126733351281585 0.0278181629287169 0.421937134041004 0.00649855800753123 0.151183411720915
0.988215471953797 0.646027471745055 0.998366695388573 0.601432587993062 0.988564103615157 0.069111149122739 0.135851421274193 0.533419073778877 0.0659033461861285 0.414686993758816
0.144853776499446 0.77097940279289 0.976581930459417 0.542798590285233 0.982226947524721 0.478449086511388 0.837664830601182 0.564110280566055 0.366198918951231 0.750023996775536
0.00376294288593429 0.0158707344371154 0.477475388996735 0.293809274760553 0.939772556653711 0.0181488234847871 0.013874110232297 0.511021266854827 0.0492266582513051 0.293971320773392
0.434085015391498 0.0252881228647479 0.413165931931269 0.37515859097636 0.951972270922049 0.0217316990581147 0.442738673304817 0.485378585566683 0.067947308178889 0.251062139360404
0.832516089511002 0.657905833792446 0.99299868412622 0.247807641696789 0.983997373599436 0.0260290635784677 0.29604720807404 0.50572810218955 0.188390601172388 0.192478920814381
0.964147298730335 0.771331648650008 0.715662368196006 0.684634484728739 0.999427624066584 0.443002978207294 0.390386667859014 0.570534890065678 0.126403788122087 0.754270366744356
0.936208816811067 1.88078670504482e-05 0.570847447721281 0.27259056088898 0.422391216289824 0.00884612120567406 0.413205408143581 0.476276941171681 0.00884148243068961 0.313645319284092
0.91543190840162 0.0281417198952669 0.90095506534081 0.460307522941592 0.975070740385794 0.00353017787302407 0.0918615281657914 0.483787118767426 0.0480375216465855 0.296861329475363
0.0247227569551392 0.0129715853114285 0.986980366495626 0.200913439600438 0.567963693584064 0.00508680760818849 0.751910554686694 0.492112081555198 0.0360163104659194 0.546959213765261
0.154306260541918 0.1090339731341 0.648489447554329 0.17938966214695 0.303465029190276 0.0138880032225406 0.0878401331029804 0.487107531971075 0.0109741398713757 0.243065775222017
0.869878436682157 0.152802138118237 0.959702178050863 0.410279181672757 0.32202309105712 0.0687691988987953 0.697365235101013 0.502010529245388 0.0277659850135851 0.34595729089243
0.648602279006031 0.0950586117590836 0.861280425072305 0.11456959724708 0.303550031131265 0.0130693407318524 0.116365973179238 0.468507440732256 0.0311741453002127 0.370370462862982
0.0669101218403408 0.811487659992878 0.690512104791296 0.559540692047712 0.986121796747985 0.0138559045971436 0.302582719914408 0.564250058604903 0.377288507062097 0.704383212666332
0.178882656064205 0.00768235289815961 0.91208519445507 0.2538462296586 0.976082065259021 0.0157288351578514 0.0709194869855852 0.495295843225484 0.0570436347942228 0.353856071986059
0.564236917078906 0.000155852739035023 0.997861949006725 0.249684556596397 0.972329097152247 0.0786992738431362 0.164289006124586 0.476485978411628 0.0231546232346965 0.534928054152193
0.0255210968286122 0.00276724731031812 0.899977037120891 0.0795004649140281 0.573436908783131 0.00190228810206392 0.0435752421874996 0.477147789521626 0.0145943752953767 0.365821968901256
0.592052972298423 0.0994268625190584 0.991819026598564 0.184512714321781 0.925020981113361 0.0684447752633009 0.340565253932425 0.5108523431163 0.050362839862606 0.459669148317525
0.940217918391288 0.454362112639754 0.994785501058121 0.440996565427479 0.921359427445567 0.0486518934950897 0.350782370745491 0.523738640961729 0.181367685954988 0.395980756582811
0.0633449308913061 0.00973286114329906 0.658839155983328 0.155475016052537 0.876969130560297 0.00636119380459995 0.0708123136466443 0.465930920630975 0.00683405483956609 0.243987377604511
0.899172221797332 0.359200982333247 0.485992209161892 0.458920636731728 0.9971351694367 0.187573325320928 0.346514420271608 0.521701287342956 0.0882860219854214 0.531471893033323
0.994986535395089 0.833872467274757 0.880300052285086 0.818555931022915 0.999885655960407 0.162712689880846 0.607791466795936 0.611354352899681 0.223179430886786 0.453606152528738
0.327883320543057 0.716195885300859 0.096737242110544 0.346343587502316 0.987439438977946 0.0604252890709918 0.797906428345852 0.512953174834758 0.0597474591474656 0.503784879288751
0.455850269137356 0.210019691769084 0.99980253671581 0.62774268963481 0.999399778974401 0.589227036099409 0.246592677520142 0.593221329774526 0.18861246956282 0.635257441030527
0.754448567127842 0.714132783378381 0.997859325266603 0.428807837827954 0.991445634052368 0.196011405073137 0.447842274554512 0.571003141657771 0.127218426232378 0.487376471560306
0.17636747734796 0.326220553253808 0.930630232002526 0.394142354158175 0.892853584238877 0.129212309607366 0.0413528047898244 0.501297341754379 0.0642164664385631 0.50580732019634
0.0180095496383003 0.0194537876710611 0.998310898223018 0.26754694280128 0.302426572179717 0.0246787798042922 0.0906527050202429 0.479968328419525 0.0158550119988309 0.391737221163268
0.972912844060314 0.116537165125846 0.998193922869418 0.585439144054317 0.995378843523616 0.350179389427 0.819948267043615 0.561099210961681 0.193190147051407 0.481604738162845
0.0590535274769336 0.0232450436720569 0.720249937494668 0.510968345043808 0.96701107112251 0.0276881390628658 0.043310602301964 0.519836822210611 0.0721184197246962 0.477587783073246
0.999874415396317 0.438207377198649 0.851688168324477 0.640657601343102 0.999446509940732 0.226761371500479 0.562667973917798 0.586276010747585 0.265269110607317 0.757756853825205
0.979819408607338 0.861770174308592 0.998815545945984 0.792574669448646 0.997332785651532 0.410840793308669 0.62403768410513 0.591660866675916 0.415524863770145 0.31748221841576
0.551296023934689 0.148424843489229 0.964064422617279 0.20594807785582 0.973150777371338 0.0181764490640326 0.313468394033978 0.485141071222583 0.0347387193853512 0.478623473330555
0.339302195186929 0.112945210119018 0.919171141588692 0.261590616599636 0.972593131614517 0.0657388066870338 0.225600489905757 0.504079811887102 0.0349813038131123 0.370085881309469
0.828517250380733 0.183981477015366 0.955537116628138 0.619970332947156 0.957343911715674 0.0228103206443772 0.108203556444003 0.526844824118742 0.0452460264056965 0.311970135789012
0.875244625983753 0.0378310354338584 0.886041387706609 0.287781331400321 0.96628999599226 0.0672791087577143 0.0338618009953232 0.503988118950592 0.0877380907869537 0.438178250308574
0.0944506066265829 0.00407439401218951 0.377776241331827 0.111413605531342 0.493928323141464 0.00491267328202369 0.033686626463873 0.40721466776038 0.00585447799494475 0.153814641536833
0.0395713679668842 0.111058240425492 0.983743927263399 0.543990109578125 0.775736476744057 0.051046743328595 0.445901478098523 0.520946690288788 0.0777262733870698 0.3338523064165
0.323128597369274 0.926164547742837 0.393492146824607 0.683950494617565 0.994000738292406 0.381178717745599 0.0556971859477712 0.59371202796086 0.573550902524216 0.615384557584983
0.0803883163726656 0.779831570154179 0.993782560381504 0.435996523179758 0.963286015674631 0.0228748199911996 0.263269812204913 0.495066268874536 0.0527696754834931 0.372372059282648
0.959259826379683 0.236275333910146 0.991713721215944 0.887320254991962 0.999969161902448 0.728593990189273 0.759411800176866 0.654224532667614 0.878815259511185 0.883861368752601
0.871090641964802 0.741753272157767 0.982724296204431 0.693959659286725 0.999420134244195 0.227147519243416 0.383067865819841 0.600543053520817 0.286395238956382 0.739450792103046
0.994074317204439 0.012494343284777 0.998045886264436 0.688916484701658 0.899618796123769 0.54122494063236 0.310613345790275 0.543645979779626 0.32300455625782 0.456203373165197
0.962596614960072 0.138498989458619 0.991284445786422 0.306636970665933 0.697203577747841 0.015424446723523 0.126402487096689 0.502074707181086 0.0669620680041992 0.262587649236277
0.567975920936385 0.103481119766498 0.999867113461612 0.579229113279774 0.999768371382698 0.109144880630219 0.5151777598352 0.563818776433274 0.0836188573053137 0.65098377684825
0.967486249477673 0.527101124688831 0.993677290174148 0.672382914070294 0.99724295045287 0.239741739576497 0.388350381933288 0.606172694681794 0.408145901890426 0.625399024417875
0.401368158579962 0.00470915177969176 0.966131907897035 0.281352982792315 0.340827645362116 0.0116498688585264 0.179178999723802 0.453185162099286 0.0397890233537933 0.333968704505757
0.00499491567991522 2.15105169829461e-05 0.267987816842956 0.0758126481081289 0.101285686387956 0.00140344342074601 0.0240625654065045 0.410925695692934 0.00453834241947808 0.172028531638691
0.442834676904002 0.978476699823417 0.999984084656609 0.911318835390992 0.998566937569764 0.218659024229179 0.878716740162413 0.603348714798912 0.487302566171414 0.760499973195307
0.665593779338176 0.00157295115151626 0.225101760284878 0.253875532564405 0.725428255422487 0.007733917121282 0.0277534810548939 0.460390219274182 0.00999870424426736 0.238284674710754
0.546157796118529 0.68931264130063 0.704101445173211 0.418725415766389 0.819076093768748 0.178355718244448 0.469966651459378 0.517432132533704 0.0349907864013036 0.679075040104777
0.819753003243475 0.801383314823029 0.999323556261931 0.57559072324958 0.998440888525709 0.0858037749915704 0.40540401313195 0.58503803791241 0.239956362458383 0.625253762880753
0.082853931382538 0.00620040880702127 0.981227444968423 0.39904682586062 0.991625045334589 0.012282292528406 0.227749044116516 0.504641678570455 0.183149630678134 0.429504679437561
0.994545343650975 0.997750413872006 0.995177254253767 0.738781466050647 0.997712547745267 0.477578758192999 0.787699917610042 0.59768745853462 0.427385234468243 0.727684231883492
0.804726599159658 0.591286758464969 0.727541712315592 0.562740774761644 0.992758864084389 0.351546152170257 0.831730180958552 0.581341592712865 0.309625655321119 0.826488508769038
0.0535093271687975 0.0708249585165647 0.99415191389693 0.308153248769978 0.819804912242692 0.0621753224775244 0.299473585218205 0.523218122623769 0.0555346998843799 0.325497556489499
0.210156420375362 0.0360371929217643 0.998711486996195 0.443190720308332 0.992087574338121 0.278501827030143 0.880583843554806 0.52183417505068 0.075353118459426 0.543772725612859
0.903650634009367 0.999241889146327 0.994819223415565 0.775539640755323 0.996149533240063 0.433114373541864 0.846686124390928 0.589467225925582 0.254583975310702 0.689108995220178
0.977903363552593 0.0520127580555895 0.635167313909169 0.590658481910982 0.985141454925249 0.0571442468926144 0.843020550062459 0.521733856878326 0.120378360257619 0.460404977761075
0.0569169624367008 0.452165074034939 0.999664465604689 0.727641955938602 0.997486339919406 0.299680385195031 0.459746387741817 0.592313791532362 0.330591517977148 0.575178896251966
0.998431593718755 0.180452583140704 0.978829158215295 0.589608375611175 0.955794137511278 0.110492677989952 0.348991147460737 0.562820817711948 0.107962503110611 0.477438011039026
0.889517826510985 0.0623918941084721 0.984975551208838 0.515043411598267 0.997929734276214 0.042533870642693 0.265910976168979 0.592235198570055 0.125252822916124 0.584648022578486
0.104014129560271 0.507922528116216 0.60175786779119 0.752345873156249 0.989094969700109 0.134113947245024 0.404509440554334 0.549452481788123 0.179635718942326 0.550645986402615
0.43831471442958 0.0186071253372799 0.810285628158299 0.173718381935307 0.814414148783472 0.00696967694598029 0.244160079692423 0.457908824949819 0.0283975360651088 0.39816447736112
0.882934275194459 0.970987841945755 0.986769845173228 0.662829139371393 0.998560513038589 0.28449952998484 0.739145159364969 0.543704054149376 0.1787525796549 0.566150704103885
0.732864081679187 0.00556611126371855 0.713261311355581 0.55042010949057 0.938444341685863 0.0279455654974992 0.739771253314111 0.538644405083576 0.113702811774823 0.495448275634553
0.0317635935771849 0.906993476217921 0.999621369465252 0.680573898073885 0.998954545352357 0.20222898044123 0.345658213063677 0.596357789304882 0.282373748667399 0.692037388292554
0.00111754509536818 0.000777392444274938 0.916712671745742 0.230405935929653 0.421272340796054 0.00477312993658612 0.0423623972416032 0.462526358664097 0.0371082307606516 0.265681876694237
0.729774814754321 0.771129858267564 0.999556253298892 0.577421271553642 0.978945454199456 0.197365567283876 0.230246902207637 0.575841629194222 0.225870913448218 0.672839429495249
0.19439580822057 0.000583932925562508 0.979027592113954 0.063752328978698 0.822776277944315 0.0261050833215175 0.0858361644580101 0.46723118609875 0.00793034039721472 0.24309709287431
0.99874214185195 0.792051772158556 0.998879216337001 0.706311555929271 0.99813298306468 0.331955701397001 0.674302716614793 0.570677322667405 0.451290763908755 0.533125124887639
0.804141379679848 0.666492895477005 0.670895184637263 0.729056039132784 0.999552872183859 0.353652609844148 0.8641309005201 0.598564530244155 0.275065461896901 0.71138471169233
0.989465894300397 0.294994733974311 0.999925741294383 0.931293846981977 0.998802785394211 0.741913582778153 0.741835208724109 0.654603453023068 0.427306608840648 0.760489546027684
0.330435831589513 0.966436067147161 0.999463737079794 0.705306008284686 0.998005318469749 0.442204280112942 0.0408961668620009 0.588620129947982 0.406022164277987 0.607988985517356
0.00838094769274511 0.133887947535948 0.838709839188996 0.381640408988663 0.987641777404972 0.00991960309465608 0.377940274499497 0.508823938287459 0.0222365336046974 0.378507000980834
0.983665238411261 0.0221158663596138 0.753735632655637 0.319933479826143 0.9869576249838 0.07013119440923 0.329010542226155 0.566683847985585 0.337810112179855 0.587579721479316
0.991815221256341 0.99161839073471 0.998935720596931 0.843985201499123 0.999337235032043 0.538901929176869 0.817126157001671 0.625935860620438 0.721591401941233 0.697378757066668
0.936613776858781 0.118897002696966 0.994033690105074 0.539872585512874 0.991238810765542 0.360092599066868 0.115144874310445 0.561715056883664 0.254660066689141 0.526334504160184
0.866916988357683 0.647828056379966 0.0746169350394023 0.222043820057298 0.966454204853857 0.0350512314707455 0.126882913484401 0.498880787173239 0.0615936103345917 0.384683918562641
0.619786081046379 0.0912119299913353 0.927624660582311 0.401763458907384 0.803936117713916 0.0630194169894237 0.21198065815218 0.470489058169918 0.0297777898669611 0.541777844502504
0.134648652728625 0.283543936752383 0.998675419614817 0.425558404140208 0.991860645693553 0.128513721422611 0.109391838344548 0.547526232961782 0.119558598392862 0.430832347446304
0.115207271398497 0.0198941987339787 0.992946607968484 0.497991675331028 0.967963378944131 0.163258885069511 0.725985639229671 0.551529346031412 0.06531617433836 0.56434918451343
0.805872398752091 0.995542689159543 0.998775598023402 0.782128337216293 0.999711384052278 0.548147251780042 0.694777637264875 0.632602219987363 0.388705437041688 0.660473097028102
0.0775258765533533 0.0632577455960769 0.942115168801762 0.713312475398397 0.999650819445856 0.325318418166602 0.385143382253349 0.566421578023835 0.295434209456968 0.372453371267739
0.965418429757725 0.410695784252037 0.99603910739389 0.558361131635231 0.998880582375642 0.498539667779443 0.165292369010972 0.57894055949971 0.289319397888165 0.609567491309849
0.432884470608585 0.0519441422219664 0.980028143924503 0.461145468267837 0.990407594596252 0.213589126961439 0.315891795783435 0.528721360555862 0.334648173944674 0.626156682642
0.470182332414502 0.402577256858885 0.782588065098712 0.816347771627265 0.992118791044159 0.553232957461922 0.601723987439891 0.584796351325777 0.56362632924986 0.343793800847965
0.0455858842019285 0.426422824000793 0.741152713478064 0.646311028998796 0.996393212986674 0.164935952357464 0.287396099121075 0.548153987472747 0.159336635694857 0.392792750944584
0.496245019748119 0.0715865199199191 0.9976070444667 0.581764010139426 0.997639005759478 0.222796024564659 0.308504447871326 0.597702034843273 0.27695589056148 0.489493960268692
0.983180609332453 0.00347539819599755 0.770261366097554 0.678057171472053 0.996100471806173 0.0684641038108126 0.287620568677278 0.503652147741942 0.140450578436657 0.388692593930251
0.313525691853604 0.907725364817445 0.965675360172494 0.783386533580299 0.998822607287767 0.198296373573583 0.746055405998671 0.592319738985849 0.492294516422831 0.721593671012738
0.917270895667359 0.170582183667492 0.676479235819372 0.491716901197386 0.994704397036264 0.0773859971548661 0.793877098239397 0.508155286347917 0.281201670906768 0.365767050868809
0.837579422374955 0.491775594125074 0.0515682076461568 0.519655901645658 0.851812220330689 0.205769552082894 0.497207010533386 0.512118648181054 0.0829336661989552 0.559057636410901
0.0384624831489011 0.00108876276194097 0.923860135538389 0.133850442636517 0.258497648753147 0.0163387422528154 0.080790985152863 0.429006617616688 0.0114436223967907 0.362597216528184
0.0915073485575883 0.233502087368482 0.91431068564586 0.441178361136012 0.988169382508923 0.232743080280877 0.112562383099611 0.519322975167722 0.198726078479444 0.54785229643653
0.929302301137565 0.0146088396021849 0.875140764519941 0.692777255914487 0.95879728661047 0.0754562491459949 0.273011465020715 0.529964105872685 0.053347058186808 0.313960853629979
0.549317082908957 0.0270925278769974 0.998439175722495 0.181567809936032 0.938400048295094 0.00698382089030803 0.674794200324655 0.508104623511944 0.0212010222827166 0.444439829408745
0.122523528981455 0.00386602964894141 0.427369257574171 0.0931705785515244 0.751877579183936 0.00215742581845174 0.0832842357655812 0.459955916662366 0.0129467214092754 0.28936879470391
0.989243128388231 0.629303070107979 0.785981078802582 0.556177317304134 0.944046425057666 0.147021200920112 0.115077491877891 0.52102359483927 0.208205033316333 0.60908753047366
0.674343694470768 0.665780404362817 0.996972286359606 0.555434476291183 0.976156554152944 0.219042579145756 0.385766358579331 0.570291530114023 0.160728085132308 0.631533665700966
0.207685956117018 0.00718193547847854 0.983305352625663 0.563026574370331 0.954723931914209 0.021836225559248 0.156272908631397 0.518841538920331 0.0986526000128587 0.483363509502182
0.864302583414899 0.209991950920929 0.999750304770679 0.702809833916229 0.99944152285342 0.160220306406113 0.491728038383211 0.589231742479553 0.388408377052462 0.638908302104888
0.593637404641769 0.0109531070373815 0.984023580014308 0.489650590288787 0.999130173944985 0.0575573011714305 0.607418587939498 0.519163524766707 0.306720125451239 0.511251928029409
0.897914127403422 0.942075982344417 0.987423298994832 0.477062779098928 0.999426890479049 0.390026253669197 0.256195360188612 0.569244019693438 0.277263165666365 0.553613622029063
0.0436854273170291 0.0192618747416153 0.985473179994183 0.203635383736187 0.684821920443977 0.0276813670903602 0.03323808357334 0.490153197609767 0.0587834459251139 0.271795763413596
0.0767756132117589 2.00869298294901e-05 0.00532610721566633 0.0815451051929947 0.0360947330899851 0.000730159622335558 0.0042123053575826 0.407534004145957 0.00233182401451226 0.124693454013001
0.543589663856318 0.0960231430116722 0.204254285172211 0.246899461350203 0.990626862756142 0.045508370214388 0.129868041261303 0.51716779029236 0.0979633796368644 0.518766486554513
0.634263532223288 0.761685238260421 0.531872810409166 0.562572196461674 0.998284678174325 0.59771628266979 0.247634950865424 0.592889806490371 0.455707046462578 0.496721808543097
0.35597377948753 0.00313358686691897 0.972356004727152 0.252930807745822 0.690742036981019 0.0416300168896149 0.208852126847215 0.46861642970949 0.0398078445228242 0.370544870017907
0.201650892240724 0.0971480746477946 0.540569556220746 0.332485760638412 0.948420312062545 0.020804781366668 0.141383041590689 0.520827349758646 0.0368763179702585 0.408692103304755
0.993425392305535 0.319694239587885 0.999997300518948 0.814797786266251 0.999803501417861 0.148134511747711 0.545827452727275 0.579326965364992 0.210966931514908 0.631826782921886
0.980817335756486 0.477051586848862 0.995599178819415 0.394881696291684 0.953067849114907 0.253923434586719 0.223700900723759 0.51592020695601 0.0736843333860009 0.622029361348411
0.787811296164032 0.100646687627807 0.999888932687108 0.53146423519537 0.993215046766343 0.167264059809891 0.14946260458214 0.568668883201853 0.0696479156304435 0.418420500416455
0.996575687276519 0.160425692931694 0.97932257221903 0.46356395257622 0.963672886780353 0.192782225268232 0.669897085537262 0.549311807355837 0.135716785563772 0.345035292286188
0.993678916067723 0.305681544242941 0.51464758990412 0.692789477706236 0.999807740286993 0.170676074431372 0.731766784691064 0.564193373073361 0.190179074462944 0.625259150173312
0.0554534158717063 0.101027844219381 0.989103714679984 0.682990187051604 0.996683730869027 0.437240177384415 0.272131110665953 0.565250740889608 0.119560366407112 0.497932798439127
0.993407212560666 0.755865104296067 0.991056378926421 0.656581126405646 0.970959960921443 0.550192100826055 0.166233021095006 0.564557295467251 0.168311163129804 0.4234665301239
0.359367114691715 0.945270879076789 0.980944389419998 0.651451709802103 0.925641853856185 0.233153919064239 0.482833227692971 0.564043541842542 0.177419045360614 0.395449753657762
0.965065715127226 0.145822351407305 0.983343329443264 0.281420432048577 0.641500919599254 0.0292602431717337 0.0615637814945923 0.501051302007032 0.0948668479307057 0.473126242713432
0.754566200431162 0.100766989631145 0.548675741395002 0.495251798158589 0.986497640258334 0.0352494866739734 0.175653956752309 0.519142699693165 0.143358750141139 0.385756359118888
0.911217901125585 0.919128989271625 0.992493166353475 0.793407771004599 0.994483206368123 0.264894972178891 0.449497768806158 0.569003032148088 0.255116129130805 0.647167519632211
0.961995769134064 0.994488872915362 0.999997421217256 0.767570811119331 0.994610467696243 0.703802735275393 0.882022699785513 0.596657613379782 0.651520276911598 0.55954279074454
0.801865694723999 0.982762474904093 0.997385621534048 0.819844177410601 0.99973866094399 0.218981427057782 0.423965043045992 0.600062835554249 0.329598903067485 0.515268106403803
0.983275866368751 0.222993839145044 0.961585538404112 0.244009583052055 0.749216698004581 0.0148412320203938 0.0438182536718233 0.503863577767907 0.0859597424514671 0.224541465906735
0.579496703481544 0.00082847657644248 0.0125821729446562 0.111254080903783 0.289089804420661 0.00350844454526619 0.0163378335715836 0.427769218152802 0.00769082717095843 0.355122804215445
0.312469653620818 0.0394794861011576 0.456792422506548 0.290213422722897 0.328279755234548 0.0268210656849576 0.181240352692804 0.493497551066028 0.0626228909099396 0.378365771180643
0.536330221993366 0.0644038553585635 0.999907796375221 0.435761798962674 0.932174061971172 0.133658815859746 0.0699988639747237 0.549644141646802 0.125847458155319 0.451526356427855
0.283994174564502 0.0101528661287834 0.665149942218991 0.357820274744853 0.861515457524928 0.0420500832920131 0.35539068848464 0.492935892382541 0.0474184416252601 0.411150972400226
