0.00889619029871475 0.487958016797216 0.980670769839579 0.525848119330937 0.996692664257298 0.17217443899504 0.595089876391361 0.516468396346594 0.205736240060478 0.705829046149986
0.968587678034634 0.864514262195706 0.999999370587526 0.775771792432258 0.999382213024805 0.483723158183434 0.47440367060093 0.586759401206328 0.225819112371191 0.766206156449028
0.383654648873634 0.895054053491973 0.997513975854375 0.411673827040973 0.981759182767469 0.085986876911461 0.188408451149087 0.524100248065069 0.125786916210361 0.565512156635362
0.290910822543746 0.897021504767514 0.998555091677608 0.892478709130423 0.996314553613568 0.50775098426827 0.90830062076752 0.593541505616372 0.508440383009453 0.654965078188886
0.667474071678174 0.298499180585761 0.997184243486934 0.32904709525486 0.992513589049198 0.064986524184278 0.69982906643396 0.569340689298757 0.165898778207255 0.619944595535772
0.990333582419097 0.804829088832575 0.997649688928547 0.448134500870741 0.994521267118324 0.252698255780336 0.147543898428291 0.525353808950579 0.0628262337735389 0.492007476422863
0.1001452589453 0.156759185883843 0.269272381509004 0.124380405929295 0.843948760065019 0.00307053488058334 0.27234640777025 0.453062778817055 0.0130210533248357 0.21005506957698
0.0247145769557221 0.0456755176287729 0.588682367337939 0.192308482914508 0.828372600851685 0.00101344653583467 0.0828462364314305 0.454870199401679 0.0219667985230986 0.161840996036288
0.894283377034127 0.144584713254683 0.996406973096844 0.834111921740192 0.984020642158075 0.215258328783649 0.778677376213592 0.580998527988898 0.337303064620662 0.785242260226814
0.976040862776203 0.0137573933714606 0.647476014137972 0.465682749465872 0.88144329933265 0.0939194543124824 0.048600808432973 0.540686256838519 0.124152308684873 0.449715212638627
0.163782650510438 0.469719657154072 0.934469380759545 0.484914787574124 0.991862053090041 0.220824134424526 0.563089866311425 0.554859501346623 0.116187399104552 0.764695950785965
0.622837283583491 0.00300783289138281 0.873141410094412 0.0875908121421254 0.386551198292143 0.00636988430251193 0.0302195323906394 0.419521105763114 0.00679142555683925 0.252820587085614
0.633078784041274 0.911925922879926 0.386244552572401 0.604557977349871 0.990944388107478 0.449001465710277 0.799242036358122 0.541011542267841 0.13501553656502 0.542629721965656
0.329179341078206 0.374210083778805 0.994981105811409 0.725440621909857 0.999873821003971 0.52996519454879 0.22846779831935 0.580570286219817 0.550041583460813 0.711188968464018
0.00494754277365948 0.107718309789327 0.820166035540344 0.205517911807535 0.740339202100864 0.00816011536060933 0.070674748731772 0.453371039059955 0.0751156555025543 0.193473827398187
0.155358188449943 0.00131739143908602 0.993596042059477 0.212096051647262 0.682773708067753 0.0195622353630528 0.201269316314 0.487737066416893 0.0334948112944012 0.553324712361897
0.0587592439826598 0.609681274853052 0.385865198268027 0.329682589387994 0.959763406106455 0.276326319373025 0.152502491786521 0.530158196706903 0.0456762199758695 0.362863983997157
0.123092545960037 0.151059489706627 0.999316109419079 0.459715160146274 0.991546907999852 0.0125586042497965 0.544449671108047 0.529907593174043 0.0510227109381818 0.448642784721995
0.131212851021911 0.018108556263956 0.823163174894877 0.102149908686442 0.0741514746780016 0.00198113048385464 0.122121881504989 0.469182987871637 0.00417050491729632 0.411040022605494
0.88407781548402 0.722458489768981 0.999779083724555 0.922799797615192 0.999675296140317 0.641972120585388 0.684835882221555 0.622495461365203 0.652463681815897 0.688999356978865
0.922200344981458 0.0670648748161375 0.998913879372317 0.333678519981523 0.887280613212393 0.0331902798177529 0.0910878350124156 0.522722464276579 0.0695871843147853 0.463207519523005
0.981295320277318 0.133766358321599 0.980766043301753 0.71689552013996 0.983655004990274 0.0718118209409159 0.23660686891236 0.569572913856431 0.132383336466075 0.572499312596524
0.616836219163648 0.57676446918796 0.984474541301381 0.52711020522025 0.995765727550498 0.147892605315574 0.354849570259042 0.54852028978489 0.282261590712926 0.400964735266054
0.983263496284 0.423498768684579 0.998450084664763 0.7684319970952 0.995719896085249 0.40016669621759 0.469438408371008 0.577372614903459 0.24463462796157 0.593208915085087
0.917105056909437 0.0226362816159139 0.970982165600805 0.456841885041448 0.999443621745757 0.284555580563683 0.769402067606848 0.556992256265632 0.161085302942624 0.35333890759707
0.750317848086358 0.00645001831736838 0.984914579857413 0.417097619056756 0.995871572422413 0.0203078124664213 0.699823378832739 0.519912293593153 0.104706919569042 0.368259887896724
0.00322597461863872 0.000609818543310357 0.301741975036997 0.348390999095122 0.749555915719067 0.0397979860118528 0.445046563542912 0.522696504739801 0.195607856048854 0.432992033531485
0.0706339271046253 0.32028828189369 0.999853446252175 0.563999657239282 0.998286775458322 0.0619014561051529 0.363763290969162 0.590883958093985 0.216141125565367 0.69655107753113
0.867923996090556 0.0333495837570905 0.999819947988184 0.371615682207643 0.906658520118984 0.139253934605756 0.0949544296904828 0.517723992567408 0.045578464991591 0.472933262315323
0.234743996497824 0.855053835404676 0.985461463875755 0.721174446774123 0.997603408526375 0.245780485836832 0.438149520452193 0.587595821140874 0.314739009295973 0.637335900842847
0.1122528418539 0.855891783747171 0.999755871338002 0.834307370471872 0.996308558777844 0.240661214242877 0.777293463028409 0.596727221037016 0.286171241493233 0.370713428671793
0.12612291672544 0.0738208694686502 0.192758483120274 0.255139746660041 0.910442004435712 0.00941230372517747 0.0614897317525836 0.4929143011777 0.0220619492409757 0.401683693540928
0.549027659053949 0.133768255456567 0.999207656954262 0.350937126349973 0.928607551328363 0.0163913032899789 0.63351262824546 0.513278892962714 0.0556254028089275 0.395629652652405
0.00832244196975765 0.151361049282395 0.990840884178158 0.406148528951125 0.990894870573562 0.0510193140387112 0.497198305238936 0.506651858051844 0.0482946639738876 0.369877367080995
0.777567835213957 0.0526634006847401 0.611409964437638 0.285023557228688 0.883385653494389 0.154525528779492 0.180783228152265 0.525363363508951 0.0377584772529137 0.437430032016622
0.918893095734755 0.814821805934524 0.961107807030781 0.628827269022817 0.999923714817602 0.190957693982729 0.902923132155182 0.584187261064047 0.463364179756699 0.55656245665142
0.0426413231569077 0.00757863777770339 0.999489073813809 0.660887924038061 0.999406504763446 0.272330010035886 0.592193541908425 0.581226530944197 0.0680407146612019 0.492703771046146
0.955440120451549 0.0710827194736925 0.998269486937271 0.458569737006082 0.97144240067944 0.149919456966025 0.560504587846245 0.522058057191612 0.165878326153911 0.443575539112145
0.802516652480221 0.0336936601151158 0.994156895181766 0.695264094274789 0.998549056673871 0.638663752199062 0.432780793603977 0.582824322395741 0.645993280854858 0.575006695974367
0.95388233473018 0.145454068931226 0.890806438092973 0.272901446440841 0.983704870384924 0.0256934312445808 0.645878959426648 0.513985981054905 0.090529160024627 0.487973288445347
0.99823503726873 0.178845719971165 0.999959448781042 0.684188998023914 0.97918685586759 0.0356844616988318 0.181232795419609 0.574509409015983 0.149195978619149 0.574435047404861
0.0114047221929243 0.00248468859193162 0.507396316720367 0.186724923579553 0.189186385712276 0.053345727992166 0.0539824589632595 0.511053391544384 0.032991746740821 0.260331486335637
0.385326736420787 0.00138518347432313 0.103747197376015 0.171929423972975 0.491697210229918 0.00447144959347226 0.154817232967174 0.428140539939932 0.0220937622441939 0.176776485804735
0.913181703034563 0.0348300944890715 0.989614334733131 0.427695331252257 0.82374297668234 0.0518103124376073 0.294840845628965 0.522252115975957 0.249919942498548 0.418543302158842
0.050494127999168 3.40439837436989e-05 0.0355527347539117 0.0513459485014488 0.058600956843444 9.80453836700388e-05 0.0054529262364027 0.399945468362576 0.00842428463718116 0.0926818232685903
0.981168312582167 0.733361552544604 0.997400639399565 0.879546571145962 0.99752348017484 0.080221552932654 0.525975404540722 0.56939288058921 0.414990173916717 0.725427653404603
0.994032127463939 0.140037010452044 0.940512944084407 0.550129234102154 0.992755948053619 0.322532414099454 0.176849203316641 0.572124158081945 0.550483087239548 0.578321478669347
0.00922811200701293 0.0148756387129088 0.964847758138647 0.108223642364721 0.199555245785396 0.00130840244886814 0.645245929890951 0.466447907572807 0.0313238560041006 0.277174162307773
0.954000350174204 0.439327497334531 0.998401925415289 0.669948493596757 0.9049258664869 0.14209775131038 0.227743571664923 0.584051256731812 0.142718401640651 0.547395107889426
0.841844360973939 0.180811654005987 0.532331123125137 0.378703406154983 0.983863490265256 0.0260581985530715 0.388928801852074 0.506565893377231 0.0645166132186728 0.364365001319685
0.993454143491607 0.840011657279418 0.926461219543173 0.655878263274946 0.994461459996099 0.105722928208337 0.663024201872757 0.59251873517833 0.345441327737517 0.725211689101446
0.0420860214546232 0.358287763842067 0.97083888043628 0.427091493143302 0.657108912943212 0.0341480348430031 0.111577315227074 0.513388057032739 0.0137676981126871 0.297796945279677
0.394640882522288 0.726620016525289 0.999818636434142 0.374050967368089 0.993253446115448 0.336716903770628 0.471910499095553 0.547877741534011 0.146175285658545 0.360322625564486
0.998570272135451 0.00877430034128861 0.995399421471631 0.864799305523152 0.999358894718001 0.0557172573092105 0.611151334937059 0.576137799388552 0.271928224496593 0.737636568320341
0.981142503698286 0.591438825191603 0.990132909656713 0.839853214916304 0.999977121008094 0.735851732362057 0.902851782616138 0.59227331650462 0.63086235216272 0.746356916887633
0.176714491238521 0.205261542160528 0.999971231088309 0.75725051006993 0.999233465594055 0.163051196424748 0.739321685584327 0.564017646521676 0.17282756542561 0.35037046813193
0.998248841090754 0.370047512526826 0.971459834400348 0.6315668761452 0.99881018298728 0.157559880189629 0.857983234602355 0.560330079580703 0.260103835187184 0.451641057387932
0.934800346338443 0.692526613991202 0.866791394087768 0.280105039020506 0.888643781017279 0.0594457799360208 0.158516281380375 0.50189103916079 0.0339441383227811 0.517594239429037
0.264517100735721 0.548970897910895 0.922589486691053 0.698167979644723 0.999299972578288 0.118252606358726 0.361867268464619 0.59338551105479 0.523203201400763 0.671914817876221
0.951415070473422 0.177121870120993 0.956437913490497 0.51368339582617 0.9987228728252 0.053659114937135 0.19589477190537 0.575201817118731 0.413877652764676 0.644694416836967
0.903821897871806 0.000757888072661593 0.99617662730956 0.235470858482024 0.938358724348215 0.0127843013786278 0.458260694257318 0.528491775901023 0.0555528916202705 0.191226547914323
0.0234646590604362 0.00296309435326334 0.834918043816686 0.280483568948583 0.911768223402386 0.0873587116664557 0.0834680749628146 0.521689776030222 0.0695507990273137 0.441446295822997
0.00756696012051703 0.117402427982932 0.960092188748671 0.521838235905324 0.730288563947273 0.0343865160462438 0.32687809002527 0.467344448877281 0.0402113122002419 0.297534557748128
0.10725405840658 0.0125524738406679 0.984914204830239 0.156654522762837 0.291640313475659 0.00337945798884368 0.0732960690966553 0.484347711148286 0.0453183944314658 0.251284219622954
0.901055984248288 0.953264779085405 0.999745468490397 0.888681452319116 0.999943335744079 0.81356535677033 0.840623997934274 0.597009319243965 0.66996726766425 0.660984306204976
0.11703077853899 0.975755782610877 0.999143249389052 0.703813309652753 0.985271814707721 0.54249070765477 0.727382207419629 0.567722669443349 0.453597279991659 0.705706713641871
0.875734809685295 0.499297460196159 0.988801386228233 0.377589922475382 0.911691604013882 0.0298739242542774 0.650081547424121 0.445131468490922 0.0385186607785468 0.208263118032176
0.156021971776701 0.00129455262970358 0.997325739450829 0.226246650302072 0.867979694533676 0.0110641531563105 0.0399205990542133 0.480092494277464 0.0245419878987456 0.305408794986954
0.0893577321306498 0.0131362944713546 0.996281294324209 0.221432520022597 0.759200133888103 0.0792345523360107 0.165064325398507 0.477383680318594 0.107479348521988 0.535523290518788
0.847276196990437 0.995874305547926 0.993122146202795 0.889957002546325 0.99735101352228 0.496866059371563 0.711457018935232 0.577163025105034 0.69451623774755 0.739077781496327
0.0855863589649302 0.228983744316886 0.752085604199409 0.568097205139989 0.99619146979503 0.507826905945573 0.0343272988201824 0.524160584266965 0.157006764534352 0.391470865514519
0.300438338022343 0.0166403347794816 0.566555550617224 0.487438242632775 0.972236553117367 0.0899586456030487 0.296102656187468 0.544364429769808 0.571995859821128 0.733636931801855
0.447931030868819 0.0377905776944364 0.870584861317029 0.590808742684614 0.996392876004135 0.376130832940214 0.56256593550797 0.55499628935564 0.195409071085048 0.464390863771282
0.829664746505717 0.620314320914114 0.998624333931501 0.600640313306306 0.941544350611804 0.228877513275567 0.707053400055812 0.522382468392769 0.117005208214629 0.627870578008803
0.983260249529966 0.559266515646029 0.998761699215008 0.710092680212213 0.989848324764749 0.0248115532539589 0.158639414522721 0.559689159322672 0.182797477236475 0.580610244384199
0.911227995711825 0.0131140634722011 0.903609985361685 0.222123080103999 0.736391708265509 0.00715917458742076 0.102011558078111 0.47645434322428 0.0282242713638432 0.386832811470143
0.713901594392576 0.264186387259822 0.0930913527235439 0.713481928829361 0.877872876661849 0.0410444673181524 0.509506064777599 0.549386650217988 0.105117994382364 0.62909700211045
0.941030153119675 0.357596086038392 0.189214121588525 0.383670230763577 0.981796332703321 0.0338892655382093 0.173499667604961 0.502306701512177 0.13572034366485 0.394703488856748
0.684544567337865 0.731906864627025 0.89608689089094 0.378223298852064 0.990548908100629 0.032695966621556 0.199344164001467 0.518415353635349 0.0722889288045139 0.437236773051881
0.944221049302621 0.795662178761127 0.978422397534094 0.74052915975813 0.991528266338526 0.699031483542162 0.699404165928949 0.563309020350847 0.226632638978557 0.564259586363844
0.365008324576544 0.278639569753035 0.885460820594211 0.445137904983654 0.988684191864652 0.138746930361179 0.0274055903498117 0.549521849245527 0.0544748090618829 0.46514220509001
0.986945426428628 0.0016211933920252 0.928420886585485 0.200250790366181 0.519579548605646 0.00645559394144344 0.324355393227636 0.503609833228318 0.0133064018505823 0.284705765616164
0.00690741624782805 0.000289472222318416 0.8477225169248 0.0607670362638229 0.0168310394508021 9.97400951785803e-05 0.238838610795355 0.42354168851981 0.00174505581372866 0.123883201085421
0.0265864038918052 0.128603548990986 0.854571607079288 0.12653437338506 0.852588447429915 0.00253496626431352 0.0254689565244528 0.504089041858553 0.0107910182900964 0.37860703123891
0.999907298848908 0.0600862805146942 0.963155752106271 0.252987825397832 0.993351391254654 0.0773814976181034 0.399926845332425 0.535502934840255 0.0721862565911124 0.395577068060565
0.96628825176633 0.735724780130054 0.966740818547027 0.480225098292068 0.992808984677946 0.519972104912925 0.359620008189349 0.557926076362857 0.269801125777139 0.77683321428363
0.700245603738161 0.967879434312715 0.989248562873179 0.883556957696635 0.999718209331253 0.633224898240148 0.332861569461225 0.602458472819729 0.174167802694254 0.738371868028686
0.831249783856463 0.0264942097596415 0.88432621973505 0.196042583205347 0.968212662634459 0.00519802277938043 0.0403943925858562 0.475233384351093 0.00782029313542952 0.234610538315308
0.995701545584355 0.00309087443827327 0.731316341196386 0.52967929976247 0.886301053083569 0.0516472198197238 0.260104293276639 0.492181804041239 0.0262794892337195 0.360332763210552
0.612713773607795 0.0513119682131768 0.299436286051105 0.165584667198364 0.827268643069999 0.013721386026385 0.063182692516167 0.493223547441011 0.0401061678533633 0.329644578023817
0.000197031756378163 0.00592749638096047 0.123150832475298 0.107251026187003 0.764172792748917 0.0040255664403335 0.0898992349722928 0.475064592183393 0.0230462696453152 0.345330977470349
0.00736283929408196 0.000169023313792064 0.765998887602112 0.106350544519164 0.885067254872581 0.00609833516981574 0.788831110964249 0.486711359718678 0.0557501472479484 0.231755276264635
0.908555840236178 0.921167081245331 0.950521841412639 0.258644769028965 0.965154497960453 0.0434605444337239 0.128382515966133 0.534647680391752 0.0409121933176879 0.451165281066787
0.106675894610398 0.809518004293836 0.894227977155019 0.529294948552784 0.883921809308932 0.291311393680809 0.207368876471448 0.563143702386187 0.140755963680341 0.281284357166824
0.149330579987393 0.027329908025101 0.230076810247865 0.296125414665316 0.930536330337336 0.00756653271897752 0.390189722548405 0.459425014657847 0.0253271611486284 0.336080090117184
0.292474887174196 0.593529748306013 0.731097046042727 0.502570585676256 0.996818691382485 0.202141309766116 0.715629612419589 0.561570406770907 0.204621837279351 0.368058851745034
0.545262136443571 0.00333220697550583 0.919778773180528 0.164945367533279 0.137366051706848 0.00510512102041115 0.226389735961805 0.447334486330161 0.0194518614546932 0.343753943747994
0.0253580762396501 0.00620156811796237 0.855946188117091 0.147790136555071 0.93874200772434 0.00295775962840008 0.0380059150438104 0.500974886098713 0.0400716806634766 0.301375189605921
0.955045539784819 0.907064572460845 0.998199716271548 0.660869044069648 0.992668889633752 0.369495716947519 0.970816940638307 0.562354476688673 0.345216111364897 0.785968816579229
0.587806464836274 0.911843752475415 0.999262679981002 0.482377385291876 0.988518892741065 0.206098491805658 0.119183724843734 0.543702104758875 0.125446065024386 0.486668429677554
0.395784942279569 0.00134117552234073 0.939832584971166 0.304641929389289 0.951633463280973 0.00163833306017896 0.0960335729669023 0.518550268219051 0.0220717068639971 0.279058328072791
0.0363592625212787 0.942738572278025 0.989079398442885 0.842592758490356 0.991216217091821 0.264422581573441 0.411338222040363 0.583280054878156 0.201526633616662 0.710200343033428
0.999630678216572 0.256016661521667 0.190821442853953 0.590816826050582 0.998793624399981 0.361064548483759 0.721423657920612 0.608947428854697 0.41520450651672 0.71642559951842
0.838363825198533 0.000539966953417695 0.776710631397504 0.21563475888595 0.805885663255748 0.00424592443723344 0.0223237160553856 0.477273454594272 0.0264350898826649 0.504876245725679
0.984144573401562 0.6855145460729 0.999683137107856 0.675763634092481 0.996766170976452 0.160574013757105 0.0141105128384331 0.572136413943626 0.0703941427435685 0.425873750257194
0.440350393264742 0.991718591984071 0.976170223553639 0.614086331981287 0.998440125490812 0.364555488097185 0.306200310291933 0.606841273833706 0.507696488239447 0.590753745614568
0.955635660274375 0.0260512629142287 0.142017577294176 0.215095780685393 0.179116056173917 0.0199151438149238 0.217312019114653 0.465752051377565 0.0221201189299126 0.416142277594558
0.431617496131601 0.62543926805497 0.199520515150124 0.250075380184325 0.955591804034753 0.0088161930724913 0.0110526140685098 0.50650420608062 0.0265705393554546 0.31554634742858
0.255930778560492 0.000539669777387861 0.344041842565979 0.246355982979668 0.90008472576742 0.0199953923267077 0.108463632107789 0.498123412251501 0.07176751130505 0.347356099644078
0.71831809493287 0.338783286267427 0.998754212331089 0.360034423596932 0.99015261683535 0.0216442245658317 0.369274733503794 0.524909022666718 0.0969851432842584 0.663823509777238
0.0178941652251978 0.0392811398332911 0.836083127993197 0.114748317102195 0.359098256794989 0.0366261459863179 0.0378681705923512 0.459523411156609 0.0749396070573901 0.426213599578416
0.050231014965147 0.111254747470483 0.898282499662197 0.173495673403224 0.167316531837145 0.00266710930619541 0.066713602669981 0.45093817043828 0.0218560874085586 0.194924159558894
0.596920659082059 0.490419040670029 0.0526233133644149 0.648233636572393 0.990515036814969 0.100097502016694 0.513669355459644 0.547905202480249 0.117329845091304 0.50701754192292
0.089191432838332 0.455908196553369 0.985937058340025 0.454464601213781 0.997386263226989 0.343487801630996 0.463728384963298 0.534957874349704 0.111574458091238 0.568574377878865
0.0235921800247343 0.0193800146634562 0.982275075881347 0.375003690123906 0.997566687513356 0.0334359401492215 0.0605158488591513 0.516707938977243 0.254683299427866 0.526353820683339
0.930155426093451 0.0333939634606401 0.82124106907575 0.789039754054739 0.967061950414226 0.176149139374377 0.37855197897602 0.553644825136534 0.0746545951950588 0.598236057250749
0.0882276954149026 0.0221870550126825 0.946672244626373 0.213985473676404 0.936321112732756 0.00478866706804708 0.21132217353124 0.462413302452687 0.0359101428551778 0.168755999956357
0.761537224092091 0.912023702633553 0.99462741589755 0.611720211127863 0.999755929654759 0.326198655176514 0.234688734154167 0.56111941349686 0.475335314840645 0.435801663390192
0.286696345472308 0.00609673785687288 0.18960307689369 0.295245254471371 0.869509839950953 0.016561425957631 0.0403122487147511 0.477747063184471 0.049749480550003 0.541858097692164
0.188690027555362 0.221267717553475 0.999681708572574 0.530831704232429 0.946282506875628 0.0721721706169947 0.210051264048112 0.523923042084222 0.0331492926914519 0.506914658246628
0.729487217488349 0.00828720663119821 0.997658508898337 0.649919806059728 0.99626422370162 0.367239383192833 0.346827525292993 0.580222962136617 0.159612409183075 0.468884717390571
0.547707764753544 0.0225747715282767 0.999981553395766 0.487983703050285 0.997752688218546 0.0246539484201256 0.884650344215847 0.580296241453594 0.230070494882054 0.396489415763501
0.992577652655826 0.245586215544176 0.999845832852726 0.809381026840729 0.995725317523481 0.318353671180323 0.474391978318273 0.587004054028462 0.360313494099903 0.614181320334072
0.0162386632925914 0.00228573454696984 0.106873444556829 0.098286313394705 0.18418586443554 0.00259993243292725 0.129770583399194 0.435549007937262 0.00967872996851932 0.165715856011985
0.949954628058469 0.99647736026586 0.927103312331313 0.294883619805795 0.957621822671896 0.145634638270178 0.0794806277898402 0.509310004514687 0.189321815822681 0.530709602053759
0.29291750980877 0.000526863759412555 0.651220492618428 0.263074694430231 0.784394143073218 0.0125626768077056 0.168392450035571 0.522816738803492 0.0208759096372024 0.324096588297423
0.00213516742394701 0.00149327598874179 0.167347804224674 0.0694732548379685 0.0164512842698521 0.000566772043614501 0.148808469493759 0.419792485030818 0.00400403177111596 0.0947649489839599
0.782338166671737 0.523536097798155 0.945798014327881 0.474837495193965 0.98283500534213 0.170639617311063 0.110626696982991 0.52572888379869 0.128877473589218 0.318447301398182
0.961558301750723 0.651229368388463 0.669418290428739 0.259503342842012 0.990427569384873 0.153398320718289 0.196117531692768 0.534177925202719 0.126448612438799 0.303904070693454
0.363808763365634 0.00761370967263779 0.998431379052874 0.534736531857097 0.293956794256127 0.0340616791975637 0.108022920935663 0.513683505968811 0.232818736902278 0.416724472078601
0.918589080652736 0.235304905879183 0.996268344946631 0.725232498615041 0.996702944953667 0.0827934003838307 0.208941284041324 0.571152715752346 0.114090890514136 0.516765782648517
0.63305184077349 0.174577138977947 0.988702381380023 0.377079058522743 0.958464608234124 0.0827564558292988 0.385789254153772 0.523882447744583 0.0453272711802823 0.326605006019734
0.730885895383606 0.975757177184782 0.99932072416526 0.811541406283231 0.999041626426012 0.750904640901945 0.562624279345525 0.602974737461544 0.608215295419923 0.646421553640079
0.855137879405804 0.922013046740687 0.996897232507624 0.597899733783594 0.99812382498649 0.0701265684750388 0.949782600609981 0.572218725092838 0.0657014986827048 0.671091068874117
0.00227010714783567 0.0147957964434281 0.432885300843741 0.247385523550474 0.779166756423248 0.00641599098246901 0.13861618034342 0.45748108703807 0.00681322603507149 0.160324123797203
0.717731067958506 0.0841963167854686 0.47684173347953 0.30484165997293 0.779277486853229 0.0120755735789686 0.0831806453811996 0.495637155692071 0.0210722456417376 0.370979985681811
0.497847447538593 0.0557139885163144 0.939556685158963 0.330200342065782 0.953132362505639 0.0183769250620842 0.0078137310880524 0.496450164602756 0.0576341790450872 0.406747375137911
0.000911783677805268 0.0115927052735279 0.8342119299734 0.127979752930626 0.145157318482028 0.0160775108243932 0.262556772456702 0.46227952586484 0.0197342305981581 0.281218232686885
0.986520556899553 0.31882660125754 0.974545900823539 0.761902615543359 0.932760485426189 0.200221842659688 0.413292630298954 0.57250928671795 0.300501881900532 0.556703237206519
0.322030692686395 0.00715253622807314 0.979946814540109 0.36706836898677 0.984811252365236 0.051977201727502 0.181779965588831 0.471846155866606 0.0176722420202677 0.295870255609788
0.233441582940054 0.276687180405543 0.925153260322666 0.640885943725878 0.999189220171313 0.284119268435673 0.722862644998854 0.559436592992511 0.243852268065275 0.660925732295771
0.976933386132081 0.992582175696656 0.981100027773571 0.742140844809677 0.998772005368936 0.109309722572177 0.289083757625503 0.571717540578943 0.219713129125391 0.644416986542888
0.520646616127717 0.00754991519682693 0.11084288172318 0.191199789713618 0.590336344048523 0.00568709691777052 0.111725142179512 0.456105777279944 0.0156153760305078 0.266511819757196
0.885890025448491 0.792938818370092 0.996667455091386 0.703444154554434 0.999375846946306 0.134258434895678 0.623531751682929 0.532452482349528 0.220674683924143 0.596576131794592
0.914115340321913 0.258104962706701 0.999839051404186 0.579547189587126 0.977364520836743 0.195294519313135 0.542679622584799 0.527813450922848 0.0907864216337233 0.545985703768253
0.977021431302039 0.174009063552361 0.999501043402988 0.792782105313256 0.996298934910209 0.172405446528424 0.0584433698616247 0.566536346376799 0.286467251180535 0.729716826870197
0.0753359904417347 0.0558004609867495 0.889169572527248 0.493339866331596 0.501911587028391 0.0357918744831521 0.0648470061001626 0.495666622617076 0.0301201460612742 0.282502823632554
0.496433575668994 9.871436912157e-05 0.0706708537733814 0.212108358871099 0.496754713600688 0.011074037016779 0.105016986081965 0.48668522470165 0.0125406462907908 0.202945693217881
0.0909110715226911 0.00775751881738195 0.999962322520494 0.76253087538098 0.994128356264504 0.174925799555288 0.543796885201107 0.552979203453639 0.131838318323248 0.629064480990987
0.43477793721571 0.0155296191300648 0.239876531451874 0.218422440689183 0.422638949116384 0.00962690408046333 0.00873088040812504 0.522420001008944 0.0728900830412314 0.459016026202224
0.944594038619211 0.358935589043188 0.620201866845297 0.472013877836857 0.985463942365019 0.00704661803616217 0.0597885078592626 0.517373895721477 0.161291041066162 0.350338487524942
0.969143426031417 0.896593717804142 0.99047842865739 0.732018479007268 0.995643332524291 0.288280478779883 0.237636445737107 0.603846225559391 0.603159717341506 0.626347228527272
0.998774175412761 0.0130548314761039 0.998952344611412 0.672541842875776 0.993889116506057 0.544278649381209 0.715185627898953 0.560000305771574 0.13918741356252 0.587412071115572
0.081605898690269 0.682616726839201 0.991349300896328 0.736692646045751 0.999873252507271 0.514602023343079 0.612189027090621 0.567985640645761 0.241850381329746 0.579585942885347
0.257603617498812 0.812840865623217 0.999706340401515 0.312687332746614 0.988249259037657 0.152435234024219 0.0809744004979615 0.549625332731018 0.22437915128222 0.54491072364501
0.0323029714663779 0.0127096319779984 0.853351412409663 0.343495103734432 0.934452726315547 0.0731373620147222 0.0104289513389038 0.505140103537267 0.0487354307677911 0.371679952380699
0.649207308171101 0.019622246247616 0.862169642709589 0.112231244814487 0.74746129344877 0.00728310387526741 0.339380485814492 0.512421763991268 0.0466248724996862 0.250874499994928
0.193450922812537 0.0829378104796033 0.358584226579401 0.373373531959841 0.970757257016696 0.0925724318292106 0.032585144583978 0.529652482175539 0.126403195912505 0.494782325740076
0.699120372499089 0.00167632658107199 0.97398646619425 0.404150349447094 0.929495250330515 0.2553239490765 0.128031682062495 0.534953723365914 0.0645162512942497 0.366487085874852
0.273506732520893 0.294593052967646 0.895834227978784 0.788881877868552 0.997339654901908 0.304818242504086 0.877278025513152 0.538663022148673 0.0446160831045663 0.633399434129324
0.987375229669563 0.000636209437025289 0.996719199288943 0.529438037408469 0.997903587268229 0.0144436904324781 0.242068859595633 0.547662440485675 0.127584107207923 0.545928583738452
0.424933508404074 0.0720816633210735 0.71886516654258 0.34118120124443 0.991108865477099 0.0107538462554825 0.395675167877908 0.532546626606344 0.201764484659041 0.370062071721544
0.245054257258077 0.00196484271305432 0.999341447882527 0.23367747824326 0.840253983637668 0.0270250111765426 0.3709665917998 0.511015181950897 0.016394936703926 0.333824441099594
0.0470800045214112 0.106093215348121 0.451094645453058 0.167933958134321 0.509669140920247 0.00657189399404313 0.026812572606214 0.463137940684417 0.0124630102819964 0.315859356448281
0.387140724868027 0.0841949644521423 0.973870274165377 0.617868528586748 0.993357694780237 0.409669029984304 0.0365237479807869 0.578384363811074 0.228280668315903 0.514795698102372
0.120561548272676 0.0495637780600399 0.995957280582567 0.616135546383587 0.995617629518151 0.244054670696221 0.171175121810015 0.586610437594881 0.589036133958737 0.628212973172931
0.806460362865948 0.0183396079002492 0.955502168716193 0.670303815081924 0.992981503295382 0.33154158024806 0.864358085393506 0.538749398453386 0.0617954095140132 0.512779028983537
0.268000184966951 0.406892622354592 0.980308265741402 0.635388955308816 0.954413158801491 0.335915340920509 0.306033452933644 0.563203106662539 0.173502728421803 0.54106509798979
0.231134438763483 0.12032491582276 0.975128454199988 0.551188862810125 0.959686814288377 0.134833487484862 0.442398943455571 0.589391048348564 0.0683335551478944 0.66522577075403
0.901047403014883 0.993438280086116 0.992556897502259 0.763297943917107 0.999740697977135 0.637179000872722 0.62449661122106 0.591861043176152 0.152984354408632 0.682320735255152
0.684976643111881 0.583835349388527 0.997677685726172 0.510514562213998 0.956152011334409 0.110510209771128 0.34384357630003 0.556277512105793 0.112075986366718 0.589961673689144
0.0821986111327827 0.0727193888759285 0.417431479727298 0.297701719989936 0.984308617593727 0.0253033650680294 0.252682871297962 0.521161840715123 0.0795005205790435 0.263198111831584
0.0535326316105731 0.0151636149387508 0.569911670027688 0.659558892683393 0.968921195242637 0.234497386511395 0.0882077958899553 0.522271235223268 0.257647158281844 0.530058488019611
0.301999242418488 0.122508472335885 0.977728875505592 0.410974504866693 0.986908411915677 0.0144680397281047 0.455110767789269 0.561244087772276 0.0842982873373514 0.634212126676558
0.742058543540048 0.985815141870594 0.999577178347692 0.551748088498819 0.900699399126094 0.0477837724509846 0.824100191691259 0.541615348102776 0.322825923691989 0.448884881940722
0.150256714597052 0.625799380713058 0.510515315407875 0.390281980889697 0.991217411007898 0.165664593392984 0.0328986095454663 0.559315355202809 0.0627502198810774 0.534089859873299
0.956494401075967 0.057917918769141 0.990237427235477 0.786514276071547 0.996031374422083 0.17293533257566 0.281076192646902 0.554539544251424 0.265484019666777 0.658807228629253
0.990007394049275 0.853188866898238 0.997238728783883 0.633634528955546 0.999493195523388 0.670337350484237 0.109633528073153 0.583366011240848 0.162916995632691 0.640685583625105
0.139190248390264 0.0256130239059712 0.988573873879393 0.334684856209565 0.937076675860031 0.0302187534927559 0.0210146795553698 0.555316179379249 0.106642976640884 0.57705275085616
0.19335789640645 0.89613437606324 0.996293764543668 0.873296632289989 0.99992210748389 0.817366365813711 0.764115444366 0.630313410043137 0.68808116032952 0.721975751036897
0.0865917767137687 0.00289956211357798 0.979237874173101 0.545005662980039 0.994485467710207 0.0237474047117691 0.40716975855922 0.501367636376519 0.048110328747376 0.4111649546745
0.275890562291051 0.062834106933317 0.999997054412301 0.867301256332362 0.99947205587253 0.677111144495106 0.178244454260035 0.591726849621545 0.430350826839179 0.763747911794642
0.582200444906357 0.0314294942764925 0.110070301036257 0.168660232948244 0.116021692125197 0.00220579058454141 0.0220926245664307 0.433544777246817 0.00399304679013237 0.30527250743486
0.348343026649756 0.246614039595674 0.99916862186865 0.831182208359852 0.998308750303577 0.831819147512752 0.348224870130265 0.617557014899106 0.591887125692163 0.680383901497986
0.897371782521917 0.521296882387366 0.978922199620991 0.831772085701322 0.999943892931875 0.0988653337530788 0.904799942179675 0.615522787862158 0.178775112840686 0.797626992454658
0.847847319128187 0.151139235250051 0.995416974929228 0.731077542411224 0.999178612459179 0.237193077724894 0.540605604823014 0.562820981831602 0.186089440333651 0.691346499594562
0.938597602760608 0.649504970680763 0.999054705981623 0.771435108812596 0.998048487541112 0.831764684097515 0.468553252042489 0.611737835005068 0.580235244696792 0.692635943264933
0.00117042745429126 0.00219870628068273 0.845539745358405 0.159407739404902 0.240849953671731 0.00478800058598842 0.0205154187462837 0.47428590961321 0.0152492215495136 0.317825171814359
0.0912372563447554 0.0635191996869727 0.8583688178733 0.703655773792055 0.976910632775944 0.0184118316992446 0.170603799501067 0.51132410457602 0.110126193757722 0.365678011575516
0.177464540848678 0.611879693083418 0.942525692402105 0.501507056825511 0.892343209035511 0.0698996612183832 0.245311898641466 0.554798897117228 0.128214790042492 0.502131982587709
0.99196409645899 0.0970224262877376 0.979254447552673 0.824879984245074 0.994848469090266 0.437489360076793 0.687864858890988 0.590226445748077 0.111527996166515 0.414784906470586
0.291057063623342 0.74659652183646 0.999235253713935 0.885265956236063 0.999414165317747 0.273214357161043 0.526151033891331 0.575422073925179 0.264741627815588 0.524229201124777
0.985991999625474 0.0101948141647765 0.88083298794825 0.376770699800356 0.85813275058925 0.0174276736732927 0.1959588556075 0.528608842350131 0.0383807554586713 0.348807898428649
0.665725050515462 0.460149555559073 0.996052336668695 0.591719475351691 0.938102698840416 0.311965269102918 0.790963279778342 0.534016705752551 0.260046300122947 0.652097862836711
0.519771808923798 0.0111204446084176 0.42141926350092 0.1837097054261 0.949372738197613 0.00927477109912048 0.525943985121686 0.510390866591388 0.0221473171833841 0.553503076832631
0.784147619943339 0.0266775757676864 0.995383016044121 0.620733229418064 0.99842638003799 0.0350328701595525 0.373172008070727 0.525047414626139 0.0843746029077671 0.580036014047395
0.366192675411753 0.00897802291992688 0.981257860190888 0.472664291222365 0.871330607734696 0.0537019529791542 0.303825370437555 0.533516859694352 0.112348672296067 0.501864854850558
0.000362283900217439 0.455799920365884 0.912269013692041 0.266084296409674 0.981936243270911 0.0460714400147967 0.0552271056742992 0.514669159880863 0.0399807619214757 0.273760703935717
0.959564777983399 0.33226184014536 0.972113894070259 0.587338402876118 0.992217866741615 0.213857842447772 0.298550844235217 0.549851725777276 0.574741241916244 0.524023606642543
0.193501864766897 0.386999209185795 0.204928476298644 0.496330614103091 0.949180801019681 0.111025028650263 0.140915979215639 0.523673491761928 0.364817988782878 0.400960613123989
0.9967408686837 0.222929029934511 0.620108516494073 0.643142077350511 0.999817019778813 0.0929271928088909 0.691906145476569 0.578121156982724 0.543193754909411 0.490078145064259
0.751625342778339 0.0397845841392578 0.929808721081173 0.323211180341544 0.789971238522271 0.0121799257804388 0.0684537974018782 0.492750640118115 0.0292607386817904 0.592296385454934
0.0501848389530223 0.0151799866706457 0.920443530603423 0.499894005670563 0.972181181076488 0.100554356445795 0.504220049925509 0.513960656994935 0.0557441679800305 0.435079330427057
0.288033970140682 0.524673494497733 0.936441145305612 0.349739961905317 0.942689164276268 0.0169775747320529 0.239287195221603 0.498422438753708 0.0659918909754064 0.461075141069054
0.995761241720974 0.122380866573686 0.855373317031336 0.695432165320478 0.996650209630706 0.107377296959241 0.198132405196888 0.564628526153865 0.49305526501905 0.6792189869712
0.997029738246582 0.220687373312384 0.914946404597855 0.24483642096399 0.995119202724915 0.0449400801727026 0.147283492465311 0.533081742482287 0.0587452875212189 0.638825840714978
0.920611312037744 0.0677606294609824 0.993112215499865 0.62874640858817 0.990947475462069 0.106198098323794 0.624910067513147 0.561004399736064 0.320214512949632 0.618607250837332
0.115815388722133 0.000201049506979664 0.412305412893992 0.318595509710121 0.797682978712672 0.00999325206524013 0.145834989952595 0.535169397124091 0.0601557757740575 0.459708906621349
0.917422261105121 0.0363226711201819 0.999215879147764 0.731422683945861 0.996950032265183 0.0971565716512652 0.575547795694955 0.587701786015279 0.499839183480098 0.568613681798215
0.9758657070626 0.285243814788394 0.973691255510632 0.420021611545445 0.564982251195287 0.0249052423812733 0.0420500438381307 0.502361877938534 0.0724314777139278 0.321761531967656
0.791138192245635 0.672736852133447 0.362281674572715 0.41144986193895 0.96655531238727 0.195419669154121 0.125791467021489 0.551216507345107 0.0572264171455285 0.57569015833453
0.0762098658825553 0.000700060632607571 0.934114754782897 0.280102958622275 0.44774700722127 0.0199302697474889 0.107211507800383 0.453176231938185 0.0586526057242719 0.202209007111632
0.969823568412824 0.197352633684989 0.470597113016678 0.460974254630495 0.778542374250834 0.0678988937145775 0.0280868898317076 0.544247626953606 0.122520065785612 0.480343590046308
0.0810696854470297 0.197552299992655 0.998623491153142 0.258418032125676 0.992022977833668 0.016412128894762 0.0308674615912974 0.492887214642583 0.0555242121718925 0.312055015606982
0.998409716647683 0.813172286732383 0.991193530031322 0.619319726218752 0.958289857029817 0.21918412513688 0.482970378740228 0.563858947768449 0.665746412170422 0.684899594462978
0.186543474113044 0.302347856618016 0.782345514277589 0.394844983176248 0.954302705857684 0.035099836889225 0.234707712606816 0.530799458822343 0.0608909641021443 0.287417597113141
0.999461914574257 0.614676784281618 0.998020640550684 0.600540055528721 0.983333178108553 0.221779927628883 0.252068513756076 0.577939639650966 0.285024377349537 0.547955769199553
0.537251652152162 0.593025787434379 0.999233061984138 0.783871893215794 0.999508991066019 0.335120701136475 0.304648739726307 0.593843182327036 0.313056096733023 0.642719085482409
0.96261263725316 0.109703683220433 0.967841200325439 0.706925258312197 0.980882392989343 0.0352370533900269 0.433115921759689 0.549168260272653 0.131496095145323 0.731522745737681
0.185712687401359 0.923823629339003 0.784656613903093 0.800650579008706 0.999509312739574 0.186219579004904 0.190321496475944 0.604011528314852 0.183802795305809 0.713023561312666
0.505869173833301 0.949057789447575 0.992530920171986 0.627810943941284 0.943966263793886 0.405564152360692 0.496660539678038 0.528440283597842 0.172994376775208 0.586486326361955
0.807471251677181 0.0166985349421069 0.971265444013599 0.314821378209848 0.870127068535484 0.100178298455913 0.0581166518173258 0.510596651420499 0.0365266208266253 0.266616145953671
0.869705066726388 0.316410640143386 0.75089650093284 0.484278737310243 0.998177299833219 0.108560830843022 0.0846823725598473 0.520096186295295 0.156098635086894 0.418666796120688
0.00443310667989794 0.129318317802123 0.963546724923443 0.51972597138361 0.994329351614232 0.184631234691991 0.112568044028709 0.53861598659102 0.165746485312577 0.427885273853109
0.177479665305424 0.330200925708817 0.859684880671928 0.605763136748551 0.96932092721498 0.0841163176634231 0.198554533334134 0.550167489037669 0.274532855742088 0.385287858634265
0.0514245786078905 0.000176635814625727 0.881016058107307 0.659636183787754 0.99680238534699 0.160030198000412 0.734492449356978 0.50248648784479 0.0775249896380592 0.307091466547822
0.0182322938585473 0.0025069033202959 0.990128435810285 0.352913726101901 0.964857474527913 0.233647081836363 0.0501006081191866 0.51505025004423 0.140609675592481 0.550071053455889
0.571885351042234 0.273713852028189 0.0502753338436876 0.403734084563259 0.510766606030664 0.00760092324202583 0.679233189982102 0.496906750290611 0.0305466825252853 0.350724660214512
0.352286614114927 0.957035067603822 0.982709081604 0.444513397212245 0.971496407331375 0.112114591418955 0.596247812012095 0.570488308718142 0.296372987520658 0.517519027210932
0.901420746996695 0.283139455372792 0.995801829680229 0.484450021742117 0.951464174792984 0.0408504878021439 0.10615056257199 0.526820776367123 0.04531284526847 0.529441129020775
0.957535910301949 0.0749592907725565 0.985347312555318 0.508340817425212 0.996518699323873 0.0977997755488485 0.404605149031372 0.55726397229994 0.213426889055183 0.654363151364883
0.841191929068259 0.929799363907352 0.998875686737282 0.771727211409402 0.999861206043867 0.85306215578971 0.373144160190081 0.646564776211562 0.289369809869486 0.730003367594424
0.836660654309746 0.366738556515854 0.917074760222723 0.653502622047438 0.952075053781134 0.0749330083078841 0.0491408100803248 0.533882690885113 0.36249486295721 0.530603530647609
0.927639959065143 0.755938773588245 0.515471794579954 0.338908544607961 0.912521400324482 0.0367434109041588 0.748546720680418 0.502775162214989 0.0815548493753566 0.45153811813369
0.980855228791244 0.167480935724149 0.999297320697747 0.758705887664701 0.999819078862988 0.570370925698579 0.575736056878959 0.641980402589923 0.265248285704036 0.757947473345125
0.0394268145751035 0.153851752348572 0.739432846782694 0.364452919680809 0.465052366326932 0.053658873468012 0.0983415225733751 0.496158493454992 0.0143374699416208 0.399974699482815
0.391194849124232 0.0379326345740836 0.97172954205872 0.624323245103531 0.982767765208809 0.0259381113757831 0.176955152509072 0.535261436016013 0.0418292387280179 0.495598657600492
0.106683538630016 0.0526841171404665 0.209708773977544 0.191075333939409 0.0698072205499683 0.00954749553548169 0.139651085948101 0.467663600681461 0.00644680594115328 0.343101955377744
0.00465699586807057 0.0259325484981422 0.0668160185772076 0.254799595120657 0.974631134784958 0.00567940186921933 0.0222383172423937 0.49490954221773 0.0141600869201122 0.630476242793431
0.930387866400596 0.289217203571476 0.997791614747328 0.75344385544856 0.996117807100884 0.417094310720053 0.386121093526683 0.58909137986845 0.228389916709741 0.470641932880151
0.0200801793392809 0.0799906118284974 0.985944845779077 0.327294768647389 0.833617399478495 0.008516899635409 0.228573559711494 0.48841223249255 0.0218252837870059 0.221706124170176
0.41496589033119 0.10018827232446 0.264582107074941 0.347976154988236 0.844355465094636 0.194934928370715 0.18296123413256 0.573594034844763 0.0828948370136547 0.474537416605574
0.575247317739442 0.00542240340419437 0.0643552908956382 0.202732883312175 0.0128114698568191 0.00899730216407482 0.0219823234050376 0.448999743775176 0.0126571040090619 0.25615016765922
0.669761376474896 0.484176440323937 0.997501101049609 0.614094355144424 0.999358628425215 0.219788502617365 0.552287492139691 0.601640838172623 0.41953493313506 0.7110216588308
0.353027956049693 0.732240757909969 0.96045869639528 0.765478554603841 0.994975601472334 0.223576115456322 0.769269645206581 0.541797214180613 0.454166784699894 0.551746975518095
0.192433532211091 0.0259239681480782 0.964100086794181 0.0969341370775754 0.805382188955245 0.014818469396255 0.0488510411472892 0.472847531010231 0.02098651453656 0.302763390277927
0.0650265794923517 0.00841281692241291 0.952007218162263 0.27736873121876 0.977203677349657 0.0235506538881565 0.0360829087954588 0.502506187876067 0.0403784031457007 0.36293447459617
0.00128369463023087 0.00292114739851069 0.92219889746287 0.130272028734086 0.844134923651969 0.00892203176297256 0.0552422218761826 0.445861574302671 0.00491287422665582 0.211163630111167
0.0193004829919795 0.0154833065801806 0.958877635132085 0.5588417659565 0.772279740057512 0.0495686837756362 0.0549161354726088 0.511341125742352 0.0431790342627279 0.5096023272837
0.83091242987152 0.786990862749927 0.974672244142567 0.327334646235874 0.929772505102507 0.221562527019166 0.392456003654448 0.507560944598087 0.0917390076193289 0.444380184126933
0.258501867693574 0.213277078695253 0.868013600212373 0.426651339767374 0.996500851925966 0.126472416509846 0.238441696167546 0.548804922132402 0.0678532195910607 0.372439229972158
0.989733117802328 0.801627743441154 0.985741843936024 0.76420166321847 0.999564882136096 0.549866262055045 0.149933577203207 0.594170379067062 0.557864589618569 0.785881719101134
0.827515205395946 0.0345439887837932 0.954135307785405 0.445431999565142 0.911011414719836 0.0741317622690448 0.183751164790904 0.516521241633155 0.22692252073793 0.311242638759405
0.000133912950215452 0.00167340624741243 0.118848546369447 0.0694543370835868 0.030459911967091 0.00276725391461561 0.0734684378009951 0.427774716149481 0.00645874569522367 0.242918835245571
0.994095034737364 0.519541906129038 0.933636414176538 0.536200940703322 0.999621200655261 0.248681992341617 0.664329392482879 0.56274206159166 0.223887279773637 0.53561274549073
0.933883822257923 0.751747258168064 0.999504154656937 0.711928204407028 0.944405432083505 0.191625093176167 0.459376214332432 0.551249480056429 0.187737975854606 0.563581114784089
0.988063458910264 0.577791857318078 0.99886543615228 0.873946624762729 0.999048117666095 0.583963119078758 0.30698902271217 0.572971248980695 0.402688516462121 0.684787640827611
0.635854594732642 0.616381580940187 0.882197135769381 0.607257248803709 0.993544933380036 0.035322825303298 0.279038641141829 0.545920718380278 0.33126569921824 0.583554675771618
0.989214749737312 0.176343878927443 0.985112810009568 0.329384616233063 0.879440652818387 0.0959040976918741 0.348799989707528 0.517107033077095 0.130732214912908 0.537885200396916
0.00124614976610409 0.428670985533017 0.519029016847641 0.436009450376912 0.993179071111698 0.129447315002177 0.0446258204544271 0.522708923902112 0.066324959961778 0.512049721501369
0.936401328509184 0.877501217927905 0.38350265446992 0.480869817571406 0.907545176054716 0.0895709322726985 0.218324589667659 0.527609435870436 0.110788461574725 0.51848842369987
0.675466532675209 0.257342885896875 0.798276199580389 0.446484814337945 0.998168282960919 0.0843917847670213 0.0747031496031247 0.530980260901848 0.059531107529072 0.708288071660374
0.955435310857563 0.529904034415209 0.976656407032325 0.53871718852175 0.987340961230186 0.0784546513457277 0.243083200879156 0.491091619773 0.137128596495515 0.496821802116154
0.692259262426619 0.996158905602879 0.996386710321952 0.800611890380239 0.999855068655285 0.376346526126544 0.61388249107401 0.591356069517837 0.409060523137576 0.618119171238779
0.395934437325373 0.00828036151824424 0.78503410183886 0.467336613340187 0.973057719415331 0.0178847718353049 0.131532919066669 0.501133903132279 0.214161108172675 0.3688032807413
0.63922602196906 0.0255454769277304 0.995795385679075 0.460376707749048 0.957336185498249 0.215553076323196 0.1707135377415 0.530153273328292 0.11150964146878 0.278138632702348
0.915609878176721 0.0814337340070562 0.957397487145527 0.355692363481194 0.991315446333012 0.0107909599854093 0.0950559214516422 0.547180595216925 0.0523967963524384 0.575745771215766
0.991700014521797 0.804805119522857 0.991365946527167 0.824125568679304 0.967799341882619 0.501617767320272 0.540027783333194 0.570878846702166 0.166075498088795 0.714404633706221
0.189441629496682 0.000163813745250275 0.862129306311893 0.152811515154712 0.223311764150153 0.00535953347649385 0.0207927426076783 0.42450015076941 0.00500314621747503 0.292446660175376
0.411318873708961 0.212307986838651 0.215066469390943 0.504894992346981 0.994490004222965 0.056047590234807 0.857504590861662 0.528680964538239 0.21369555747834 0.550310520369428
0.21029358592735 0.0114673867396867 0.84933282603995 0.230567782318144 0.74428560157873 0.291556921433696 0.338631596758227 0.491946103975402 0.0280989145856806 0.399865556033645
0.00105225150099751 0.0227813739217619 0.157212776534197 0.0958910985721158 0.0944036759185942 0.000383534871697755 0.00208151895608725 0.420819493297832 0.00569431963792333 0.242892858757332
0.579305749499203 0.0343548299242716 0.987744168415312 0.438778012873084 0.999052041591929 0.035051766419988 0.293336264268276 0.521627467121876 0.058287338844539 0.397048190081647
0.135297296158651 0.235626222386591 0.883219451363486 0.696813047562022 0.932461612622396 0.07231944352391 0.269711674509887 0.576195140536271 0.130360458945601 0.611861156267998
0.964347819975437 0.18882313098566 0.993240842741755 0.49237698318293 0.973000720170633 0.0335012482611767 0.716428394853696 0.547748226127834 0.173352702180306 0.584411719577357
0.997835462969002 0.184087815291161 0.996287658785354 0.788993391124493 0.997481195118447 0.348640373433671 0.645799154689886 0.583790391537209 0.734172832262065 0.708058784803506
0.997039170121818 0.998359731793506 0.999996025428452 0.912750988819489 0.999837236200162 0.883138423343193 0.570889880139149 0.635422262077031 0.764128510017265 0.836902035444061
0.744895595019382 0.0241473402713434 0.967488069967446 0.595037198619023 0.960977183474841 0.13991452707627 0.530507461481473 0.529622379864908 0.119029251918516 0.394874860873036
0.847073253746665 0.0769608562676758 0.584592722497839 0.138923333609788 0.612855643540781 0.000980851626275721 0.103254214629519 0.447395319501822 0.0210475597154031 0.361000787869542
0.0200279995075966 0.0194124475359417 0.636900749510305 0.0808410026780261 0.417139768355622 0.0169174899046154 0.0479564838075554 0.457236357829843 0.0126196822137762 0.143405416043707
0.851640005743126 0.834578586083714 0.927399573187207 0.768983466093146 0.999863470748701 0.361832400279409 0.256890363050146 0.591062165055121 0.324075832203764 0.542336821102383
0.594652007270738 0.0108880246473371 0.528786007897079 0.188077266730557 0.931883350555556 0.00229809840699856 0.0810330886944389 0.477803561974206 0.00506626454042776 0.203200928762816
0.000339294032230044 0.0839639684274236 0.552313000589611 0.632573329459404 0.998716386611817 0.097867093615261 0.229255408126217 0.561671636147368 0.0435307789991423 0.548991911801026
0.310893032251478 0.0545196821280371 0.995712187596091 0.541942936568801 0.996008563514667 0.284092744289724 0.58980200168308 0.525353039673504 0.248651110026134 0.408961914119334
0.761561848774912 0.0082047105897576 0.402005387139347 0.349689900543628 0.984901683551838 0.0264065902119765 0.384671312073429 0.496605545527945 0.0522856578443259 0.322500703712353
0.421795867473605 0.785849289150811 0.997027749809214 0.286564090722064 0.946876485253719 0.0416475757469777 0.300107571918519 0.522878980328042 0.0505518637723606 0.286816195228317
0.939491640703339 0.106603356825524 0.997249537189975 0.532545947056379 0.99810638115377 0.0928703483593564 0.292880170545412 0.554877816793466 0.318908833275536 0.400038433774282
0.0992320383829076 0.51000651772441 0.999967074527829 0.901632247534896 0.999916117264878 0.504549479605154 0.413724378316609 0.627228936592619 0.437642385861617 0.685008301268117
0.401025552580256 0.0858582572650522 0.930538974389133 0.287827538993656 0.827005875886851 0.0111608430680563 0.0484199535230049 0.497459742548587 0.014032161748034 0.396966492200358
0.752600708445472 0.0284940122614716 0.999912251784882 0.728818002408323 0.985331943661446 0.369320003037235 0.0811475237852756 0.572692993818039 0.187736426975954 0.595352095308949
0.744830430785529 0.279591837147315 0.622777437861964 0.459386083802656 0.941403374669969 0.0206444210514244 0.0252189674009134 0.513106226675482 0.0653852920355955 0.427999670558924
0.999253231203362 0.018347101292616 0.967939174375808 0.562938308585189 0.994300255946067 0.146437937341213 0.684109610857616 0.562731104859165 0.280195780537217 0.44546014498287
0.0340875656374215 0.11166591919263 0.894539480081343 0.521212649052091 0.982614243053433 0.248602655167432 0.214908465100632 0.539406657389732 0.151151338601 0.41265080166165
0.423384360001916 0.0404933966121216 0.695356675896229 0.370996329256066 0.807898992470519 0.032465397263355 0.459476688266746 0.527721567175142 0.0478995664827052 0.543498880581866
0.141336176507272 0.00477445147898159 0.837543348650906 0.368597991485281 0.728876310970131 0.0351407725676334 0.0597797897677371 0.479594160259725 0.0175941883856694 0.446284008873291
0.947802915559818 0.639243436360665 0.582911670690742 0.218780345151401 0.979069570902607 0.0928462297913743 0.0419933552478198 0.509744926117555 0.174847985577348 0.296287896523631
0.456449956653986 0.438439177575304 0.991952307336931 0.6049075052034 0.997819550619609 0.267680920203998 0.689576769375604 0.560098103248486 0.131163958781589 0.539577927571631
0.282885601904098 0.00624761851999852 0.912136155224732 0.405182603993608 0.978715851905181 0.0132370684659843 0.20753959224338 0.51287905403063 0.202111838154717 0.476632222508798
0.842331328194575 0.782897249156993 0.993576962317271 0.710570192209245 0.993936069753275 0.451170190837508 0.253413991508901 0.560232895189822 0.335220448944963 0.652813163784906
0.985171158017942 0.568475249657757 0.983678409271599 0.687109321788487 0.978203295198475 0.36477685077624 0.582483721549376 0.566119593826382 0.535108769397261 0.728636374273374
0.75312993510721 0.12849783130992 0.123939428741442 0.0679558516839999 0.336196708824861 0.00487945138390872 0.00473738931650631 0.443793820678587 0.00657078255103709 0.144968678929926
0.975321477155418 0.125257693193732 0.618769296724494 0.208212161701249 0.887779046735028 0.00987934618653651 0.126726054527444 0.527439183569151 0.0229472635244759 0.3858335190148
0.00695038483524099 5.56690650742969e-05 0.783574925132632 0.239023835146307 0.50072177957161 0.00234404863058032 0.0807653322931329 0.448487898536513 0.0111777369637656 0.309041552375482
0.354542796486028 0.38362301281156 0.991937589701056 0.643390362167436 0.997291523962921 0.0282813937836166 0.878871721743212 0.554319193385701 0.197553336661517 0.732694667674981
0.00587772502262475 0.239366345886963 0.688152051961425 0.194065122255709 0.949533292809935 0.0373550031087414 0.0393178594190757 0.477111665654878 0.129032909341009 0.4968986963513
0.000210550345138995 0.110489601985448 0.320302155076685 0.466684858908767 0.961338985679752 0.00743978468456422 0.272146069862554 0.534902924311208 0.191658681185723 0.388516050124794
0.0265655466676911 0.0358293538892195 0.656337855233375 0.307442305346203 0.930462689813571 0.0269801809127024 0.0234844186781334 0.514188673209426 0.0871673956257872 0.242520718521515
0.663566848294339 0.498150617045609 0.997523828760518 0.5271735488371 0.995784633870528 0.379370136101938 0.808579290162304 0.609158571906075 0.373824214119197 0.760754557912317
0.728366485260642 0.0145441131250447 0.24886706219819 0.10104936239523 0.280830350843135 0.000799847559804218 0.205511648653629 0.43349056119182 0.00359680968023519 0.16960079922041
0.922125743321507 0.0448877107893094 0.936466785230828 0.754761732017049 0.994382841841617 0.384191811364768 0.549693011132959 0.561152492906814 0.235786590496762 0.576152431414716
0.0619953376724654 0.853511889768917 0.57034422668436 0.470910197267547 0.978639070207739 0.060826565628731 0.386987496287447 0.540500704650604 0.0492729293184722 0.396171076411071
0.685342992300091 0.0240297953042187 0.983391571167165 0.312632019513663 0.729992647836712 0.0135805575040005 0.0614258486410539 0.471463151667911 0.057527643990341 0.272501076390161
0.0310320688468767 0.525691796542005 0.999005383726492 0.611209583414299 0.994184016557661 0.367566887410433 0.198530103101796 0.554904533487441 0.113085916178934 0.495538562668814
0.0823656141641759 0.970951812271719 0.994052469350816 0.630683390248956 0.988391952685277 0.154818675597951 0.659933291299167 0.524832017914684 0.205375931118742 0.573852259897182
0.921521179536837 0.0867121454382554 0.992196001517748 0.392968969567491 0.949096204788805 0.0440379492118527 0.104077718209348 0.479087684590129 0.050022082438081 0.244630694773726
0.957230506026528 0.0374856537939381 0.382426225231604 0.522562027327343 0.980585337267773 0.0358388946791952 0.137223272447631 0.522826560859116 0.0608348435770717 0.577889315332869
0.2892801833368 0.86857860663288 0.667796437109018 0.407818703251896 0.995691507684053 0.0424550439317731 0.0755020760762367 0.509465462066268 0.200163472682776 0.502020604625019
0.830881191404347 0.861207906719149 0.99111725750881 0.61938302402122 0.997370019634659 0.594635274419587 0.40836248033632 0.565184429299044 0.389450295139457 0.636557534697326
0.662252350114538 0.0360460617737849 0.940140842857745 0.480872989353108 0.86814819077257 0.0777425419833648 0.0174295605267764 0.507190919638623 0.108514247459857 0.440160120373785
0.488906199895023 0.573759529861564 0.989232364024195 0.345191014876324 0.832265777673103 0.0530790469095221 0.111086040760396 0.493171944275921 0.0660550494532295 0.45127278347246
0.874722087552051 0.00620383495141058 0.971835867419005 0.380936164413531 0.923832599863718 0.0365260316345999 0.242138102771279 0.525907086386454 0.0389788716740932 0.781185322616006
0.993049750178574 0.749408835037704 0.99057085107045 0.884256682358546 0.997916128973185 0.239830900004455 0.644261450548669 0.604677095808137 0.229945345373204 0.728005449900925
0.833965630764082 0.611651433448209 0.997503585296051 0.444323212521581 0.997130581987757 0.0959780085600336 0.282303689213853 0.527218889371937 0.101246043547045 0.590015058350366
0.495816447869848 0.523197257203842 0.78368855521433 0.471561771702411 0.896907828995993 0.0249770993881281 0.0892546870512524 0.494108843770837 0.0526875885529273 0.353981628823951
0.631208164969317 0.00257803995859725 0.383508291641003 0.31836793394909 0.960187858329764 0.0445495707054444 0.255093077532593 0.500499709117788 0.0131840589697133 0.310122543963454
0.291546186746563 0.720074549374408 0.995793268649056 0.481029449031464 0.89956911692011 0.014598373545794 0.0335138779398331 0.527515211438337 0.0221252174946221 0.40769077291477
0.689319833523773 0.808719320628929 0.976461943223381 0.897602441848429 0.999954288081759 0.902516949294003 0.565762719627175 0.613311416068103 0.660268229518367 0.780219235109191
0.350312996205312 0.0536142447762902 0.945120303417632 0.194591911141996 0.408594606673137 0.00618288804349302 0.128658100625193 0.45884531277874 0.00867390702843376 0.279193076452208
0.0306303942635984 0.0343240774130623 0.809978302280324 0.133684656029545 0.247423068212863 0.00529318072747083 0.013627296742451 0.459221813849613 0.0182434147325116 0.408279681985572
0.928679385426812 0.470878297527607 0.999975756708916 0.847066749576041 0.972402351281342 0.24892252215482 0.738499118437865 0.55504122023584 0.268342743736857 0.617605840468317
0.075469333876927 0.00184539306657744 0.052717569170904 0.241588403777563 0.648496925965456 0.0481044347469893 0.0325646111807253 0.480362940150447 0.0299564926375945 0.310503847517443
0.0535623200248569 0.922657366376355 0.991201697120145 0.29144379071949 0.979907807474284 0.222912848688738 0.176769848195968 0.45603786118665 0.0341851330322795 0.459541531393636
0.317749941587808 0.000733910888799863 0.537061179252207 0.149714756019533 0.321745311870661 0.00219569974923875 0.012246101448142 0.456573864196882 0.0127594801354976 0.249612053060319
0.784747798974536 0.822903692159531 0.848633002920005 0.625270701902706 0.928788502499497 0.0451180188335632 0.146022184865464 0.562155442456854 0.519496206583742 0.365007047233509
0.994971610616794 0.515899020768387 0.929351789326712 0.12498788938017 0.645181143953838 0.0116671081128417 0.0299686596122552 0.49233350368469 0.0192192727148883 0.273195451971176
0.632873142877656 0.062743804291181 0.991631514437736 0.730116456936315 0.999654324882987 0.182211982222567 0.641962135444974 0.588350493673165 0.453482102830377 0.662019279537199
0.0723634123255337 0.220884143348246 0.968262348869232 0.347069427330662 0.774619738231558 0.0168671383760492 0.289132909346454 0.536194368350066 0.0218524816943419 0.605138127746861
0.727709300321567 0.0273680750295619 0.988883431233103 0.309474579025764 0.934010956691351 0.11390823427483 0.245102931976613 0.512113520926002 0.0484012096854044 0.313386586291182
0.641881788462844 0.0367315396939921 0.956409222273093 0.467130015617043 0.738974835066737 0.06036544866932 0.0724114507887954 0.569168258420034 0.338618455666892 0.62774757557878
0.990272799673261 0.964778137425899 0.99998317496936 0.739063356630078 0.999516681509282 0.166676088223338 0.335287741929336 0.581798267194425 0.351814381487265 0.658027826166671
0.991054043055874 0.429228981000154 0.916385765782693 0.653765152285455 0.996023210427698 0.181302515865581 0.170492419226919 0.52473142020779 0.17371230441627 0.666919209399048
0.999238352176504 0.0113390345180875 0.999046703293738 0.378130235409295 0.966249452139977 0.0398471759624307 0.247504486450491 0.527483938969598 0.0786547426889961 0.538705155969584
0.809813682800461 0.623760207660544 0.937265527455647 0.584750041450581 0.993131449636134 0.19402810763036 0.0519566140462124 0.564386719425254 0.163049493704745 0.73881588662886
0.995598292642546 0.676693360077683 0.994210459068974 0.530523549969739 0.954875272525093 0.0897394773672085 0.629462739903852 0.520569046076122 0.0670080792526202 0.677509137078075
0.98093847536949 0.680831301244419 0.999029833884705 0.845866327613646 0.993770326474202 0.240547613243194 0.75785220589341 0.586872620396265 0.464951319542743 0.644601722854048
0.952708976674628 0.0347148717813502 0.967412815874407 0.459456819965173 0.995170945891988 0.108556840097338 0.255701663866962 0.51282786654287 0.216309385132396 0.449027651964366
0.0250496040452583 0.465237430174814 0.999605450316465 0.554528236690159 0.99240503897378 0.0711320968277801 0.181617575323586 0.563392956727971 0.158725716821786 0.651778060298572
0.956031209021147 0.931639249008475 0.261129730943244 0.579206461300216 0.999457647094801 0.0396658491664594 0.0718825169799109 0.579896051130252 0.369329382550505 0.743444764547037
0.987255364788202 0.012398193881904 0.996896150898446 0.592195459503112 0.998449974556452 0.0775308819959875 0.171942827765498 0.545693160746624 0.0960931539500564 0.602760016698953
0.99599609052967 0.0816162647756496 0.995228681222704 0.707329410284944 0.999695539447999 0.416869142934745 0.27902567561145 0.589974239096427 0.314962372538384 0.646736695167036
0.994811849579176 0.622711558261127 0.99975806354945 0.792700901016017 0.996998929888389 0.25773399196513 0.146262947847612 0.587067666697455 0.379569280120614 0.616778756380611
0.526809296752963 0.548687468964675 0.9867056018703 0.788594391617608 0.995953024276989 0.0865926833952114 0.388582012368204 0.580523802279181 0.282128394286546 0.614152764012094
0.227485403715619 0.10842260341268 0.648447426967204 0.512350428686296 0.984146106877462 0.110338425234714 0.323024449901931 0.541175055069422 0.198540047728805 0.469437718150204
0.430866006994673 0.000352496630491367 0.933469689060375 0.311997568625929 0.56780026074617 0.0227536738923489 0.171880928533295 0.486846756078914 0.0511701318223606 0.48264207401817
0.00110539628550024 0.00853278613051244 0.800529695244723 0.0395366525364983 0.297118846075083 0.00190317498726343 0.0549268484147214 0.427396824208645 0.0112179688349019 0.155423747650716
0.856206253801553 0.497890533985506 0.999716436110128 0.630313008386259 0.998703245272795 0.610396321689273 0.804084425176982 0.557461489998233 0.215503247472695 0.808221663787641
0.312535520902586 0.927082817194298 0.991387378698105 0.562971552697342 0.997074179469394 0.0761109111570509 0.0541458681034048 0.566581302869533 0.179693445677174 0.659913163017401
0.364164759828262 0.0174374088749193 0.777920848756903 0.256927833267163 0.729888072327546 0.00963267232834407 0.371139754356815 0.515215112083572 0.0514424587514259 0.560564277300519
0.999715221224692 0.358795530882994 0.999234923001936 0.588102932154271 0.997378256502276 0.204116249868547 0.471278439825657 0.568928347879313 0.150197027959814 0.536142428716493
0.871246402412425 0.0505999870920295 0.146323765114856 0.490663153234617 0.935700060632587 0.0155666774380999 0.301127716411324 0.478031784677482 0.0388425723328349 0.380587993967196
0.938391840946068 0.776850880530208 0.992331925611931 0.307803503295021 0.953732418521983 0.0394601140808163 0.12125829714309 0.520056781982039 0.17285745339908 0.470334329154428
0.668240122809763 0.127342598618933 0.815471274557759 0.469931692744826 0.986249659796255 0.0247563554463103 0.0771391781116267 0.519726625257184 0.0865843457305421 0.469288820143495
0.867865850652902 0.00118647928199559 0.773658739231663 0.268654348013463 0.96829248090097 0.00516524274516842 0.145990274503552 0.525213412536149 0.0250869283874174 0.302232638202863
0.202768376651363 0.490232247451354 0.96907930294241 0.583521081809221 0.998404396121266 0.0380656183307197 0.541681303053365 0.561641540843642 0.473779640709934 0.533291500524007
0.343390200094833 0.400376088961684 0.976417981706767 0.237621495215722 0.31525757632026 0.0233836181394279 0.394328435527968 0.464678580787456 0.0177381006503204 0.196263300347307
0.131962124452469 0.894127624904414 0.864665908562377 0.62010186577807 0.699549302714782 0.0186049259691771 0.47160564700547 0.517721900127092 0.153428215228123 0.373491449823913
0.694594844011073 0.0105429209742872 0.830376563471994 0.153426761615351 0.404433856898407 0.00424047466907604 0.101764623614458 0.480837390870337 0.00853360801748541 0.224478561822269
0.903495586810675 0.41256859559577 0.997141064140097 0.765399106362421 0.998805178240914 0.294175048675016 0.367805115622769 0.583166598734763 0.240119959773474 0.671038003727119
0.889893993500927 0.882339931315094 0.877771321488723 0.679702920568895 0.999947056029944 0.456110568081353 0.424248606747054 0.596396307168394 0.574525680854876 0.650557585377112
0.257432965540304 0.041054761570134 0.754163808250291 0.375790709172954 0.988609343298722 0.0134201439613578 0.0476983729791948 0.468080665492345 0.112099813969304 0.213425956079398
0.873003051072359 0.0766719952030502 0.965548238612776 0.765453655188329 0.999311284668975 0.867714148644241 0.879527315152106 0.592512697094977 0.373663334364057 0.726337125087558
0.642220002693691 0.581649454543468 0.998643824294512 0.538769426588883 0.984487872843167 0.0664975158467599 0.190116530695083 0.536583632206538 0.236554209014847 0.611556818077441
0.20930228993619 0.152708382273923 0.826071888722865 0.190127978055844 0.389950018367029 0.00349238598248545 0.032742643947299 0.458402371454209 0.0232634700975252 0.213052221153786
0.821574418044008 0.34661091323567 0.205933207574539 0.633885310086291 0.912252212162729 0.0400592923785152 0.175876025558381 0.576332473213818 0.276637182175858 0.678569755798257
0.0927156144319075 0.996902238232976 0.999918374058333 0.469571810432172 0.998214102068211 0.339820511036653 0.157082482102086 0.563143539997333 0.206809567551757 0.431218800342769
0.0746385343636423 0.166200364603267 0.996226071370216 0.502851869168752 0.962881782816278 0.0637860016544964 0.184934805397795 0.571234814505274 0.125227700785404 0.521428860859265
0.136955461654287 0.966280548117795 0.974917625793244 0.336736453410015 0.994709646393527 0.031152359646695 0.678912120526176 0.553995941699676 0.103052670794175 0.446415876551997
0.79981515190003 0.806096344966278 0.807169583800574 0.396954771602194 0.82142877580113 0.00450570187146237 0.366514530542973 0.511825974220492 0.0376136289910532 0.368472145481627
0.935635228899728 0.650027635476699 0.999315767016597 0.719958540127779 0.999379188112607 0.192857147517097 0.644128081045095 0.557123880133916 0.602606693612261 0.625180113166366
0.278459864148995 0.137826785306576 0.148299152774756 0.183856959040903 0.954012066288098 0.0213652474898937 0.0391241051104071 0.533867553246377 0.076808470102922 0.452713077859341
0.00239395393652349 0.0246960581493717 0.00764447211537779 0.0945546153326422 0.515378047899473 0.0128804413907567 0.0468746517469713 0.438104234397835 0.0101157732491414 0.19114538420302
0.574325886844676 0.61380742181001 0.99990705781166 0.840686041235861 0.990454317779658 0.443547265659657 0.740796955228403 0.585733637394749 0.508273288034127 0.733903179376407
0.532466267633092 0.054189779848097 0.999032804478232 0.578109799240054 0.985153156286931 0.162865664362864 0.638643803748747 0.528119195149231 0.18791577785996 0.61388329819609
0.149117573873122 0.0480776655694308 0.920604475216323 0.149218844372021 0.548755859006587 0.0108249991668513 0.3846868428293 0.486369548137198 0.0147967137475505 0.41392136157412
0.27395557766864 0.0519638392026386 0.974735288011035 0.248514004107988 0.987076957746656 0.018253502683539 0.524299803751388 0.523917610828406 0.10167980808793 0.419618953753191
0.997937875425342 0.00542827677481395 0.636644600054492 0.452058361234435 0.847156339861062 0.00801333741219242 0.482978231277674 0.503193873991413 0.050554438594497 0.412735082347439
0.0325792380302938 0.00049099430862505 0.989660021960762 0.404155874283737 0.990672300133333 0.120386102088746 0.0474601547509199 0.496905155785244 0.156390373048495 0.539234911645296
0.93239954492543 0.0137386051331063 0.948622095481728 0.380203366186598 0.965500040292828 0.00793259681533449 0.0769335827861863 0.517216342901172 0.0263232007215829 0.502032251502765
0.221991106554781 0.227003110921289 0.818742106027957 0.504321792985874 0.963626992415841 0.0289210685141146 0.6342708326891 0.551266052244606 0.0520892502729577 0.285601160013709
0.00385005660226513 0.655028676063837 0.996091369953574 0.441301905139074 0.997433700439308 0.170279018942357 0.0553205551607413 0.562434705990916 0.13642344444249 0.628553155680351
0.0941558214152467 0.0480606740074172 0.952880370058254 0.528726752773155 0.997806622107739 0.300408504477932 0.861264654275035 0.579414853958442 0.159603030768474 0.59323928670718
0.831184640574278 0.0447281878407766 0.896056950150277 0.666724062848831 0.946626548359813 0.151822351330308 0.502452362673387 0.584820990311625 0.24525630501086 0.494847436850786
0.00539773252728866 0.188623205101735 0.951124693207603 0.265340672393898 0.576873593294902 0.0497709391395924 0.025571202463264 0.493567363740455 0.0251034157459305 0.251691275949137
0.955274505104261 0.812804121056419 0.995515417697113 0.487716442511692 0.991731518553122 0.123833974379131 0.645005187881296 0.554870325011684 0.288637928297655 0.598390696141871
0.436775145917452 0.400357523686887 0.997274749765141 0.405960971712147 0.992189609744769 0.0636535139298381 0.0540066303902158 0.509156110317235 0.0587335654492476 0.552683828377973
0.99700791958773 0.00956079672843639 0.979344742772428 0.497225054924298 0.952311515460673 0.105218163674908 0.0272799055447753 0.487913489381672 0.0668351809457098 0.182598173186176
0.913602154985179 0.00841270442031101 0.757166155047166 0.28187703474497 0.733662680810599 0.0113812304352737 0.238336445158244 0.516808136668112 0.0180600604806087 0.321321166398745
0.15288853738061 0.254915655478931 0.946228746219242 0.431566422147871 0.746541431882754 0.18495411543667 0.0525712615361946 0.535138324731624 0.0685838310738037 0.395722343599196
0.840200177987028 0.000662974372710258 0.285581176662178 0.493117730971551 0.987299354236397 0.0469172549493101 0.0411494644787115 0.491938765674051 0.0654729708334143 0.35200466231029
0.142816043968824 0.385659656397114 0.996924288653838 0.543879225503012 0.999228583151921 0.305733314015461 0.279874323554873 0.535249426809448 0.165370287424212 0.525033037207491
0.903681080639687 0.00311614975561473 0.819181284502512 0.446107484537081 0.490081352069374 0.0609390716762859 0.231736692040549 0.51280401372488 0.131199083016516 0.417400325670546
0.00639296884640096 4.08839351055053e-05 0.094849863921969 0.0732317294236515 0.176757059768563 0.00163965723902847 0.0153010789663638 0.428473498418802 0.00526026927544033 0.166043751782293
0.235491465683727 0.975803688166351 0.854547562736583 0.640837140708382 0.989793084973061 0.0252260896036134 0.452338369249395 0.562171893315518 0.187963820071951 0.55873142916608
0.922053212814874 0.270159401409522 0.995305403749155 0.669953089261327 0.996758601104775 0.400939610437536 0.0553736643005633 0.565097600022042 0.263882032740147 0.693180639340359
0.33452799983161 0.0526317053748997 0.854226516877347 0.319385327735703 0.982955414775943 0.108029426645529 0.159341421743892 0.527600573330034 0.0289468927376759 0.651918556633787
0.328658673812046 0.847184804400743 0.999795559570406 0.674178002459229 0.997984894706697 0.0909173893612908 0.0946490375463493 0.583012167010035 0.515960678630487 0.642012740058444
0.225957512838524 0.238374202283798 0.999737921349497 0.59427331272441 0.982910628414947 0.314447214832645 0.112903440996218 0.529784053087823 0.346637272718098 0.580152148919697
0.114349409628704 0.996770034677144 0.999843467270801 0.836250146426323 0.999974126596408 0.752083129326671 0.425810019113652 0.652856016810659 0.726996187924625 0.71033397635927
0.240968849775306 0.695394290852283 0.995815135782418 0.396364127027944 0.99879937653373 0.0796375242078543 0.134568553852529 0.525157943611038 0.147134512776788 0.352058169799389
0.85948814509453 0.491662400741512 0.9947435010324 0.447508129793472 0.905316926088822 0.087906282507311 0.189315301393434 0.542740826954669 0.107235470976382 0.477076210763927
0.106287428047232 0.161173270820298 0.940446251573208 0.306044922329395 0.951447994460745 0.179956996915575 0.370068375594796 0.495190943439615 0.0370328550432762 0.404225326497136
0.383591524261034 0.00545138401274867 0.99635596146474 0.707024161199613 0.999314840803097 0.404578182770723 0.166130620626192 0.581991887870532 0.283984279739117 0.655077797467644
0.35898095147663 0.00137324444859254 0.02604664729932 0.111932197107902 0.84319357337978 0.00320606264251059 0.113037463424802 0.460452930581525 0.00907584655563354 0.285239573087059
0.98749836886656 0.85110135179357 0.972181448647894 0.790131045899609 0.999530113214377 0.41457802081793 0.27676710770086 0.577150419105425 0.193787915280504 0.572734273033952
0.708583486394819 0.817513796449982 0.975144989952011 0.443673376530079 0.995437381746566 0.0629824823576132 0.21619314410785 0.51546432313544 0.13855925236224 0.34646168754307
0.0041182860625047 0.647754411579908 0.982251062781397 0.259138650736969 0.703712106149855 0.0112985206222342 0.516797034325662 0.464237288920149 0.00331372359354083 0.394138858342258
0.910577840237827 0.255320834593226 0.852042626527405 0.665561948895832 0.995691037550613 0.251483040922837 0.621711322278864 0.591382010441684 0.138770363600841 0.701401100548639
0.599649541224598 0.400037226131179 0.863632231171724 0.40250952077481 0.993944944152664 0.0517161747205817 0.768846338541893 0.515147262323234 0.0896302270146484 0.600065686130489
0.671373982077997 0.0837846876031361 0.969349828871812 0.424337876468215 0.964557390948858 0.0362559592694921 0.314174348997622 0.565899199563963 0.0779323758426901 0.402493025328603
0.467999715538617 0.956915293058013 0.945929306150813 0.477916274864058 0.996376211465903 0.0363941933185868 0.347971814493407 0.535808212077933 0.0983722661979236 0.329441345603443
0.200223186654138 0.0296066144476764 0.948895903223373 0.346386515624143 0.854453908334458 0.0294366182673682 0.0515312081129377 0.512015935546367 0.0810620913205216 0.441537952187187
0.0276367094418039 0.000986604233079041 0.445015454473483 0.0810963042358415 0.115984566774706 0.00424834454086356 0.0613108107111265 0.453717110096584 0.0115829053272114 0.357948419871736
0.360583350063104 0.0167986711160113 0.546848177037358 0.6166579186203 0.931516446780289 0.027919282606436 0.350823412547384 0.526998023018515 0.0374538030638579 0.539334467619085
0.415374797077736 0.000465041334616215 0.998008279441648 0.534972211048696 0.929734407920365 0.0501528508325959 0.0845543913589665 0.527587413836092 0.187106523921964 0.49320557169049
0.933797692424686 0.623764169365197 0.997500276773265 0.634959572464877 0.98939291915014 0.0963821345070794 0.155250366928273 0.554839679956868 0.105595619678718 0.726776656680728
0.00865674727574159 0.000383588211314895 0.146083351594492 0.200764118982903 0.0900082157758422 0.00167872612155591 0.00760525691042524 0.44380440290241 0.00289687706126997 0.200467568994018
0.374321951343847 0.179443042107485 0.631864517392929 0.172329209423595 0.915166834543579 0.00232886624340247 0.0366142849973159 0.474132799609159 0.0165399338683845 0.258500787766142
0.0605049450009349 0.000242883902949125 0.79898994211324 0.141296742064973 0.602387525583322 0.00129885672035221 0.0667995023356329 0.468610420788857 0.01121930268914 0.29114547573317
0.352336470924142 0.0924880811798322 0.209681769879624 0.353059664143107 0.950121400143408 0.0418970399893985 0.025423494329635 0.516615161617263 0.0309459055672264 0.614900181720137
0.616819513904713 0.865712764158333 0.999645554246215 0.895546825372727 0.999950880025401 0.866891213182797 0.751616500303747 0.641146851584589 0.634154503735913 0.845028755031277
0.460326512023676 0.00570537204564744 0.976262006921717 0.654875899709455 0.950819856151811 0.299560935093883 0.376141508421508 0.551784223242163 0.223253263336247 0.58425167247887
0.928238142449747 0.443169155307791 0.977823257104521 0.390245918618023 0.998940049458241 0.115435776524053 0.0751740004322889 0.55136751189906 0.130218338432943 0.509508042421742
0.903249722126448 0.995421466220814 0.999003874150312 0.801228575352887 0.998218314071297 0.150356530618346 0.0310567258177079 0.620626928389373 0.367085400005551 0.865787367681167
0.00560009855376138 0.000148383065925255 0.141396394609224 0.156398670401421 0.108167389033273 0.00437539265994916 0.175853273697729 0.457787490679243 0.00929435297077721 0.143290468619473
0.00517343383481224 0.00725703382580489 0.154665890078541 0.47388214094201 0.7986372405403 0.0442473250707225 0.00342489549391574 0.47683608260791 0.023175543623099 0.658961901514488
0.0204521275790373 0.120902358923141 0.983851585556761 0.430428202998976 0.971170990209098 0.0272753480085364 0.0841684153772431 0.515347813191338 0.0168028076075594 0.485272707527984
0.349758033324691 0.369030406388443 0.589132695067906 0.441117190820597 0.976907339151562 0.0286124885462877 0.226173527582387 0.523693879600098 0.0769447221145394 0.307566714606856
0.558467132584688 0.193771066435663 0.844982698306425 0.479373412599671 0.915318912380642 0.0695848351118285 0.120078527609824 0.562268686451097 0.164029380654015 0.451641529876682
0.997839182983284 0.973246987474512 0.999781335249428 0.858780112205385 0.998156174072469 0.335907638330239 0.850775831617225 0.573401808065296 0.471363132588823 0.795955935184748
0.0933288021449605 0.00733092161424309 0.32269094889946 0.350204755760089 0.983424365114364 0.0199801361668157 0.00760034290962163 0.505561313196421 0.0150235878965473 0.558263740680778
0.868165797613221 0.0623514313900745 0.23141520056753 0.353514116743222 0.57499676780208 0.0139197452291966 0.116481710150267 0.487462973915375 0.0275283991489328 0.304049503233497
0.15721597612879 0.109393742951482 0.99202215058418 0.758970766157701 0.995389366662308 0.260097623262149 0.895000748267891 0.597795214988177 0.321582773279921 0.603789644825818
0.972281111807396 0.000889169189967888 0.618053748360865 0.409831372597509 0.955956566180078 0.0826530769166466 0.512017669858338 0.539903151802863 0.229301203142843 0.540735934740874
0.593567921341972 0.00358647542472812 0.80667209420418 0.415835552844265 0.936706138106427 0.0803064470419275 0.378510854059746 0.526069364239391 0.16394769795584 0.540557855609846
0.0438421052079288 0.0310906447610227 0.930230129733054 0.248836151370055 0.124823523405555 0.00843003363649729 0.0449862314429501 0.47190788847361 0.0348101467284725 0.39226022236052
0.978501207798044 0.746585740642419 0.995975689168801 0.770006227586339 0.998794556280291 0.484673321046834 0.553769563948193 0.603189519500045 0.652790444343962 0.555735580549933
0.999243265596245 0.264961424575835 0.999438542119227 0.821083107564379 0.985224028020709 0.63895733633654 0.525982613611816 0.57946373275406 0.634505639900706 0.690707924705921
0.618869946141438 0.99945917617209 0.965074316242789 0.699313278975274 0.999774921320708 0.415512525197431 0.834142442919691 0.620699472832735 0.374566800502533 0.503538143392815
0.997877623879645 0.692155712149747 0.99957560811706 0.770919677887334 0.99975953334386 0.232588976500798 0.765228929813632 0.582110359172855 0.269843823870823 0.664492652158772
0.0561053474573801 0.0198413773037386 0.998835729362506 0.142194573111383 0.126029822812803 0.00762694070656581 0.00904645751061048 0.480796275940994 0.0240022245953941 0.347824926313547
0.0375053765214639 0.0039894416794334 0.985428237660464 0.410997182914344 0.977842458973572 0.0569713684948097 0.0675739979002913 0.532375389280967 0.104933785826077 0.412284474487414
0.995073866129628 0.154623921494658 0.907393956305529 0.494300026816356 0.996729237045915 0.105928452777343 0.32642513689363 0.568967577054299 0.243077728476743 0.543602432893718
0.952741209391269 0.615036208229447 0.80388948097814 0.270658893942302 0.756401786600997 0.027705797039352 0.121446407007316 0.45298794664304 0.0472229538498909 0.407630175286935
0.275273759866381 0.00546896827814145 0.903132858488011 0.38606317869647 0.742977792857548 0.0119614372358308 0.376357298446605 0.522951270494062 0.0755093445000799 0.371148034965211
0.902453427123176 0.967933378080963 0.987825250447577 0.668938317108106 0.98688131708014 0.0632465783885307 0.396189350486179 0.571528100578287 0.238205609011135 0.440286062201909
0.997358811457279 0.832206989724907 0.999953452303147 0.84270249079065 0.994139549727068 0.218566310902016 0.696367648928882 0.612165809192713 0.392883280953869 0.382933951807402
0.00115846691396517 0.116511531991054 0.937983346920499 0.264077641474737 0.941848294862087 0.011573884874925 0.546066788790442 0.516582525405409 0.0742269631828445 0.335358448438444
0.986132779304172 0.00139456441538907 0.422709379889714 0.469374254790522 0.962632385034976 0.0308571830890346 0.563868110517801 0.508415020176865 0.0990738460560852 0.371099504437156
0.942719431092443 0.91895195316977 0.996716633558101 0.882993645573594 0.999430371697069 0.69622822730488 0.595971174457364 0.612093190435787 0.507288722479847 0.531541244841034
0.51844769605234 0.561090068526147 0.839359722288514 0.672413276531731 0.959810196735737 0.0628659940343496 0.0231126255077841 0.58160447469578 0.0938678760556544 0.673416406563881
0.618692183354635 0.485931509603608 0.969324299228034 0.497379313693261 0.943176452156719 0.0160758598279112 0.458929962346393 0.53743849397966 0.0568943034419573 0.579267223174801
0.729818587583426 0.0114538295438489 0.785877906259765 0.392689024788942 0.989837768609854 0.0584915364747272 0.0586279773335211 0.524691023352484 0.121512828310335 0.381196503334676
0.290782503315449 0.533898501447041 0.681523520246046 0.654028813374652 0.982708736946902 0.0471614579786562 0.829813959818015 0.536169670168121 0.119052198830574 0.537604020512165
0.248826419441713 0.253278394460028 0.974704627547494 0.533374512263573 0.997902994993877 0.42191503080735 0.656323349898169 0.555507533451702 0.251188045903101 0.476410398268868
0.668685706685986 0.976714031854887 0.998238640837554 0.925744446813053 0.999994798349547 0.540124745463521 0.864574781774888 0.638069030718536 0.839377050149955 0.746525975201975
0.44100421040811 0.513950888751619 0.932272569301898 0.753947765187826 0.994823765724201 0.424468181467859 0.53853895257479 0.594308352753983 0.380758155068826 0.67649442101708
0.253377562760823 0.0209229155977405 0.823283414024356 0.129437065713231 0.763507962793164 0.0194375098991047 0.48570666209103 0.481611838769502 0.0140690947476113 0.269490673269087
0.902749298767946 0.855289200342473 0.992582661364241 0.56119963676353 0.995707964838849 0.121577382264052 0.319705376372988 0.508684923846962 0.0559892037705538 0.693882484337971
0.052652621511124 0.0206053067148288 0.830473735228569 0.592164708345858 0.958927428490109 0.0912263093078319 0.220426776953155 0.524505001768534 0.152714194478092 0.390541271574396
0.5297630489513 0.167496740863709 0.993378946051167 0.247950929747561 0.497216460126016 0.00656914682016476 0.0298689340930161 0.474215662226303 0.0308401961813277 0.397588369175242
0.464301524168998 0.0415494060710772 0.977420352990973 0.735576658418298 0.998251507882763 0.178373929350449 0.206358442472315 0.562369054032546 0.284790865220089 0.507865248852943
0.56223215657245 0.282358044541211 0.827366305056481 0.491160512745902 0.996717612798901 0.0256395159202162 0.255085356914279 0.51545302692714 0.0951067259040887 0.447508650522497
0.959952561975477 0.480384210955814 0.999121110869577 0.876002661688733 0.9998513172521 0.0853310562568967 0.212446036215273 0.535297180356965 0.38593723177703 0.508772965858773
0.0444355618659083 0.00620999941781079 0.957501288349271 0.214814164173714 0.959866349743512 0.0406295604996321 0.0194716184064359 0.479203197440942 0.029409884875207 0.360004225921503
0.557584390802756 0.33833243492827 0.999393136677112 0.459251574090389 0.99854592515695 0.015468423195931 0.0867039212917524 0.561223160139214 0.318518010795465 0.627286360868939
0.00913299900137285 0.0286102043149137 0.0335620020632358 0.0564911404756311 0.0108990980836609 0.000773683231310056 0.0762154868657515 0.405695654135319 0.0122311103214663 0.097427758385715
0.990195795376464 0.234256337445779 0.998770000284011 0.730583664324366 0.998739533047115 0.103602208103656 0.0255452138327698 0.579763438947256 0.184851785304454 0.752603473810885
0.396809934260695 0.574405930538456 0.99982193391545 0.360013245374244 0.986798119076347 0.115938065986923 0.358799978687141 0.516205262698561 0.123613059234918 0.621914184281288
0.583791741761155 0.42386308714233 0.734021555462217 0.576892830280959 0.992209817859483 0.0846782052192911 0.888103434801124 0.542083611903305 0.204706683757584 0.518336806566098
0.156177382181374 0.105958837098492 0.474345429230989 0.362803110074387 0.857618100830835 0.0156658633346971 0.178288143155711 0.510571743672063 0.0288925961553169 0.512755360681382
0.999426117739338 0.0688224341682588 0.997933963974255 0.53865207742505 0.995315714190403 0.414615112113787 0.20217647949183 0.57330437652632 0.561316486048045 0.35594235303683
0.497891065785441 0.855616949471409 0.996769695843502 0.715925793915038 0.995145156849949 0.0481146197989969 0.369819546364784 0.544265368493479 0.344516664048358 0.560530783348897
0.759479639186361 0.538841843368366 0.0140110575665303 0.145878376258535 0.883262970739696 0.0128596612293622 0.140068245061743 0.500104324042606 0.0251965732482448 0.304480182641274
0.147804112130355 0.00302074997647011 0.25952039832143 0.489343940235334 0.996539412146982 0.024944857920873 0.226273434993418 0.515398266953525 0.17538458885886 0.316656958595748
0.70156764621612 0.994430434096551 0.999490073681799 0.717204285206344 0.98394087164183 0.249715822120457 0.0799768248104977 0.573619271540152 0.280742029558068 0.534732190084517
0.948519832235604 0.0680963916943724 0.689021545189133 0.210977784819253 0.829504321790579 0.0253019869183379 0.0626055131356346 0.491184088503635 0.010061171356053 0.529588135775178
0.999234977575696 0.983395100961276 0.804485670862482 0.796677791207834 0.999974293051369 0.620987932981678 0.767497327332367 0.582710333537736 0.481526921857004 0.662710186680356
0.0547494957967133 0.131509605266567 0.928611473640939 0.332267074799665 0.530168919124929 0.0136104977642086 0.347632278756881 0.508877667293825 0.0167894269842855 0.522812971251414
0.0184464007425079 0.199605570638592 0.0261254203719642 0.207376547815184 0.110085420618932 0.00314343122908803 0.0611993567491792 0.442535843589752 0.00150459623322617 0.157674576180302
0.974478376648635 0.0248177724380523 0.997033837928187 0.455806279597755 0.985641415468796 0.0251254680911156 0.24210318075055 0.485511761882138 0.156502392838667 0.387908557769629
0.967277642180841 0.0228952041936712 0.862780428825816 0.503242270185067 0.995414285351424 0.0663757674926857 0.0210561099608709 0.460045554739163 0.00586271444225533 0.38113309001507
0.658375976102598 0.998917655463528 0.995656882166213 0.771145451051731 0.997661948759313 0.15770402461431 0.869619822117036 0.614631478458861 0.326085374648323 0.555488400625708
0.994587976548896 0.967832695488416 0.99984817759858 0.874751206662341 0.999829142677012 0.699890827247868 0.282243637039243 0.620968634184497 0.57860126312628 0.687685811595789
0.924069336424695 0.971144438752396 0.99689836692607 0.745544992253042 0.99954050973316 0.180536524373701 0.713518960787451 0.608591630583465 0.190415398924335 0.763086696029716
0.539313538325781 0.0049074958975974 0.987586103752648 0.722647269546422 0.998134890012652 0.298538639019659 0.05788290351768 0.592618586743373 0.287325246772355 0.608422133162716
0.588671439822513 0.440798927931152 0.948052609592637 0.369245414382231 0.9418291721657 0.0125457020200157 0.0540902736797473 0.497252564212794 0.0504618962487967 0.438317299926634
0.0724140605898227 0.579418546821705 0.656466945718303 0.547882544322743 0.975012603646524 0.0463633089283413 0.862820669073363 0.515703819492309 0.128160332854894 0.403734892208228
0.511734813105213 0.965068917142729 0.997868658775632 0.450228775062988 0.993140450359885 0.147870659797674 0.540389433622635 0.562456539163144 0.206855903737855 0.821906026708012
0.985593824807295 0.252400005684206 0.943839044641503 0.517064755761456 0.982725655187538 0.0573726569983898 0.321663089084527 0.568402737815478 0.09393211900283 0.682954444922897
0.904116817755647 0.258374584684238 0.999424781978752 0.823962588442859 0.989992969687141 0.286690974828636 0.370733097127969 0.571558762495202 0.185035777393647 0.630439888115889
