0.402216805410681 0.308767620089203 0.997877929477263 0.769725153508596 0.999335832244982 0.415585211748587 0.848455703046102 0.595750073999703 0.126327901502605 0.631555019608634
0.783020690341666 0.670674130984044 0.998912838282699 0.809879125020461 0.982315129893543 0.54182052508207 0.683753483245054 0.58988899490081 0.497378984004295 0.623481966571518
0.89261351018149 0.943541113414389 0.495280290090369 0.436969603882016 0.985315856460616 0.0750336472532237 0.0966518477904395 0.530194329656988 0.110738147189433 0.533622324215346
0.805321217188984 0.23291924906628 0.10568491909843 0.585221065998289 0.995420213429588 0.0477618294505549 0.215065919922021 0.516302897401277 0.0294921933915403 0.48782652192916
0.730670310432076 0.0176762634378032 0.98719522418838 0.218247417288306 0.699291512599328 0.124933207208972 0.530263603327488 0.519055873606864 0.0622699583048541 0.267788095645809
0.00630486900711308 0.107284253007865 0.209679643415857 0.0961226578125454 0.116172167406706 0.03214224126113 0.120392346655869 0.48063859858897 0.0350254252726962 0.268718389378417
0.99990411456003 0.609626776735394 0.812959093562603 0.696406662860148 0.999856105106402 0.0999664265672194 0.53628363745464 0.567967433399023 0.442182483550243 0.507783648107685
0.952440906058784 0.00724135204016209 0.229505632634805 0.109440628424534 0.0735179326841077 0.00966100790492638 0.0452598386387448 0.496712702054382 0.0381820284161355 0.417093328904368
0.920400528337054 0.958442305263461 0.918548288555817 0.467328956856535 0.988231616570029 0.0481664664535135 0.0709431533310698 0.52537880823733 0.0259576568914 0.375732276290739
0.988540809975099 0.81220466290588 0.998414396190479 0.819787969156693 0.981590521555593 0.531402940592967 0.441118458816906 0.594070324284495 0.479559199476465 0.638999341154336
0.947866529531936 0.331481054214518 0.94655877729106 0.436738029799356 0.998795558199349 0.120097726093696 0.356216060247141 0.538335721597298 0.0823453891176089 0.533485452050265
0.990713814878734 0.0883943071603557 0.98619013066779 0.441587879746837 0.947543847742367 0.318135453931627 0.778386280892965 0.556216743862728 0.234387053577171 0.574281413707784
0.966552008306077 0.203250679508001 0.714377789500939 0.457993341172284 0.916398894617592 0.0427975296046584 0.0502852804032068 0.475541695806434 0.0306787014306318 0.579392833236799
0.485600689446616 0.01436337497622 0.980939694275272 0.313654471760376 0.863551754324608 0.129802035683712 0.0305763027460674 0.464990270684874 0.024533504945515 0.594455274293888
0.209348759007147 0.9414861796515 0.998205910418738 0.757912647685189 0.999393212479473 0.702524408036188 0.745455405306194 0.585655434935109 0.220490647875926 0.608385102796706
0.877106691827637 0.963357360424383 0.952089234507674 0.722360450512391 0.937154807673835 0.0935347871330581 0.576473931842063 0.542514085079819 0.0692078678322364 0.613119568446819
0.469927434599778 0.018094819367559 0.993439324271457 0.696549490528491 0.979463297873359 0.104567697785774 0.768113630279563 0.538274359705562 0.1764977891977 0.525842644197964
0.440388846693395 0.0379858865242312 0.995590630148569 0.58243494280244 0.956536201451233 0.373198217261397 0.209247573793966 0.572850895076714 0.236579752362033 0.59810878212257
0.864188898512458 0.111078766469399 0.40470797993755 0.556167493561318 0.853146598024251 0.020882660516537 0.462404510698221 0.567842779102719 0.0994065744954831 0.52583505355369
0.98407930080109 0.895248375525065 0.999584202486559 0.730424042157014 0.999321008968609 0.175497438059776 0.934965922518504 0.606757679702529 0.324844263281791 0.410390293682425
0.554909552922165 0.0633953925808453 0.977344760237427 0.51609762765581 0.944177151668075 0.0368011739360193 0.938441091304796 0.568668447432027 0.560817614088194 0.664962418144725
0.166787715199363 0.334928405798683 0.997686406952888 0.453111136390187 0.350743122620026 0.0696360834746428 0.605283615331937 0.540465428943222 0.100794555974033 0.288514262100767
0.770935531488009 0.454143036062257 0.995207907255125 0.419887099908543 0.694058147804771 0.0761103516578813 0.246753188365037 0.536232347230997 0.091941420332282 0.391033409520521
0.240813726894259 0.893000962494576 0.987578782059753 0.700052113142127 0.965890868300963 0.161587949472215 0.0543571263002554 0.572426913304262 0.10326895541073 0.518210519722044
0.0693630001916226 0.979942938002234 0.59880223303928 0.57224662779783 0.993353766277124 0.0283750795165646 0.124864153499445 0.510315922690467 0.0315670299530491 0.505345551097604
0.994512416022574 0.0187575469373688 0.819086119453913 0.34630750058645 0.969562170411409 0.0231276580409637 0.593321346684389 0.510473221785956 0.0195919551852347 0.205297279129407
0.016853698925021 0.256970487279841 0.32032557823922 0.239374767426876 0.834519796403106 0.032221222756393 0.0361460513862045 0.488996765781007 0.0191961199125133 0.209470029219024
0.0114665730430128 0.992926334440085 0.889541831424297 0.462321115712595 0.998888191852528 0.101400178485544 0.0123692748145892 0.543438386617929 0.0474814201092559 0.307667873188012
0.379753674501124 0.0642365074879142 0.303768849067935 0.243462297107743 0.89089313074132 0.0145307176015579 0.22951026652398 0.504635584886647 0.0486881596505514 0.390594601447446
0.159580391240625 0.0581987000934375 0.791419245290707 0.5946122323669 0.965011759253943 0.0411286164227306 0.06619093496787 0.499177350781673 0.0582186176863452 0.558814546537056
0.849391299934925 0.272104762516858 0.93091902393403 0.24418770852467 0.863788723996236 0.101615249976776 0.226288206206308 0.512848974746438 0.0201895155069441 0.657853156937393
0.998341342360651 0.609828740831493 0.835297551562993 0.647824915891268 0.997703719362365 0.250196332855057 0.730807469225794 0.613451389924638 0.256127048366281 0.520516817922424
0.996730586435741 0.999976594833377 0.999988376071581 0.989624578161379 0.999995741671302 0.973645925837103 0.97420563166563 0.733033126965954 0.952753839925215 0.923961773670496
0.596048675154168 0.988551298208932 0.986453138396239 0.829501238908029 0.99318779507201 0.136964972516917 0.897754753876686 0.553742482427151 0.185497447190349 0.504859573333813
0.91739500345161 0.0801668391751163 0.678875279390896 0.303414737747711 0.955383930168164 0.0223266000505142 0.111087654553347 0.509704412023194 0.0124482660597698 0.362555619524997
0.149998901317503 0.00879549877582619 0.774854062745168 0.32223102798238 0.987574603752625 0.0365657760411944 0.138498772208211 0.486584950648991 0.0492677963979381 0.369990259228847
0.950079297101573 0.0763448218959921 0.987822806493092 0.641927642955797 0.995526542332136 0.26556890849947 0.273172884586283 0.551300486162962 0.232708745070182 0.550006377819882
0.178476630610599 0.289916174024558 0.813899493427358 0.355106337029246 0.980067047052572 0.192118342001118 0.463837381076501 0.516855239640897 0.0364537077391386 0.65324452068253
4.96751715277788e-05 0.000144248611452543 0.0794735689702978 0.170811293796633 0.476857473415629 0.00358078989534118 0.0193518013798964 0.458670691326809 0.0153517908081241 0.306554742921849
0.972520220111361 0.584200891695275 0.989353740599112 0.781246644712574 0.995354789389005 0.195250584070875 0.299341577319545 0.587381362553483 0.342245120710288 0.800264677273079
0.97489249070832 0.207867916708495 0.882807569705329 0.754632353264769 0.991322907568942 0.509058123589867 0.329905539253946 0.607070601306028 0.307035979352505 0.745385170227847
0.891043699810195 0.960079784340966 0.998399526647081 0.869248192511843 0.997995647000074 0.607736461804277 0.304675681755845 0.631724936224508 0.523283842808987 0.600821856094351
0.997140917616703 0.113721090237538 0.997808753688975 0.467881055490101 0.996062905000103 0.0351984793073603 0.358256645144173 0.520752511309713 0.0529651470955965 0.276775328356432
0.9323607112272 0.948741667654015 0.999536068403057 0.778670993922276 0.999087901370177 0.435117435410886 0.389499810261808 0.612639357926138 0.621590783187302 0.79021758550178
0.34460929920867 0.0157569945953504 0.998682928729755 0.596892534554642 0.969268446676059 0.0106250182669713 0.511723741061851 0.496350672867148 0.0368438061932818 0.475939071933309
0.5219448878124 0.474347928551483 0.998561546722535 0.719831766191844 0.998134417803145 0.256783808079453 0.788647229597665 0.551746452884874 0.101624522581493 0.382133469728536
0.750678920842229 0.599776627535486 0.985250192832359 0.66499550792539 0.992188376945594 0.0570826998654134 0.847959178060721 0.565962196591888 0.0565411050960047 0.639200216249213
0.543146125599241 0.599271144305372 0.993521460799583 0.3283998256421 0.810205158798742 0.0297462206185367 0.394684928539743 0.470924106420556 0.0160711848912131 0.44618102928714
0.984268699358591 0.531404723981005 0.639472003775476 0.830170872711734 0.991018173271716 0.222212075476419 0.736356397386982 0.598367901022472 0.256828623953942 0.646578401125246
0.0452177680765045 0.191231356342435 0.992294142609334 0.599307628170555 0.979400653695449 0.104652834614213 0.474673047404876 0.558576397661188 0.203468303913367 0.598750393989777
0.247472072012772 0.804613690377932 0.996134635891662 0.344189705933084 0.97038130717533 0.0301803126864519 0.893896474670415 0.529387228000689 0.105037283829837 0.600401279178968
0.974975768377891 0.422632941040678 0.998367570678649 0.309934163013788 0.981229496979504 0.026816592934317 0.312078145980659 0.46943825062835 0.088512692122385 0.156705496722287
0.918100925096535 0.0484365337015576 0.8791975092137 0.585659829593263 0.976298407459098 0.231801339526497 0.0640387003606085 0.548771013975812 0.166562260245571 0.622582537722806
0.872948514793612 0.976539858731852 0.979718590326535 0.741093498811949 0.998525836460167 0.354140599561995 0.434442444078065 0.582594737798602 0.0705229534495229 0.480643488559324
0.268154391834667 0.257826728902436 0.876616232712552 0.483355735282799 0.959357372681783 0.245208129953158 0.382283784551444 0.578354312577579 0.217171152300352 0.343257067398568
0.0663197803086645 0.476031399299207 0.990736817575979 0.488287229320164 0.978502563094334 0.0759007286352803 0.372299066027273 0.511778267824142 0.0849927965098043 0.319773736792353
0.937231195265715 0.8685373581564 0.984321445002879 0.879418643805011 0.99587417145718 0.281698851454254 0.912203012583726 0.550173326240556 0.190042345941672 0.623460395702994
0.773226503452857 0.00479394957004576 0.672971654730134 0.48715455750598 0.993545002481153 0.10956811733611 0.115103627665337 0.562164085109381 0.182548192020792 0.479553578997669
0.996841214136459 0.919086289948056 0.727098432110393 0.749984602330315 0.990405976822315 0.862509646766386 0.930010839621659 0.613954832638729 0.289812580489292 0.757734348222602
0.62756059237728 0.157843800679665 0.943851718169984 0.460268364572056 0.995263861081948 0.0536839065660642 0.432074481440481 0.523362581305234 0.169087935468293 0.436196455521317
0.99658495778505 0.675956590769095 0.987141446517262 0.514437994139183 0.999476261865025 0.064773660039528 0.619248288631254 0.548009798880639 0.2708547995838 0.493879592959374
0.257453025661902 0.906191317776018 0.996249335683388 0.52617584928387 0.997237199546576 0.247405781158087 0.890592417149246 0.582528345860036 0.497884765185347 0.801481766386337
0.0232293236972783 0.571646305573042 0.999705214336852 0.768893989064458 0.999112086695564 0.213030020970884 0.368713518354355 0.55258269045995 0.173062266535145 0.509069808788611
0.00704229794535382 0.0752251717877583 0.917151596677019 0.164675183811021 0.865039002938614 0.0272633306422226 0.0554573822893367 0.433391938038672 0.0879191647718586 0.168476567395821
0.331083390502619 0.951840342650937 0.988346719418859 0.695077890418299 0.997957355044754 0.520513406132977 0.0900241861466908 0.54082357063256 0.120974695897319 0.457087964803713
0.205339048528455 0.00216519091802789 0.483691718383718 0.636240192368979 0.997708289834413 0.0079820037607118 0.254739352811333 0.527603725455389 0.0834646245245877 0.287642244973994
0.826276215554301 0.0543948595729981 0.819614064787974 0.168029602114989 0.343647280495469 0.00217367976993662 0.204810294952757 0.441838513569385 0.0152598975492595 0.378714653264767
0.997531028880228 0.863156267833428 0.247343639891345 0.200684973517232 0.547062266486887 0.116197480548798 0.184725631001862 0.474648621284904 0.0458905854096834 0.252119459382457
0.993959222145162 0.0188750571487137 0.984103278011251 0.618331745098324 0.998903225868552 0.0546335663592535 0.468626448514633 0.561108177821781 0.406107727618205 0.51723513038915
0.999391169990334 0.898081708601565 0.997588360849246 0.690279839541774 0.998576140968513 0.237796938068601 0.571385910180081 0.602973907061789 0.660064368332064 0.587428344327125
0.121605383387772 0.42837426495063 0.999611126681015 0.657526118476165 0.999562095836508 0.162398023664868 0.602840607100522 0.575699608665978 0.317917605658691 0.606120925876479
0.1977103468585 0.00414215127289579 0.83171682516583 0.163546133994734 0.203552845255835 0.00590755368557788 0.0313068473501184 0.452190412039989 0.0175529576589728 0.171394217652345
0.242715842198998 0.00356632234124528 0.526699148285705 0.493173687683539 0.435750752208541 0.0231535011285678 0.0451866955199075 0.476052772583889 0.0590836601724667 0.282444710652717
0.0139738735420791 0.0550680825811166 0.0803293686058833 0.231501920539627 0.296215949026982 0.0101259901280266 0.0736779583975177 0.426388204876045 0.0130612935571369 0.400228326238096
0.0181244411103196 0.0657163085461341 0.82613813419302 0.301124606865609 0.954397486947826 0.0515693676088856 0.212158415258966 0.502819328059526 0.0327389900737912 0.587728360847471
0.996824231804061 0.982825102809242 0.977647290812567 0.629423133228892 0.999271784136802 0.0161317196370031 0.63013899422236 0.585344644046817 0.114659434651347 0.753999134530764
0.0697594747453689 0.77379968891085 0.995984363217945 0.298211397255609 0.989483491937505 0.0294634308103089 0.132448097897531 0.543988212352119 0.0400678634244826 0.245215382514768
0.606062970695553 0.624894020889381 0.991075288525384 0.464008306998341 0.973117144364288 0.089119507871142 0.494377095938349 0.516241402041033 0.13838354835639 0.487869464754366
0.935123696911858 0.971812390267479 0.315550012062412 0.227942795459999 0.998256986228586 0.0297176933949687 0.223934690127766 0.50718824457421 0.0687277065291572 0.48425680979209
0.633696538119622 0.214273401045344 0.170182474758901 0.583284235661721 0.613621418957245 0.171711121627227 0.461392978705819 0.52853287533635 0.090196687670063 0.715567839629535
0.0279634979407336 0.0347967395323011 0.987855076949182 0.155616945333236 0.95756009482317 0.0734502742254522 0.036184924466711 0.505322417409862 0.064888627328485 0.310978772659723
0.473747088550052 0.254633879536268 0.999293284633082 0.741237473216707 0.998380737368253 0.399913285169268 0.71658270679869 0.616658890475914 0.429551951243979 0.560925087231752
0.7484795665666 0.206358885099655 0.991979828098757 0.523897285216083 0.968595592451495 0.193782446574446 0.431855900676303 0.537993978605224 0.137899346995918 0.508512923346801
0.950020157360921 0.007921332356317 0.998702844464823 0.670855515891458 0.993823754537292 0.299586273009532 0.797727072682209 0.5601944771614 0.147717289889714 0.477499794083653
0.125933637696123 0.193729146423529 0.994450711132617 0.358732437109591 0.971576943016138 0.038008174620132 0.0884023225516414 0.535602557528897 0.155901084136046 0.709664918741126
0.647121502219118 0.913143574434555 0.999508064361563 0.83152655512204 0.999213286248552 0.223820293379653 0.58370504942367 0.59176977028312 0.31621943704991 0.559890648688373
0.66390086786858 0.168610083722002 0.973360241744967 0.327448213673824 0.770864456172212 0.00948162223311661 0.00444204533089373 0.496004711366417 0.0177431206680091 0.431266165695667
0.180903002758039 0.630208698067228 0.965758681359253 0.23404649718663 0.85614980605568 0.00145110152349017 0.674118430664291 0.490707449802033 0.0265378121903466 0.491487355808459
0.609689759276439 0.618016511785702 0.556950679525748 0.315840513111579 0.97708973058821 0.0254172118102517 0.10720947353759 0.484636921128188 0.0267418373647413 0.352158836988162
0.914110260987009 0.0332346566237451 0.964181916654055 0.73101724676012 0.885530876398489 0.0867888212673229 0.410053515300721 0.526502014894186 0.0966603869423442 0.673718453647574
0.49778875368672 0.327078526409465 0.873510838897584 0.404971750315811 0.901653141024028 0.0353034274521975 0.245260909750368 0.512629403568131 0.115852441035021 0.600720287932448
0.881709321763068 0.259462503074903 0.769942778743292 0.132573181459645 0.99159716897328 0.00287461083008977 0.217188146678798 0.478006774067695 0.223339068153245 0.389961133488162
0.998350679187604 0.99713211828097 0.999896079162311 0.744672517281689 0.998102398394365 0.175019603897746 0.38241308547264 0.60957490372672 0.267775223579481 0.69670999330754
0.101230636298032 0.0020299763804523 0.271833024511586 0.0646169621645683 0.234493275131558 0.00193435403816564 0.142026230796991 0.429655618151281 0.00451334552790287 0.274745847286421
0.0869865580298078 0.686007425010198 0.926689126021358 0.353830562630522 0.958185568847021 0.00343497524519 0.0732837711354637 0.526372345185466 0.057365021928098 0.159894344610012
0.644491882971479 0.0326474782475585 0.999982087080332 0.624606197464371 0.994937394993396 0.358345953275692 0.40813108480723 0.556153623805676 0.155048010650512 0.504037976272057
0.755428319659811 0.987148855851516 0.999070181862515 0.888674308356413 0.998771129666806 0.677466319236333 0.457907525277052 0.610003738164277 0.567075714394093 0.796488548659369
0.00189139976673735 0.0244236362341136 0.0567180783764393 0.142051319079364 0.466869881070463 0.026220999949556 0.0517907397682411 0.447950758773689 0.0145082860212612 0.310415225201773
0.90157671352496 0.992951616873358 0.961671371152448 0.627695701772117 0.998617657661841 0.285509500219694 0.587751434177381 0.53600714860233 0.343030773910911 0.809309472974953
0.43278235561185 0.290204905522738 0.593694713808175 0.365352625472441 0.951642932694642 0.135460842981235 0.0316662422240156 0.499973261993578 0.0915751772120107 0.270791394322394
0.930132124996492 0.58124863766831 0.999154734701457 0.443221661181549 0.989127105716166 0.333990369936186 0.0569525309776976 0.540430196748128 0.123209390448656 0.42836097641984
0.728082445457289 0.53943749491327 0.994732377628192 0.751954496749817 0.999820741354527 0.533760340926049 0.843464710632485 0.61571223235775 0.632520055677816 0.673068076521755
0.115055837593342 0.328054612825647 0.975744588746957 0.561271679369758 0.993336574819609 0.236709971284153 0.0349620387818532 0.53348946929063 0.0713320264316581 0.474387450328271
0.992254167291704 0.888089945748558 0.54614878556593 0.518393223529808 0.99174163109835 0.183624431176524 0.936470493201992 0.554811535931239 0.263684037544123 0.492457311508245
0.0676761735473715 0.00134607477632954 0.686859592163286 0.235806930923696 0.388478999082003 0.00592929130590084 0.0941055563753717 0.473890430417361 0.0171133113050473 0.255106429142474
0.973904125136215 0.00920249197739867 0.941272198554818 0.548120747739457 0.991678019744194 0.52646126732961 0.0616963819676407 0.558636807363331 0.0902441870281393 0.314204221245923
0.947317317208843 0.00523569045260259 0.983744557769721 0.125452870163937 0.32088838310577 0.00805995807763035 0.302775585682242 0.486160221828946 0.0141627134036079 0.331979480591732
0.950377973289406 0.342686863546647 0.982776522551734 0.703168407967183 0.99888847068774 0.312803463896465 0.872283246494617 0.588575749401802 0.423093517591816 0.755272091177042
0.850795302743991 0.0667607823729822 0.978265247345957 0.491653454047201 0.994202478223747 0.0978071168456751 0.490162835289566 0.545538397116813 0.0981787305966131 0.552892953571738
0.872374347840799 0.507087515263115 0.999300435546665 0.56509152470173 0.975286803993965 0.681006726926753 0.361116751858541 0.568034217215865 0.180507727206099 0.53725431233367
0.942797228271276 0.461490882516271 0.938074931706035 0.400441985771321 0.440168263571181 0.0136780528310598 0.520332502454963 0.522603686400803 0.0347111177611121 0.391438925073835
0.830730357839577 0.966745108457947 0.995646648337691 0.714031681490204 0.987616114926931 0.0664030941631506 0.0321616869758089 0.569847641788266 0.209865559479799 0.660094452319407
0.249413459274175 0.0154097068792286 0.856765885380038 0.517237013067991 0.956587991105378 0.0457430853565816 0.532939349413999 0.527991334584051 0.147027536992487 0.321076883169828
0.0456556071417375 0.00167530027756783 0.919304575339257 0.351991727034708 0.980944841594166 0.00453631925775035 0.123873860243576 0.496083048114204 0.055173138098399 0.280853144387843
0.491009865912685 0.68824067536504 0.986509518230935 0.924566425902866 0.999905375297202 0.221481336695652 0.290533670958675 0.600633500458832 0.617863011823097 0.726795128879743
0.951937613688674 4.3597972109572e-05 0.0555407042910366 0.0721998274436215 0.453905224271155 0.0087491138520887 0.0888881864412814 0.480895822964642 0.0130331309346021 0.12831872549834
0.0190734211694061 0.466416373937005 0.959077613912392 0.467607704130383 0.713318968664517 0.00842247668216625 0.242705398509769 0.469415977910976 0.0869080553924758 0.358269878700079
0.705356401004549 0.0279048819642104 0.798160523037407 0.25261529155766 0.951098375931368 0.00946004966269699 0.791540225760069 0.474934182335977 0.0950790566558298 0.365955589890167
0.925352668611355 0.0394087404329813 0.994349019964602 0.536259663119982 0.98705449544792 0.119142646675021 0.0992101889756477 0.54980105032295 0.190482010825321 0.418938451810709
0.732988372755858 0.951200656979637 0.994041183044977 0.604519377963012 0.987968367482571 0.162505749715997 0.320621081748565 0.563590605207204 0.102009367785571 0.421967737782965
0.822113204078911 0.0166928294979101 0.775009017459479 0.347010073331948 0.96578253850993 0.0122822382623934 0.110195584889622 0.498990899695644 0.0588867580981509 0.421421543927539
0.192517069680979 0.0191431266662859 0.942608763688413 0.696772859151804 0.997360290926069 0.359234205885524 0.816454660988666 0.614170440821948 0.260771684907797 0.530601884594676
0.407123232704947 0.0042917592706491 0.727182185118048 0.326537537268332 0.998878059619032 0.0122039958690051 0.521531140871413 0.515034832783937 0.206060117589219 0.34487225898025
0.13479151122922 0.823359301720246 0.942517035864688 0.796300803454747 0.99953449313212 0.58548709199544 0.556593512186836 0.591134679762622 0.424178140086571 0.698606093320296
0.0596022597269527 0.146636279783065 0.995089452096539 0.384425999203283 0.931305164930666 0.0504346045666858 0.137516530181259 0.491194670897895 0.234987261932511 0.329163766347896
0.934841746154801 0.0946441935799431 0.978292869146743 0.617521659932619 0.900789917592792 0.190446933743108 0.0723076766918534 0.548364341563207 0.162308773001975 0.524610196723291
0.339667579760518 0.93831990320561 0.989919604756763 0.647229123168549 0.979254784580735 0.0710426239018655 0.819983288497577 0.554632711498508 0.346007981429227 0.573625247212976
0.0279327234312459 0.000134178285582042 0.95637124027163 0.146577889345516 0.024592350280507 0.00641160951397652 0.0290930984615653 0.45269459813717 0.0107333305600784 0.237950301178736
0.963228770271178 0.722139307248018 0.880361600267924 0.386244543362996 0.894027516888056 0.186675614922456 0.180303356193697 0.498042279848004 0.062518181678929 0.61737059828076
0.00671483384746046 0.0366064238608811 0.807209859596206 0.17530445904795 0.326151516176495 0.0963831620545079 0.138896047265732 0.447034487670618 0.0689698521400715 0.494342958132828
0.116611304632268 0.00272088141217596 0.0503624419936047 0.0735090233129427 0.536656641611518 0.0255080408971395 0.147017819631642 0.487099531391065 0.0153185596746442 0.278925991724263
0.996339490777323 0.0164696995602569 0.999632079979899 0.376216934618319 0.962981056549859 0.0577163043523227 0.798974152948162 0.504313721581495 0.239140537745752 0.692192537642524
0.0327900567986122 0.0299392552998021 0.999623854232568 0.512629390260628 0.994991108775747 0.140497111601236 0.0326270197802522 0.545774472645293 0.258880030485977 0.660129983477543
0.958784842575951 0.451441876979991 0.859155225264776 0.721336229992993 0.970329630467972 0.15523388938706 0.550831579005839 0.539428808419143 0.176730364105834 0.53411030537915
0.942438233924161 0.054181419062008 0.787778829279953 0.657549004633471 0.992371001467381 0.218433818025221 0.374645295386784 0.568686032668997 0.120020119801679 0.638580445707289
0.430046618899504 0.872835350353878 0.986980493688105 0.704254395113426 0.98660609098227 0.0326989866090519 0.411626552716787 0.563449309859664 0.269899267909911 0.614049466500032
0.048920742191919 0.0373340796062629 0.992069743485248 0.510243981694807 0.990169415012355 0.128268493765761 0.589082456475701 0.518772655933163 0.213189571092448 0.41521107325824
0.535886088453698 0.66852749709055 0.942019331882357 0.581734057928064 0.997657250717869 0.167377805283714 0.396151058536184 0.535576279365406 0.334579653637769 0.465045622213792
0.180081246943663 0.0923787396415105 0.695155900382489 0.415192073768007 0.997728120297793 0.116208611328673 0.241367917756864 0.517053202774277 0.274195517825981 0.354644831102461
0.254284566851366 0.00277629096293316 0.997265094481586 0.522797981533414 0.979251377537939 0.0543263158645405 0.309838075241196 0.54856006897667 0.21151049008673 0.701584009840337
0.529163516182748 0.296378347761337 0.944159651996033 0.727069362405812 0.97735189843524 0.135985380427359 0.0579332302762924 0.563778666990218 0.125451301905797 0.50421765967352
0.522944900196191 0.0531206425567838 0.921135862660398 0.517989235573987 0.968687876962227 0.0255813935979176 0.265294793129296 0.539997364897998 0.0882534224850216 0.323462715854112
0.991559979491436 0.593918947804295 0.999348799023209 0.794076055730254 0.999385369388656 0.238692164850277 0.629511217392986 0.598726609297397 0.394136623546813 0.777806445639567
0.796835977484494 0.182184302171246 0.999114309275275 0.303937202912319 0.948936231638673 0.0371299065953167 0.250828425095599 0.502863834380463 0.149243289499632 0.542613226267899
0.815496766704973 0.19411829112222 0.98955350260395 0.729104491782107 0.999400734312947 0.319725564752613 0.4263454058095 0.584377387330069 0.282409950437317 0.621714877626571
0.0736558409894372 0.824004554310967 0.972430383199355 0.443475238718589 0.850534366852933 0.0394596549143828 0.14608906472501 0.497468490530221 0.0221010884275788 0.406637177927777
0.0135413821089205 0.00134758659730135 0.739737801640731 0.0745005469346613 0.0401437428868995 0.00105336305323932 0.0211063522940506 0.438016950875881 0.0150612101402322 0.15344342202613
0.710106698646101 0.00138995578843043 0.873582669144469 0.433508092275454 0.988707205304949 0.108423117045854 0.0620838392529218 0.5043059985424 0.0749037014065643 0.276810733950762
0.873245152336069 0.0394527883454222 0.981802816709022 0.133500692140383 0.122613405786054 0.00213953343516334 0.0781827098946672 0.443405736980024 0.00323572471926595 0.300035561482668
0.910830233910066 0.818255825458353 0.993865090711074 0.487749059689769 0.854828083850773 0.00608530747780965 0.243517159481318 0.555394956840057 0.0736608836579874 0.62023111018774
0.321557885449794 0.00296454373329106 0.997640665263714 0.278958808033108 0.805016024317142 0.0368356632368762 0.110650665223044 0.514402559843916 0.0879174351748329 0.385675828705684
0.862886530948479 0.284642371387045 0.997432961521596 0.753246153362716 0.993173681984501 0.215736761829685 0.395523750830353 0.566204623011392 0.223490378336713 0.551574593116983
0.98749301579866 0.695894070243249 0.912770529154303 0.472119867197847 0.93470403531901 0.0708037115634186 0.194386587879771 0.542315537142117 0.304395307117778 0.391830515863671
0.736432187413617 0.434619356873476 0.872887316719184 0.626942549733698 0.988021364204703 0.112846918850657 0.19368068979279 0.564458373608079 0.215721347104377 0.485677623499852
0.415383931179122 0.120811954961972 0.98656057315498 0.6472661154175 0.99061761074797 0.192343367395214 0.444862351600892 0.568287700822922 0.116847832966509 0.685501113198903
0.0403411929193583 0.0751611987353979 0.623886574416291 0.212383234679304 0.294404676912092 0.00600124134930074 0.038111145718992 0.463782314332391 0.0330243161559656 0.40330529003306
0.995509113071673 0.884418069210357 0.999973488366676 0.731041427535155 0.999934204764279 0.428799527140771 0.57540318132561 0.633528031762226 0.655804845103518 0.782675047603771
0.288829765544518 0.894649226720124 0.972091516414815 0.363017322462042 0.843586537140884 0.080326736786733 0.397738966048144 0.558078643988224 0.155537460284666 0.4911361913588
0.969220123679567 0.0118438405409154 0.663913970255106 0.0742263894015611 0.141913755354526 0.00559453364808877 0.0388386498019607 0.436291965408214 0.00477921138576995 0.141987240575288
0.678276283211132 0.554685815127274 0.903668510685941 0.1781434098762 0.854085912179719 0.0183334942051862 0.148847642249944 0.534771749445137 0.0495704724207881 0.383175272446394
0.672062720263251 0.0356199979269431 0.0537303559746749 0.494090614778288 0.841355670396398 0.0691336886366889 0.0459843333498037 0.509486083179412 0.0561447476464496 0.382530577975763
0.743160093007117 0.00392863253686209 0.0441416326204596 0.143802132842008 0.0829390059036805 0.00590751759540098 0.157402606424997 0.429051235929525 0.00791861528234864 0.165394933091575
0.0168387121741532 0.00103257729616672 0.957886301241846 0.271494285961509 0.946859208611376 0.0424565759175234 0.368574323951787 0.539176764374709 0.2397288106314 0.267869279489667
0.345781491843133 0.450437590580933 0.981748475797009 0.463222772937965 0.99478621596615 0.123446521174209 0.57265485504907 0.532963558879737 0.0944950931045333 0.623296696347057
0.207570526807145 0.668689448481404 0.633035117548688 0.229082062523151 0.854357489498749 0.0250302263875118 0.0899020094411161 0.499182608572919 0.103208639770414 0.173939875633549
0.026798906796045 0.76668166861643 0.991771243047301 0.574335677926341 0.995849312022856 0.702700105998621 0.112713102339349 0.576517081821185 0.317565065414859 0.585163565697814
0.454107305264737 0.0101288064453433 0.996751528902683 0.756340980532844 0.971855399712525 0.204080915834708 0.309380912903362 0.597976366974307 0.559774234191788 0.62107719698735
0.860549297630159 0.928725638962274 0.77944930483837 0.692318754364103 0.999649039025099 0.204666813396888 0.92608018127378 0.552751864884897 0.300657438838018 0.637592744312107
0.0152594741017127 0.0865614994159873 0.959807729445957 0.377869993851731 0.886453052726447 0.168665004709691 0.138513836280237 0.541897489960596 0.0779861824792213 0.536107241994653
0.915861684613634 0.57588086215637 0.989044595801238 0.359423330333641 0.961611673571944 0.264225592366923 0.0753291897117621 0.582258914232806 0.141366350126865 0.693991703564966
0.939204740078163 0.0579977704601347 0.986367113369828 0.464263204169693 0.89416091714254 0.0189468319088818 0.728604304003714 0.542038981141317 0.0547918958525871 0.464105526714039
0.908535723182739 0.650715831479876 0.962018677204103 0.312527153369331 0.971738007275421 0.0505919533065904 0.256705650040191 0.524748283953649 0.0300286232521043 0.394650206532303
0.971298165473819 0.681075153727736 0.951896592313437 0.520646318531145 0.832397038816162 0.0109539791757403 0.169099506386088 0.479554407133 0.0526283429526039 0.31612372165207
0.992307182158596 0.0412104482501104 0.540148687442976 0.494640186822865 0.967465335436078 0.0153798877725121 0.549282973159955 0.517240904514293 0.0768944006821795 0.452303549849463
0.0196454104330956 0.454123025455037 0.997842557398872 0.713728001598731 0.995320208403754 0.119909922939956 0.834876914931481 0.58934901406849 0.100406344920874 0.388935505131044
0.313154946258056 0.103234543297693 0.993030261270608 0.703611533596065 0.991833129201495 0.195149069363719 0.144715504239282 0.563275014422758 0.350782800512534 0.499694154489159
0.627848273964794 0.876512355175919 0.99369614457529 0.724108417500113 0.999747871741653 0.76837759633 0.267845022020658 0.614881130594927 0.197724837773992 0.757710530812493
0.0465387102348901 0.511475893564927 0.739461362125408 0.417203935209466 0.945277499245575 0.0139873719189596 0.0903608264306336 0.512561779284558 0.0981056084766453 0.653631680785721
0.280978099552129 0.980779214218155 0.99971559997323 0.747644866127664 0.994313865402652 0.146199352433104 0.562587535910936 0.607165736505789 0.255275663698377 0.477957570988079
0.0748567281012769 0.869648798073327 0.989139997594756 0.59504060870353 0.929482631059267 0.0431409441812598 0.142205536549513 0.545569817977833 0.119182892168283 0.497359576945162
0.998046398853243 0.981594065814962 0.990750487469949 0.818020412004031 0.999270599814176 0.479130732155009 0.954907521788992 0.581733826372624 0.478454603155143 0.630730378518684
0.0502585672747523 0.709258358391684 0.683971902560623 0.132289629180588 0.836484613482134 0.0238800078181471 0.0200903730617591 0.468939579131668 0.0536775462695335 0.331263242476653
0.985268453219878 0.00165343620850952 0.991407242752563 0.545623023287192 0.946940341115811 0.0190874758000295 0.160652393877954 0.513806515585124 0.0905726776727004 0.363030129324845
0.0692260621771798 0.57958658929328 0.993497395777812 0.551645340381755 0.991773362997296 0.132246090192027 0.628523318520464 0.525718259516537 0.13364459526544 0.609960408036871
0.951660469283402 0.551849011504738 0.99570389636976 0.600143010045394 0.999666980376845 0.20535624966892 0.895179712843745 0.518724492189752 0.129446790734368 0.606863048784225
0.170015132913821 0.774534975458508 0.987958361450355 0.791922570227927 0.987502209420268 0.18648862371021 0.0858855702414074 0.591101505291341 0.240656291011523 0.802945606642514
5.26494393705839e-05 0.0153451250810379 0.974638843124228 0.385835315724166 0.97777698469077 0.0315965463755976 0.0999572765748177 0.513685247794732 0.0981491980029756 0.516082608352638
0.897000208232967 0.918339187256231 0.981319643183408 0.849610737580419 0.997801182707716 0.557562313928055 0.453327414562713 0.64233861697974 0.517290294897009 0.745503207155295
0.759248632773047 0.0646881538345218 0.991293580481799 0.516056234217784 0.984169835392411 0.143305831623265 0.238124232799323 0.562846742952613 0.304140808406157 0.55334682231502
0.203295335381213 0.102189146581238 0.963651732899126 0.365556568824349 0.89739594723695 0.0128646973624834 0.114742403117265 0.531892761945618 0.094219116449669 0.512025457165376
0.00652029883971275 0.291245891490276 0.92989585687944 0.784623999312057 0.999670031375326 0.0923871892978836 0.735579942276926 0.609307304588429 0.535406972620864 0.843287148387567
0.992296372721003 0.349472240014759 0.952937316145693 0.474220924655786 0.937127284456719 0.118847149597905 0.733635784555179 0.514460394377708 0.106805838925837 0.45318685652087
0.935376207983412 0.908672131805437 0.999658154121366 0.736215179134177 0.999275664423865 0.245468661882725 0.382895986411521 0.58908807552126 0.191687096328876 0.69845121866659
0.964733746612741 0.230343982768766 0.890302475451496 0.733716218246809 0.998155097815817 0.146744473673012 0.104868401236967 0.557085199516832 0.17722801141148 0.495124333771437
0.922364679567049 0.264255602208661 0.989696554174797 0.538248183235403 0.941255322050875 0.0646825134630743 0.13397206948247 0.542256419109416 0.20104538889635 0.511438841067395
0.980025381537958 0.980877701862334 0.999768507636159 0.886938986547375 0.999840008053028 0.864025721080728 0.739659932812652 0.655714600405345 0.666042462671714 0.784516883702605
0.948531111949921 0.969623936248187 0.99848520694109 0.685323170699112 0.992567344601082 0.205590569051496 0.0719281392545229 0.576108315728527 0.296494950106503 0.560804670603819
0.677785544093451 0.477962543025888 0.994717738145663 0.662466625045227 0.998465378219402 0.16316245017907 0.336281708799282 0.615533481230532 0.362469187981177 0.49999891406382
0.993000158525211 0.184997281979835 0.995635089440991 0.692913489466462 0.994212517781413 0.168965926814857 0.846359631829057 0.602482145941539 0.364318892601593 0.797707481648522
0.28424483553826 0.436878648921426 0.26832698463609 0.249153638445172 0.66957029039865 0.0340221881133959 0.0303658595458222 0.505630659186894 0.13206093750712 0.194596845611871
0.880657357613023 0.641217321698039 0.978321552618566 0.574500794145329 0.989073212499691 0.168952554750513 0.664759084816416 0.563226704336099 0.0943610589091999 0.594498661949386
0.710404122025285 0.516822508879187 0.707649420700668 0.363773553606676 0.974457941978289 0.0329900743049547 0.0916609911694926 0.513848064721142 0.101066546904038 0.526359034792
0.697748615354397 0.997898997026007 0.853855526208092 0.713966721224857 0.990784420151377 0.256840029247856 0.340171015472486 0.582127092759604 0.273804947722218 0.791734918360121
0.89792944354434 0.187932920538914 0.99838154161469 0.88637064219936 0.999719642737949 0.601417530905324 0.550436761575521 0.613121584450983 0.536981299141037 0.768197937579816
0.974128227469532 0.0132482679176854 0.999125013062798 0.340143684180962 0.875034595569305 0.255845032873406 0.0767548988327203 0.527191679731806 0.0600641928827329 0.343487836670785
0.273439296760043 0.594060034802513 0.781142449982482 0.376623594890058 0.894791792498958 0.00149540458091851 0.260218874504546 0.52343699982594 0.0149342264129297 0.31380882342508
0.0266957441284514 0.0855493464543366 0.964880031903787 0.489968451957456 0.972558614855311 0.209714364809643 0.432202551314886 0.528091742191934 0.0729740828147943 0.366261491698543
0.950062287735057 0.190907710304799 0.966134516127222 0.619406291811601 0.89837479039396 0.195707742708618 0.357149004521457 0.552634343732202 0.161729985805173 0.465196133732145
0.745317993547352 0.00167286654142883 0.825571409174037 0.187855027145357 0.282610644250787 0.00951817628236275 0.0282524723873634 0.467441584882463 0.0381617555912872 0.292907861418666
0.418699711719577 0.00313593759317914 0.0358220155437743 0.207209166435381 0.487990450647883 0.0042834163172683 0.284769607004961 0.483450447021766 0.0246723069700876 0.531365252678622
0.390175398692121 0.0530120995946078 0.989933980465307 0.470463555136428 0.998394989763325 0.0710205379704471 0.0734281905171414 0.547224052618254 0.0337980827333659 0.404994230483057
0.579960219116231 0.0932763625798084 0.959779572775463 0.719113960957521 0.975751978049802 0.204212284159269 0.677892906450879 0.568636030792301 0.164454462458485 0.680797069939251
0.862807134380027 0.0780095957654517 0.755160393576372 0.465134956539931 0.886324891312873 0.0256190580492646 0.279767788332795 0.558241092363861 0.117709125520208 0.491933787106774
0.0208565926738735 0.953802991931887 0.995861884133745 0.602311007579377 0.997723574779255 0.0763624055515087 0.571024152370471 0.531345000970442 0.0911432467737576 0.348464527649626
0.646490380531256 0.0405377229490893 0.928065619799955 0.157699381352823 0.673182363460104 0.0128858946923752 0.0953433712159056 0.507056470335714 0.0721972071025362 0.179436108859097
0.691444265845876 0.787944354401542 0.998759968888533 0.345705151553253 0.990529201553367 0.0236236871727638 0.0856898339612274 0.506978234497948 0.155551469088802 0.529396828131027
0.597732073425527 0.579701924742634 0.996073396635178 0.834827242608302 0.998813778028771 0.360174186999919 0.0770732250190129 0.59262120243318 0.589805452555862 0.427196035821936
0.0182366728892992 0.997871277686861 0.970183339399695 0.596762571753611 0.990669006563741 0.036823440652192 0.466576550121567 0.556252312545911 0.0789777112716889 0.450721898453339
0.0134584767720951 0.256798739385077 0.998405746186914 0.381059874737963 0.897073306850769 0.0181575416328023 0.484591669868097 0.51969227009744 0.065818485000932 0.525340636420746
0.301665583081207 0.000803123323595823 0.976894146906991 0.266000922073525 0.651120886695164 0.0663309565312346 0.0517374966469132 0.488469937181841 0.0410079693977875 0.464450582873868
0.0451017791379746 0.0135102161169091 0.997162789112858 0.314986639876906 0.989543579305353 0.020086310461244 0.139246586885627 0.512197713292489 0.02441564557062 0.360500589136203
0.0906715977980541 0.00084108824388823 0.421156186445754 0.151214175189315 0.81583129941454 0.0369174942140085 0.022628672553601 0.472701299458229 0.0396293880781327 0.491147309652013
0.122528208282912 0.002148436007083 0.769622425214285 0.206514564117748 0.63421770899036 0.0109907032409599 0.120357157707612 0.483556727588316 0.0436483437253812 0.419851988270814
0.848189981098285 0.400866218041806 0.990642917940225 0.472235897537543 0.960505800666646 0.0365210841204406 0.692249444866737 0.556000206972546 0.1840665528886 0.686824229395047
0.997791362809666 0.0145640264366868 0.999939938405981 0.480978045871172 0.89401069574551 0.052939816214937 0.421772050787635 0.520323513120466 0.187877757665435 0.270730167719469
0.674244700962641 0.705476618692473 0.992466654314575 0.317039750972044 0.955539701665514 0.0731130719565997 0.451972232077228 0.519467257906698 0.0860643516470529 0.44424232743673
0.997376843287827 0.272934077751723 0.998921355432678 0.548923351034454 0.992197418209288 0.314808333437017 0.659785162992432 0.556331864467485 0.195073401034187 0.547941236070582
0.177297149332378 0.0257501528044094 0.958625323942359 0.087664211576806 0.0269375631952021 0.00110986750537673 0.0592532676187926 0.425081901634741 0.00623357973893444 0.202992574725768
0.959477157517224 0.833521698593574 0.994246900174283 0.879543816605813 0.998713458344145 0.711967359597173 0.943115174538417 0.617780084029904 0.669311986604705 0.646500922373934
0.0701377477401134 0.00894094212564969 0.15721905621596 0.209898248631873 0.150155443812059 0.00664445173530754 0.178089690132761 0.454091163102874 0.0088949291146695 0.179897421916938
0.981365905217217 0.999964694623972 0.995962046275999 0.85015652644642 0.999851683004873 0.277812769561328 0.359211352334423 0.620446643848057 0.453801044875723 0.627022916321013
0.74057203944243 0.000969764870594612 0.978164041165614 0.10789560354582 0.51035790870296 0.0174135084149162 0.0592441442557186 0.469190930598867 0.0137739704789856 0.155761689730621
0.455248104159617 0.0169330644541253 0.992488686663558 0.265565889848104 0.926556340044864 0.0964344205239959 0.264078876568367 0.503758722736611 0.026590125681636 0.380433142435822
0.0430806825778891 0.600418112695858 0.996178535446024 0.631051257599648 0.999881578740131 0.241957663476013 0.875432439292494 0.585355732678949 0.479674741456717 0.737857928855929
0.615387085329661 0.00276244493686135 0.576607733875795 0.386978052992771 0.73251862350892 0.010061122788192 0.508587254024147 0.501821584247192 0.0389729660144738 0.412026097933898
0.979686888628027 0.271668122958822 0.639261200318494 0.302486279379779 0.997728293290785 0.14032649110749 0.136320638833471 0.538220154654335 0.0583748988913125 0.614616995754585
0.00239232078959836 0.0290005720872573 0.171106821770712 0.25254916398959 0.995715550940417 0.00948408618667151 0.25074053644126 0.452716040736458 0.0519786451427861 0.242007056942353
0.0703086737942586 0.00403553719810166 0.791913537979437 0.52151048696847 0.986602531865863 0.0608862872428876 0.374836651247848 0.549317069718286 0.0679394104970597 0.347577687235077
0.830092559393032 0.931785588294151 0.995472781132557 0.69144937581944 0.999539767742661 0.907225954999069 0.0829503450435327 0.602472706066468 0.69257118765435 0.900295218023274
0.900151330615929 0.959441666152182 0.990608409492649 0.367755796235789 0.993213763727383 0.0535684609811775 0.191305582473904 0.574870531265468 0.0265444635854235 0.475089569081952
0.576471472676885 0.145451477083532 0.920570269536398 0.631591843402739 0.961902060193642 0.118947226154457 0.330306772615074 0.548247994023202 0.363943213106029 0.536224184769683
0.998096386791762 0.696009155746022 0.977731995701207 0.736893760322342 0.996907573391805 0.439696589602022 0.863054447646909 0.588984459610143 0.231098584178783 0.626859850126307
0.764329141417465 0.00390667150163463 0.990154391025037 0.412897200737734 0.935239640420482 0.0048667905778072 0.431938356032882 0.492780453257449 0.0332422549805771 0.587675376781869
0.293864756689897 0.0931552061267164 0.956429310093578 0.27985097519721 0.921227750208257 0.134660264279153 0.0473052815548425 0.53734958601173 0.167273431416183 0.511222721932143
0.612214172142185 0.0569876538492636 0.723430964873916 0.128333017561216 0.996475303238513 0.00734118940748708 0.128984982675481 0.510529875869673 0.205728214679194 0.365326350978908
0.993946985418718 0.00316351352645649 0.998536972794673 0.746546784078051 0.998149787691022 0.26857285813944 0.734551981138327 0.561735033468087 0.482117490773355 0.688598124175382
0.166633303228568 0.0290917317002991 0.667565738602329 0.533628186408221 0.999055529276156 0.0809141420255086 0.0505334635631791 0.515159110833333 0.13540861843731 0.58627393916953
0.99806072408114 0.994433247133473 0.846494075084391 0.81973861743849 0.999802394062558 0.190725993079752 0.719054589350512 0.613501215433135 0.631594913050189 0.600593871619341
0.731741234946376 0.0374265767707236 0.976579675830068 0.405908252718715 0.976754194804647 0.0617243379551602 0.146735924423979 0.553211603587954 0.233898192150228 0.381670373709472
0.0582555309736637 0.0048986864627349 0.116773895568351 0.202172466359592 0.417405392438423 0.00181548497208959 0.321798725604383 0.452976892872405 0.0411294929841665 0.270391690182854
