0.428991000805372 0.197529467465363 0.980686316083998 0.401860719188898 0.981226017577743 0.00733113077162394 0.0938365703873738 0.557570075775515 0.145187973212573 0.614703693207128
0.0371019140780122 0.0039454846558358 0.815651569541559 0.271420592148423 0.426645635772292 0.012172136957205 0.161123961675991 0.473918884164104 0.0109934870726037 0.164687531177715
0.967981122425349 0.13460738649064 0.999208721410189 0.610781346992999 0.998414979574892 0.0830904445989553 0.85096324336802 0.564554305999376 0.156553909446997 0.574935477351258
0.852243485192213 0.648111060996445 0.995560008933255 0.669919416308435 0.997742835687615 0.0272475599498356 0.193114102989223 0.559387005444973 0.20727920172141 0.518734989325718
0.0702818814371456 0.0709532632205738 0.861116861095005 0.45541818017788 0.988990705072851 0.0885991173891245 0.13224725267732 0.50111278705984 0.0883039104167167 0.411100597029226
0.0256750331378571 0.57546440025963 0.730451392829825 0.21263883342556 0.962195598852288 0.0673452840880076 0.0312824509892011 0.546452535546359 0.120075781795973 0.443667876054848
0.971974752866681 0.0631906904424406 0.968012643897764 0.408183346604474 0.264075539777982 0.243733873838445 0.338137922825467 0.524962936434496 0.0726729869435999 0.240268472713333
0.0556712755850073 0.00402324798458037 0.970670645887803 0.285927314601761 0.96597858399444 0.00311253591887481 0.100111195326096 0.493962579133185 0.0507189120419171 0.306494519996348
0.0514474273886332 0.17646743572688 0.224030870606424 0.306501110353301 0.943261396131322 0.0125233744168806 0.0850450215821863 0.497929816856119 0.0115799834789137 0.260489266129476
0.994368202039017 0.805335691466611 0.992813785905198 0.555272675289158 0.907671335150266 0.174003176672161 0.502728338584082 0.562481868381484 0.132178058891526 0.553241525896276
0.75884083683757 0.460185074991985 0.628462165179108 0.588085767298619 0.996031095347632 0.143005147767953 0.605510848140911 0.560931104842072 0.133052889501673 0.590336856227822
0.715925398340398 0.0238986907005895 0.779782919895837 0.248853792679856 0.935726053814113 0.0898690314883525 0.0414503754918938 0.504950945847456 0.0181980179187291 0.401900370771156
0.296392714071434 0.10579122926469 0.997236678096201 0.521156761391051 0.876125967961578 0.0835031138578736 0.158323018962373 0.521799782742671 0.0791132861873119 0.407634370358712
0.211430497758141 0.0718516470537366 0.942931799326838 0.547694455200035 0.955682605851048 0.105643375933127 0.458252554604278 0.512755860644616 0.248415141118914 0.405194652793256
0.964404293818543 0.999476610807822 0.981710114735991 0.713954647644332 0.99779247076101 0.255792083361718 0.246153841107273 0.592677601197112 0.231139700012135 0.727137785230198
0.010595199728606 0.18769540224487 0.784539964130525 0.345043308913689 0.85822936555644 0.0473708920828999 0.307427414312784 0.524536110097855 0.0726717803041857 0.2081959434716
0.0789613897610526 0.500022882200889 0.982096945684486 0.814761184791121 0.997754549231286 0.452137536464072 0.318075810307838 0.603736063766736 0.361376996160865 0.779304708627869
0.889349669190843 0.468777667559416 0.906952973304925 0.732901972605053 0.996199648988287 0.286134577923631 0.180382980722771 0.594146527962152 0.215587261019418 0.507720675322198
0.755943670279978 0.00127640883571668 0.988434438687416 0.186450457537407 0.65231479428293 0.093360907777023 0.234182434983821 0.504637600837137 0.0491757310232682 0.343762515077355
0.744828973091458 0.809778751073393 0.998770525636586 0.638152025042228 0.976719100579854 0.211228600341708 0.32328698338819 0.546480679563344 0.414653519744437 0.706446565500751
0.0199234675259574 0.0179624322258404 0.888032484588273 0.272934769850505 0.369545164464083 0.0149418954265737 0.0450967238883796 0.491009985372533 0.0243369451227332 0.416245964297661
0.86626817984729 0.086439527753491 0.174291379055327 0.314869131859561 0.584272091483078 0.0361632474187835 0.400430541755421 0.501380576012841 0.0520903167860415 0.343131504052102
0.529062556021493 0.0101872722298689 0.642798248945364 0.464387700991394 0.925240418154451 0.0175457366201331 0.091763340181363 0.512794716734782 0.115995529616954 0.411777470280156
0.0160250783949811 0.953434444307286 0.970862832961703 0.435636650198977 0.992252022129351 0.053294719367623 0.057216015307088 0.542505195608882 0.0411986170032442 0.358241922367774
0.92839811010906 0.395386890850753 0.487887300430469 0.344645507862213 0.966744310845186 0.0303942223585615 0.421784940236464 0.523897565303182 0.0758087064759324 0.408540487639399
0.871714874503577 0.293876186512798 0.946631335323134 0.585009957897179 0.968914051464992 0.134745335457167 0.0794826949934268 0.542406348887128 0.0745126961715459 0.542172342318303
0.486167292214747 0.301998900409496 0.853083753820168 0.305743344049003 0.356007795702887 0.0116108515899283 0.0977566701939584 0.498875349725567 0.0228484622392258 0.21923196080052
0.0247039759076809 0.0431292520500789 0.999802242475347 0.773787849741821 0.996954273679061 0.0751783221085412 0.573867805237719 0.589995942504682 0.312071230770847 0.578323823012498
0.0359640890242556 0.110473252425247 0.49446555161069 0.101405960291249 0.832405410934701 0.00292237000618215 0.0697890164138039 0.466454026554844 0.0253118256186155 0.34089686390641
0.664953683126107 0.0032400814646414 0.223750042945601 0.355541537905575 0.940569957745319 0.0879547133101555 0.467541093701353 0.522692292033953 0.115217146214876 0.444074278629787
0.158231146061908 0.588555246458099 0.999330921641765 0.625687400348097 0.994990063416324 0.10536253403133 0.777223806934113 0.553820490615844 0.118644845897532 0.546146611696472
0.995613274112029 0.00546461767027251 0.898711025623875 0.488509026642332 0.985165753280125 0.368661621591214 0.120426068244617 0.529216453973643 0.118538149132615 0.340425731723331
0.364878142649021 0.0457482773127829 0.990899748961815 0.474142142724316 0.99742622773041 0.0520811756264435 0.166536100980652 0.529255955900751 0.163041739735181 0.491626904349827
0.996267991550887 0.0225491858762523 0.711046458087114 0.649774262766299 0.867857390033928 0.187355023417567 0.0945379386242894 0.536776028327339 0.318314945552342 0.553679870970617
0.935077086931371 0.0780823677902127 0.999739561460333 0.337613882102405 0.987640306267605 0.188795016278432 0.468867484401473 0.539788443607834 0.0326785407335104 0.605297356052932
0.0348697951481288 0.269745456568371 0.999230818289945 0.381332237162478 0.762281004789701 0.27379670555758 0.258440569717533 0.531767966200027 0.137857224374489 0.451548754309402
0.958274744384111 0.0194653748389953 0.998838829331784 0.242948094045864 0.989072487611684 0.0326922161997317 0.0511459704388266 0.515074306987906 0.112532425981367 0.488851173988281
0.0697111042353511 0.974256522358274 0.999384175177607 0.797866875595867 0.999977688418944 0.642263745945097 0.197557150442707 0.629707724741173 0.569378177032337 0.733226741229129
0.112531604948278 0.105539704266383 0.520091727167066 0.304077920912973 0.765978660320785 0.0326494298663448 0.167478980797296 0.459799049543863 0.0453704757232201 0.232351833321889
0.0373128513737874 0.26205362923239 0.999547979562709 0.441890051147787 0.985308549128073 0.0656516297747642 0.15933907137298 0.580986125458893 0.166208082027757 0.484784310639941
0.675439950877319 0.0421979684188911 0.85064771425317 0.299053904956713 0.96771174828142 0.031737947534004 0.826140114287899 0.474993256217502 0.0399583281328238 0.265647990960926
0.0828898657773168 0.0615689645227679 0.991401710603281 0.233583817352647 0.969437539487434 0.0401281329478913 0.742012063369564 0.505788268603469 0.059874712131506 0.357423120096412
0.994605348998301 0.987469436390074 0.962700842928564 0.85549788918913 0.9998994911091 0.625246379706658 0.0975056310189321 0.610273536639129 0.608798485188594 0.710079914125099
0.507894099905052 0.0400213344571774 0.211308686669372 0.186832940328496 0.476128376992717 0.00710876119253355 0.0457128376600132 0.477352688839515 0.00877221433035811 0.289075230242499
0.00284647745062432 0.189233623678961 0.950267470547972 0.53360708034174 0.742310232585418 0.0200590207107765 0.0758723044035832 0.520251234958141 0.0521722842234277 0.416662622316784
0.639417241063753 0.149383616884077 0.938180594216458 0.36380597257393 0.989390223681741 0.0260861821734011 0.328808787810172 0.52741753632478 0.0429053757533997 0.37441245628784
0.869044393862979 0.315507674156599 0.997122317692151 0.525467892303223 0.998833292811378 0.104099257682804 0.4803989409833 0.569563959426389 0.0925006990962113 0.400766661566552
0.219160214240529 0.578289672824598 0.971934595796187 0.490193121064117 0.994866634291301 0.106205509061202 0.0505941410435915 0.534959534246853 0.264746383057588 0.413060839055164
0.00226365771480396 0.00342258678419215 0.193696321258753 0.306648623638063 0.683352021686042 0.0184349006754825 0.178959204869029 0.472034408948142 0.0179306268069044 0.182377325720433
0.257403842765731 0.828346859454882 0.96683431933166 0.638950203842415 0.995268450993813 0.11259686660904 0.245176768813152 0.574720208478106 0.0648390130855962 0.577671764453899
0.901333371300155 0.360915814785904 0.907330765464819 0.552249699273727 0.981898905467621 0.215653886574347 0.418107416595992 0.546641364662823 0.255445852292033 0.577143065294253
0.101810153564218 0.053550504863901 0.524826902004233 0.133231856183217 0.903576193486391 0.0254942172086505 0.0180958529915345 0.465135116334108 0.0157822925538152 0.227860948556252
0.935473332395983 0.235528627923312 0.883381839322247 0.452952058315038 0.979645565755653 0.0416107243182559 0.208753171488958 0.518735633294828 0.0955582991869103 0.518402988438854
0.865497524568347 0.962934775773425 0.997489546598886 0.473996880321462 0.960278841573977 0.0241297588240456 0.328339617907404 0.566326292953324 0.482086402522087 0.620718841838178
0.961025851139296 0.704887564001047 0.999160830702323 0.654489109638825 0.996799828246486 0.304945431055533 0.55677152341953 0.556517783322115 0.143703891687326 0.752223976719045
0.935287272819627 0.056140196884954 0.999294730433517 0.274920092498863 0.947517628357044 0.0355641312214399 0.352452459877584 0.545872320977201 0.145103466942895 0.663086255041036
0.648708649075914 0.00346490484159683 0.0711461352935088 0.162205035322598 0.97433354484286 0.00782504379773204 0.372161093298749 0.457066934386937 0.0412308412131948 0.296646837890294
0.450121596519664 0.594311718427453 0.986761970953899 0.475806330694523 0.996363002923289 0.177067852742803 0.530837577284744 0.576659663372341 0.116315881471386 0.649021941327021
0.151498580408825 0.858610650488051 0.989716016077074 0.784212519559856 0.999851036579762 0.342703615965299 0.627512894865429 0.611596772411929 0.457665448179293 0.511665123055215
0.819064459053186 0.602288303178095 0.984353345231058 0.472716099697193 0.99756836365481 0.111030081635067 0.0612451397335354 0.563418862541446 0.232868450087948 0.504529141383614
0.845619570099843 0.138804216769011 0.999822084908365 0.780988548315402 0.988152552789839 0.61519703452502 0.516741903948405 0.557153354368704 0.20119147146615 0.498915850368769
0.998556332558667 0.0864749981139606 0.938708992065726 0.28832485292266 0.98503534210615 0.0757606982415513 0.276093755938974 0.495108909672634 0.0994384392260619 0.447271818719912
0.904587905017319 0.00454626959278867 0.840104647915116 0.52506332631165 0.994125433651638 0.0917658981061139 0.0811408766779102 0.528571099385707 0.0772476555286959 0.51855845357383
0.808160766518947 0.00298191575462236 0.0984124137143615 0.0956305780569131 0.535923270709344 0.00331048688998415 0.284285674151152 0.436203316761596 0.0089431284346118 0.23798442059056
0.251523045031934 0.505028766699328 0.948965349750052 0.439959481871443 0.991620933433301 0.118414103170148 0.378193858374969 0.547083282736439 0.256465484484317 0.355140665407775
0.963315163113057 0.350928713657004 0.995108435384405 0.67657434701837 0.990279788739348 0.092043729739538 0.343188707819069 0.563193985894552 0.16315296567665 0.524778588819486
0.0427247937840825 0.799688895721389 0.897421046697771 0.434143223257264 0.801064401368931 0.00631479938441132 0.0504365806463846 0.503946463920022 0.0234172693636328 0.412598560577426
0.649377901611508 0.41945524937483 0.549183587685784 0.299025085085421 0.871749905967406 0.00654977459326106 0.206126150135651 0.473329988355108 0.0984192904752972 0.442127584750812
0.0905960556160998 0.500242166583115 0.999355579365725 0.602692799560459 0.997110324750924 0.0913953052567417 0.191959273468382 0.534284784265613 0.176162478012163 0.44980544406514
0.990035008317109 0.0175926430669826 0.892226494808381 0.285025293844575 0.944624228079318 0.0614850578851875 0.183770848972382 0.496866405830147 0.180292523729426 0.305638137885851
0.585365095706985 0.186713626296133 0.70911741242586 0.256443749165565 0.770007289786177 0.0061839508469159 0.223149612889985 0.500256887696487 0.0313298564035653 0.368876868662257
0.00717668102134806 0.784088450974612 0.985016959941895 0.340089195833429 0.960037206588017 0.121137271175264 0.0286239127937457 0.532494317801513 0.193426269683425 0.450198878553112
0.108057093868119 0.0914926124665673 0.981740438329659 0.32222794121907 0.985916420495009 0.0473909699553876 0.39453085366743 0.50197912401984 0.0101761800932829 0.4127636812713
0.0319675336298874 0.0752512812230566 0.978948528633207 0.320321904968746 0.981047948818821 0.0049411026644726 0.0230706787057978 0.51645938881176 0.0375315939923493 0.293929164717475
0.946567708142444 0.00983571679882158 0.765127574455449 0.364050126778792 0.916163946633566 0.0126814518642169 0.120831370541493 0.511829732449114 0.0140704424361433 0.497944207011336
0.957364960193705 0.337925570129206 0.999034038653514 0.562718291653319 0.995276284216222 0.257828068741948 0.170656644493085 0.581366680564558 0.0926780870796533 0.264997228495282
0.191120864928238 0.851347294438919 0.994066915915366 0.410577808074404 0.987865584773726 0.0625192291293347 0.471856750305819 0.558061590496214 0.202163933257178 0.456807825242678
0.99043574994525 0.0526884058997732 0.971478111508591 0.334295333056669 0.861063819629415 0.0426003690218932 0.657722911579874 0.549210860508235 0.119476114060532 0.524963748801684
0.341853016879518 0.186882644089284 0.998933737441766 0.813062300255126 0.993688898314407 0.160565444218547 0.326868473377394 0.560386199063463 0.214561782376862 0.541502616517399
0.931413487600109 0.17676408210212 0.987152806714237 0.335393276171535 0.984680619064985 0.14838212896779 0.0640103723897538 0.520146481508517 0.10960909218963 0.37788118004214
0.441788140835477 0.987575644535753 0.292744571595201 0.27021679040034 0.331269893793376 0.01519127350236 0.205249497028453 0.459222168729675 0.0273238577067193 0.269686323879238
0.067488485937384 0.0482484426772784 0.958717785125811 0.779993171629755 0.989439640262351 0.047956996061328 0.289631909851918 0.572392993312821 0.385837323952832 0.471778325206859
0.171944972758317 0.490117457951695 0.998332505622604 0.596076532915497 0.994875509376701 0.24499657668976 0.314665625459634 0.543577280717405 0.146090552894249 0.628193982393338
0.00184356785233867 0.506419893046884 0.870297962856862 0.493847201591369 0.744618294112471 0.0823714445879053 0.359982601600335 0.493626126269016 0.0208836096879702 0.249729748982343
0.312430158435795 0.35777738342266 0.963425221509146 0.457138719879177 0.999432283375295 0.10064017920805 0.322373896967924 0.536141942353407 0.228734477842742 0.618167816574283
0.913204170714794 0.926804824630164 0.997831587322105 0.901839439264988 0.999788082257818 0.275712965551286 0.714129037231464 0.598398980082515 0.483651673149732 0.553723331929381
0.988141818854279 0.985505032612917 0.985161141406043 0.820292942377881 0.999757073191012 0.511706754779497 0.77120540789241 0.582334107986439 0.336647779640775 0.279671070400179
0.394188552757681 0.883673137847784 0.977755040185215 0.63412363640311 0.998870701932239 0.095610844904293 0.0517664401663469 0.527392091094487 0.24994873128365 0.614532211998375
0.927509311678785 0.978697607537281 0.9999732760654 0.773960520372233 0.998992281372247 0.354239533742476 0.617403356679462 0.61360275030652 0.485770890111232 0.62512926644197
0.839126163076669 0.995477062797395 0.99995541953922 0.908507545590614 0.999910170734443 0.663558587943361 0.709042337404742 0.613732798630771 0.611738817824663 0.740117155515328
0.525829683342573 0.00854743023526717 0.115888194930911 0.456579116714957 0.646303959773173 0.0129967864487383 0.215174064407537 0.515747707114731 0.112928750979121 0.608609336834996
0.0631013633079863 0.243787952312283 0.029532430619187 0.309607533188163 0.753244244854384 0.00609806930236095 0.134719540186414 0.463233470468188 0.0314909445845283 0.2849530875482
0.463683325495796 0.972111049799512 0.938000852109995 0.711219145986087 0.99980096623763 0.351451425306506 0.258828029775343 0.562227538369784 0.341454012886221 0.607656836760355
0.00678284508032382 0.0478858273365098 0.411247882838372 0.10298774109754 0.0514832171090033 0.000482202948748736 0.036337505947814 0.411752256750799 0.00494388305809334 0.375856707887534
0.608800532338142 0.0399016038320535 0.551867180030215 0.364489032624459 0.957638130473953 0.0356880918421536 0.603217389198136 0.525361581201627 0.0985957892664648 0.236633241792441
0.250236025268397 0.00152592446109743 0.99811068317856 0.791002921207846 0.999711571662687 0.344808127219136 0.747021521386159 0.590170698885992 0.491309829000084 0.61898246214062
0.993339564282386 0.00633133386369994 0.853580622577215 0.664221307029294 0.941760835422366 0.026707526635342 0.885935797449934 0.537436079899335 0.110858873349965 0.422588269040732
0.999008441064857 0.952050030009622 0.884154397472276 0.315687684974422 0.995885309240676 0.0581662368508145 0.123815887738689 0.546336455061709 0.29656799479343 0.596698077216476
0.953153435173889 0.00245432371534316 0.709133601000861 0.663603681691017 0.98667711943407 0.0157504104566157 0.106432495157823 0.527882228633281 0.0881989676270887 0.435020103803774
0.954617089701487 0.492688066136369 0.559971994286215 0.651669778065421 0.988354641980562 0.218538714011653 0.783545026753663 0.491118542467674 0.098797685466946 0.435124027640673
0.158596022038691 0.644394093345321 0.999057123710643 0.38291491393022 0.998279610065654 0.0169749224092841 0.290236466217842 0.533024414748811 0.0959086332669573 0.667334195328566
0.989304754349076 0.184501136786878 0.52504734256007 0.618483800263164 0.993326149533097 0.169909875340561 0.41886791516692 0.549453051805986 0.127927208219518 0.548332602854214
0.276122148094033 0.803381565857587 0.505285422796561 0.496564750029617 0.944102381730629 0.269656434590441 0.499824980970135 0.537401871490365 0.137174847339228 0.629050610252529
0.569350322981408 7.08057481520597e-05 0.751721734877329 0.286409708944241 0.921263209995791 0.0167742472319642 0.561826313294748 0.526310099499562 0.0465584540419124 0.490887602925173
0.195320777685515 0.407335024697565 0.971885003428269 0.622055967197999 0.952828402830693 0.0353085492803373 0.0547916116372197 0.489660634388323 0.122649847445588 0.246759229189371
0.755981600137098 0.408782053553855 0.969376945984517 0.316318319093783 0.961899679099611 0.0551515321141674 0.156818550095914 0.504213172531458 0.028830858872297 0.462793366993709
0.929614928156686 0.937451392671405 0.933003128478442 0.715983508274453 0.995834960645312 0.622284327980916 0.528122660299378 0.603222539509888 0.52361470694204 0.54966788404064
0.427444093340185 0.00253970535080377 0.999576962343795 0.537188556835018 0.994716996106458 0.0571236770916131 0.199215473124972 0.561227684493728 0.050387693122363 0.501706114351838
0.0782584949423553 0.97648887330136 0.995459732044965 0.727713278370364 0.98585221350295 0.40529599493052 0.435301375435788 0.585211643171262 0.598634879664346 0.704375981958561
0.0453746822904336 0.00517739439436674 0.672978953883851 0.380741006537115 0.778613685209463 0.017502004919071 0.225829469943579 0.443165193179134 0.0903540578175687 0.439386670947852
0.986392038614097 0.926306770477118 0.984145236014483 0.515840612612241 0.999793568930523 0.181734566913945 0.597175158078916 0.572133788968676 0.180288563725946 0.700294718299335
0.939475889622061 0.832589798404386 0.109476149443219 0.436723280131457 0.957650912499976 0.0512224271033628 0.0864978534777622 0.479742705949027 0.0476138011244776 0.221522617392381
0.996901847412549 0.975863672026071 0.980970782463685 0.661752041365928 0.982303159442407 0.0660633291177893 0.203918911527652 0.540194166202022 0.0524742900095098 0.402890743639696
0.720519354720062 0.0235904466356754 0.995617206862855 0.582365914393143 0.987048658926904 0.116058872277586 0.639952493575963 0.528803091815767 0.0790258008482245 0.287395757970284
0.00530749608548002 0.0390251970796506 0.484800429303635 0.184949456442374 0.596494452727922 0.00440104456967122 0.00580729637298653 0.476929713341766 0.0124782429146239 0.379894418942009
0.345693488717012 0.759706470831022 0.855591773944614 0.708683587742875 0.99751300643083 0.175436308710035 0.565359274724338 0.577839422490322 0.21864105513325 0.569631317564319
0.0259359764800706 0.00418366492315151 0.971924100586238 0.249926353656853 0.261941935224449 0.023406115252794 0.180657896638955 0.473744372240711 0.0252957854261653 0.263431714147766
0.61057350388952 0.700695280004479 0.999392099010293 0.786290202204275 0.998504672362901 0.489230916971994 0.639561476311087 0.596616893632952 0.269764368994779 0.739122821149915
0.922908073954271 0.00421293463915561 0.909813297076966 0.214319296837894 0.236285879861609 0.00396174154593444 0.154640695566226 0.435312910843032 0.04843283125213 0.513574413456357
0.993300531410883 0.508631641366276 0.999737924644778 0.717334426727802 0.912602875185072 0.194520142639563 0.795608177988197 0.569539047599277 0.404386822534659 0.395443582200744
0.0588982561352802 0.012417425481191 0.986828931724724 0.332075813807578 0.607966137192352 0.011624492040261 0.367018763331517 0.513264015185997 0.0474868488265705 0.337383809262507
0.0480467939097578 0.0337672871626855 0.977299328444938 0.47091943626725 0.995657350572147 0.0458331612898252 0.741301963799828 0.528476917620181 0.0974728262809852 0.589179005429174
0.894097122764537 0.0391172251372097 0.80342969117325 0.45268431249361 0.971356151643121 0.118189131843731 0.319161853882857 0.492642793619848 0.0366202562188389 0.59485268974407
0.909520229848624 0.928122330746721 0.999229829163575 0.796558972100662 0.999602595087528 0.269239834767108 0.51016109836473 0.572617725802246 0.362196743789563 0.550192631380639
0.123376375051533 0.775643266278281 0.371265071439486 0.602788469114733 0.99807908718845 0.215741302866779 0.353224323796453 0.564933794934107 0.0454015174468988 0.675874219439016
0.00952145034047148 0.00295042848994502 0.60863316320138 0.105990319254904 0.362668593121407 0.0103029796452101 0.0575680458886581 0.505059476854946 0.0297494412058071 0.297994547416281
0.919173485798606 0.0025452249651536 0.957841012674795 0.642380307618476 0.994908321338696 0.157774731036289 0.171838793887757 0.587730417367696 0.0650312789608661 0.769208355253975
0.994334863965196 0.998368671504187 0.999819169814078 0.834597458877515 0.999731688252722 0.33658741451467 0.452906386559582 0.571180404779748 0.277031755904664 0.549538624774621
0.555056979652964 0.00153641413760961 0.90512853829827 0.325961443970768 0.912596214601213 0.0538396802157335 0.508839682621256 0.502847909180654 0.083056744075378 0.391687591399125
0.75133339936355 0.472484659510458 0.999618894579032 0.369378849493994 0.992368786539038 0.0197284831281231 0.86006656407181 0.552622901938145 0.111375249325438 0.630068967682544
0.449912128825491 0.982432960167578 0.998825030379726 0.857663033115829 0.990744422516134 0.804634089401571 0.47859333425506 0.585040443062102 0.301904070070756 0.564854849555828
0.076919271450201 0.259184805208186 0.354995902188966 0.450100733013952 0.728122306206181 0.0397060102242819 0.124450652942987 0.550681314008456 0.0710025620042916 0.459937999485671
0.163268913622786 0.0290997553384276 0.981690541567306 0.598324699052784 0.897324211797314 0.273520786949495 0.272909738196307 0.55249304020562 0.087353625787226 0.51837949724632
0.00507194617355549 0.19455159412194 0.719275110622802 0.191580977364221 0.976021836892883 0.00850518579523705 0.119598614864011 0.48840022820801 0.053478145148564 0.401390640017505
0.279572881153514 0.994713921620952 0.930443876685939 0.449749800625015 0.991419243046563 0.160975234731725 0.107900255828336 0.559401412217943 0.0940005722420768 0.569520473601657
0.108568400188616 0.91183338042844 0.955332171229884 0.598721182386138 0.963206413326627 0.191492943884145 0.240394937599099 0.538172127801286 0.152469397607379 0.422271577470229
0.309486526413699 0.866618959651613 0.953146154956048 0.212384644191964 0.927697012711221 0.056499865605457 0.151252548155925 0.479990481895088 0.0677011984817252 0.422287983080969
0.874687562151034 0.644625221709893 0.996601011765682 0.855002280076016 0.999423361070251 0.611807804807469 0.744225567661561 0.583868418851482 0.341545613717195 0.606724086646932
0.13276836534067 0.00679201343149987 0.321819495341866 0.322578849574537 0.518788820701888 0.0110436335350197 0.047940415145436 0.51400889060225 0.0290460195714989 0.391637086928569
0.650770930437427 0.168098366012225 0.945982325741383 0.393191525398576 0.978703406771655 0.120592419421281 0.749774750928551 0.548312727628076 0.108838610535824 0.583393483792591
0.0847861078334774 0.00142445571087818 0.664091110747204 0.430269976686267 0.437185231984282 0.00456872627465228 0.193521689692069 0.492691451726182 0.0403913291629312 0.401647329741043
0.468645331941213 0.991220219793365 0.963241581317254 0.623867593950223 0.99984543110342 0.396434313953813 0.741097514022295 0.565585337788673 0.162516912308868 0.736808687081923
0.940512047051446 0.951960387852167 0.995972686051503 0.889624166256012 0.999393390817304 0.850878046615442 0.272202998368672 0.592831589900569 0.687908154420674 0.83004606672571
0.992191359010858 0.7901295860858 0.999407129026468 0.733627121099289 0.999171829673429 0.544497213988965 0.249014541843189 0.579380681994135 0.553576149136422 0.618435064350724
0.999412855185559 0.65937860530727 0.999352593177418 0.805756926570993 0.986860743526342 0.572226697672903 0.282448460542379 0.663404164032073 0.17888710551451 0.637360658122896
0.544983911066092 0.426524979806478 0.869655546590199 0.507563741745805 0.911423841130938 0.0377028322625282 0.279601391007519 0.529369549208623 0.0959656133928559 0.341670287532966
0.295213271016167 0.281177122858276 0.171419693565595 0.21459405144514 0.230931323370252 0.00474335372103143 0.0295588942137843 0.485047127689195 0.0114206602496713 0.311784838091152
0.0166762670440541 0.727704488736037 0.690126145398586 0.243113700250891 0.985778489506784 0.0405856189060064 0.388100349362574 0.513963233232359 0.0712707108145661 0.465120368394896
0.590345763495505 0.381890158111902 0.99978472779391 0.71193255178842 0.997288934997508 0.135808178790584 0.305538801821201 0.570895682715069 0.310153865629854 0.652026833294244
0.253892049070024 0.499791507382346 0.980752254436293 0.729048076914012 0.979316333678096 0.0676084544917244 0.35592477537293 0.548721799467118 0.14223599397324 0.514744416836355
0.852329837772982 0.57621797582145 0.510712115778224 0.543483087405266 0.944373611483594 0.287999396467393 0.11040328793714 0.53370910476394 0.0626577957448002 0.571287040367652
0.62847574146702 0.308051744583491 0.922669941481132 0.343418444879317 0.975992613546193 0.148923779721303 0.226002770182811 0.510089828520007 0.0964274915970756 0.456900068488611
0.891812253764365 0.767597715865028 0.969603481974 0.554815913131006 0.998171454128169 0.151196210328719 0.747552915401915 0.52776547735375 0.127728393853728 0.596398129365326
0.0624167441969041 0.838295681720153 0.670032866961135 0.658644516938854 0.999608434455399 0.364347012212921 0.851101210520997 0.560890051373443 0.250806687642066 0.399368192879172
0.417207077808109 0.790932130480827 0.923180639861149 0.714784057762526 0.998471400671721 0.114345081329405 0.686287076403765 0.610164477643449 0.40111923039835 0.534447127909142
0.976097108276831 0.0185934207317523 0.999014772176109 0.61470359515456 0.992307576078364 0.582108368723923 0.820747406465049 0.576421362800288 0.341637588421046 0.693819762988676
0.108627225240315 0.0318630628322736 0.465327879391934 0.540926710045602 0.946435583329608 0.031685493891785 0.0438617780481518 0.506145993553822 0.0635430350208765 0.472425213708291
0.125663674485796 0.00570838072323022 0.911348574112745 0.234374737739301 0.778245325299226 0.0189861117382393 0.0580705184423727 0.498326317998331 0.0139732244790083 0.347053552143336
0.0483904071986195 0.50913672262126 0.998631588041078 0.251029515315643 0.981112232881915 0.00812621643237507 0.253948783248835 0.522093215185052 0.0546957796059643 0.281111182136692
0.745770977444185 0.414769637568559 0.61148660530926 0.475789721060473 0.922049696948558 0.108055872460757 0.61972087992858 0.527477687340371 0.0243924100199707 0.400786484438724
0.969634838699142 0.0307213399045782 0.82853595863818 0.299078087999384 0.953532772223333 0.115854441872005 0.528522457346907 0.550566085496401 0.173771693217961 0.564374496290198
0.967032301481617 0.422673622282361 0.927674416424428 0.44003807569855 0.615333434220435 0.0698977637676808 0.0984549318312609 0.5028002266286 0.032739680923341 0.509739547560937
0.836151247702124 0.0156956865995064 0.958473270855214 0.375478772745001 0.912074209373217 0.0631912799996702 0.100910752380958 0.494295637009325 0.165681215075992 0.630136896978491
0.0290033022743689 0.596386284138265 0.278390085592559 0.154401330774981 0.384936129477233 0.00202093035891334 0.0135414230549388 0.495190967171284 0.0170670816453729 0.387711225870518
0.0662281605368558 0.155805754466949 0.230761260247334 0.369795550325022 0.916904109812671 0.0362861722525206 0.604991603594368 0.511501992647585 0.0352548608491101 0.647371042195472
0.849530111201031 0.140419909195602 0.881764667424221 0.576631588570942 0.99973187443773 0.319512824074281 0.951897952764655 0.555418174195846 0.387284641571822 0.459375755799005
0.269760110003627 0.00128912124390385 0.966626949302332 0.0846986561613273 0.890235682894117 0.00210534981566244 0.115965039320317 0.481870248153178 0.0292517034445144 0.361094171621563
0.171147914526907 0.00686124896684563 0.306791699546421 0.308078390162809 0.982515222832897 0.070999293578094 0.0873083663132516 0.528818052386236 0.0986547145451013 0.398943201646472
0.00998748631162357 0.568055611938473 0.207251687154601 0.552581914169909 0.943684336455816 0.0537307463264739 0.267282502239302 0.548391212611432 0.117654295610712 0.531118427369953
0.877674830410831 0.244702166437893 0.998935496611552 0.533556294120624 0.926573180005882 0.133133150065811 0.277737081856944 0.534822728966759 0.164752169123331 0.490015485003592
0.000913917556529915 0.267802064503736 0.958079279567969 0.219245178752654 0.273173187323771 0.0132019576734013 0.173642728301242 0.497460781929166 0.012507395230091 0.29406592527402
0.0495020686438805 0.0208039947135804 0.0276360587090887 0.161583110575249 0.94025222491597 0.010596278088338 0.0656006099160377 0.491181929872937 0.0411334790558143 0.375255817815189
0.704823412884172 0.157885394186474 0.99901568667926 0.608793487164281 0.999083298512557 0.196961197492037 0.404943954975627 0.560245672547871 0.161936608304421 0.593106664597467
0.0194793773854187 0.0118653380443135 0.95172952827152 0.324805827474007 0.947417340670019 0.0128873902907374 0.125404763160874 0.462829923835281 0.0326440922791833 0.182533409662393
0.825835940277924 0.2837543675763 0.982038657814341 0.815044029504239 0.995157488197419 0.390209140389933 0.834833043303325 0.568842450274422 0.41757459476436 0.5624715723593
0.168749683478016 0.0258803041163153 0.522669301020607 0.240635746252349 0.723530172493522 0.0685659466499282 0.0370524471200782 0.472056530693896 0.0210905183747934 0.353257768092298
0.199694230380263 0.00104649916489763 0.978447432696578 0.322057648863019 0.791470234508532 0.0171661980356424 0.184302885303355 0.483456514423544 0.0956088071472325 0.412969303808244
0.536450341214808 0.0730980925331472 0.990225330275726 0.34951051719764 0.297236427566756 0.0626565649251469 0.153204450834809 0.521032879544363 0.162808452396214 0.478142632750437
0.951084201575583 0.590313031943214 0.899214938937891 0.650292940981492 0.993815324898997 0.338624284932489 0.847802907491683 0.555631185402279 0.272961811258826 0.753329455135719
0.994326997495438 0.377090233246444 0.988778654972238 0.386015620809561 0.879904680266431 0.0784435813476338 0.726664978897636 0.559804738533323 0.262849853876848 0.442672979353636
0.989225984421077 0.274760645905679 0.995023224716187 0.73800553694015 0.99752008673844 0.251619672429736 0.0609249968137493 0.572510453882228 0.20634305789461 0.510467706782055
0.933618328081691 0.09029289339614 0.991639131964627 0.714903455805732 0.998055351388076 0.585951362827314 0.470933900719059 0.572649763403838 0.23490884302188 0.571558961538583
0.027476740983569 0.135567163862971 0.733044762535883 0.35779558839356 0.749840970468797 0.0395367716476048 0.0169376326905153 0.517220384165108 0.102355457048812 0.143162665691686
0.29643743963805 0.354792048400431 0.837649982734621 0.326843645579702 0.999136835676614 0.00721245798947725 0.113200204080681 0.495642683912364 0.0343320828408183 0.347570109083449
0.891317000120657 0.00136416193216839 0.839562939546708 0.305936472311459 0.647654392280524 0.0622480590506184 0.0290237509948793 0.534594348349816 0.0851674471780124 0.438869360668698
0.567737215194599 0.382961851879999 0.882218264271687 0.43386314906722 0.996293751715864 0.141443301357124 0.288464669153911 0.539586000360563 0.188474143771742 0.640553334298664
0.156337198310174 0.229306178950693 0.944788624373992 0.361713319251652 0.89134949331611 0.210641075900711 0.0909801838431205 0.499346721962284 0.162774891046322 0.405703064236872
0.989923949801117 0.981646723994031 0.818118908003138 0.648635497460857 0.999929627570034 0.765039380303758 0.298778164202695 0.573076284892045 0.333359123091135 0.692919990548798
0.333230662589881 0.0325548343258733 0.999488548086361 0.596216648232398 0.991070535500252 0.100568019668394 0.22043978032062 0.513462600563391 0.153622112076944 0.423435399706835
0.0310261254462679 0.0784859021163165 0.973488556902355 0.240553448397205 0.895794404229684 0.0126771912522985 0.0607260276411575 0.474048842682633 0.0607027537478531 0.568443204018082
0.00993528128131138 0.00135218980891383 0.941168620297393 0.119915714503279 0.896169252054358 0.00736394276456715 0.00379391479819341 0.463302192959458 0.00892690490730028 0.352363148470073
0.173362842206366 0.000870203172815149 0.824815272908349 0.125386383170901 0.248046846584457 0.00507006298304074 0.0812717454912168 0.452003525119343 0.00685182890091649 0.185772026482127
0.694327002349502 0.0502872475703265 0.816170707953491 0.336454566531919 0.684838271205736 0.0473832388503034 0.0978167733721689 0.512443810808779 0.0800813403817736 0.311365328487424
0.75514482875329 0.168897802373091 0.976245534183088 0.719143593551834 0.988658081694267 0.489947760999151 0.0768428234023495 0.603478879296343 0.223124712258489 0.54409562867242
0.933508330396147 0.3354354605694 0.945641772664004 0.509627111090924 0.997723693893355 0.142391475418359 0.308411255336505 0.566839672922799 0.241271921251335 0.395951802227716
0.842443182207698 0.0465531073060626 0.989936487526688 0.550658673683291 0.977935872957098 0.246060207038699 0.358430810319184 0.557522627226282 0.333039848889984 0.660013088597623
0.660622724504162 0.972571175387633 0.865521039157552 0.64894020240874 0.986182708866359 0.307852007543436 0.268546520839194 0.540253995315592 0.390374385744436 0.634463917211824
0.6450749769087 0.0440705306626441 0.985142552071333 0.330915665623411 0.989301331814183 0.104402666939303 0.214552283360172 0.5053518425823 0.0504622375324188 0.375183421685752
0.0277881448689459 0.0235387943444422 0.997094599870216 0.28480706435402 0.866569919072409 0.0262317189860598 0.0933273272143666 0.489725349333808 0.0655881874883368 0.340947868181269
0.407163784586369 0.105062526862148 0.914752469820259 0.295307710747234 0.942287189725963 0.00829786251047891 0.280426051830502 0.454549589153565 0.0505196236011924 0.213004264369871
0.0152386258634004 0.000536858588632479 0.901074970076934 0.0863160414070271 0.0859743859359272 0.00125177053871564 0.0204837227512974 0.404060078369684 0.014649115333537 0.257497680913651
0.16778986990913 0.493294361090708 0.993399592531538 0.532175850251973 0.992068320925876 0.0836517645707609 0.369634389553407 0.5706964681495 0.119203050981263 0.448372634662883
0.976934994878727 0.0539643888769673 0.94067794106587 0.151174044140131 0.982364847496766 0.0158206653155905 0.214028675694461 0.496388236542207 0.0693367832698101 0.484853904113133
0.961557316394757 0.361021077946505 0.977964071912055 0.347310725671565 0.974827810402614 0.0192231489996275 0.0182635524785297 0.522021274988666 0.0529430942042463 0.561412416559665
0.520245424283559 0.923641245222162 0.982206031356438 0.751586987945071 0.99695292288618 0.374977061405738 0.828489344228856 0.58122375445863 0.133550231316656 0.602100090029093
0.326392760749186 0.976397380404223 0.932742615525975 0.706018732732625 0.999589542553039 0.216404094251367 0.558556022549127 0.583942058328424 0.593396485296997 0.694097245071867
0.660396875964468 0.346313829104715 0.999942636696533 0.368240164848475 0.969172613583259 0.145597491536283 0.636798105880156 0.534996211001714 0.0254012551193215 0.382590272201303
0.118233368441623 0.0368272979416491 0.802974753064974 0.280509578565894 0.803011477017619 0.00403287449511979 0.153173309769912 0.496513833435621 0.0536916226597469 0.480550627942994
0.835823847684804 0.579806875265088 0.931153557449364 0.695360544263602 0.996508807473713 0.0801327494880126 0.404467431625792 0.54417747931932 0.221907250949662 0.352005530305402
0.99576812454879 0.809659897001772 0.9993510203813 0.623741061016348 0.962208125717288 0.259663719748375 0.885672385145285 0.560413808280223 0.277166687862411 0.660148939236571
0.0153829195157182 0.00193350824022963 0.144321967860536 0.0362521631304747 0.0122666355362187 0.000450906209715123 0.00639755544749229 0.418087998206245 0.00335833468367587 0.139489630011504
0.58799609708038 0.542983354334298 0.967396671387411 0.507179761078135 0.935965880000523 0.0798951510507854 0.213930540689455 0.517269215377915 0.0899753679077211 0.460670867528938
0.992844582556746 0.593519783840729 0.914849544118222 0.32203470166778 0.908251861321047 0.00789414865051486 0.052250935365715 0.472967435659586 0.0660621726738942 0.333325472446409
0.412912678197529 0.0159208321040521 0.831837986457788 0.268540854392933 0.73582232316059 0.0682883290079756 0.0816711864029815 0.481095490804192 0.0250352328273379 0.349908464216204
0.0369289059841894 0.0888766357819449 0.353547558784152 0.444643959608853 0.992865677506514 0.0230845929369339 0.0367727280923036 0.507112307900049 0.166941452877858 0.298593722374892
0.03261257014186 0.0177886826854414 0.750343277871845 0.214409388145263 0.956812049909568 0.0610535322026662 0.00716386555026462 0.532043567177748 0.11445104912071 0.498754945407645
0.675351778600049 0.955988953192332 0.990457761476324 0.673796993245606 0.99989641559435 0.120222197246985 0.289810143884994 0.601838736831029 0.437043636752018 0.658259105943581
0.849542456660793 0.1672052231588 0.744705406653094 0.207242255115284 0.562695842997999 0.00975305760942328 0.161311509631739 0.443608866856681 0.0104053191463202 0.495625994026171
0.954358243883654 0.0303685419543266 0.823967205290374 0.203138932762248 0.943048482387206 0.0283033181261398 0.0346530540249429 0.500707868640887 0.0196577635453586 0.232951005105161
0.45100228109559 0.2871275484782 0.840438400451602 0.634000016188035 0.993397045362784 0.0726884644281348 0.134179728840957 0.499607036889858 0.101339396576349 0.385367214185089
0.0589032269602597 0.00050920809910012 0.989541963462606 0.487436683073209 0.996057844262783 0.41794338218044 0.0670054293365721 0.525804033273264 0.0700992334922236 0.480921571699392
0.986805701966085 0.831286280676391 0.206605657288812 0.480677556164906 0.933567144722868 0.064174447552129 0.725210178139908 0.504971095470912 0.0409040546875215 0.355893609306886
0.0264432100776536 0.00855998951733988 0.922183871018456 0.107748511342949 0.162445470415463 0.0046900508229536 0.0324476988323102 0.446464814870578 0.0187760352425071 0.193846080447047
0.34106453718445 0.693326103787261 0.985696295688726 0.101851155269107 0.44163057866691 0.0117033617496414 0.0103628872750756 0.487496215809681 0.015715500807 0.21344255064597
0.959283733367049 0.446495404892239 0.670505983767466 0.329975791758296 0.819495035524541 0.0127875799821612 0.062030808888026 0.533118837035485 0.113640654633472 0.391502190968164
0.784570234843578 0.199885203274902 0.991262096520253 0.350945231287589 0.950289539483926 0.0315956406775536 0.0726153764322963 0.536826084598896 0.20303684148124 0.288959753585245
0.870360800769404 0.0567534057852069 0.262777756542802 0.254815449720898 0.979396689769771 0.12953330310421 0.764914574886822 0.52214233906165 0.0677548266526383 0.370679416885892
0.981409911001557 0.997256330364083 0.999808695489284 0.796487269127534 0.998972551949662 0.25576178158783 0.339578850721288 0.596682568326449 0.290286523453452 0.735408412813601
0.865070088005467 0.110151746494583 0.091437829943804 0.357819977742328 0.935600739349381 0.217234344924431 0.681444611492189 0.522572752462404 0.0456685049916681 0.43154509900869
0.552951251401107 0.0191487846773496 0.999104431458699 0.274775736811129 0.700675616766275 0.0177450721753013 0.237840132978778 0.471524753874121 0.0151685541140737 0.258507844136327
0.993257131870149 0.981284395299374 0.945379575477826 0.647470673876285 0.999817160262027 0.136791906879729 0.179371907871249 0.591833322643392 0.204700590726037 0.596687424547287
0.150031265257228 0.00234299375647816 0.566434377944345 0.0696811554477835 0.0231915524470634 0.00268351604636288 0.0143185102736643 0.42433318575951 0.00693354440951513 0.396394030111285
0.458770233929015 0.422134230782731 0.929397959931892 0.80202545020862 0.999531853416495 0.255949256370339 0.508853208940972 0.572159854681862 0.283987146788721 0.549408756798986
0.839525771902659 0.985461012778694 0.985135002404767 0.675224883893367 0.998961086116196 0.0642072279159164 0.950928650098981 0.580156625837678 0.0649032731184689 0.606266823591018
0.684681296688199 0.754250873800572 0.992099802087707 0.517696465150875 0.998996696705417 0.0596355574731237 0.0820526643763492 0.569367291575806 0.180886814668123 0.50160096142059
0.967791553398923 0.0021419786798734 0.32813995482322 0.21297028510136 0.564512035065385 0.0202563345663565 0.41706525478101 0.511744301469469 0.0549711374829243 0.362632226768019
0.334409137381241 0.00311109680530855 0.918360569072041 0.229429319692437 0.963518589633285 0.0576651244684283 0.0249201654157084 0.525093315065167 0.0394097345975873 0.269646387204376
0.958307895511008 0.275192687073988 0.921230952785822 0.583974053381444 0.979525541262637 0.0660864379877572 0.173171063165136 0.559357417399313 0.188697617216831 0.493862177345959
0.13020735691615 0.923192446831581 0.999901369551863 0.930771338985413 0.99994787400562 0.859849355985086 0.854711623961981 0.639291042663535 0.778667727726454 0.754381319788504
0.934559701473951 0.0565354083773299 0.853498393593037 0.758363840022337 0.996831138662593 0.514734635058906 0.600106610621039 0.623671063933743 0.702214142585675 0.664359994330227
0.944872183325329 0.996428895483043 0.999879556396869 0.898421605388512 0.999991292204276 0.74152168372091 0.903493937929312 0.636680014760179 0.480629746210038 0.78589883544041
0.664902959109736 0.0066603855594357 0.924034909547887 0.229776857704879 0.608098876698324 0.00420131574094847 0.204666916196837 0.481917415455891 0.0352389566418826 0.321926557783429
0.0528010902230025 0.123039977795804 0.960138851471661 0.661246813696908 0.996609482593546 0.0362454406813539 0.717374686432969 0.53234569409044 0.15930876232649 0.520174259547076
0.965671167289162 0.935401439629767 0.647845759416585 0.256720211379578 0.998453262141172 0.0750322896548982 0.0205700428045541 0.55994526277434 0.26773496207479 0.384535551982325
0.00723322593942755 6.32856169305548e-05 0.18554722978142 0.0447142759016589 0.1021828281882 0.00167270274417314 0.0213888986580739 0.399248788555454 0.00470781801566802 0.352864506924047
0.22492221295325 0.00421868973062681 0.939415219604311 0.353142347063882 0.88631154818409 0.00303760344498789 0.0609693614012808 0.489051963883292 0.025268148376593 0.240192669102844
0.810565723519282 0.980285666533741 0.837224444905026 0.575611487195406 0.999823885586505 0.194288867353263 0.233609010621667 0.557883049781112 0.413431719130817 0.558101001585194
0.991631256755552 0.985997286062715 0.837734989499895 0.732744054582884 0.99526676668585 0.284247027114414 0.406642166907542 0.576449377316157 0.167592616427348 0.76954965403183
0.0883837446069244 0.0163414239693214 0.596622168492044 0.328614964414175 0.890734353543008 0.0043521026717366 0.232869879161433 0.529472878992315 0.0368470852546775 0.452260995935229
0.992001716032836 0.0107925831169974 0.972377952729031 0.738035760950856 0.909748718353395 0.0356947541616641 0.743973048467713 0.543125309551624 0.167312022920335 0.475054639800327
