0.476842416228678 0.305324537654106 0.994185964288139 0.54393106164337 0.996563031386162 0.110535574532548 0.17496487701837 0.54778223404252 0.307552453846817 0.517626925534974
0.988107828580248 0.923840316653825 0.999998316463845 0.834749396886124 0.999981300482325 0.733513488810586 0.673117195917829 0.6194833250242 0.711736882174691 0.693519886438486
0.864325421164518 0.0711398548666087 0.636659139275458 0.343706352392673 0.994768506546413 0.042135368551036 0.125514678082397 0.506278875097165 0.0565131303122865 0.25784136487764
0.982242629022475 0.378585034756934 0.605932370215132 0.544556626093811 0.988891277942531 0.118797193116676 0.213913550562917 0.536627874027773 0.152211948392122 0.682227291542576
0.0231477970893202 0.00154661196496442 0.3733394707411 0.073785399405742 0.290181201018318 0.00403222314311817 0.113185463540598 0.406843848052468 0.00484758841799672 0.232402910504608
0.00511212482333075 0.0081372519463916 0.987404755226948 0.295326793430011 0.995447887457106 0.0328979962573832 0.275844360387333 0.492180073173636 0.125820741139591 0.391096964991258
0.34496237824527 0.146009728174119 0.996476267254314 0.682532546865307 0.998819079922201 0.0328760470654345 0.310273313047295 0.614473467080277 0.255655255469232 0.774282135106236
0.2626286311291 0.870029848923687 0.99472474431806 0.494959712070858 0.972046618957394 0.091262681023827 0.357433338513544 0.586843804047391 0.438228073206002 0.696605097819668
0.420904929951039 0.06130827987148 0.909887876442608 0.292344763981895 0.994552059149309 0.00498498382309689 0.289673833051453 0.498352281395673 0.0214789324650878 0.212495248739554
0.987004618284222 0.0526178570820776 0.849500868837998 0.273708048761331 0.946908245615836 0.0192790672687897 0.0711414895320738 0.469229691540682 0.00978426836487247 0.203944884935733
0.229669651872502 0.908947443409225 0.987121996481169 0.365360554947588 0.656792467521281 0.00917779313972959 0.301489487649061 0.535501378431611 0.0734826395563111 0.374030344998112
0.130114723033745 0.474572044443523 0.933039558601389 0.512085818616657 0.99912308226993 0.0630107784199301 0.152824543561052 0.519779910691196 0.113851646497384 0.397938355901501
0.000462917173536699 0.0468293719016881 0.883160775571216 0.503166586961642 0.967167613153027 0.332418353888102 0.0351448938408967 0.517876745278468 0.116457290130652 0.360906741802361
0.3821822510885 0.796565384178197 0.999688608570416 0.738400010053445 0.99892324448472 0.230687413134606 0.162889525922694 0.624780407034938 0.464375412511605 0.754538075936766
0.298386297961642 0.00229204737660673 0.118717798622743 0.401954833020788 0.961824957684198 0.0213307163133183 0.267260821318075 0.50079027234239 0.0652202673477451 0.382391663698972
0.903902901267219 0.561508615256928 0.389291856687883 0.758350146394664 0.998688167209669 0.144365201292048 0.330511172584812 0.566809215739865 0.0962281432253101 0.501683613723396
0.0620754437069015 0.00384974540180182 0.999770414344872 0.424737384617669 0.991913242322985 0.035836278608564 0.849440116765752 0.495963679237309 0.0825297437879561 0.351952988608
0.0990045923045041 0.120723649206161 0.951642130734887 0.251696366382018 0.991728640886931 0.02427078482252 0.47383890171006 0.513277707593197 0.0285850357883185 0.273138409759605
0.298918502534966 0.0161779870926611 0.965915029219271 0.579037404341555 0.999865660009074 0.306413164670311 0.58325138568953 0.59468606034315 0.253921575136163 0.761987724061151
0.117752085230216 0.0118441163615452 0.701697756924467 0.247541647347751 0.604687053079517 0.0165389311701989 0.215966541876265 0.481030912241365 0.0161422897517692 0.190780255784704
0.712885534122424 0.325352371965507 0.913761871599972 0.240124317558563 0.590975629505127 0.0972238467831692 0.217176998075863 0.533745675962325 0.0749815555993195 0.562871136857903
0.916696105799981 0.957638386012393 0.999727732648166 0.645210580756402 0.986754457196491 0.0398548822764255 0.415131411779979 0.589303446072465 0.43893573736442 0.695103104110087
0.802250509339757 0.939204311375594 0.996744446167677 0.480053316119255 0.968894915637703 0.0210833375383721 0.428767349640301 0.542515840958548 0.0592368953553852 0.565581504048064
0.175676127872861 0.00138818988706946 0.982805632594867 0.523649791197606 0.931768615465842 0.23584878293459 0.47779195044403 0.570978779618072 0.185598190364452 0.616712039869981
0.608415578861145 0.58786641532623 0.992112064806621 0.459673785240684 0.999019574300565 0.105684908108683 0.153387840467821 0.556603693330068 0.283856153304305 0.533193306496557
0.193358257179386 0.190725361253736 0.999665007718258 0.228335116627442 0.88480250568843 0.0394655625643645 0.570342950275144 0.484934133477516 0.0192228138136648 0.494181938085273
0.0508483704246276 0.693294703099917 0.991381240419614 0.544749905263768 0.987175097535904 0.157853696250545 0.537351906481867 0.525625126299366 0.197161217737509 0.485450029045231
0.497813267135961 0.359081992653741 0.988524822415767 0.400829097233305 0.867061985610264 0.17412058279938 0.314938522229083 0.538409462865015 0.0508412965817208 0.508968446433573
0.0267689362671375 0.032306340359468 0.717753377177864 0.285084174180003 0.830489422629909 0.00412351309655279 0.17749357732542 0.499811811432411 0.0202705954211935 0.360806655872852
0.982650889499687 0.122329950894367 0.993337664338227 0.442459668266158 0.926501125432877 0.0442450701800914 0.229640817420702 0.54833197164756 0.0282769695742942 0.450852071139755
0.0860250087666184 0.0196096766334523 0.759737412093249 0.300220965589123 0.167198720645832 0.0217071493792322 0.273050268464073 0.486653945796607 0.0396627541087136 0.327542976725028
0.0690566003033534 0.0144361269489583 0.922704418028799 0.224597114416762 0.870488636527063 0.00547185905617698 0.18465543698543 0.477657949666827 0.0116303889848947 0.251554096608726
0.106449497978999 0.891015273737879 0.995753499040393 0.429800669462462 0.987919975350204 0.0385367874054664 0.0799936493588715 0.522428180980868 0.0582459930000566 0.459999591729014
0.784502114401118 0.0162294642224709 0.974567086998372 0.642827793617602 0.981856198363553 0.0476928479493058 0.199658227058186 0.581231555685262 0.245329875035357 0.579454616445003
0.00326061661730558 0.114753286990507 0.542570564039278 0.336662993304899 0.86565561565568 0.00883498052748165 0.0828117049480347 0.470171877246621 0.0319490364069012 0.375396073133292
0.306450661352511 0.804410914590226 0.981524047462231 0.726767152052206 0.991082402708173 0.369707163219952 0.409275518779982 0.572737432934496 0.187426944001145 0.63224485220649
0.0402772761410832 0.00547614823186321 0.906367060535364 0.19003722291486 0.92262472611313 0.0592522267362526 0.0507721437721629 0.468617443287204 0.0347450628801945 0.244578208645017
0.251143446039497 0.039707091234808 0.966773584129462 0.380908220202388 0.981867061433201 0.0180300733205884 0.161962907019378 0.491990175684849 0.0882119118483652 0.408410172635132
0.792921676769374 0.603715229462255 0.999632471530135 0.772513080838275 0.998556438045135 0.505376003917383 0.816634065518534 0.591981391369687 0.290021201331529 0.669549181399192
0.205146562561782 0.4964108932532 0.989821400885894 0.418488218356203 0.993281907160968 0.0838945588566109 0.0910364500126347 0.561603829184275 0.151382189184619 0.622345741417499
0.906284832499566 0.076323753269538 0.770295081611727 0.397655318307901 0.81692062588346 0.0153468317012684 0.421388669181629 0.549667683264752 0.0536076307253001 0.497805607488739
0.00901270226023357 0.0934725723935856 0.721607674968603 0.154815344411089 0.5960980897751 0.0135701893174349 0.034063322828439 0.475859503544905 0.00716833337806254 0.474396518174829
0.994124926301836 0.0835249040752365 0.983327558962295 0.444599831488767 0.998608132345256 0.49329637712139 0.273587916976709 0.530135767230048 0.547089725291664 0.396602453771543
0.879649268739949 0.261338852903686 0.944038579623983 0.578567547429055 0.993249960691463 0.175543819260524 0.220136025440531 0.518769238315787 0.126175157276141 0.505503608785923
0.980616196828851 0.775368555257453 0.997818682835349 0.639808682538811 0.995699298517047 0.0919914309569908 0.421119385457882 0.547178687323441 0.0450790585219703 0.364592680495789
0.0326562191094374 0.00135260926795784 0.394091443469272 0.274688879560643 0.993806853149602 0.0453241371140127 0.0093650033758888 0.457502616235528 0.00403288628568183 0.393923680330609
0.991093484663468 0.99477624407037 0.982584174266991 0.513943502953137 0.991458021218828 0.0433712981865724 0.0756563275503764 0.556482264658911 0.070516719391717 0.41867153872724
0.0202355580958035 0.00419353455031954 0.970856817615662 0.454734638828476 0.95294420844974 0.109723289513326 0.110415634609956 0.531515600848045 0.108838213343583 0.465225991108124
0.229913844340354 0.0184189531174327 0.86044702256922 0.680632968190461 0.98442769176401 0.0801522975531853 0.910916260849359 0.529175667393121 0.405207104694734 0.316740388694732
0.894672993103972 0.00420883676363297 0.856042589527393 0.210545647328122 0.967101057786179 0.0343354075287848 0.57182046923412 0.506699000578889 0.032526622604984 0.433040936758843
0.235574684164058 0.942918971685477 0.9835595084984 0.503577999839299 0.986181279639714 0.406964708361165 0.755000390794781 0.552696920677687 0.345659087103922 0.435636478725441
0.987655024620876 0.570146149749876 0.998793276103224 0.858495840593154 0.997966055790641 0.265627732631188 0.682866225753402 0.616028430531588 0.397206841174675 0.729654667705398
0.169580904077051 0.00833807065421184 0.801688817574774 0.115351535539853 0.634594142196309 0.0078218135314132 0.0744866810657387 0.480905965336568 0.012388548703733 0.210439087415871
0.386494823225142 0.164522618070902 0.745521163252585 0.645813301253429 0.941614275926924 0.0205947216894785 0.0116596637913635 0.543977273665642 0.0948159947761979 0.602682350264781
0.604807186207702 0.0710916713684237 0.998088274074106 0.469350959283614 0.972997454869918 0.230097732442091 0.211183548114499 0.551693567512587 0.166696393519292 0.729578608891384
0.458146977357827 0.99457305586403 0.996476240934137 0.321709996516933 0.889120145199096 0.0127809238199281 0.289419387510325 0.481341284246324 0.0388191387285416 0.336010777099381
0.187439441946955 0.970628214607341 0.999974124124548 0.586748590285275 0.993900525054078 0.071968805480016 0.774143990457621 0.579232817459895 0.235355308841841 0.634090463933778
0.302888961551462 0.0318636996270583 0.992586844409605 0.474254660514137 0.971689879180993 0.0104173210525594 0.0913594348722331 0.516362539152452 0.0717276477741223 0.504430801596064
0.209617071425999 0.150454725067062 0.993014091237588 0.628487808898535 0.999690413602855 0.272861841247118 0.128350641209245 0.573450294185504 0.772504301583352 0.545196896626909
0.0514120603889973 0.000450965292797096 0.235758451896836 0.336153815333478 0.902232154599402 0.00598600432928657 0.204133997181248 0.480531745504381 0.0226938089079933 0.348687302309405
0.845301852530822 0.314636563587928 0.839888472786597 0.27803013779488 0.977795037538068 0.0544519282762344 0.0922643809606663 0.512062182477418 0.168598818988871 0.518321217697435
0.400524826658387 0.0466014786903747 0.994319444979253 0.371450743163772 0.994316436071391 0.146153381296134 0.276400001472838 0.557430830794232 0.207560770723366 0.522058212770304
0.05348523021919 0.276438532655074 0.994722286649484 0.421555569517142 0.961466009051305 0.0622794577980966 0.265852889853477 0.521087700045636 0.224102654068098 0.400232548808223
0.100697809124684 0.513696429235543 0.988696809968602 0.694245247784425 0.996505712117965 0.0635612368635501 0.260143178217757 0.56134346711029 0.123826539750132 0.539089676145929
0.944176218320331 0.999946309042963 0.997787875361082 0.732235296305658 0.999925766271281 0.856271065684657 0.601889179117196 0.617439573534642 0.686928678888077 0.813787446065826
0.48373893429652 0.184846214692651 0.928558709739833 0.581162320294044 0.971972399709922 0.0649143702406849 0.0851277336402618 0.527282118136628 0.07954241143724 0.723182797363567
0.00121589593321694 0.324379551478065 0.991694898089145 0.31279151802111 0.669898156425391 0.0415091284269806 0.00268443913751466 0.481841891432143 0.0684756637436855 0.28818695605345
0.845704890672729 0.954263324696235 0.999884545829132 0.784365320933373 0.997679497717915 0.261905749012825 0.127348043903045 0.57224111090935 0.195324401633923 0.528224278757632
0.876549766026926 0.706582603418117 0.884249506412272 0.835322539264001 0.996240378939548 0.689092408985293 0.334826341256814 0.60182407793844 0.301400500580371 0.696108811620525
0.446836085095621 0.00233740862968506 0.00610711794389956 0.115465035069991 0.457965636977105 0.00287804641861766 0.0062736664747479 0.466341534992448 0.0182617012760624 0.225948280406724
0.826093122544658 0.00589423917895305 0.991145055917006 0.527764320689979 0.999934467454789 0.0669379953964976 0.378395400897834 0.569531161410353 0.120425882814377 0.604546267014726
0.0178818594101979 0.0125632758607339 0.69411148202188 0.333022823408853 0.793341974368852 0.00397937835806683 0.00681143156892782 0.468552663885924 0.00651683287050804 0.146956343009052
0.0262599564607365 0.00123534831876138 0.739320760668092 0.380861369119701 0.94268593589852 0.0284459105961622 0.140712727874609 0.519209198637846 0.262662745362209 0.450445193266738
0.00869162079210039 0.168435560848682 0.754601019580827 0.200220291762824 0.0596201419929569 0.00533754717390821 0.0930530738894209 0.44820950507369 0.0220984553693334 0.379324803151836
0.313254049360276 0.325646090139459 0.963443153503582 0.338439010761581 0.935179963939373 0.0245775396435526 0.0356940424835269 0.470188850719652 0.0392052000909802 0.457876812430375
0.358978009819939 0.0711888415893138 0.960071358754704 0.186347810032606 0.857235365485936 0.0424365370149469 0.0615754311437738 0.521001851747057 0.0461052476900809 0.457485120284383
0.252517781613249 0.97239934474167 0.599953566866895 0.658636130124181 0.989861040073788 0.299996674001618 0.265875527458773 0.592260156522922 0.375370290778179 0.4164737650813
0.707772036514792 0.0972617705926647 0.998638550565001 0.464062897940155 0.99808420259265 0.0582778958057801 0.741456560237437 0.559345257272802 0.239656041561954 0.668460025684691
0.682753080881814 0.788414123325375 0.976717153596787 0.477244558690156 0.96405765544671 0.118510452655917 0.0350681462503229 0.549200468017506 0.39783764551501 0.5653220542948
0.85751549872691 0.0330290283260705 0.939462702443907 0.298048616363323 0.994961936173493 0.184659920807476 0.831871564049506 0.578087598795352 0.305767365462952 0.530333805780529
0.122283692168867 0.923585993654006 0.87065353905726 0.716898057548902 0.997146124165238 0.043889620153486 0.332996209402872 0.55161754214227 0.044923498411832 0.608469016677133
0.999390895602003 0.630810616685126 0.999347501508239 0.772206234962082 0.998975759519959 0.3245728260255 0.257447864303865 0.645489267596551 0.456301266195066 0.736311226485837
0.160377772277222 0.00654613339917052 0.410539509236001 0.131993381436603 0.602009737760616 0.00636716865003396 0.0793482951069723 0.482209879776148 0.0333236471077356 0.230927989981399
0.810822040309071 0.0509055115686505 0.930405053026315 0.654595666963712 0.998979766491897 0.0425601831361693 0.204066064565295 0.542893716570692 0.136740558621492 0.478332807053367
0.379488695179298 0.0189279030715702 0.986841826928171 0.59722107342984 0.938431026175112 0.0813246454373432 0.328101915051881 0.504506653427631 0.0994302654074573 0.555342358982376
0.985560921333089 0.744890750540864 0.999229792461329 0.549414372054115 0.64137661558948 0.0295053459751384 0.47633663112179 0.503835726899927 0.0547479119648274 0.272897766636488
0.0457215722282532 0.00128892923937094 0.0146087144350419 0.0522909523904414 0.216527277581882 0.0019049674015542 0.0724983361693839 0.395766433827165 0.00124746543929432 0.185648398356219
0.569909920887047 0.570138945765693 0.990699088045415 0.381163614599043 0.701500898102851 0.0134927012190381 0.246507142257472 0.502161426800937 0.0470592461990928 0.470693423697483
0.299381077433326 0.0568927634981192 0.596229319230481 0.191611562801346 0.0395912376025298 0.0096336988970945 0.0547211864429781 0.454460434660198 0.00547486212084804 0.383805751197705
0.551242464303873 0.292140804780107 0.918714300118247 0.355543654927733 0.79454712491354 0.0141992192397418 0.463609989078822 0.482496637739418 0.0384983596404173 0.20507132638684
0.971960009955184 0.99876896401755 0.998787933822933 0.927748942664312 0.999974193573558 0.838198519905094 0.962272565663422 0.65513025871398 0.820178091959894 0.811641331903606
0.967043127831927 0.366290042942832 0.995941644387356 0.635340746447963 0.992047128503759 0.136327802651943 0.781356044517077 0.542899400800581 0.19626920518362 0.361792742386548
0.943520107517621 0.982136691517202 0.969339421718485 0.74887153994009 0.998958961637936 0.591995335336442 0.516775194316754 0.619524069595574 0.601210633074532 0.641854737474166
0.680165600529031 0.950836101337757 0.961656004506231 0.59390471273209 0.998517745074117 0.162281174793722 0.384823438954443 0.556060497104675 0.210508298749889 0.557703616232735
0.611720298283131 0.738202883212738 0.986765282642129 0.48782587315763 0.206071070611377 0.0866340492626646 0.162820465372698 0.503943413501836 0.123103404218832 0.571880717796967
0.271343141647854 0.0268967765403235 0.34316769385472 0.0788931793393289 0.566877862869616 0.00551359859634297 0.024886664120943 0.454875079256324 0.00907860267181858 0.244544068983744
0.0417365145777098 0.293180959243793 0.906812013951855 0.261764358914436 0.981117763105193 0.340876054957262 0.288306478165049 0.531399906161048 0.130500072702861 0.423706526905373
0.1382385347698 0.271236624914326 0.762356667643506 0.264878645647826 0.945176440489286 0.0201264791884948 0.482712212325983 0.510938275268472 0.012438230283729 0.304774485388664
0.907423157011979 0.0352542728086566 0.719567135034471 0.2813172528961 0.366254202126302 0.0061154747560681 0.0757629631943225 0.476693143060445 0.0490226245741435 0.126150746245037
0.99149295084836 0.775694166516857 0.99999818053398 0.681288656658824 0.99750749041907 0.672607607852569 0.196289789232743 0.603915045293329 0.1361698144784 0.568556531832018
0.460838359247151 0.00827131968439203 0.0664329455004827 0.704258434263057 0.998270978487301 0.0195796629411974 0.872196020783336 0.565309684184246 0.22797662004758 0.507815161347088
0.0702875592422207 0.0305733585553116 0.758164382389023 0.180289503462775 0.846805220107632 0.00634437901572696 0.417606412293151 0.441432522569781 0.0165758214366153 0.547850032132059
0.575317431598462 0.197318130736817 0.997738633559525 0.434038155981273 0.95728997197973 0.0923106257158947 0.113505520237984 0.525221321202926 0.20953833442075 0.480086826769468
0.0384574717614666 0.880766591686461 0.998291172603455 0.618381537657755 0.996014119749302 0.170442246859747 0.0760966615884407 0.58668670764312 0.56062960517829 0.489472594561991
0.999228092052139 0.639108487191598 0.99965325915747 0.701965326339787 0.999727211731894 0.84633792452711 0.245306710118418 0.603070679834907 0.497765799055775 0.694944859442167
0.193866777128662 0.00918567643503979 0.983574155055528 0.294585875439149 0.977213352245395 0.0340180363930002 0.280847892373607 0.509054062921562 0.0568027718192123 0.296936200155839
0.00329786779315766 0.949676066038845 0.990369561279642 0.475327306558613 0.999230115623737 0.257546952821392 0.432060728309097 0.538497480680805 0.303110720771925 0.45417149565263
0.995253171927214 0.0352338576534937 0.998432016053807 0.335168579904531 0.942579350592608 0.0340631921072432 0.514492280567902 0.507527609755644 0.134111762691969 0.382418921099791
0.658749422686697 0.0791462150069394 0.751417002547808 0.418036039404416 0.999528614385838 0.0645233872848012 0.88041666762891 0.52867845709618 0.0633493261316351 0.632610404472192
0.259974209397277 0.405325563143123 0.969477946338659 0.361110231650819 0.15560486839499 0.0128123121882536 0.302917343944709 0.527872695542224 0.0584653025138137 0.417833858693351
0.623361093112372 0.00461624741830175 0.998672356466321 0.464835048000449 0.955010358760116 0.072494442929352 0.23707025786723 0.525514117441738 0.0189324571467355 0.493115005757477
0.00391583668149184 0.0199533799667435 0.61487306391297 0.289779035433617 0.892800845768947 0.0040434384548999 0.0827120465656164 0.494536168174511 0.0100346101613413 0.521097053324952
0.900687739331287 0.592914293733549 0.846436282681706 0.691894711148868 0.99930744786616 0.571577955955359 0.372568764716632 0.579736299037962 0.253843412643349 0.632941165293427
0.0791334328369953 0.0512612349579468 0.942166208164715 0.374595252328466 0.845265797521156 0.0556137361434148 0.606223094056907 0.525740432205981 0.0928723841299473 0.39054690431758
0.00529750828836791 0.000180897102949913 0.115306594901057 0.0627350690755521 0.0126875645116947 0.00784931498176883 0.235298791376191 0.452592291845625 0.00170897453493773 0.172539514550846
0.912760437282091 0.0282747208798583 0.80453831153893 0.699356356913334 0.998037932693606 0.0191330476297105 0.232457234001797 0.563355087220612 0.210881225247477 0.403474514600222
0.0461757232564544 0.163721824333585 0.992039730963893 0.751561593096153 0.999542701056117 0.244404354637906 0.235670682950771 0.567777228474548 0.346846508595129 0.512325420796521
0.766964787935793 0.619696745219341 0.992010846466907 0.664135230232935 0.985044562703684 0.115707496629283 0.255040950148267 0.565335771677487 0.146334603403714 0.512014317801032
0.892410989877859 0.0623566845437078 0.968243650306857 0.380095628368082 0.999013812924643 0.0751295905509661 0.17137038105412 0.529871574727315 0.149280647666867 0.509848358396083
0.0211095412720129 0.53879466753205 0.999405902904679 0.509926186162657 0.998618506076806 0.672938092548727 0.69317620705952 0.582584377433742 0.220339099078757 0.656922097834792
0.972984682416727 0.386544457695234 0.868458991233481 0.314383896359447 0.989121457209213 0.100598306996623 0.436204262280134 0.492702922544573 0.057182002388714 0.483375025115244
0.842596796317402 0.0347393093771042 0.999248513450586 0.635401423842686 0.964088884826866 0.300167911696 0.15561258681057 0.560550380792331 0.261853750276989 0.593782885873468
0.83804334143371 0.0558572247953929 0.364473321234605 0.408618407199684 0.79673123033748 0.0180494087277425 0.118317083369477 0.508073696510697 0.062751681535732 0.401053783496213
0.200967269258274 0.806282778954456 0.997892884325512 0.583759267646152 0.998005013807799 0.301268021235989 0.107553751761258 0.554541368426738 0.163315892421521 0.591080428294611
0.992338680238384 0.164443239864556 0.93231626442983 0.685068555014996 0.999354555023638 0.0860671338529087 0.169040145274587 0.538546326030998 0.0835138416883894 0.328894058062863
0.893815525075309 0.975794744327029 0.998829167070844 0.71816397461378 0.99238617696375 0.18572494723813 0.521902354103348 0.537157706038534 0.0812314076674625 0.428518428694478
0.939152846930569 0.422728553443773 0.999947434671216 0.757138894957555 0.998553733294678 0.620850431502989 0.36156567507442 0.565216051948583 0.312153829892395 0.685844656433541
0.813952722392146 0.075288757347164 0.984974236431269 0.268764869571285 0.765091132657733 0.00312229753785452 0.3391063088652 0.477453882376182 0.0137123291565163 0.37992311817073
0.992262249544735 0.0413351226346493 0.954110042816957 0.575676109899776 0.996901572174292 0.186752142639634 0.517814504585582 0.566102837905579 0.1871815505619 0.482298618173001
0.975565768813426 0.548851827948838 0.559585843326402 0.584848350273173 0.996439576394909 0.050088006651559 0.449980666299572 0.548912944823983 0.117489493632233 0.649895438119799
0.0159485673054583 0.278174838990573 0.874811621377479 0.394988173270577 0.97951846018576 0.06530988639412 0.312443712231523 0.553322136343846 0.0703758389189708 0.419264228617305
0.128116850628466 0.0021185137575753 0.977828485777639 0.267636175833029 0.972796664058404 0.0059137417630541 0.272825775921612 0.469517969323041 0.00640591218983938 0.333554218885598
0.506341902142908 0.669959588006633 0.996717766187157 0.725766340651565 0.983926410535904 0.0341523442721339 0.485233593133744 0.577223803199761 0.109574355115358 0.538715749628393
0.905162206982841 0.966219851934522 0.977861858996908 0.558138120867281 0.994748895914824 0.193676983536938 0.3858720453159 0.576864667494558 0.184990781714522 0.637816541878148
0.344164763160919 0.436971567207051 0.990566702341022 0.290173117218241 0.994621808840098 0.120693894334949 0.104966260390182 0.538478910543423 0.14035129137964 0.321118512965337
0.96407984627766 0.980230236168392 0.73161937960473 0.713532414718193 0.99867416820739 0.485661237791583 0.762828312035475 0.579866467988958 0.193148344553702 0.713805985764285
0.271590271971526 0.446255636160134 0.6799346259172 0.584659642601889 0.996220800146306 0.0647847882176786 0.421836879131733 0.57049918394168 0.31475904169687 0.421055532481949
0.999950143840244 0.00470747277794379 0.97795399746097 0.461035022285412 0.959949348459699 0.0536419381251482 0.105857324857465 0.537676934590212 0.179231300783628 0.670373078990435
0.551177585383124 0.238179315300248 0.971172718170968 0.194499055232098 0.937282981846502 0.0104997797035988 0.245156911728153 0.485930315180375 0.0341101097750088 0.346401744325302
0.411796781167871 0.000728391371738453 0.225479434261781 0.43094814713215 0.96132742702852 0.031954101648381 0.394594486248378 0.512398382420238 0.132247456640852 0.35124686174213
0.0277552153878607 0.105049139529375 0.954390950198832 0.644574495925119 0.99594676364927 0.236079809265769 0.0554749308417104 0.553304008850541 0.0237385816190973 0.669492100422951
0.994220117046619 0.165552349751768 0.992679066117195 0.412792953513009 0.990856262670294 0.0232091104127328 0.278560588756587 0.505031271031274 0.0998841261845629 0.473012954170399
0.611026227054219 0.0342397295617925 0.94265515044121 0.617977048753779 0.999553774858558 0.294297747354479 0.390484754236169 0.568081018994501 0.177951234184348 0.586801436079853
0.188387218813572 0.0279838194916648 0.272209534021576 0.256944162591103 0.949024737556291 0.00839077535391455 0.107417788755291 0.505234521622952 0.0889303591188781 0.466815267289008
0.198227397185963 0.000579338927767816 0.821672285499777 0.290955195852338 0.937390235250699 0.0122443202347263 0.0533205956826808 0.51400218629735 0.0344583246590329 0.241392673697003
0.22884038269567 0.686078148904624 0.991710740925442 0.55884330509391 0.978553229559496 0.160001361552188 0.521721452749774 0.536728173358554 0.096137430639415 0.331704262936239
0.257643339355382 0.4803296552141 0.898200192821153 0.690026736750188 0.94088218258217 0.323876012368207 0.538031682796973 0.579537854361777 0.289738965631449 0.633310558856291
0.876025821895495 0.530817038099196 0.998018260406186 0.799707181853635 0.989833563599007 0.415591291300408 0.710098606699571 0.593537987600289 0.672642779669264 0.500095265656103
0.995775086216432 0.00202046091282232 0.763007800572453 0.628801337366295 0.971714459479743 0.0423606246635286 0.227129627024444 0.509350649096367 0.212769960758416 0.557278590635721
0.0171138442815332 0.239921450934484 0.817046171625772 0.30664088167554 0.229718633141408 0.0831665834286233 0.033124695956553 0.490290504913748 0.0441095989994387 0.362187532018458
0.120376839477068 0.0143700139140356 0.998915069889936 0.44899893494968 0.938042591225261 0.0220261430829445 0.101443345176919 0.496851017362693 0.0854567687084799 0.545111486793778
0.674407969390535 0.809359613210258 0.999852648271471 0.637486682448904 0.99667421372396 0.0465655494640546 0.873767218931643 0.570113359803358 0.142292233271624 0.557298697103659
0.910911130319815 0.351605948842574 0.945466350364606 0.639260817118177 0.996209366553748 0.123153233236458 0.279658294017719 0.594246306856097 0.292113582750122 0.670333098310361
0.923562377651754 0.00877529938241711 0.213494450407365 0.349683975406669 0.894008351602035 0.0151218800752582 0.314424073280606 0.532110853040439 0.131468406273042 0.683220592541859
0.349459878408003 0.154320161490646 0.0450187349279489 0.18710024047488 0.879399933729919 0.0122358577859358 0.10577326552247 0.498978199015687 0.0242851053896907 0.384078712795786
0.968369191545391 0.852269349919875 0.93464293509934 0.471272427193849 0.999494554262173 0.362625005271402 0.176515032911374 0.538302476150967 0.0599956010931118 0.445746501587503
0.897023818158524 0.95687490705287 0.998608869354496 0.867351718282249 0.999428943639392 0.440262001200966 0.763954873219966 0.585111469048448 0.2000058505708 0.727897646611654
0.00147754363215296 0.000843956076143878 0.0072039406119317 0.0852561661877382 0.0313512238318764 0.00103188147102937 0.156255071358756 0.39997348352106 0.0223400926020103 0.172335308307202
0.951587849854467 0.842410352533652 0.464662709238128 0.682679146054608 0.978537620322233 0.141297787759047 0.309431594103356 0.563705369967053 0.107556130144439 0.458230025008313
0.663995293893804 0.906784127141556 0.995740243988285 0.703286753367983 0.993847743995674 0.16621443610977 0.600764872174242 0.546323354548775 0.255619854557969 0.677016472378201
0.122257194045492 0.865926869929259 0.984256977210018 0.349712538052777 0.875258144472355 0.0283227313573432 0.407181059827374 0.509275623692036 0.0567630433254558 0.339267797279418
0.0581264772818009 0.88400705276292 0.904662822012561 0.840498410459072 0.998624776205341 0.0240568154454344 0.678114398701229 0.575734982936695 0.236941925532676 0.692296981060851
0.869197720329359 0.0175592449822638 0.762456599008753 0.641853171979246 0.94067241181336 0.115253496634509 0.166320676767591 0.535063027540929 0.0571399827129598 0.380903712209826
0.692935372682048 0.137660295267916 0.998822462102505 0.361572974188693 0.79473422101208 0.0805359563907985 0.111102395952787 0.521471189176772 0.0548063089641609 0.48489528228115
0.6201812239582 0.224432121718371 0.961632811742237 0.545273476417438 0.989800399906648 0.0512182231134912 0.594062832386483 0.545725650469354 0.0237313710738992 0.221899216039319
0.494629965351489 0.985109692150206 0.983159866381657 0.51810749752383 0.996883107341069 0.19842679474864 0.250842106652416 0.526126628203062 0.166887858791404 0.620557182323542
0.330729153969571 0.492808369029616 0.974724970616221 0.40492168444707 0.931696895509386 0.0292048146567051 0.504471944768659 0.546140153148146 0.0749719204578358 0.417467240034987
0.0116667852748037 0.0720357678543535 0.229154564057486 0.404607259254615 0.990640339841033 0.0422577694170917 0.0727926294910282 0.487127412970496 0.0600797767688483 0.509735355952193
0.355189697696411 0.081876481490738 0.63754624821587 0.200134135641304 0.536601098219743 0.0235913822975985 0.177976418514431 0.510485165664653 0.0148590505320107 0.254652351849166
0.981129307599934 0.100629629938328 0.995129815479459 0.443264647691099 0.916998351908356 0.0642211561946819 0.179071156915286 0.514721428075588 0.15107423110054 0.32854115590934
0.832589557499946 0.0908081368688644 0.919572290196079 0.584147618536883 0.99419884864193 0.361242256888412 0.805833907895634 0.533926201196387 0.356045972905109 0.522990668847234
0.180386937893796 0.569070972423112 0.954507804917115 0.794997689312091 0.998067581139718 0.124167768047659 0.27774129355351 0.567192923997416 0.0620176638732809 0.61829784492716
0.154180200538272 0.000198993546760698 0.621395621417659 0.0851266080997797 0.774203260126678 0.0018393558725848 0.182407638419574 0.413272031604357 0.00230861096042907 0.211381702395956
0.108730850784792 0.683175770451049 0.989883446564629 0.173154433802065 0.46534859291056 0.0107583815622064 0.197900776476326 0.476421767635257 0.040667245682708 0.331630529320325
0.253985896672178 0.977059356719454 0.995252198628799 0.895967815257041 0.999824912395497 0.453937381720794 0.219906236844464 0.605295667209546 0.676426273181198 0.720297246822537
0.283708272830446 0.0471159344911376 0.0803055970987139 0.239650617029249 0.720369710818389 0.0363018514150344 0.0201751299181455 0.504750207238237 0.0318811931711907 0.394004348172743
0.0554383185326291 0.681252565204612 0.61750944990354 0.458818400121584 0.980329798842835 0.319389467157199 0.44855202853102 0.512373220754893 0.139403942688568 0.574715463774855
0.991562298498432 0.937441269223506 0.375577868425548 0.507373887564604 0.961927612770088 0.0558641585059953 0.206907237748978 0.576547757539808 0.101436368504672 0.475223898910001
0.913255333257245 0.769035767399994 0.999098735118536 0.880916729838981 0.99976852513545 0.163109149266068 0.685761936178731 0.600487908710246 0.28447212020052 0.76335169956752
0.993139055868507 0.0633336864693787 0.997125876138535 0.537773132197642 0.997647272051795 0.198406220246512 0.471718856650879 0.555539044369721 0.259312662967823 0.609133597777691
0.452405558522809 0.0355899973125491 0.973050689600286 0.734659714869119 0.996301664825538 0.189397380920966 0.350597036907602 0.596227827867015 0.668196750511194 0.620984896720727
0.682955844301392 0.0234227684043717 0.922863799527836 0.50418697732974 0.794803157107725 0.0853858377448919 0.938137018008462 0.490868149664187 0.0752421633330538 0.35666710411175
0.519175841774513 0.0047558564637035 0.775666442343147 0.400828010785076 0.9718333832794 0.0583758709714878 0.151397143705268 0.494708404773372 0.189496292540339 0.539194542964382
0.108712961530852 0.0871809560317876 0.415345440500276 0.458885681891115 0.978287303127209 0.00344747598624696 0.456416673388342 0.519276714915735 0.022164020397512 0.309770561801913
0.981728191551885 0.206971709456974 0.999988902709125 0.736857915955075 0.99980265234456 0.746226310709309 0.725366158663565 0.61044980267861 0.332905843099364 0.588223340513604
0.722366397496066 0.174046371247966 0.999897634457891 0.722766641236056 0.986092789698562 0.273602611967077 0.385571339682694 0.559212235147655 0.111175183097096 0.659929167193947
0.258381652318622 0.0111588682133891 0.893263283469094 0.458552093938849 0.986497083014919 0.138453833425755 0.0920235408550184 0.519914539289421 0.156962195665184 0.631087234042983
0.631819668436866 0.451149835383129 0.997705150109515 0.553032190589803 0.982001075874067 0.0588606622149244 0.404908121268144 0.504724415389319 0.114847834942821 0.310454586126982
0.00462640036569594 0.143021999454311 0.144486447170863 0.460965983876009 0.978664042688018 0.0494003529968232 0.160905310924685 0.507436670012009 0.0900953350692906 0.440835361342158
0.569356173861855 0.979243713670652 0.996464197012405 0.329129896158645 0.978391196292469 0.0422209802172402 0.0690321757161576 0.533333141284852 0.0417648254388867 0.589634674485216
0.658900101112587 0.0214164006887817 0.0955101781191744 0.386988785822531 0.983107828651939 0.00869973620958933 0.0571550898748719 0.488913769855204 0.0282475425684101 0.413833129292528
0.489435658966714 0.997029175214096 0.978529340345341 0.905593428892808 0.999986626592231 0.326943125567279 0.347477129801646 0.656970777041062 0.487906415524653 0.823169686007159
0.131134974605143 0.534535962972733 0.994518023133747 0.44089025726484 0.994793661646001 0.104535035010617 0.372134040940361 0.562781507758949 0.154572204239951 0.511838734950432
0.065063316268292 0.144865278292939 0.932237451996063 0.318915088163381 0.765788709906072 0.0430342481702746 0.117130280580065 0.495431756432587 0.0959323141724512 0.368972050725652
0.924873655498538 0.817927938121812 0.992866680194473 0.667243559367215 0.998933378584146 0.517977250873193 0.21720694124427 0.614752068274668 0.128380959681346 0.703180601042588
0.962712856221692 0.546758237219137 0.981856309622147 0.512036268617973 0.997873755802401 0.154886425251072 0.124569747884922 0.577019439898393 0.162355121627568 0.443860088822593
0.206217553053117 0.258728913787366 0.953278462233891 0.207044036700916 0.994812158665839 0.11582446107018 0.335955942657816 0.541895128455346 0.0587941066238959 0.389947027220169
0.912119773412623 0.0237445889421612 0.583547192060268 0.259520316938627 0.853313815813812 0.00179682986281959 0.0637768635811337 0.464914472788976 0.121841966618481 0.436824787188705
0.993380370697835 0.0543871388608091 0.995282633906442 0.490075203616072 0.949249836972687 0.0798481721998506 0.173137428976539 0.521362734651827 0.0893687327199422 0.372048085916693
0.0196880004074826 0.00965322873402 0.997220708203475 0.301123421179596 0.997995678678855 0.0419322601421693 0.387015007941199 0.509048282870959 0.10152103501514 0.623960093897239
0.954172981499194 0.225131016218357 0.993172483689413 0.713057678332132 0.991486910084554 0.194616183608423 0.642487851595282 0.559240134100452 0.0417040286219976 0.678440908471534
0.408911519708004 0.255597718460016 0.671574948597463 0.560537164036811 0.973058407576137 0.0130084579728923 0.308957819046917 0.52417834726736 0.257099618544189 0.277988698459535
0.0951389479088952 0.0142547875970856 0.765317257969835 0.261108908749003 0.79010875832825 0.0144208964269748 0.0522295974496193 0.453029812099433 0.0226848491392738 0.43718477646424
0.0119194456085752 0.0312324731600417 0.232723093811285 0.312217878828255 0.324670131394731 0.00360344265899945 0.223365611819549 0.443285696256724 0.0145358896535214 0.175142820061588
0.00619939103309362 0.977700397418666 0.982983960860637 0.74200343108611 0.999227208054843 0.551238367118573 0.842013015516393 0.590169681579613 0.60622744232702 0.607899765292889
0.146733097160178 0.0359191406042981 0.976333520860735 0.67065464440805 0.992568453569996 0.197435821187731 0.278801590099727 0.569419046955481 0.168989170783872 0.498386890160296
0.909343199445163 0.528758543775122 0.96127002545649 0.6142146790597 0.994860022732913 0.148511393663628 0.0136979275580671 0.554635984309353 0.118791550431668 0.576182335581619
0.296109855861016 0.881855491069016 0.908359530981589 0.600663298074476 0.987812338471635 0.0876420794709709 0.236444999724111 0.544868516317072 0.112281683563124 0.442695634535744
0.290480078100741 0.110839570005327 0.996806119479204 0.312170594336404 0.789887605440412 0.00316137803436122 0.0242731077975764 0.52190387224934 0.0274434592046904 0.261011305890363
0.00294090686044635 0.3147879221464 0.755422806601398 0.308695592369618 0.992225094805984 0.106451754746232 0.44126760475055 0.525876687000972 0.0690628618351295 0.403822026000999
0.349820430263822 0.838278144398067 0.998622721345685 0.373821485590892 0.957433309461667 0.0286344244939055 0.555943861985474 0.524942387162275 0.0768901387695713 0.638185219229713
0.969074163735258 0.424540405883414 0.924914942938632 0.749918342082569 0.998808457285966 0.254643620132638 0.114664153886797 0.546810554181001 0.103598908402481 0.438116162802233
0.750340479027282 0.886570636762641 0.289859621409247 0.374508835906238 0.954274452824874 0.0619346130994532 0.0544311437598016 0.474341631559007 0.0411904911703955 0.35667785865369
0.179239244545502 0.0279150696088563 0.999259016252295 0.28590313357596 0.98888104689049 0.119467255029333 0.0388962372153963 0.497192782423277 0.055445493417056 0.272637835443724
0.193728544839937 0.426628720406125 0.0952776752899444 0.441856468009329 0.860228931823919 0.299939199631557 0.0862117435021594 0.529916633499022 0.116938416455125 0.514867326828611
0.829065056597494 0.0761441844507606 0.999589731924463 0.455898591819621 0.989766899219869 0.320207593402079 0.127857300274715 0.535357585283104 0.07289116195909 0.5810031104809
0.944546670488867 0.444535057983774 0.996128078515006 0.436762276875512 0.997727179215493 0.068534136020736 0.485471226885775 0.550831330133557 0.339918415402295 0.522750777223482
0.24998485955685 0.928145322082389 0.997574374148054 0.798332962357329 0.999782598895071 0.380295289399049 0.255497855248396 0.59595887011778 0.398294437439496 0.615110483220342
0.458567291082346 0.0504887892157332 0.918583196496085 0.482943392134613 0.987889632935482 0.034884400772396 0.112707422362838 0.541386606808862 0.288349380065265 0.453209625144057
0.949894878557726 0.606569805816606 0.831258252170392 0.278230775532072 0.997865562622713 0.076929032418072 0.632343906909008 0.559647975140164 0.168037299037236 0.444993697240765
0.930360288260336 0.92226041801068 0.694731474079508 0.132454713269638 0.887202911049583 0.0102384418970962 0.0629416796644358 0.447617905630338 0.0235577112712143 0.358686936567371
0.882174378948084 0.00179639496964603 0.992458824982567 0.338488383008554 0.962113584803923 0.125649702253319 0.188197106825782 0.508939823906908 0.243921571855411 0.472833838157233
0.825571063191681 0.524755497251709 0.934932165076741 0.619015134486585 0.834463570066464 0.0448066509800356 0.311916533752784 0.56170200439294 0.18109587426458 0.588016323697862
0.938344858357065 0.939140812278013 0.932589793743518 0.81641368322623 0.999772294235089 0.532389144315484 0.500529527990951 0.5992812519812 0.437004774266745 0.582460729305184
0.792857908462767 0.00616132562332684 0.907499538473654 0.638347745075762 0.986991529641021 0.0101698258879529 0.021241689006327 0.569060983877116 0.0898488500017989 0.487552356835072
0.575116702004346 0.0137939957771898 0.975681552943207 0.601149027882051 0.999505464335195 0.259458049233569 0.285310718264956 0.611189144768949 0.378326372274613 0.75397377939463
0.818412665167855 0.359975365931092 0.999738715617598 0.569217223996981 0.95535887052186 0.132760487989103 0.14150775279668 0.534026340507997 0.137215624273532 0.686913163467266
0.0157021736106399 0.966613931851895 0.946356099990668 0.82260523691451 0.994088865735826 0.136157522223576 0.462331865462789 0.552954348644576 0.227004201248826 0.675903266479863
0.998852603971097 0.186123207555897 0.0257579600671419 0.564290343675672 0.987005783582268 0.0689723116888083 0.389236976063623 0.554063141469525 0.11375425923585 0.341211853972041
0.0554958519408857 0.254912997468771 0.986298916102933 0.474426192271883 0.988569207205412 0.0672724297246868 0.278531242531911 0.520434282122187 0.104038000166762 0.635783931526531
0.8923914382937 0.0326612614886635 0.570552190018343 0.676079226001607 0.997290243859576 0.0722342112599642 0.0213893373042906 0.54312016667521 0.117284161887677 0.589428519572584
0.441949804800987 0.0593366757675907 0.866183844997224 0.686666956608563 0.99971879478556 0.0738497552420518 0.674299647728625 0.55702335633142 0.449186883757408 0.698650687018213
0.999164319655533 0.58544880634163 0.959521517924592 0.747654976861104 0.989213925526066 0.182893588371291 0.638658176271491 0.552617754063236 0.231029116855625 0.603918374814541
0.930252060887424 0.0606828994037739 0.987815089634568 0.566927714543431 0.984947020414105 0.127960246254891 0.333494022556065 0.545351330898267 0.0939726287038703 0.545993435863046
0.947477064300017 0.15529788158463 0.974742170834509 0.576623156968585 0.965109784448946 0.148123429449923 0.183917634015056 0.540652700864386 0.108766297190093 0.526852026595426
0.97295201191088 0.450519659892334 0.97996738462629 0.568217259805025 0.754497805384972 0.0926682577727126 0.236975484826502 0.541813078995138 0.165292096488906 0.276754215511694
0.33967588849108 0.0320453637543802 0.407682626206486 0.570962386846103 0.920166055638422 0.0984651691416054 0.467603980327786 0.514633198477212 0.104812466671351 0.45917878246755
0.106413844128149 0.00791103101828526 0.988043130106793 0.161779736359079 0.97614811110686 0.0188652005816468 0.77277959043274 0.499486582065302 0.0351396308210933 0.4198960455645
0.981518471206404 0.897600582205425 0.997490969124267 0.784944295284988 0.997252223416291 0.121907434654408 0.430488424688728 0.547312348529458 0.124289315792 0.574809659271619
0.333659023495779 0.168663836131723 0.71429601387345 0.448192108513735 0.953996961055106 0.0352531159065199 0.255371541727639 0.527185647865178 0.0615576470259439 0.387063010842444
0.921825232312422 0.99237388018027 0.977908240080632 0.672447320130793 0.998737888534602 0.222732536425334 0.226767824519206 0.582615660587847 0.323620140148947 0.72798068138315
0.422118337297509 0.0239814390484475 0.999843596855416 0.221091365460495 0.971824132443256 0.494450480883262 0.199895517441996 0.510358429169835 0.0445917329517192 0.395157857661751
0.960700106639645 0.793817807867522 0.945025437281732 0.315294319390073 0.977373541944117 0.220200276584751 0.0313474081694299 0.539857101496029 0.132488403645076 0.458860215754614
0.510574466154347 0.533313828335984 0.998323348296311 0.536311409621386 0.996788561596202 0.0493807226539391 0.315495416879547 0.537896643462898 0.241744556276449 0.339291530636147
0.115371421228616 0.424381411023969 0.997465079073301 0.546781395181753 0.968658335936296 0.0638735856253134 0.455000014047417 0.532611290077569 0.0567847146724668 0.508268413765735
0.0274801894053997 0.0684827707900928 0.837052730921485 0.205534835529809 0.978566040983628 0.0310536349382482 0.367425359303453 0.495839263883195 0.0352505567352523 0.251471499998873
0.345175634378398 0.00200672069158563 0.78283276812808 0.276201525980928 0.405146165590562 0.0858185243853708 0.0359527507321213 0.503233773733081 0.0405712244920348 0.430573183995779
0.00888630940161559 0.363720592778651 0.960317628332842 0.35936653397589 0.994791076233689 0.360933268597664 0.35606749964963 0.539708411731229 0.102666939270857 0.410998629461182
0.520066060156822 0.98258490874101 0.988057845413874 0.882985107190003 0.99758815268961 0.367827828759896 0.580461907010841 0.599379648489617 0.591357149287391 0.764120815452347
0.45846757333254 0.0278012175114285 0.373852037780733 0.125207449892815 0.862828483186704 0.00066811736088566 0.248242211247281 0.46927262128965 0.0159552655895374 0.224301432731032
