0.182269101249701 0.562979844511382 0.750470663919976 0.430105126485238 0.994755795981158 0.376079600211963 0.866994000791942 0.551431589816708 0.440677759832199 0.660932755387372
0.910411611795646 0.0140960904366093 0.979759837539013 0.322553654929516 0.961945007671539 0.0617379885886671 0.680208107333197 0.53580432655151 0.060801755725851 0.362645764819818
0.354436298517003 0.672033194411017 0.722183951206841 0.261844208863797 0.842682773749555 0.0135893280953719 0.0286198897915022 0.476801455500775 0.0286706744951682 0.29571549501152
0.140873674608634 0.897907680197155 0.994987854493867 0.621719188608305 0.99938628837559 0.233015357782794 0.115093858510667 0.573395821911298 0.220325026487291 0.66462995591153
0.220565917236514 0.584053232178264 0.999717121561458 0.496656330820094 0.989817973801358 0.157986733642683 0.353024946275746 0.559786048081146 0.159938469649478 0.509741877813548
0.998970239773064 0.995161807695987 0.894899234287057 0.664741707746865 0.993390302031709 0.188453611450275 0.488982191881612 0.57594002723869 0.279921184927723 0.725123956889932
0.919904612999392 0.94520763416955 0.996623230138743 0.730129307620769 0.999687770792577 0.347377483459005 0.344184513420145 0.596298557776806 0.484957093376396 0.605003755081769
0.991545214209289 0.946537364536543 0.999313385314759 0.575124108694983 0.995732433418928 0.365982163702111 0.611915665510705 0.586799324477125 0.448927257644021 0.67731293190958
0.96345036992473 0.032520194139568 0.999858119599408 0.87531820456593 0.999487979373081 0.846410010388604 0.834776715365047 0.632736334684361 0.796116132849803 0.643988249919262
0.204369323769407 0.05581315941207 0.935304452867832 0.467547060866371 0.854177944156153 0.0119617729677987 0.00685777000136075 0.463260360266759 0.0159387893170693 0.526623775122689
0.457280072704085 0.316033199705381 0.133601876466829 0.381099673673243 0.970479058687846 0.0537718450038362 0.661799035353329 0.51244334652007 0.0700172791043892 0.444788109133891
0.336339107974347 0.0394752800219271 0.620488471377359 0.239381715258296 0.709841535229256 0.0131209755308896 0.0410473292251557 0.496146948278771 0.0407054902298363 0.395321666118034
0.0694718205355865 0.357693164553422 0.194113025007357 0.422539208789769 0.838891027453382 0.240046960117123 0.58364608701263 0.549310221710887 0.149908535126901 0.486428354834705
0.0183059396695608 0.138217472490576 0.867933845006618 0.241114729820725 0.938556278158555 0.0418643957275976 0.268505851140821 0.509985008960107 0.201477865658923 0.467267609541632
0.903088078115175 0.336153209667641 0.270281585869752 0.320795777281076 0.55585348477631 0.011139645841002 0.0447404376440646 0.459190291447721 0.0230030948622905 0.524687529570837
0.617302401693332 0.0276551886357074 0.00849672451685716 0.0769659314449019 0.0822630642446225 0.000821799326006953 0.0385448927763025 0.440831954843129 0.00888849226741433 0.37310504759475
0.408212272344617 0.0495529189892751 0.675924196170172 0.417033052327999 0.999388688683435 0.0293812010028392 0.205695476355271 0.510663750645631 0.100638372860743 0.522285093095788
0.946893689453021 0.100295692639718 0.999663080758721 0.378529744539822 0.99530822709222 0.255015560824547 0.314240726833449 0.582171449229523 0.169889943226476 0.519340731167865
0.0367752505827149 1.58044268596808e-06 0.303520675757005 0.257877575252674 0.31063741029182 0.0479878738285946 0.0092074471023205 0.516705477357076 0.0264184821479124 0.35062620599441
0.98600155269277 0.0030337702624675 0.885457861641844 0.431574743364641 0.964896972548061 0.0521601803209916 0.408495796067337 0.513199304603732 0.0870257591710549 0.393875957983183
0.113379386460989 0.227059744178392 0.984801892320808 0.480081322720553 0.992661412062507 0.128637892449872 0.507125750700882 0.539967695145229 0.263641802990981 0.556985529329244
0.316580115305165 0.0126958587125013 0.991932372059004 0.655035320364828 0.966363492984272 0.14781237860486 0.847639052325103 0.529665638926523 0.0986084779033176 0.586223452454141
0.367713787243042 0.000609412651592138 0.954068731819726 0.450467757013811 0.797411114819068 0.0310958181084411 0.149117632933326 0.47704390268527 0.14083960533003 0.291740555383138
0.987522315811992 0.0151761657619305 0.99997721303576 0.68841147238919 0.931175260219294 0.0231413248157201 0.568873319519487 0.569083279269292 0.277752953689435 0.594552757181119
0.930470458185641 0.132418974288125 0.972867138446719 0.639955729968967 0.995239841425874 0.359254817695165 0.660390823871521 0.573218521002007 0.336150270866415 0.487926189749498
0.706331057323239 0.491798600893607 0.999965206244342 0.811893003218363 0.998945523502184 0.342442749489565 0.726205061138763 0.60394940776152 0.532685439013542 0.678787973153565
0.576962063505414 0.634294152412102 0.947240647824813 0.408372598437777 0.988388187710745 0.111978631713256 0.710223238000633 0.559406299624149 0.263707140460028 0.653083244880539
0.642090340972383 0.187643090436161 0.562831153193605 0.643832026554639 0.940617263165624 0.0807079422345701 0.35822972875346 0.585487093212989 0.34850979233551 0.491702413811315
0.83899559923347 0.126777341965828 0.236864379968291 0.614965310798746 0.9871293629239 0.13216203079767 0.157548411870827 0.522484401848137 0.232188064805246 0.63491735059398
0.000462471211695822 0.000123697957385665 0.560896010152566 0.0345478214417586 0.185517859729903 0.000409420905536197 0.0296611364917925 0.417748434091074 0.00226101116646458 0.104658386766107
0.133373228245401 0.908034687497484 0.994029646791157 0.772397656204321 0.996500747788064 0.251676661459579 0.775109374629397 0.556878125550663 0.266110000883096 0.731685993455509
0.502616868759574 0.438164189544295 0.997509704991768 0.568467325785007 0.994417027414625 0.0506868150493754 0.0499530715510123 0.550304939330106 0.16899162418037 0.536064573251441
0.347847377305698 0.492769065180981 0.999713569143971 0.443220859652295 0.983224086624353 0.192664766978186 0.377499017584537 0.565975409751367 0.136069569122457 0.625996674478961
0.11234393819609 0.068028048233677 0.555591254173308 0.253288578804497 0.822218368857119 0.0132160904061255 0.14248903725343 0.513891226277481 0.130463482406833 0.392595390591355
0.11950028578082 0.281147734439152 0.999402200830871 0.405027731160006 0.900896160822875 0.0340364780261703 0.233139612396296 0.514895685166121 0.0665350919947083 0.755042213790402
0.160943706864375 0.14097614523363 0.893759016318372 0.452060714746686 0.997032380417381 0.123211062213561 0.324652697236737 0.546267596781354 0.0442172250331633 0.534067517976929
0.0332244951191295 0.0465142366000751 0.864184733292274 0.730618434002715 0.986708772191332 0.0724738029149323 0.128723403229673 0.540366515929984 0.21947662003563 0.344464680378319
0.0247175402950993 0.951087598686233 0.964696988823276 0.516112502191208 0.999678511734347 0.582113341605988 0.244390626118207 0.572598452885546 0.257702233055404 0.292677834307666
0.995851885149335 0.642478863434281 0.669669780552419 0.419092001317743 0.986880653808515 0.0169885769515641 0.57510989455108 0.531979809870825 0.0753913940105933 0.367328200409535
0.990575477697247 0.990419423886552 0.996012525728928 0.924225120000181 0.99989976997536 0.946696526072096 0.625448624670826 0.621821859955459 0.820024705603887 0.745411401260762
0.850225482906661 0.742551753579662 0.999088440570279 0.68121694578095 0.988074786046877 0.21594688283341 0.0443609665107699 0.547258494805918 0.155810708555065 0.516429627544683
0.989103498649044 0.160606324182985 0.888794064821787 0.691191847503749 0.997981229798157 0.132344211318718 0.749997452882431 0.580927589423248 0.373391532876031 0.732167509492889
0.989615362456326 0.874449340763114 0.994460503825478 0.821807934123324 0.999993278539199 0.537178042014463 0.597703205728197 0.628707346816691 0.715946723480308 0.831285982723412
0.203407560485115 0.200247516716735 0.999920913482355 0.515325473144658 0.998224363756023 0.15081029627883 0.303489544483497 0.550066513228966 0.215894081650677 0.554949920979069
0.78594977358955 0.281576214139198 0.938129695032643 0.564174351043811 0.997523633023289 0.206924678629033 0.391024034596431 0.599908013757253 0.105417589261175 0.718673757171415
0.0213829656458604 0.0505656406629285 0.993631308928479 0.464711544311093 0.937132877957149 0.04897982837396 0.278330927771769 0.488094669484363 0.0964861504344221 0.576591078826378
0.703502205879995 0.28249824101383 0.944043257638683 0.485392302646401 0.81234279547949 0.0197875897899417 0.112526463253614 0.524865085594388 0.0237227114952273 0.535169710199214
0.865711697415437 0.0130008095792688 0.9985349012927 0.435416827838746 0.63288728551556 0.0267503183970713 0.0831680427221664 0.509505615569318 0.0202614527849713 0.333877033815642
0.267034376958263 0.863652896261423 0.470920543332827 0.50599026369635 0.967823189248037 0.0983542284488869 0.166582126078488 0.5635794987967 0.0988212643705502 0.675482470569115
0.154626883506863 0.856187205276837 0.999912874974336 0.793632938725089 0.99120234310046 0.551510693854943 0.431235512936211 0.545454833534012 0.444395710440483 0.582350335814984
0.986169494967602 0.758190627890366 0.999784803385669 0.602681767493863 0.999778911212607 0.0865365968664536 0.581773387123557 0.589899601845448 0.0768195301877276 0.594154841666856
0.0568498512702416 0.721121509148846 0.0921470577427461 0.274394276004248 0.576122340586597 0.0354304237630502 0.112120087533661 0.517460122064132 0.0818978044117803 0.430997160433157
0.903848199046043 0.788513121188283 0.986350572508926 0.567705635336226 0.999592240665868 0.401230799186022 0.950907807413667 0.627204590420676 0.387216790918846 0.736204978030534
0.968065242124149 0.9215185655612 0.987206990324014 0.52157178313253 0.955067493441925 0.24496775198301 0.573911445800567 0.538889032197609 0.191513780141706 0.748037227375791
0.986479589022506 0.267751948482381 0.993970113132589 0.86239614926652 0.997544001260263 0.809337906653959 0.620669866413089 0.642288446975417 0.754559736175093 0.612732555187698
0.183545998380615 0.244336828739433 0.975571426706142 0.536877802062445 0.980631079875749 0.0422886265295019 0.381818597011302 0.550282485002742 0.098714275307439 0.520626132667646
0.639627119668558 0.041045792562674 0.956956482777318 0.37387779622841 0.964724856833893 0.0340217886011835 0.139530730001463 0.526450069632237 0.0789722190645373 0.496020080132322
0.998950629413234 0.0380807746247935 0.949953640157272 0.608363366826041 0.991025488788217 0.0877466827927928 0.189498179848572 0.500214045627263 0.0421027491665977 0.573122741589325
0.576986326137704 0.00467559314972689 0.997249684554165 0.146692542450467 0.681929928228824 0.0252003171192544 0.521974891786994 0.505292802145794 0.0189311436498002 0.363187762946346
0.996593075964259 0.084467389728109 0.94410142205369 0.427938728462852 0.989090942988737 0.159415651447072 0.230345240553556 0.551860522848763 0.135130974846676 0.549328635296364
0.0046554045150779 0.00044225336221646 0.908068368169465 0.412125170000393 0.145915405395911 0.0216988737653148 0.048664362047273 0.468310492436409 0.169655324140062 0.313633947601825
0.964100540266675 0.389901416925775 0.968855872061714 0.431052006140779 0.99112547845615 0.0263773133807404 0.17243454730092 0.545665880784104 0.162406845684504 0.549547928228777
0.954514057598118 0.943941206785998 0.847985383407415 0.441680795816286 0.997894239514433 0.0688741036420672 0.310275729228028 0.562523477372485 0.41953092794435 0.487060200821995
0.707928905614065 0.235896694045318 0.989436157977066 0.619976484465892 0.980476567707052 0.14311207767518 0.40369259018219 0.561969885370079 0.26838738618658 0.675221176916372
0.774790395362116 0.765098221096382 0.999817884981248 0.791866067780506 0.99988194164634 0.559104626142185 0.328076687513221 0.570887381811498 0.224781116781319 0.563934076499292
0.862768574082612 0.000855578847009556 0.650772577305933 0.316527182622282 0.726639146637462 0.017808867838171 0.304218223476861 0.490635318350915 0.0657670092483075 0.461024729826594
0.660652916684747 0.664775174954647 0.98927181486011 0.625271909395859 0.970630776595392 0.0139879064543405 0.323637501003498 0.548675411542777 0.2267949684617 0.578219089978184
0.78073280485423 0.0749248713581516 0.61445974534591 0.267287285638028 0.709463037291831 0.00831285119882219 0.0277981249680619 0.502741630062981 0.00951102463992687 0.229819881755107
0.0347940836632039 0.507242659070987 0.93219123125424 0.647490097119069 0.994310023128852 0.221743052608524 0.812486047497683 0.560234642590568 0.0891712685064465 0.726558345744809
0.997514645495353 0.472601049565044 0.912920686983444 0.799988952079447 0.99238402376298 0.0593756255275435 0.767054526558069 0.530356447974653 0.510845718207676 0.64057177254586
0.00550667841987233 0.00108852334546055 0.258892017340013 0.045007241324291 0.210707539258921 0.00455607619732897 0.187680800862641 0.416419434035482 0.00188167774145482 0.182854364306972
0.0725209183922032 0.265970636304636 0.998171572160223 0.608060665383775 0.978295838436505 0.11174217047585 0.275476550592233 0.547911615069528 0.182169267445406 0.660021184722003
0.0654710094983335 0.0147959784152533 0.900748971881185 0.296547031235959 0.650454592542346 0.00379758699007098 0.0258633521135297 0.478051695715588 0.0606213672794797 0.362263289601874
0.014442888916803 2.93938527615494e-05 0.366708909490942 0.0850923489300519 0.0939952096263099 0.00132396530273907 0.0757079744585021 0.433996412784138 0.00277750597305503 0.284291157761346
0.919077864839087 0.48620440969317 0.477913344995963 0.471444435639919 0.526360128302129 0.0134835812517339 0.084157849829063 0.509341835192209 0.127468048294793 0.63097436938667
0.0156312616668702 0.0335995722898153 0.258073038031099 0.137002507127641 0.306182632211979 0.00216450104304283 0.0300819576023344 0.442084517174632 0.0100316285029518 0.362780223833116
0.933597083474425 0.19457530951302 0.509288836340076 0.438143495734709 0.953955741039597 0.0232505073506442 0.151581074294258 0.540281556015498 0.195232445558825 0.458018668581814
0.956311679273927 0.110984154970175 0.969380628596451 0.161425806664426 0.711661633521101 0.00632068808094281 0.0916491760934217 0.450570402836318 0.020403022849202 0.331839547884075
0.64658949262799 0.204281949119673 0.849714596299391 0.341480487144496 0.922450129198556 0.0189966577471996 0.385529102937703 0.512377482260808 0.122225739827687 0.422694883717442
0.421368957424385 0.0291342900487926 0.916860905297063 0.395614733154645 0.992236685300799 0.433369299788638 0.336568057047502 0.521589683365443 0.176949524944804 0.323484013170214
0.8578667958013 0.123514568571369 0.302764235568321 0.369104935870425 0.836040247185619 0.0157089863082162 0.524080680890102 0.540860407199674 0.119001011594119 0.429477300807397
0.131119898802904 0.998012838984243 0.307299891730645 0.379153868081791 0.997055609403428 0.00623261160491534 0.448383932555309 0.52301317481984 0.246768041550549 0.349579354068293
0.127784755861366 0.15228902211952 0.98308195217465 0.528790139664583 0.88940949632499 0.0476743899136514 0.182072701296822 0.561806141875846 0.500434729719544 0.618644281827831
0.0557921316373409 0.990153014604688 0.999556462636193 0.789463703825035 0.997682348807172 0.743319255075422 0.91247991948558 0.610339137127062 0.191793896633015 0.715970630972231
0.236868272778369 0.184460540748872 0.999889020630496 0.596070045454185 0.945673891705629 0.0286458835903951 0.237946213715162 0.536127758658891 0.112846625879423 0.345350689689709
0.979064920621772 0.949485493538854 0.968036046929882 0.883173070233435 0.999458346309178 0.516348354983318 0.886775054553676 0.588660131700938 0.532769589694403 0.777743153630129
0.0735519597503141 0.376625845898204 0.999255860817328 0.481542662891225 0.987285093480961 0.249935956479618 0.113032700033901 0.576581624183357 0.156873602670276 0.596598550557293
0.0756702173734585 0.0173700084964716 0.759359927122457 0.197843010565246 0.393848394369593 0.00324249569693223 0.0418656275520406 0.444420673955463 0.00624828495229356 0.181120388823267
0.957118080207598 0.411282300866746 0.178542735793494 0.312492491382372 0.960982029985556 0.00916398889340673 0.0565513269383794 0.450304274064419 0.102882589762513 0.392798082176951
0.252057170729095 0.401369396359589 0.102008404310926 0.459909754298482 0.772284535836704 0.0747968555692458 0.0319265839192623 0.554968858451247 0.0366868394094849 0.694483835562036
0.0205525898919309 0.022729830135426 0.998201247633468 0.493348704396325 0.976964629220977 0.144561020779382 0.261384119564727 0.514268174046423 0.154520240609644 0.413326214148315
0.998612016078369 0.999464120813239 0.999734580851501 0.943949279761198 0.999990824719219 0.892547744836167 0.802124993042844 0.67646281270944 0.885653692252037 0.808842781865624
0.654216780620177 0.834874069411546 0.999923736830484 0.611068490317936 0.967078218891755 0.218522818481566 0.230865097226722 0.545339526142993 0.258207415394447 0.784308193667326
0.358753355349635 0.227622724335079 0.999281590346873 0.484938620963572 0.994125976122984 0.0447856229860717 0.638587808751362 0.528860403447236 0.313824385857408 0.612981426663349
0.00310812706694517 0.04713007531152 0.0940367937114704 0.232444391041486 0.434101128030183 0.0308641944407792 0.0885003109277653 0.484258115825303 0.0395566837386586 0.250244234876866
0.999832503647193 0.916793853098085 0.999618834640202 0.597574026291878 0.992140566015484 0.158174181213719 0.777689581062301 0.585674650320851 0.298792407093405 0.466194790797253
0.998914402874741 0.781007292233598 0.970195196136867 0.50860455194598 0.996294890119823 0.146190632647443 0.0480832712693576 0.546995882317197 0.13825831794999 0.489659201527785
0.657929848190693 0.0644069544897644 0.979570652256513 0.282072543749177 0.85355658730347 0.0689876550712726 0.149535023044262 0.519570488599977 0.0329847968466131 0.245312063054099
0.00304371072811944 0.00827911494802661 0.955144471479695 0.445533626254833 0.991935525485596 0.0791936544567242 0.034779429091142 0.49649432525587 0.0903293459387654 0.332168347254253
0.0805171490268636 0.822810318565904 0.437901359590203 0.236000172864365 0.918419947538609 0.015672093369105 0.38511406960294 0.535135670459822 0.0941320378289755 0.450870444219163
0.816868995137111 0.0212978871086999 0.869299079571374 0.201055457364063 0.616756088941764 0.0394675474455768 0.118889297198395 0.489143883977159 0.0239881755185112 0.509295568250757
0.853078485435521 0.493952260724859 0.977839661247941 0.403280995577108 0.993221705075262 0.0789482259458178 0.155510174049431 0.52356281829701 0.104511879621551 0.417651615699275
0.279105739935918 0.972079133841577 0.99808997732 0.924773002377652 0.99994900115788 0.723137296075372 0.853014894781917 0.654867779177221 0.653298843765712 0.845611687526239
0.287738297212766 0.624749124233202 0.219761882842141 0.265057926544317 0.875910838432172 0.0033056020111691 0.259389995636401 0.461836348753175 0.0261351266840302 0.350762495546561
0.798328922400468 0.92445770196664 0.999491440403398 0.884885172017787 0.999441875931024 0.674218610818115 0.624235031821832 0.606824261281914 0.595968380091592 0.764953027529903
0.0582274782572934 0.905623487737888 0.997821901294751 0.677802798907602 0.999884094774154 0.358864139163942 0.66861168413422 0.564016043518231 0.379587267783811 0.678593618392275
0.992964333166269 0.45888557205186 0.99948174572599 0.724731800709232 0.999754244136922 0.522053208944243 0.76078079217926 0.570950085160056 0.221801732973291 0.656155953399684
0.745028012523251 0.810118660455618 0.999150744569262 0.678681445350754 0.986977434639627 0.498418336783351 0.231925759625993 0.59268808624269 0.121101446861815 0.65537763609614
0.127535831082512 0.905973480900385 0.969808602020176 0.525258266484582 0.982880802484511 0.092019576208163 0.28825896429901 0.51280930560695 0.24103394594289 0.352689807530771
0.00469097605279332 0.0303217838809482 0.956364149897697 0.211388893537029 0.908431548064953 0.05771119538208 0.0249267779678947 0.490249925756008 0.0113273163436697 0.377532275361747
0.992665178971493 0.973961861254891 0.993957252752613 0.75555617182262 0.997078115572709 0.276474226259558 0.116685375807823 0.560910909717524 0.214742393331475 0.461544224759139
0.363479697967392 0.977987095970581 0.995268301454215 0.707111726022435 0.997506840766997 0.277951094497176 0.68389405534094 0.567486326193124 0.287398717593628 0.687017484115959
0.411072260329717 0.676532672300727 0.876135322195189 0.473753602732178 0.61571669561195 0.0381281928602164 0.246709330011695 0.494342399221704 0.10805827030236 0.417734968681871
0.647555668377366 0.0296484740889765 0.829491691768259 0.622278116134689 0.989542630960847 0.28237316159255 0.303836640246298 0.58358957336928 0.215947127140408 0.735643522172486
0.386517793907922 0.0467181557065848 0.999806524426855 0.742097992978444 0.999518725444811 0.671895653962242 0.491300305919306 0.604257325304375 0.27985027419139 0.562482510033879
0.835266982526483 0.0423303579222173 0.606750897545832 0.39654640643209 0.795405959706916 0.0239524448493895 0.505130149254202 0.543677329701395 0.181433151164229 0.48982374065848
0.613458106920397 0.0138374190225017 0.895927283777528 0.393458074975989 0.976510358175318 0.068467505769456 0.532420428695479 0.529792732039626 0.138835913686046 0.411120031464563
0.0304484426987236 0.1401139286888 0.169862467046688 0.314780663398506 0.873431034539646 0.0110313019425976 0.191983978986572 0.513982100206889 0.0337281254396768 0.446611246276949
0.0062742794452045 0.000267338235655365 0.993381449495696 0.325105472055953 0.244549622260677 0.00884687945980942 0.293037994951367 0.464190248180519 0.0122274548334503 0.557951628721553
0.0226795088219179 0.947384105042447 0.822272972697278 0.372760305943824 0.975291560166346 0.0156426908784797 0.11388764465044 0.499866745008573 0.0471614892820279 0.484972613586795
0.430602313744769 0.127287767117432 0.86832706278358 0.397259691157768 0.984889665093783 0.131726976180009 0.462002878432406 0.525067096009499 0.0906472023041392 0.523182863570982
0.598571090259555 0.162239363777301 0.999641447957761 0.682858273544991 0.992160664169288 0.0657034337304819 0.312622002116171 0.531680557344209 0.137513245156628 0.575308739201121
0.00489959288530767 0.00242321569186174 0.0241912562325074 0.14449942795485 0.71079854305139 0.00770706088564913 0.266213500409088 0.448546601383293 0.0546481496754972 0.227097971825435
0.788187928055175 0.92834699924659 0.828962309855392 0.652608683252448 0.999373337019009 0.0997447614258257 0.326869762292686 0.525430704871208 0.120451963605661 0.563173387592017
0.524194929144249 0.432629955761094 0.948869516329825 0.431866805765245 0.989284082147346 0.0322402347096167 0.269730918416297 0.525962007560942 0.0390679966311095 0.557384685963529
0.740509384508155 0.238715755609868 0.858367921666885 0.697025073516165 0.960404150536863 0.233974708949995 0.559656062869216 0.557093391640539 0.355655528992028 0.582999298813204
0.613979353457578 0.00783018376332233 0.890234931051261 0.15645759621818 0.843927571810896 0.00148092254965579 0.0630606774670229 0.41912882041216 0.0100120885638949 0.268088388077152
0.934178160498238 0.988925564822383 0.995073008700372 0.554497604602871 0.993783264811099 0.201145478529879 0.533928009608428 0.573219005741763 0.334413288839361 0.458183733941999
0.626428629994437 0.232122602861712 0.997724987798804 0.501930321383603 0.997158146237415 0.159960020971074 0.34322650216134 0.516442695647168 0.0423783995262376 0.334645518876963
0.191934555353032 0.762103680642784 0.976773623186472 0.410705436055591 0.95731561109728 0.114911079445346 0.223387363615286 0.543688032335207 0.118825995519279 0.602851296354083
0.967736555788907 0.136816817602793 0.809354403115561 0.26711908461892 0.957503496484403 0.0175055809163875 0.0092444011173649 0.515092633339318 0.0392386873962381 0.286799839909249
0.824796950837198 0.731304913337208 0.732871053048284 0.265350481652545 0.970385957145826 0.0551401165602169 0.378366923305571 0.517506014514049 0.0730754766941517 0.29151645900857
0.792415433581158 0.174826383281804 0.786715738496214 0.589201792538836 0.520548257077672 0.0124168780524103 0.0642428564600734 0.467971159774107 0.0199897969389012 0.479147455528544
0.44157713739615 0.0106358849694984 0.985546365810147 0.390173710499954 0.965923089775219 0.0433317431405196 0.345766307724527 0.535447895215926 0.0390703496556352 0.284887900012637
0.952553113969897 0.251035275191946 0.998702985152327 0.370050584284229 0.99061915070604 0.0308010461535978 0.0901534529013091 0.519837605051002 0.0276369917929865 0.363240062536413
0.230185884174834 0.148506901690224 0.995216885466526 0.516613400200402 0.992113797335662 0.13858168565463 0.18787599770779 0.556420757115853 0.0765296453769671 0.267712247877721
0.282733964988017 0.989776091918273 0.999461622092106 0.979155647152432 0.99964789443568 0.907885791666075 0.953897305280309 0.70297789686713 0.877004992370387 0.883869804422438
0.736190436234691 0.0570588109729578 0.994185380397348 0.564111553308867 0.994772297757774 0.100082946713311 0.460227242133948 0.533308735240399 0.137723673553283 0.331193395721167
0.186892064265067 0.00699858248840601 0.679302558541841 0.241177683648148 0.9387558717383 0.00842158565794568 0.032096075565475 0.498541071209207 0.0148084684457989 0.271670842930877
0.265753115231726 0.0478860845481677 0.971158452746353 0.372153406020009 0.955214940067163 0.0860773146048637 0.20872210759491 0.528471941432129 0.0711555422100797 0.649195754897864
0.406346771268268 0.0168692372350403 0.946785162085722 0.31178233807561 0.765604621751238 0.00987948505031795 0.107383600222203 0.495457876303694 0.0394686765670412 0.348413050215545
0.646608217426629 0.113983942469445 0.994191522705973 0.780068761471591 0.999930511295656 0.484474583316075 0.234063921501657 0.611197052199963 0.309845615100097 0.588003240779864
0.0440937437187844 0.000615310924396925 0.254809497234111 0.342004998377251 0.953408490032151 0.0206123108488065 0.578358216393628 0.463464912096845 0.0764697774432345 0.448125292113147
0.11025253559599 0.0101908470251096 0.0717872569596403 0.0617065867170972 0.0431766614389997 0.000785098732944297 0.0243869718741217 0.397967947505125 0.00178094551618822 0.389681457016562
0.782308094736232 0.749277034883359 0.838537157957598 0.823264929604779 0.999214658330873 0.238319089097555 0.388121492000607 0.587101268083875 0.312839493716722 0.672966515333328
0.174068928895677 0.213906369180546 0.983721250808489 0.458857410315998 0.995902108209629 0.00677738216336583 0.0128739181875507 0.483274293007409 0.0500112747631166 0.316260631029465
0.977995771271056 0.784461841767436 0.999153981856021 0.68040795373815 0.996891227469073 0.242807768582063 0.159399952205517 0.570072903668311 0.38109178548622 0.592711350783164
0.87080639612284 0.995544739015168 0.866761882256951 0.400583823937642 0.955762653532304 0.00283094496678833 0.114829353632146 0.518628173645523 0.0301721818665326 0.33202117557573
0.202480992432958 0.835523753820565 0.788156361132001 0.434936997098079 0.908827318023079 0.0371894458284421 0.127175642741993 0.502011080424847 0.0430355571783769 0.306595366015036
0.148535031963677 0.0612572445684942 0.991383947327049 0.647750802757935 0.993625133438712 0.189799034674207 0.199337645042316 0.571156736975801 0.141815587378049 0.735789434325132
0.8968391633899 0.996078909134276 0.90425565968376 0.743271505670953 0.999408591781661 0.341915433277323 0.378323109259942 0.580971546229002 0.197932134187851 0.634140002089097
0.755201044997102 0.0386517368368616 0.957306047229893 0.293984429261757 0.725068078568226 0.0458854182999486 0.160933300616875 0.490063460166278 0.0590159441284938 0.439557075780522
0.113588363711323 0.0508622143582556 0.963014933338898 0.371264532607285 0.991949147872156 0.0247447286690248 0.348925949332273 0.510565235405906 0.0555059174605461 0.328757795754649
0.795710070670672 0.487517624308666 0.996297802211251 0.481958019246032 0.988725868239783 0.578766471497435 0.0819423776851134 0.553592888736159 0.188242205545378 0.597881448536866
0.685029782138837 0.0641764213734762 0.253844389887341 0.498091985655798 0.723354803162086 0.0294268311460187 0.282388523806299 0.530994563860272 0.0719327495636789 0.428386544236152
0.254796012282987 0.618502060261394 0.901512715340093 0.388634620761446 0.994246476915441 0.00903880573279987 0.114048230651273 0.547131851557577 0.157079380078375 0.564844248805731
0.319834728005082 0.694154765895193 0.993959172448167 0.860159539289974 0.99997368594395 0.307479197220296 0.598233508889147 0.611235657352619 0.465869010212132 0.756943299575686
0.83959685842518 0.0143400472029095 0.0264939152544499 0.217510411777203 0.841295463401475 0.0225259680984539 0.206803815932074 0.503685907623553 0.100286366116336 0.44182836858618
0.92377741629225 0.544042336660336 0.997405860383163 0.867151578609533 0.999495323771787 0.377692706232261 0.142737720077627 0.609065403834978 0.516480404596225 0.754105051724464
0.669481678646075 0.586316021197428 0.999069437583607 0.348836700426777 0.986653369893527 0.190926807890255 0.137854047545056 0.540536621567749 0.0425554676120788 0.560951421414376
0.0136963168557611 0.387470962373796 0.430039890671849 0.0939343006394853 0.273936195468105 0.00383470903079716 0.00550423972354828 0.422537003990494 0.0216149449531447 0.306801249967179
0.670852647635684 0.358946209518548 0.944251279433906 0.397285570615952 0.95749242878345 0.0291931821177222 0.184208309669785 0.537933339147326 0.0477237158198337 0.500335418360764
0.982874496547543 0.183948516233783 0.415758585355337 0.636854046161519 0.959722854616618 0.220549763560561 0.933376689224967 0.56119980172506 0.147805222152606 0.596720590644076
0.0725612551231095 0.979927872241612 0.946311766140051 0.317004949203663 0.97762017456218 0.0796124241635328 0.40302406872845 0.526878111631586 0.0891015422021707 0.306114173796237
0.919458133417236 0.497192201167034 0.861870283939097 0.742571341751056 0.998728221885772 0.202049921518389 0.694860744270225 0.590941257109642 0.375976869016691 0.576869560014822
0.915526015453433 0.786961677200821 0.967303386045001 0.789699556624192 0.99066716030483 0.361200249895507 0.428954114308177 0.575864965965907 0.23845395363884 0.604564094842356
0.147018749607201 0.0285591740629637 0.977568584193833 0.467019582334974 0.985439511191888 0.0993518931387784 0.190171987736119 0.559713640910039 0.132419014756955 0.525328470356341
0.985179427962975 0.987528296713218 0.938138904439446 0.770853558455582 0.999069709186162 0.217996631355423 0.319705138631201 0.580797709856541 0.328596396121466 0.706644267548839
0.276820918686375 0.125257768229422 0.894933787053866 0.165006294214097 0.704509010735948 0.00765053773997676 0.343119088435025 0.443586981986728 0.0395346178041766 0.322965939839223
0.444276819235708 0.936366652015532 0.686336445926226 0.662349979098729 0.999696384164896 0.206440320352107 0.113531387754748 0.573214311053571 0.0763080594097565 0.65607900455573
0.892730358584951 0.0199740535807633 0.979326900624144 0.494603008423247 0.996331184788275 0.067282696759903 0.351427839928895 0.576270527282135 0.174471615544929 0.822628446057432
0.896807418104664 0.00684314714779816 0.922092725568155 0.719573649802526 0.932881005882869 0.20407086830164 0.611079172281358 0.542119682592211 0.23559108505017 0.62776694827709
0.987984684398897 0.0251315250149063 0.0676315040057602 0.156910291291928 0.811031257853574 0.00585688112215976 0.057128676530369 0.483189274066258 0.0247537043872703 0.371164606336351
0.879034217790576 0.0316576211569892 0.867576981183098 0.503570301494459 0.958645563105893 0.0352468464519694 0.31041723725161 0.5206137169701 0.120869314331341 0.44140816906408
0.00226958573229483 0.147243253348714 0.995027659099338 0.6195553528512 0.997645437257931 0.0515578168176674 0.258866256779478 0.534267760471077 0.270166171879851 0.621854374611405
0.0241262443459551 0.960508388394647 0.981055206648387 0.529969181315211 0.997696427399943 0.339942412557192 0.532821494603839 0.586021668688388 0.482531001730731 0.635583288253997
0.702466050093271 0.115082946759595 0.979725609811818 0.638907944815058 0.997566342724031 0.452597965304031 0.284485532149023 0.583787513966412 0.155004565312807 0.502588064988031
0.996730884590928 0.922066019181207 0.96036323676466 0.834431801822911 0.999297696853796 0.287948787862014 0.261002821964858 0.62034794257004 0.26196669610096 0.735894281159432
0.934135397905522 0.093134190881568 0.998643561030454 0.401878620628821 0.379657911236015 0.0335958781161107 0.419787297445708 0.512280795062642 0.0343174840249574 0.392665681881241
0.877618313249943 0.74353233228221 0.936002549114436 0.466210121615262 0.91111148831832 0.025702165624214 0.171726496891244 0.51694102299002 0.032970874799559 0.285250367974938
0.63564044695362 0.991569867399579 0.6070974271123 0.521679769974903 0.996590892727186 0.119378381074408 0.114091916091175 0.532689702485608 0.243238318349995 0.633942692775587
0.00812675834145742 0.355512341607882 0.971611045351328 0.422433988626751 0.839383671310023 0.0514074610369162 0.0924927719095962 0.557125457761135 0.111037666295591 0.502953517838774
0.997561792568925 0.967378554975091 0.996559506439578 0.680326739981962 0.999879173215924 0.362575578791267 0.256332296367756 0.572645343752566 0.132951235577316 0.595053319392687
0.0199937362556515 0.00192515356389238 0.85315398225792 0.573168867143705 0.874244897816735 0.440286284083645 0.69497851229135 0.548839821231206 0.524382497601391 0.270595876702603
0.837942075077721 0.000917375960574995 0.209782353431527 0.127970903361893 0.704346904375652 0.0164350819295608 0.0331933680976696 0.491007639493212 0.032808014571154 0.242671097316393
0.000229660674574062 0.00314400066687478 0.687678174649962 0.269119446904628 0.756503792172601 0.0137366528720657 0.188162856008753 0.516864595560941 0.0386151140136349 0.423462378138971
0.209752555499582 0.059387965415662 0.329172389709118 0.656520515360219 0.990068708257957 0.00965112058004791 0.64420428779005 0.516155237791698 0.0767412101754322 0.499723616558547
0.560435962864669 0.00086909857753526 0.985071498860015 0.526432503431022 0.998800225592059 0.118376570564031 0.701896675270461 0.547521735000752 0.229509373902161 0.546720299125426
0.86019917171775 0.882750910436403 0.999712574204299 0.673549177531609 0.999706398409637 0.042190170553609 0.780418427882729 0.585263952463341 0.14147252880238 0.556877323340773
0.694643172985037 0.0151315511640881 0.978287057873347 0.283616678369512 0.353221407923651 0.0193627175002691 0.650001595768096 0.516413199650334 0.061316506235646 0.593809438027891
0.00470518808164147 0.0185676333467347 0.946341106206884 0.317938807340094 0.965411403768281 0.0752677915604587 0.142151807308101 0.491299458719523 0.0540734709527236 0.459044295466802
0.948694113268474 0.781795813388885 0.998867446236869 0.635556814290841 0.988970578605612 0.263870444586786 0.189063363334297 0.548995440286517 0.078564768823409 0.616209377475146
0.555898223300505 0.121020824465488 0.175750748352237 0.324977855194095 0.830089542851361 0.00767578799055555 0.100255910493452 0.482507118724377 0.00421469784555174 0.395852405740315
0.105396896914419 0.00828612189958556 0.610768816725984 0.334207469022291 0.619660788915997 0.0212563184954948 0.120454708792797 0.494593534619433 0.0754036800620086 0.419069974252431
0.333708702977446 0.457275949814831 0.977298897973174 0.528208357847916 0.944517700101597 0.154216042731831 0.614434846827247 0.525595486182895 0.11153447679157 0.460932202969021
0.997992893415457 0.200693484019251 0.885467259609747 0.483640154813087 0.994157087220527 0.0906322083441818 0.456981774922833 0.501861752892418 0.10214280597755 0.41203685890234
0.0396385533235345 0.145514883877456 0.480212768838142 0.112653367806577 0.332080153922909 0.0107328865893174 0.188338172855924 0.461921633984151 0.0214350864321845 0.172614957248809
0.924828331978047 0.692889626245985 0.730097345376814 0.414111458195575 0.998070713860678 0.266914141878201 0.0722942961076281 0.570267899335857 0.268564362014295 0.346830468436873
0.483723552583506 0.03668005260206 0.983651898145569 0.375924985068467 0.927106165937125 0.399074680255224 0.585986909562223 0.508681049868753 0.027756013306065 0.394394858249464
0.538740783576677 0.421427172003846 0.96975315235153 0.117161362207236 0.271877054409652 0.000323369515697964 0.0160357102935683 0.416120784920486 0.0233956499227291 0.366790496034678
0.906068587460633 0.983394484507572 0.171129934773139 0.473426535509267 0.83942864383334 0.13983364991736 0.217320411695122 0.535020051220273 0.132937383774909 0.393057341394486
0.842780397877681 0.100229327036235 0.845047138115472 0.348240580632006 0.943728091707172 0.0516369650252529 0.434145395355347 0.527435322196198 0.122461741747383 0.647335356538207
0.00906597395899293 0.249120841906014 0.742004467487855 0.149755230819336 0.507592256919087 0.00118546121963442 0.149485093260059 0.421829966570625 0.0247001825342082 0.170789855857489
0.512634342716924 0.501225189258783 0.697193476681321 0.428823874209844 0.970512431733174 0.0567019084790953 0.0592792437924577 0.540116621196884 0.2352277952617 0.36798024393293
0.352071262040016 0.663419334653087 0.997193132068663 0.6500636095656 0.994339161315765 0.0793824118566679 0.458442255374771 0.528357078340207 0.230359070752258 0.245809125783638
0.00717087196069251 0.70023783004554 0.925674162381548 0.330271699259524 0.85809222189397 0.0648225051022201 0.244399789161174 0.51353103152853 0.0183507395970032 0.431923798770963
0.00529801527266323 0.00132680612300271 0.947096364622275 0.180646592094898 0.835605139925346 0.00285541900816932 0.384868588248661 0.468180345190948 0.0154025222089271 0.222209639383754
0.0360723084598028 0.0261551599485504 0.944653734650678 0.431148402452357 0.995778380884463 0.0525506152145739 0.5800767501108 0.493660304013419 0.0537523445770851 0.380336320894062
0.115626856239228 0.0197430715745108 0.329272706003423 0.256362188699365 0.906799955001716 0.0243002819763885 0.0273097691223235 0.470275956806838 0.0884754615503859 0.430693200954049
0.835401376076291 0.29868542508207 0.992053949434184 0.493765341921848 0.996584007875323 0.0287475884192147 0.335062699871892 0.551629467764605 0.17604942953412 0.472331281063323
0.952976467177481 0.450787527399834 0.58826905808059 0.529492017322793 0.997939734245187 0.423331507015151 0.3340659822629 0.548552751065796 0.299864060465268 0.480162288571488
0.902629090545917 0.262083444507101 0.95469571983818 0.41172470287268 0.99281571226646 0.113244222223783 0.468046086437743 0.528879870581697 0.100777218709504 0.371478933243563
0.649013291449945 0.334103647349893 0.704505531661159 0.794336431196215 0.999483496376577 0.436926179071571 0.125695257062798 0.532027522808697 0.21339229673438 0.56587083948123
0.113933128605991 0.177821318667685 0.687277822313819 0.142699980249181 0.278280844665219 0.0196046985581496 0.181308223842371 0.489673884599723 0.0247519802268213 0.451019148592403
0.0852291308837707 0.0178747090046846 0.908049638987056 0.450353915469449 0.998903939352697 0.130011920286202 0.0660586853109311 0.524135468323496 0.139197650674493 0.490421010565519
0.940690874802432 0.127010801877713 0.913142713975866 0.512085864564132 0.996078935476476 0.171972882422358 0.127352653726436 0.598381430139047 0.20935708191018 0.473635113934408
0.996967416699897 0.337100463083484 0.997408049050998 0.627230534329038 0.968941258478951 0.387175928803045 0.441779936381179 0.538292402185935 0.0517832353376691 0.436445580120261
0.459833840054545 0.728670007263879 0.973606269328138 0.550815971388802 0.950500561957425 0.0508073753849112 0.11865703893478 0.565688498984489 0.241290390304397 0.56135908930176
0.835410374716106 0.921463851252173 0.999761982114099 0.697790469966397 0.999169207736434 0.245187758490375 0.49431851031364 0.550139102055853 0.0861453289842423 0.726589011197715
0.999595130023077 0.00699466599636115 0.986660365559374 0.495764457096616 0.997171339011996 0.373901880437921 0.519451425688032 0.544741329573695 0.141107977298328 0.688626683531054
0.960200189911188 0.629861520433341 0.976368522752118 0.791998664908378 0.998032274716967 0.386143742231178 0.422997875057624 0.562435408458377 0.131259339659231 0.55441934897924
0.433809685741778 0.0463576484757587 0.938550350420252 0.169490238545336 0.988628716101571 0.0255498287971959 0.0456811386072839 0.484940136791117 0.0308824459451178 0.445951374498281
0.144238722624937 0.171160137765988 0.963474251670432 0.327067260908427 0.962459690589124 0.25130822898949 0.290924007299895 0.513808039855176 0.0731444640152877 0.424057034852465
0.993433172197551 0.699042078137707 0.299173687741925 0.792218987468069 0.999393735069256 0.143778653982815 0.970424184656755 0.616269006851155 0.355140083526028 0.833299999987972
0.149004365415435 0.142143582081316 0.995706832438982 0.559721809906634 0.993753713662676 0.117312545128727 0.177388994622889 0.560612444157241 0.277665241819145 0.605872994639528
0.361603745950409 0.0443581499435973 0.952693520088524 0.762922765399731 0.994412942615335 0.172359204491614 0.0840716783065726 0.551636032025872 0.656858545872665 0.704686908110065
0.00631840952300122 0.244817286458525 0.984745784129918 0.189162158084883 0.845591746312961 0.00818268129548713 0.0139212690511673 0.502656282683792 0.0272330766723763 0.420403175857347
0.998636739509726 0.340401327875763 0.840672020559839 0.758030075517463 0.998584640600867 0.0683596197319921 0.440594513806153 0.588791965206321 0.437008224342953 0.592946526189107
0.634594193620509 0.309884216335399 0.8563235322147 0.348782699218828 0.972741083598712 0.207934189068868 0.152134791120605 0.521850302325123 0.335495545342351 0.48644056625433
0.994279070093319 0.136556973638508 0.229903149837602 0.448047629669295 0.814879180074219 0.207858882797642 0.0739546378959423 0.548466210378114 0.261736244081567 0.416546847736183
0.0251708243033491 0.0333225825589426 0.942563406586637 0.382173483451707 0.934215684795321 0.107689624723074 0.30310579202207 0.491899408229441 0.0391791864247905 0.491318494484578
0.96515771883439 0.883023673908502 0.990745785028788 0.543958279369781 0.975386058103979 0.030780006224002 0.107994963290586 0.535486079808535 0.0947291093295126 0.408048207358319
0.898836018514585 0.152756329752359 0.843063446811494 0.817555504616257 0.983022368386543 0.184829055679675 0.347660862161139 0.551785516880428 0.342770250630949 0.734432412287632
0.000406354868917589 0.0918743452243714 0.805070307994487 0.179719127740182 0.310815714885622 0.00103273490644096 0.0345876820920776 0.41797849284047 0.00767130168175824 0.128180836672365
0.942059984523407 0.040272693037727 0.960232665806048 0.259872882167275 0.845100483009877 0.00629667864748399 0.0604624740499066 0.49303660465997 0.0146317166768868 0.287349140557127
0.685773662595365 0.0364720140516881 0.99320982639647 0.693004114198885 0.982463681311079 0.447369131271435 0.70539695264562 0.572303831774568 0.350570481683029 0.553069312484574
0.973615788658214 0.886900829935213 0.94744697519951 0.801202730800719 0.999876007847781 0.47557559967658 0.629396245498339 0.623637122434289 0.646551478746619 0.823680682053312
0.825014754878183 0.042889645967 0.994520485665773 0.324801790567461 0.882483058915054 0.0190642365121639 0.144543160369625 0.538341128580218 0.0444852672714974 0.448388197104151
0.938993832583284 0.536358395655267 0.980339452470912 0.616970177255754 0.999222814202623 0.138363160872378 0.826341668589665 0.539132488342858 0.223328010691131 0.509007659304406
0.711531829761236 0.0086841984000655 0.905364926938079 0.144956634419572 0.787763010024016 0.0953811481382386 0.209692239571337 0.505285881721322 0.150143411806063 0.497626339473984
0.0294133023456305 0.00505437117214886 0.788563153902477 0.0898948457951251 0.0108699834117714 0.00177611326149594 0.0881084924571246 0.447998471376501 0.0124042396197647 0.183786390648554
0.813350183540788 0.0938287519177784 0.964354057704162 0.822702930804686 0.991069252770826 0.415925850492273 0.134827085129921 0.580467098689582 0.33530238853336 0.550478953048122
0.332219054029719 0.00981317533376142 0.978997695620515 0.452339576597254 0.943875080187815 0.00623383119621039 0.0348617283197748 0.497938338021859 0.0852679498994041 0.370268826258941
0.401175954240596 0.85734240263604 0.99376662774196 0.743073578133391 0.998295399892392 0.00731961329065145 0.095910934940097 0.54470726336608 0.230755177413195 0.609492881720597
0.99744647774813 0.936048479471224 0.859684373766197 0.659550189957402 0.985231430178816 0.739208079970282 0.334179849257242 0.591373124097362 0.454728595064398 0.546412703078611
0.0895967521379586 0.226169853363781 0.999213807706822 0.81097101794084 0.997546229720709 0.0589730461883446 0.546583384653268 0.592554795730898 0.0985175086320413 0.571411013379292
0.996707515092711 0.78055881153096 0.999050578697475 0.900640141919622 0.999784688027179 0.46249845074384 0.867319321350011 0.606323756651037 0.604340386594847 0.665278371271764
0.00451035022365261 0.0709125025794777 0.128748141940767 0.63974364272354 0.982787245579582 0.0620881509283124 0.0977534247783201 0.531109433894719 0.104749702172587 0.269822129431038
0.0796147195132084 0.0108723555607364 0.0691012997588913 0.256176580981622 0.71626697258127 0.0127030135279244 0.0577790714972411 0.480758430522767 0.111506524158044 0.368906233528755
0.192549176435836 0.0380570411122431 0.394346533510172 0.258344862610105 0.595796454751315 0.00432246385940941 0.0779545915191279 0.515182031147223 0.073838178028317 0.175537210285374
