0.714544237943521 0.581766960533453 0.960547323170487 0.325628052955252 0.917010613944533 0.0204417436767101 0.142310893077765 0.527691743987348 0.0857679893087761 0.300554588104656
0.999044997967005 0.98138137693378 0.999227117883745 0.416203944893742 0.986018836229025 0.0539141439417619 0.562052245145767 0.546089556774592 0.132287526347744 0.559854440875207
0.120178494198328 0.364083827536987 0.998240750936597 0.548314598893061 0.990975099170679 0.331869131978656 0.145755446709754 0.530428021577816 0.0771456876760867 0.442707206245914
0.0562264235939385 0.00255519355422794 0.214368562103178 0.148604429480059 0.362232486008184 0.00734226954204851 0.0381737864875577 0.444790350911474 0.0324368373369635 0.192563027593506
0.778028190477421 0.316555020088229 0.643742976397291 0.24438994549168 0.764069352025514 0.0301443860157775 0.337276737370605 0.49600017276256 0.0341217699315628 0.334814715565587
0.176222464073451 0.0401655105027789 0.876600689104382 0.563303046527408 0.963995789789523 0.0347948978004024 0.125758195953558 0.501474412789915 0.135112559232261 0.480059779710429
0.898359483156608 0.13171003028532 0.942965308016291 0.752984047769043 0.991659560858028 0.0389167516365685 0.446827086882342 0.533728947336978 0.294403607163587 0.633562668044793
0.965167297944102 0.000265157808180231 0.785075746332051 0.113193425991225 0.828909360520865 0.00728470933348296 0.00826879630588239 0.467167280861612 0.0403573837376683 0.0824587481323796
0.00330212426951384 0.00103811825379833 0.740591077330098 0.263674778458545 0.462271901487552 0.00960601002934288 0.0832772286988047 0.454035960404103 0.0149274372583229 0.15693106620827
0.888260121889283 0.769860006493071 0.170711490566377 0.224162786557001 0.874476686843274 0.0938067087849153 0.839261518134482 0.494295957882266 0.0139341152521197 0.463996958106822
0.88191054604572 0.181906129084726 0.728953793106023 0.177948167199248 0.920087011668357 0.0316514019952273 0.0833991092959529 0.499064509673312 0.0932178505681668 0.641694265313916
0.565248258498935 0.051199632094109 0.130336120134604 0.169713168071946 0.39772911050619 0.00790059536865057 0.454895031337523 0.482724094834452 0.0238307306308561 0.46409869121588
0.716929857261692 0.945012372838571 0.993800117366994 0.516655439809714 0.995365013128686 0.254073495704804 0.415343004498332 0.540228174901089 0.370329614978155 0.507761989457285
0.101059667613265 0.00798548774155438 0.993055936941623 0.555828664148446 0.98711754769283 0.30736600779882 0.422163460353661 0.563440211953201 0.342236518064143 0.646841745207401
0.903989389339794 0.033444472270433 0.366977329000844 0.752816594347709 0.974841654027109 0.0822348675242667 0.216233562155488 0.550988156338281 0.186082594871932 0.538877403879704
0.683910682027191 0.0723864004603325 0.973935398157809 0.353538346780976 0.97471273689271 0.00913854434730687 0.180225927250697 0.52658418788102 0.0758247307695884 0.28183864381164
0.225829528005899 0.991663258505118 0.950268313914764 0.513167273606489 0.989414262436598 0.264495248627227 0.0818066861302913 0.545561648546492 0.150085685107066 0.545611661880284
0.987910509856325 0.279347490337714 0.990194778404256 0.38459764590068 0.953118577755851 0.041129132716884 0.559209733188349 0.52446165174769 0.0451842559685439 0.458378040572472
0.0012852373248521 0.945502747026198 0.666732628375812 0.286468718616521 0.698794410215247 0.00444970678013061 0.0931336503753314 0.497351707886695 0.0112128070834125 0.380120795814084
0.925986778026925 0.302660836978628 0.980754249942344 0.387302112270741 0.956631829639607 0.0419610475822529 0.254017463175754 0.517903521104224 0.0491444103029829 0.426279157638062
0.969288561167411 0.00473125510348184 0.733449050042612 0.450963450629187 0.923252357835742 0.266847528779522 0.316263224349858 0.528382859073184 0.0572011309759837 0.386953069889783
0.00299188703064536 0.0079665577330994 0.149653135820529 0.165904599810608 0.825119724671315 0.0185904802325228 0.232260073569654 0.485863342376302 0.0349012994810579 0.324784956296054
0.284026054269275 0.130377568489063 0.2899519002636 0.207958558827228 0.901012679753349 0.0972625602860192 0.231655567233775 0.492545489885439 0.0588592407849202 0.237063501431919
0.267031164339943 0.025407541454475 0.693835743140795 0.241080509452908 0.828114010769915 0.00793935883809617 0.0150315615548556 0.45446265353284 0.0194636881134178 0.364647601340207
0.470302703348726 0.254103630184462 0.733053758937068 0.64987057881859 0.999507979516301 0.204532035865166 0.505456239385195 0.567197702236287 0.302252831042554 0.600142285252383
0.621582357750606 0.926615104601715 0.989248780864168 0.526190363608533 0.939109486521622 0.0658790383924052 0.495468810188257 0.54375310295323 0.278700198003543 0.669952618619434
0.758876251379237 0.0762279156231717 0.985567274328427 0.504306459603509 0.977601898174554 0.0389064269910862 0.0672776437390527 0.516525602889442 0.217356305619303 0.37305855556443
0.985671666148481 0.41575621741794 0.995084964354571 0.482974683853272 0.993781483407948 0.201328172759304 0.305209670908272 0.559507824055693 0.178245688176187 0.739174148857599
0.195304198832291 0.0651499504274999 0.856710748945918 0.567303122498233 0.991801003969941 0.22797166661949 0.75180054886108 0.550413913820447 0.0797139255726289 0.511458506463929
0.99492499984361 0.457267343141496 0.985314401241623 0.758353789292247 0.999545743386691 0.532997182316709 0.313985196706923 0.626219733446098 0.309809444510982 0.522783274312359
0.0644475243183768 0.147902244417661 0.998955949842454 0.276029053015339 0.33917074218853 0.0408483207977435 0.265532235976566 0.485177752956111 0.0723159027069981 0.354647432968239
0.989757158687125 0.992939839876433 0.998348162380299 0.923039639619164 0.999910875263537 0.64849543235644 0.737026297102965 0.650210211953893 0.718160367980107 0.806360210431542
0.0998041006498595 0.98262213137138 0.989423684424553 0.391283611560981 0.929436003508788 0.066562912406485 0.10871511661008 0.518782058865331 0.0873290770492707 0.507986842370907
0.999405569170749 0.979333447761752 0.999710202120099 0.754429562893775 0.999684701535156 0.566955774794094 0.174075388096656 0.635529598026057 0.603776579283265 0.663387427483513
0.192667463690843 0.000239612776639801 0.868089748256039 0.117469354787297 0.527996404152651 0.00274542207659101 0.0995712046178919 0.436235042109718 0.0131331079022013 0.246087607187233
0.9861698471907 0.9872328204025 0.998445942761876 0.926655331855492 0.999928629221645 0.793111318827774 0.579001356247067 0.656218619568619 0.740170559032878 0.829879812300897
0.817751988329574 0.364151948183237 0.998282711138917 0.590210492884281 0.999036562309449 0.414769347583675 0.571198744587149 0.549654508133503 0.458692424449424 0.36567783129992
0.710785380246856 0.845772947411225 0.9653115081638 0.341029792864873 0.879437288362302 0.0606235609807571 0.0843134787135191 0.521430372747205 0.202799131321191 0.354115405071908
0.131224298316941 0.000306760364106741 0.0999909188164069 0.166343178071652 0.878344490989716 0.0174320258292674 0.00188705510113465 0.463702003800819 0.0222749710024459 0.348743804113794
0.225577201608647 0.314965106250835 0.156390846209488 0.114777653891714 0.957503956765707 0.0175336889161611 0.712763714309963 0.493014576681979 0.0186263403767097 0.321715520599013
0.529089532431361 0.0422924541168046 0.833734136762634 0.444056257800316 0.726216098585403 0.00666002073941509 0.748936111099246 0.541013063864579 0.0434313081990101 0.411686292930987
0.969089585848294 0.422065108558389 0.978297106325842 0.194513822308125 0.812955330263769 0.0544211377730445 0.259549811026597 0.516903375942497 0.0635764822209419 0.37609946779615
0.987565454272043 0.00144597847470017 0.961897309163125 0.383862188138023 0.995223439537104 0.0330594652544484 0.661020796826754 0.53956110352322 0.0757068472687579 0.326320319669164
0.137768854761448 0.369393883305618 0.993810672127808 0.603611076997415 0.829000724248334 0.107274581751657 0.121116211622279 0.493965385388367 0.0704292978753515 0.408007587969285
0.900850890800652 0.984428493291264 0.992482289284784 0.753335650323162 0.975802746868441 0.277370651391807 0.235991596067992 0.563844164758001 0.217201872638553 0.809302216803518
0.365666407388512 0.00289678733788871 0.886766991799853 0.342832383306744 0.605732811617522 0.0202914044260316 0.0331356683973602 0.488079372172049 0.0103182949837166 0.380418293138041
0.437887108563191 0.805436222231316 0.999691539351071 0.782038783462601 0.999688982869692 0.538131424205111 0.831694641633019 0.601038842879685 0.380520274157839 0.525984559428671
0.0500417629352289 0.0272582830497459 0.423642655762922 0.154608146424611 0.974173231008709 0.0151340211090976 0.62380936348042 0.49579763965728 0.0130709209272828 0.344449417779499
0.976569149310263 0.0874938465410039 0.112514662694197 0.181376293503351 0.464360569058679 0.0438732360396453 0.00181434339411168 0.496875243039226 0.0169829421580165 0.330190053466384
0.00376929952180472 0.0689349055627601 0.634618536174762 0.257992863654742 0.872086113011478 0.0390684985193274 0.0570957868889213 0.522019585750647 0.0773864863757719 0.421826760595509
0.603972745937184 0.297476418590133 0.974018571650243 0.539175425237863 0.958581949546614 0.0166995366024522 0.0661860119722982 0.505151358275788 0.17946792389522 0.267591369766022
0.805707048931381 0.649751088705862 0.852116208345497 0.465383314579259 0.990461944248906 0.0461688694944667 0.647179105681846 0.514870421419377 0.0978195042268105 0.469980536219915
0.977518002685308 0.173774006938143 0.99891673051639 0.68765785475693 0.996794866521071 0.543291884625708 0.670510307042789 0.561098820155324 0.261269352733959 0.560992306050574
0.186515888125737 0.962950078069913 0.526756267365046 0.463775682565625 0.762735488288189 0.0451607083886233 0.382804705369931 0.515167562632558 0.0597600486756852 0.4960893117201
0.883442063359057 0.453303967983975 0.999177315045714 0.470932856076993 0.982418963648412 0.0349835225317191 0.310234504441984 0.567577478456758 0.14870737092102 0.489908712133758
0.0283635933828358 0.004529990977936 0.511669238036323 0.262621424941193 0.64948264359337 0.00378257371611491 0.615003401410018 0.450622243848504 0.00858952986517611 0.447343616392243
0.624838604007296 0.546131638980702 0.992317497304836 0.808742836842897 0.986994920055002 0.260025043966142 0.59340630955143 0.568125071028619 0.135204660856154 0.484625188712404
0.0648650310029835 0.0629414521180882 0.731017483064484 0.234904417818434 0.86715973135617 0.128115489393817 0.100215681573051 0.531651979940951 0.0712237450929914 0.485028178751403
0.544967176724855 0.0320235941386936 0.887623035767887 0.328049088289852 0.993438886926236 0.0885399185494963 0.312193801237192 0.50489794990535 0.0542434132207507 0.449704163501642
0.994834945197676 0.987605573124307 0.991731817177477 0.912541942887832 0.999834195790413 0.522540115170426 0.708705990088349 0.625660898964814 0.458199677428414 0.636394129050871
0.938742866195447 0.894238139034373 0.998274445737697 0.849049384748344 0.999945888198895 0.870196499366733 0.899905403169943 0.651763035070695 0.497833401910787 0.683613104692524
0.276396657600959 0.0298321294068541 0.997802651607487 0.282678557925468 0.986907470062146 0.0117999657319182 0.195462589677161 0.507999167286182 0.0716431828787489 0.299009368217166
0.826672281711072 0.847459672039773 0.327331205332138 0.752456500158304 0.997815436635276 0.315652137435571 0.325666739899692 0.546840206292931 0.0901602605711727 0.489992279873011
0.000731088933451739 0.00276165709311928 0.0662493328665324 0.0425324383411971 0.631248212597724 0.00144903079234549 0.0711842311328156 0.447356833712464 0.00742732398672443 0.208807963621326
0.16164692097624 0.0741561306618602 0.99726095359831 0.526741020443376 0.945486716237677 0.0148158931655233 0.486984810149761 0.501017130726314 0.135380799828923 0.599548102427762
0.455976640010563 0.998271421865196 0.999884393298095 0.871760244601574 0.999985437018562 0.482627736036746 0.670795657710195 0.637030981599821 0.484686520189867 0.869101102911018
0.754655027556167 0.0961817566005196 0.997297720620412 0.165235375863452 0.984969890836601 0.0872426157135365 0.033527119647752 0.514060057786849 0.105362377928658 0.48149327796371
0.999825028255094 0.720046818960562 0.974668074707883 0.951089917052613 0.9999786337153 0.334932942187907 0.586029845678524 0.619818679862932 0.51901506712886 0.811794871172116
0.784517406500907 0.899262950028066 0.7758746232409 0.726602283383042 0.988525795761445 0.0507321262768314 0.5607688931133 0.562373296624464 0.282438485173096 0.469194479786596
0.976834168033604 0.0444855646138834 0.988954420000504 0.332842699629743 0.932292302652077 0.0372634658503082 0.0444315404021999 0.471165841290648 0.125795790868538 0.321947661138653
0.0770782994450421 0.104861591982611 0.679698309797521 0.432972310787496 0.989559927973242 0.0292037847141433 0.127461562947116 0.510026861965496 0.00951967296824796 0.390376973973294
0.987979285544965 0.271620995695452 0.135385506272177 0.288285177678709 0.678015158206504 0.0184009627086332 0.29977481921681 0.527680303546417 0.0223947372237639 0.468711693875378
0.0415431552026111 0.142818273555705 0.772948214938349 0.470778451474909 0.955973764864729 0.0366069848333199 0.178156641111393 0.527078855578937 0.0600299783454112 0.446620044126766
0.60825317024626 0.0189691511201865 0.961036809502971 0.409143951561595 0.281366898842691 0.0204990163033459 0.00976331407876039 0.523097447388034 0.0352106152461797 0.236478340537379
0.273167811871771 0.445412592897493 0.597655009407412 0.419834524008289 0.995956729775009 0.0534884039075522 0.0788183935978203 0.555002152623259 0.0609854244092395 0.431088209369811
0.665620291679677 0.734530583034026 0.993856228599313 0.433948096435584 0.683516489046454 0.0310866259575633 0.274629098084684 0.55369750255499 0.202702325277618 0.510270377492366
0.0376166525096006 0.114398734770698 0.901126528709509 0.526400977232178 0.995719814743149 0.103633507104536 0.350766687538307 0.548336584243468 0.310780422535499 0.662873451823421
0.282738381490612 0.45342635219569 0.996634712576616 0.603287615487055 0.939987530489751 0.268321473090674 0.224224044374682 0.561575367890939 0.187609547995369 0.71532044359593
0.57522699034462 0.029350801324796 0.936228374836024 0.570429151387767 0.96777074084663 0.169399322314155 0.424453070640978 0.543900661267952 0.205708624793301 0.423674915144932
0.116747740289187 0.695379755032037 0.989444109702263 0.438502980906988 0.94315299836697 0.178033636833924 0.335353328471532 0.539795370601246 0.102091249205794 0.536044304885403
0.850081451469817 0.0157679198117678 0.964845377278069 0.60530836419865 0.883493862882609 0.283663523534271 0.358224482935191 0.556180577951745 0.0980936769503744 0.608070618092542
0.298101882633802 0.379699006404747 0.995969517727189 0.423075497944429 0.879296884329266 0.0499953196338073 0.576173489313777 0.536320249397534 0.0505331483985543 0.427177110315422
0.960440784236567 0.000379400800814606 0.996912679091697 0.240138527046969 0.605094390977528 0.00565059985921852 0.0607900136293845 0.506396519974544 0.0910116803430187 0.275949372038247
0.99334511218631 0.342233361640802 0.939491476705779 0.581468681770225 0.997936422925447 0.756001778220551 0.448458542618476 0.572405686787082 0.409596005136804 0.721441103692883
0.556645319016421 0.0214157433347489 0.884678972604931 0.276406437644429 0.716437826749626 0.0726370194422533 0.192944083207723 0.48621317867237 0.0398256796511574 0.409953003757038
0.879679089305972 0.286944929141442 0.993093411578782 0.620643433219207 0.998645073686926 0.114538634537758 0.61414806489238 0.550756030113467 0.173971511311241 0.642287685282471
0.398433645938726 0.0125751135054286 0.982457225381749 0.642449099224697 0.998386831737248 0.162330805401536 0.350488704602513 0.558823875594417 0.480717072273272 0.586200399279735
0.285280662322078 0.131209575397903 0.9107980965668 0.502513500842627 0.996144489705677 0.0159321342556094 0.472306231891941 0.508487281755017 0.0223344000745993 0.356290019796298
0.995839935369611 0.226930315623877 0.997546221323004 0.836345769362545 0.998805730718445 0.392581364325123 0.245604239639386 0.580922286286393 0.458016459226948 0.522741738831989
0.73032152121623 0.00948467116080471 0.99232663825652 0.355938714534806 0.169529209827193 0.0143065801066229 0.0134172269144518 0.50718168842829 0.0257486346128943 0.38305454598721
0.0552553296920785 0.860583299706152 0.997286679189667 0.380213342139094 0.990930900411439 0.125314485562095 0.163365024643314 0.536657085967818 0.0628311993120853 0.353563430123281
0.246112697408825 0.0122121730141341 0.348953186019696 0.455135329474067 0.956922372018673 0.02853369787008 0.37320265279863 0.488759087301336 0.0413438877072786 0.275524428816921
0.0294719169937043 0.0177486943871562 0.998720054579597 0.132944001753607 0.644212145619394 0.0347340846707208 0.201007856034689 0.474021918362722 0.0192964559981516 0.307680127693766
0.00467700093140751 0.474539960442042 0.877821566919314 0.343055172243442 0.659413979280987 0.0321047486443055 0.193762209530248 0.510949854823636 0.0724216504018302 0.483780964756954
0.971700343083079 0.661038139041195 0.995954634231065 0.630771795912964 0.977531530104321 0.113285972019072 0.767946823081016 0.520966295702768 0.0770476013166028 0.471326924491121
0.680737592902373 0.373598828504453 0.884079463869633 0.356121838815591 0.94781957510082 0.0133715029256767 0.570347360206285 0.485068519409037 0.127444439657433 0.548085285566068
0.979137154588794 0.981607137524563 0.999948761780378 0.783587693603553 0.999968687916746 0.413461856995087 0.658492358465213 0.597062966984848 0.756775289747575 0.746936470185728
0.714124584093531 0.316269419799573 0.998493704213486 0.632266812751652 0.999350574344658 0.547849167969808 0.853184315969044 0.593439841741285 0.248862102683983 0.706892339304198
0.998958716731912 0.505895711841478 0.998961047844576 0.809166793704969 0.981693598761155 0.472920524415142 0.235361623678781 0.536589627850036 0.451912804270142 0.678689030992544
0.0320880677975257 1.42863265889578e-05 0.950898723569808 0.553191477517859 0.961354227311298 0.117080770493484 0.308450726057956 0.542234025458407 0.129265315302444 0.503769138289611
0.582416634314784 0.00384396946511034 0.492910262676957 0.45233499471923 0.949629754443288 0.0201894410707072 0.155479802265397 0.519047195345951 0.0596399811594115 0.535473575106662
0.891844176841717 0.49921410477363 0.997537318791314 0.711440302021053 0.985807268245255 0.598568784894835 0.304684521429934 0.588149501915156 0.712309417838504 0.514467863556594
0.255020633268919 0.999138145082809 0.859640106593201 0.852536086583861 0.989390690050414 0.154875823991444 0.762247850083222 0.577902076369216 0.126985883500599 0.761066069167938
0.998889694651568 0.531150444943498 0.99167099478681 0.618745807978969 0.996732435495223 0.487717800218575 0.704101945440805 0.601374634364588 0.217457921506073 0.615263438095158
0.91779400059603 0.973310637127693 0.999560258783997 0.915157400387686 0.996333025069281 0.482732942612885 0.582603914910467 0.583584999882365 0.530905070079369 0.773463414245346
0.99165246485407 0.61197870785276 0.99848570330149 0.627173408806684 0.970015235598362 0.129855445673652 0.583364135474059 0.551507714048678 0.143530584927866 0.492850023399548
0.0826713287889284 0.809986400939253 0.927485640567526 0.592323667932395 0.986403383307564 0.145554459463983 0.579183630750003 0.585957030000895 0.451872261007698 0.675242460614639
0.0483529175068254 0.951929145952174 0.992313338016433 0.869002051281735 0.99851766384201 0.26154107036854 0.184985941291565 0.571258179124838 0.242983763413727 0.498249955720829
0.971358516548908 0.0141465711720316 0.991331746890215 0.628507286610252 0.992842909769879 0.335042942593334 0.402108410375661 0.558973183116738 0.29156845236167 0.640059641285524
0.85433640720538 0.0102229493801627 0.473197201330868 0.358078882785165 0.528717154718251 0.021620972294191 0.476130954290102 0.466567220597855 0.0461258615017516 0.355048453123052
0.0183776835188451 0.00723301930390133 0.838838901008566 0.532178162781784 0.706633643417294 0.0280966221556767 0.0239825130735808 0.527426936368352 0.0484450203034018 0.28787073753194
0.317706376257885 0.0642349136569866 0.671799956659871 0.678475413141932 0.946030096308754 0.118346270258994 0.345620157468897 0.558019431979071 0.0543911736010744 0.397049972955783
0.420007685749217 0.0239569382034466 0.546588579966062 0.305280135363425 0.509425369620727 0.0639383492796462 0.416780647737346 0.502004824078289 0.0764061908819888 0.367313069838339
0.000746025244168132 0.636991987393131 0.856489940911115 0.552593686613805 0.973279138351274 0.183739269950987 0.435738504727889 0.562196659956187 0.155798251503829 0.409579910099185
0.393456240688593 0.105667336469595 0.915445290874478 0.542534729612257 0.949824831160753 0.023789960863226 0.191725619104514 0.527717464661381 0.160839772794308 0.275047143976588
0.741346505555477 0.613074747662834 0.999988170088346 0.78962309982871 0.983250363617439 0.124551289764056 0.864323814258578 0.57647658543385 0.110416564442732 0.662076701767318
0.0032725696993183 0.900185883377706 0.994858071818437 0.78265546830363 0.995849751925123 0.545412896495812 0.639155758715762 0.606486625352386 0.527358799935963 0.650900364204719
0.0739411493457089 0.301190210752369 0.243575973569251 0.457707826619382 0.983333597388416 0.066618583806457 0.168196264775531 0.533078876785787 0.0387815070283643 0.293643391648433
0.963934570283486 0.000542628219397894 0.959064535645176 0.254914884778995 0.201752780551811 0.0274316346139414 0.0811745494747024 0.500498081568522 0.0503414269464875 0.294740534541374
0.179428836345589 0.0627703857599696 0.967880158984886 0.715334513310006 0.995823149249771 0.0617992238077724 0.456797264724721 0.573463775177561 0.50758324514104 0.822825033833076
0.328090314305921 0.100566841087188 0.386269531522825 0.169524555609058 0.852868704959825 0.0122547130704997 0.111228201631876 0.501729979205369 0.0518557994944234 0.269314612133184
0.734377171479056 0.184950110444147 0.999896462661527 0.728332569706266 0.998926013004388 0.944741948032354 0.393043325051777 0.595949423399828 0.345238004440488 0.747579038906763
0.046140517094303 0.97910415206249 0.999682108257061 0.799831016900827 0.993735735473013 0.625696666854752 0.440280373682672 0.588396379305426 0.397312185172546 0.632811808121309
0.794926833338003 0.180400448208235 0.77384553200862 0.318583537661361 0.990796362594807 0.0216448342081423 0.228022178283641 0.510582330524937 0.0224380632720257 0.473615205201295
0.00813259842818781 0.48613297489453 0.99980719323249 0.534465712786382 0.859685956603172 0.34928340703256 0.774291097595912 0.521169566446211 0.269639509171487 0.396567387796014
0.96521690187923 0.00493892700678238 0.348689705918754 0.168413781971711 0.693699554585227 0.0095138313216047 0.00688197570128535 0.484516628390193 0.0779179763666925 0.442582402943975
0.827241724760323 0.589147098522697 0.997380434970984 0.462025243724778 0.964071222879369 0.0290274106904559 0.0787812627671399 0.500819740038422 0.237151843090088 0.326896298343234
0.0261460569125662 0.104282556456073 0.825991041668056 0.7189026949854 0.994266988029125 0.0721121304066012 0.153736881852821 0.562705642410092 0.35536330975071 0.622297145390145
0.462986904882038 0.752695499947432 0.871790156930048 0.815568352343303 0.981856450896647 0.239562476158289 0.637915347682358 0.603904563855905 0.376445912679905 0.744668984224518
0.708721948011125 0.634069224346512 0.9982257373319 0.742394189551465 0.998249578445138 0.228251941612282 0.703607916026121 0.579404509555474 0.291332277792135 0.562624437724631
0.231662183567157 0.000776809234821906 0.210470292582119 0.209348362605678 0.676908003741669 0.00559580959335642 0.102509552494466 0.467365635194873 0.00432330080018155 0.102593867054229
0.447508313622539 0.00182543071314627 0.17003331753308 0.198198344047306 0.845117947952827 0.0485925994619426 0.308323684877539 0.489519176253402 0.0487168732908443 0.187943860071442
0.0206617448242904 0.195831684930266 0.0243648530321187 0.578385784819652 0.935379516273058 0.116687211877051 0.525728336243006 0.569905013381631 0.213261874583245 0.669462566860212
0.973574239418865 0.0389775537758522 0.99995397682131 0.615286717979977 0.989841361257795 0.156765403769748 0.21695697424202 0.583701345731687 0.259180326586774 0.525695314907421
0.924186296258271 0.388483463012638 0.998919774241728 0.733555561311106 0.992264869206385 0.225695825760585 0.142139108071435 0.531881479302937 0.165634510618996 0.559050572718738
0.758513242064972 0.944910641683267 0.999915548699177 0.716039933891296 0.995545706161014 0.453146777822698 0.357985154919526 0.600339281418139 0.243813768318065 0.687229656486364
0.0032348842495104 7.48612382541764e-05 0.0791718634356004 0.0947830170563837 0.0461873779135971 0.00124801783692848 0.0136848422581049 0.44953904513283 0.00486926095169654 0.17094649630064
0.363453121673699 0.00274073654432001 0.970689594843105 0.12203363826692 0.642314352357839 0.0106603230758833 0.0281869856954799 0.457182841454195 0.00387564156739582 0.538801805178927
0.0261943783749357 0.175847883684925 0.611667154468529 0.139015961447362 0.353249099822869 0.0381261183031513 0.00602644395596271 0.466434766374306 0.00492908622944349 0.289394026408827
0.980652985532506 0.694388286830116 0.969695198822253 0.615699830531333 0.997111310197375 0.235443370937722 0.069948249176301 0.560831566044417 0.256914516457754 0.451698565741745
0.00108327772555963 0.00876189589229986 0.989180590550131 0.136491959005213 0.534913501399818 0.00332172825227574 0.0210148898613366 0.485978321236766 0.0205912433076415 0.265075016317227
0.964335127998153 0.00220441856804905 0.995710269195849 0.689717364809076 0.995403492490698 0.262937857783692 0.221912317467851 0.560941616735389 0.374898379767907 0.664317586690125
0.614822673182454 0.963218130692384 0.94926056612519 0.481777939395755 0.979596839727352 0.0798054653226958 0.487697894300214 0.497658325090464 0.0845131909443636 0.334265528583277
0.836858452670735 0.126619215624546 0.0886268853781002 0.324254807767637 0.439866508786997 0.00378243385372482 0.0615489304102671 0.470093398500455 0.043115282461087 0.141257060357511
0.0390984320502159 0.496448889404629 0.95643494796838 0.34359096751813 0.989681835277489 0.00684392157074972 0.463521269010125 0.545095031997284 0.150107379819313 0.331595263645655
0.43135082675854 0.0076977157995653 0.999885613927759 0.752510698529683 0.996014542446095 0.0893634763846572 0.420618857658576 0.576704504340025 0.582587873057177 0.60265892859333
0.992283773229423 0.97979926525824 0.922248814812348 0.6693389236334 0.999578280296215 0.588126566223848 0.586586756251458 0.617990378843856 0.544421423196278 0.700501517067858
0.136340896639781 0.0152486450760268 0.584157947690141 0.160818147981686 0.306456190603835 0.0104013490321726 0.259787773096954 0.473106788235379 0.0765877563220474 0.414968989548475
0.0614686073164249 0.0340097589852186 0.999552680635654 0.350845020881484 0.695771436538611 0.0450631195355229 0.158435612374114 0.506943654985063 0.281723795935828 0.354912644680426
0.88208946215722 0.545329190696744 0.721988722531926 0.311940278148713 0.955134774471498 0.0290924801897963 0.652693173137717 0.521086376481149 0.0880380038679421 0.466823666417381
0.726521304150859 0.141059999035227 0.813898189667764 0.797356898712959 0.998656134078676 0.347996646760894 0.421821096430435 0.58564822421544 0.429918948317844 0.657934392443806
0.955171179855474 0.705718163207203 0.999977137229822 0.870754032645356 0.999942667528827 0.24062412774729 0.901005655661053 0.626637721861132 0.447071226670289 0.727588137915431
0.0704008283064365 0.978959989469981 0.935434295986017 0.463085072213796 0.995685395501317 0.0202895929251843 0.466875134872233 0.520639395742728 0.098697250312931 0.596644552114811
0.931226292172603 0.0165822890252958 0.789993974582367 0.410384094615764 0.876254579668091 0.0403372417602245 0.265343430108869 0.49268174148592 0.0185537801564446 0.536219376385492
0.994351196110913 0.9409378960008 0.984360548335662 0.707350662416873 0.999800317311552 0.239340501412421 0.291922811338644 0.609698499956711 0.105426302887844 0.765498113875883
0.674563199609607 0.996473815717165 0.997175847593912 0.801543330695146 0.999533453782071 0.239063446382452 0.326728298058347 0.592947296507885 0.379226776955996 0.52372086005495
0.279096987286634 0.856271135788718 0.984205930010371 0.761538422618979 0.993147936149227 0.0830128682416407 0.240477523684205 0.54566458557373 0.331973538805517 0.581217269781047
0.0127128381089107 8.82220458498254e-05 0.315691002029368 0.312560447992263 0.937867432102184 0.0149407612515725 0.377690805513737 0.470235105253227 0.0784980531387839 0.293284961991107
0.0216486091813788 0.0139654390863325 0.996999151397861 0.283723933262759 0.919460407992601 0.0167068071323777 0.093689677617465 0.474203889651057 0.016761640929931 0.433543357128512
0.716528307087286 0.808517446982505 0.0857089154631239 0.291628995067227 0.469769739133231 0.0114786606562645 0.0200026209410536 0.489458963263221 0.0724661061887461 0.251578900763619
0.410453560198474 0.00565128093129335 0.293802388129769 0.320260738884702 0.563218916512852 0.0183376283122619 0.199975225354316 0.486497785639848 0.0804707846636873 0.503447149590755
0.0143699604671764 0.178459153392791 0.27068381836885 0.338322271748449 0.921007554903432 0.0628972521538618 0.0449197218275582 0.490429153089029 0.0322421278841465 0.480369028794201
0.653118231806412 0.825236472414889 0.982171488942685 0.364727555228149 0.997035313800128 0.0778568460246152 0.199027042798799 0.534945979497606 0.288438662388877 0.688580882579485
0.99878541445828 0.908932370668169 0.932842315379176 0.907117896624567 0.999869085276075 0.572160950170728 0.969257676221689 0.611694316818155 0.52637994469998 0.842498465592957
0.942820532750072 0.410683359460279 0.998995306795426 0.723100193025643 0.994784154588987 0.226169484672775 0.586438343655558 0.555557866930019 0.32619174526091 0.491956902851374
0.999043913918491 0.673350752253031 0.998517844392583 0.411403495329717 0.989436743034183 0.092891037991165 0.138133916623071 0.558564411936037 0.193075285820719 0.50069047882204
0.396655631970859 0.560540593222262 0.148079480934591 0.273314678754656 0.300817211042183 0.00686744877906531 0.0854026585280972 0.524516285444243 0.0864222784308152 0.506193795609149
0.906070075109013 0.271645676778462 0.996210595235608 0.789243243476587 0.99980736266014 0.352528799163225 0.797736615199094 0.580316734625042 0.43288256378246 0.675384227298807
0.671352864750769 0.757413510240127 0.999604640682244 0.862049198146346 0.999963829381324 0.636337861319623 0.643767155315062 0.608663870450868 0.443141099504222 0.639190540094945
0.965500547370174 0.998365353353074 0.999667320382148 0.927429354109084 0.999940933606336 0.943707989823954 0.46592108983574 0.672334190231198 0.931614517279031 0.92254326493205
0.849307988995673 0.293387284878652 0.980143139948461 0.610350331003514 0.91994779022734 0.030168030587823 0.222426861364766 0.520969295315666 0.143467990123896 0.399363990894655
0.248007171741022 0.041467638619591 0.725660477511044 0.498829879841887 0.961374628490946 0.013459736647414 0.0703284256101548 0.515275620035836 0.0893985088480448 0.67500196703236
0.00602393402740056 0.0197070681874203 0.94237278785175 0.320556267138544 0.547435366348099 0.00355895504378916 0.142999033808351 0.47342349625453 0.0297811625569997 0.393248936240069
0.999531023763393 0.320152548807976 0.999189586260264 0.529452875627497 0.985726833070357 0.10684109529322 0.116230981998895 0.552427197251489 0.157038630755761 0.403167273106148
0.826148786377852 0.763759048125189 0.895036240635308 0.30912877747618 0.997922773342083 0.0615692409642965 0.295631771616566 0.541100904544396 0.216859727159298 0.482102889074809
0.0796352621730493 0.238857325527526 0.996611227921305 0.586495738392699 0.931041284229795 0.0698237583584078 0.184140915992437 0.524801028984043 0.0180410038764898 0.50630418997189
0.333435176563995 0.90176189430388 0.999448967315777 0.460916459053289 0.987678497087823 0.103713161808555 0.0612480986160558 0.521156672030641 0.130272560182232 0.276894045770719
0.778630858897999 0.607700774856411 0.992159388871787 0.545603674349631 0.976053560615852 0.0267355961161433 0.696827948577484 0.534420965843316 0.184312937145697 0.652935174889334
0.270574141616471 0.000323690219522954 0.000535749678033106 0.0740465284885452 0.0320004264594353 0.000742655125519288 0.101259057389778 0.432822658266795 0.00739413349049914 0.0794880631332905
0.631460790928415 0.373143634152285 0.958974516375818 0.0694380196538484 0.603006049724645 0.00330213702190125 0.0558972469888423 0.447071807833745 0.0141341439453328 0.240092183554676
0.968672976335256 0.10580918241603 0.995158768452191 0.313226803800112 0.989945764606584 0.036383709275642 0.191557027814986 0.506861859565828 0.0966158763931158 0.318970789142067
0.969533939589713 0.266641714311273 0.999964353213308 0.829737493901435 0.998630980856164 0.27849991243658 0.59282436857597 0.547654083531553 0.329033515173588 0.61099419790419
0.992092790891895 0.163919619305086 0.959279465925344 0.654916976190683 0.994560938315993 0.0464005693119705 0.357976468787959 0.533710972836889 0.16265445528292 0.461581291858142
0.693055438921578 0.209320940110054 0.989506848918841 0.430279617199625 0.939803122109423 0.337586275023195 0.348809261222149 0.552386994351875 0.262794918502314 0.403815512384647
0.254724336933278 0.0939670203115662 0.998501765462089 0.518162022373407 0.866244123053407 0.27872729620064 0.06664882462519 0.528422048605839 0.0412360265489581 0.306542677071528
0.373202988640243 0.106119023946483 0.744265452934498 0.686715840051178 0.998479635526568 0.203995600140468 0.58042521136181 0.574709566026127 0.146879748690971 0.677592093890204
0.957311671432736 0.08751559898662 0.999582229965313 0.635889555005071 0.980902176250651 0.0648953652214009 0.548313718600664 0.554867617869505 0.278540867142496 0.433408546965349
0.95919760635704 0.178797558614597 0.709157993721208 0.564090792782454 0.994030557738258 0.0636352013992462 0.449987715338367 0.529779350302299 0.129384998701769 0.526811728266396
0.186680956216191 0.899442188874135 0.823231897389799 0.438916602954029 0.764552301115077 0.0419581645244026 0.485234908092625 0.535612874480912 0.12761851779508 0.373131174012112
0.946316631873717 0.0103516296776733 0.840351544079704 0.456145447495725 0.997356250075917 0.0853238748172682 0.419781436631974 0.541667112885896 0.174032468307063 0.42203663063733
0.555262988905172 0.964702385965144 0.948704175711272 0.453355496210941 0.990857540447419 0.156792655341375 0.210767092761044 0.568990038697376 0.134724205154752 0.60857368673775
0.995796958731757 0.639699280291752 0.99990658612755 0.801907037889352 0.999341547988875 0.32813340219441 0.315243923809083 0.595352733460492 0.198067068515719 0.846406286314365
0.956450997693874 0.0124415808622474 0.938807048317225 0.471407082567623 0.998754578892478 0.00985263002903477 0.0914811838783006 0.532144090055946 0.0960698908407897 0.420982787518299
0.889759143899901 0.613938549728829 0.920800215794244 0.611147572327462 0.995383706382929 0.114874532753834 0.27676955030436 0.565957574185094 0.0878594749092733 0.543008333021884
0.225439817318295 0.426939213001755 0.857747416853641 0.297765876763953 0.511951682782053 0.00742151081330582 0.192694002943627 0.510724344145221 0.0493307318959236 0.595295597673898
0.402395925379877 0.285979808156354 0.804922158841768 0.365835488534015 0.827371097886556 0.0290747480627425 0.555296017525396 0.527135282911499 0.112994498142683 0.402367532542395
0.506930296858467 0.00236913525381506 0.976497405359152 0.143043992079698 0.75649824587964 0.0110151439586958 0.0366127274371665 0.468162612396362 0.0168738853633581 0.44008550958129
0.0437838832969802 0.0475137697372523 0.995263823671995 0.403096664967248 0.853134960578999 0.00324926408808146 0.0565863270191789 0.512155083256894 0.0229258646051708 0.569137233460834
0.109084812363935 0.0183807183697264 0.258774032801283 0.329989633490965 0.981154336348968 0.0871835089212959 0.527864733786436 0.480970052939582 0.0140148040187426 0.333699937459458
0.464303246839616 0.0287310136856955 0.0686113881794229 0.204758913635215 0.62862764090064 0.00667191452806598 0.110235739112493 0.462980241387136 0.024160317718756 0.463492978184155
0.28354311618608 0.0633197106940494 0.999691258564146 0.530229131237826 0.989992561432207 0.0786545025032086 0.159644194067052 0.552205599310092 0.160340569280119 0.450724092228815
0.937596183312025 0.951440715044811 0.905013789065901 0.833619186088723 0.997188927014943 0.30798887599842 0.577643212141584 0.623394319891971 0.652510902252719 0.733349537217535
0.568324986229314 0.265250804029094 0.866929651202711 0.343423921791993 0.950734727764908 0.034217515826042 0.357616670533351 0.481326413298858 0.0288784890266455 0.358889937584564
0.0305751998250578 0.0699163583019819 0.686330923449532 0.34371791732246 0.519158882226263 0.0110112839869911 0.0287729090025983 0.498587137308068 0.0266086363913862 0.189170650012485
0.910800162344382 0.835033633395097 0.998514020893892 0.865110581955523 0.999464922983651 0.621179406491298 0.807629137211744 0.639014382280991 0.314933514921533 0.733511903460232
0.955038660018917 0.987826802150555 0.902283041064935 0.697912555531611 0.999654432635035 0.657210669034801 0.697766221311672 0.617620590541272 0.379114806714404 0.750457823332122
0.282828700912849 0.378640631032086 0.957339079665796 0.473044067801335 0.995301065036719 0.0284220804497013 0.307253792366322 0.547942077146901 0.0828738982584619 0.536914153270526
0.782687291255771 0.37494102846833 0.999490010816331 0.714275852573325 0.998662681491173 0.0343035387680986 0.367950420580845 0.555923889325352 0.193667039217345 0.67454152678569
0.139867907124291 0.00335821574107504 0.00189086221896072 0.288604013805149 0.957046601569649 0.0146830143535222 0.0445175543112441 0.477959916508324 0.0159419859611294 0.398576373848952
0.994138660371625 0.114250825425971 0.967734325366225 0.767076973882485 0.999203046039259 0.186632558051634 0.588629235673811 0.577258226119505 0.286599415673486 0.29424456522849
0.992064258192701 0.460696569232904 0.999114521615442 0.6290214734565 0.99157246306088 0.3282664226858 0.636876246776504 0.537709239108736 0.239795767183865 0.425547770670446
0.352642263325202 0.00307402216500968 0.77581763374444 0.362519070436772 0.0127654960946689 0.00168684532126436 0.00636629400003962 0.404852475479943 0.0276774287115023 0.144990173114114
0.000894881235547002 4.61690877479699e-05 0.033660984971195 0.193966016031466 0.0592033414751171 0.000259718829107937 0.0689956953420046 0.451406832360438 0.00955172078385673 0.224801399632534
0.843669443547313 0.0753007798400219 0.699482136339054 0.345599136216079 0.592585123067959 0.0273141836506108 0.0884030303626108 0.458556026465574 0.0793978427384111 0.333453551935987
0.0659799380730724 0.0419943309053632 0.986379202528752 0.799591337230934 0.996507006412164 0.113972902947753 0.0705001498593169 0.588175855829355 0.247111613002371 0.550674562212333
0.0923581776935327 0.471308935710883 0.892351081064031 0.538699704348684 0.997222523986853 0.180479927619133 0.112174774292048 0.547060670832468 0.134711158331631 0.370566915027555
0.998617189008086 0.157190475668525 0.998788475297651 0.582616721991475 0.997510356424798 0.117761433879121 0.706070580600812 0.531431833926722 0.207511632041013 0.407059950079606
0.965617349036684 0.904289297682289 0.755622649092392 0.804012494577306 0.942749363371096 0.103929247930602 0.192816442277626 0.570908917449062 0.219101579353136 0.517495422794897
0.865934054599086 0.428173094405551 0.959728975744492 0.714313278460363 0.979406354680654 0.31622104855872 0.395123579909578 0.523033346313881 0.200336086092729 0.49163724751496
0.0975943287184672 0.208976713142883 0.8385019276393 0.455446587363554 0.908432862233139 0.0741487602098754 0.153241931342139 0.540331054994041 0.0739255159882258 0.619196026171429
0.912082722588095 0.14376821777747 0.998744074830548 0.645435544049583 0.936562658079664 0.0572928246296821 0.450610580146909 0.540173848169245 0.16644692895799 0.509080081982472
0.958990500337485 0.599742355369698 0.999941705494964 0.409948999756667 0.933080252204397 0.0631005407768431 0.227425128378786 0.541457719656625 0.105787419837519 0.297933002086711
0.900904232213553 0.10996091583246 0.804881903063245 0.415624000233193 0.986706628033686 0.0828628052548806 0.191724796147211 0.515125409816436 0.153627738762856 0.706502137373926
0.909616178405601 0.176674710946674 0.999929660888746 0.608840505077706 0.999575888256963 0.110661261127861 0.490021086593829 0.563024851955178 0.236678934759633 0.534690173348532
0.00470082762093319 0.0574720003107083 0.826991913370055 0.470359199875003 0.979537915376945 0.0910909957618638 0.175645485480046 0.560796205940067 0.169278622588245 0.678073094284431
0.034205052359761 0.0320195615278789 0.951880944503557 0.488280014127 0.830211042515295 0.0521336912869331 0.0417704748206795 0.494443179801952 0.0882955395587541 0.556125714962436
0.9957629586391 0.623482258121626 0.999750031553847 0.937260945279912 0.999707283616462 0.389581789566121 0.614021311718837 0.629352759402851 0.618701035150475 0.892737879502383
0.0721431071245335 0.0387223309792575 0.220337121706948 0.0510886229450749 0.0741840005356356 0.000679991550156376 0.00945620500971667 0.420686671570868 0.00654408172994208 0.141082595218692
0.111595572624988 0.000361682929224323 0.65970056577734 0.0863724743621859 0.936966036077998 0.00430464336186447 0.321834470345306 0.463382493179134 0.024808395946247 0.220563630330542
0.673235388633817 0.00136569038488289 0.974342526579735 0.206883202937005 0.370912421340367 0.00440577269052559 0.181201965918979 0.462497064377803 0.037726647042371 0.370428743781311
0.913274208775705 0.243564772979296 0.926893320010801 0.30406937445459 0.931238000179421 0.0544453915476529 0.0947326986614619 0.511525110121082 0.0300730948057628 0.429288091988436
0.283220524091689 0.00340106787517521 0.998489993634851 0.579175270256947 0.999334843855302 0.114233888250346 0.0933797360529213 0.558798249829077 0.570302930712918 0.612098769772098
0.322230693679063 0.0051683295629588 0.910698517758071 0.693705769272344 0.982703572721707 0.0710952978121861 0.672523556280074 0.506355976806063 0.0534943485316277 0.41564074363107
0.677310167838617 0.160976972553261 0.806267340501532 0.289542958252676 0.991596115655004 0.00613838051518001 0.108225406406488 0.494533131830242 0.0470863510726472 0.296703812012749
0.735148903014322 0.859139437756091 0.999181623794236 0.558754062884422 0.997317954207346 0.179124749081241 0.234134619570813 0.557384627281448 0.351696097556332 0.604303302093741
0.0233601625413007 0.180119273330755 0.407366287936235 0.307184787335829 0.795567645479409 0.00590346686545968 0.0751230166276488 0.446716747199818 0.0213116684986514 0.145689336588887
0.407127556878002 0.000910506555441423 0.85868445183958 0.068647072202194 0.826029058864665 0.0096101411198032 0.0573659495864874 0.472039134477714 0.0134745720251117 0.349888410925917
0.645391739998957 0.00103701380615497 0.849510631529156 0.589960266255636 0.999070686026448 0.121334435453562 0.517735086147396 0.557567191766667 0.166817414713146 0.709194163821095
0.337068895798504 0.614465908384077 0.519314840617829 0.662805477369908 0.997526476544122 0.0966501512255939 0.1910498694603 0.59406096509558 0.0786532095991702 0.588293538595493
0.162150189776399 0.161539561363669 0.767805999132724 0.677456503627402 0.995244106154044 0.132886650457069 0.0868829992338785 0.51730251106726 0.0999074032897167 0.538941073210766
0.962404880599984 0.0199514984996628 0.347374923984878 0.126473062063655 0.0700933632249014 0.00356705643647297 0.0122400909451053 0.472409598252952 0.0116338771882147 0.198150215279171
0.450367162685432 0.993739581966601 0.963858103100075 0.463220354099655 0.99693189654423 0.356071820851219 0.410679013647359 0.540162088752482 0.0744577561565174 0.433919209416061
0.540548639144172 0.415841231885701 0.985688813026699 0.58428006208476 0.978890908611531 0.203013242278285 0.229578666927755 0.50533877005458 0.144802025212124 0.557473551713688
0.965844109208031 0.947830410664657 0.900600560110208 0.516136780992123 0.999587042907895 0.35924041470657 0.458227746747289 0.593558285544474 0.742451568410627 0.841226342106923
0.618074569438028 0.947112628463601 0.959586341133507 0.728663487351079 0.999588028582357 0.487379849751804 0.807153013659374 0.581990499428948 0.281988728812465 0.500740645134802
0.200629660252502 0.163794977448321 0.837084570873361 0.273852164533949 0.979144366192426 0.104976220334469 0.0147316948486209 0.474944981637085 0.0383116851671687 0.494246943729943
0.00114985385406043 0.000722028182568875 0.96371440494943 0.543235042071351 0.995355095754115 0.0229296107158814 0.0992815304684478 0.460146978839986 0.0737450079547079 0.439157417837013
0.81612133846446 0.862779312014953 0.551893159748685 0.617595617520311 0.996583660990267 0.326411038662986 0.405581196973322 0.570256504100631 0.220414265886243 0.696337901685762
0.576550252551385 0.181091707839149 0.999363694578975 0.704503911463695 0.997365764669837 0.196264198080053 0.255809247420854 0.570955725238339 0.347095002380547 0.720420634558554
0.9252420140856 0.0182441030060229 0.922975842101775 0.296144106999785 0.547418577850206 0.0104647323951432 0.562742470660302 0.498750460949146 0.0735122463033671 0.410286415468508
