0.944977283297223 0.00499336452725199 0.979428558758302 0.457695596136934 0.987419973551972 0.250942227634221 0.54100456666404 0.552212079398089 0.153378809409142 0.573926656000265
0.0630590986446637 0.336937703530247 0.997597930555272 0.684043466876183 0.998262558730707 0.704513869623599 0.292339090940767 0.588419550423933 0.240198873095759 0.657063490158443
0.389206057954465 0.488253024083357 0.953951589708339 0.456126374328916 0.968983371817957 0.0703802938769501 0.400942320946169 0.512944991810824 0.132551387477417 0.632855712964834
0.985112818495832 0.361535260615642 0.998307881165365 0.782057573029565 0.999972945001492 0.129343016129052 0.243694588923209 0.631232566030824 0.789451557924292 0.667050782951173
0.893471995905624 0.527523421553591 0.943161136792364 0.351064902766038 0.931168274067772 0.0929651773975865 0.377467146806559 0.520614786536792 0.0488156486761533 0.481606274298095
0.979571907541389 0.322303330299173 0.995277343924591 0.441024212203274 0.992690425392858 0.0436143563538981 0.124259240907821 0.560207826539841 0.213679249639349 0.509235473377108
0.221127549884873 0.00872173993167752 0.418570274713761 0.245291729158228 0.617418300324329 0.00165713272197487 0.298924384200805 0.469664598863715 0.0151889600793389 0.199369067928778
0.849659748519834 0.0131078283147898 0.742821939947986 0.260598441972403 0.528881815575571 0.00420166171241758 0.0628076199808092 0.468996346768614 0.0138106350034525 0.349749417792577
0.458237833731638 0.966518625340965 0.995317645757547 0.687041717843145 0.998000029316264 0.341347212417245 0.657995789484263 0.566607746106284 0.299215332132843 0.569859540173463
0.380150198431137 0.204533286883775 0.993412743383844 0.572236539104895 0.990774877994444 0.0311683000298456 0.66145730459417 0.509765304189821 0.126402278478307 0.422308799293501
0.501424016072341 0.225613891550008 0.956118800909337 0.346273744218646 0.99438726906035 0.344517480694156 0.20826107780594 0.525112138540772 0.1262487188095 0.545080207936166
0.416093896894941 0.0717414168506108 0.045725004804926 0.0798354069768564 0.518314422438366 0.00274749257853818 0.0459718748270438 0.467155846566286 0.00669439211309504 0.269468022663875
0.835084652051075 0.979007373969296 0.98316119684651 0.654268769264168 0.993651937559861 0.41059771089134 0.330507574249896 0.572593394792522 0.354251270644979 0.533485327436144
0.411616613993248 0.446448660301384 0.989201729308365 0.772995930289671 0.990502995374478 0.381169411141234 0.243935544264698 0.583653005257063 0.378853193071368 0.796762190598548
0.0473260798006346 0.000313715875439351 0.587637066131473 0.22809918607546 0.777674815370109 0.00410387773622166 0.126936361190436 0.459012853239812 0.0329023032144239 0.363390135502036
0.993117446127956 0.0708167076202486 0.998576901687095 0.272734404823118 0.310396715047738 0.0585561240149277 0.0995022440769657 0.510585124480493 0.0295503035312996 0.324095778561371
0.974635657068455 0.00282896674878009 0.996596477130662 0.256816949326384 0.994591750343512 0.00387982850343206 0.194581889121192 0.537984010843194 0.0755325279335738 0.520372785634961
0.573889098457681 0.0708740147861613 0.687730135144907 0.590830145499575 0.992301415100931 0.104265233189357 0.109688900274004 0.530197803386883 0.0743057819694637 0.551670602774339
0.269455843718611 0.000222721724795092 0.957197638158957 0.0929718609064662 0.41806819961941 0.0020805535195321 0.0752950237419814 0.465558454575351 0.0115644338566608 0.116249345832141
0.636241297891809 0.99836326189409 0.800569121893641 0.807685850195671 0.999569137014943 0.621605657414339 0.907286013143234 0.628187473006407 0.691217886705515 0.691851631459101
0.9154915311011 0.151701758064456 0.650714688966151 0.472975497598453 0.980180445233239 0.15524413877073 0.466667836306098 0.523884591935898 0.128831438504312 0.50826608621925
0.624141970541241 0.00685850858209502 0.99346664741311 0.661970143931421 0.997873514870228 0.232962779951899 0.298747646574488 0.549980980257584 0.251136201942934 0.699101746495416
0.991187199000595 0.710548437651644 0.999202978712093 0.342624963535646 0.975674815649541 0.220120585689294 0.28315923026579 0.531318545353789 0.0839424860283755 0.572061888186392
0.0362743878517479 0.912469224808483 0.99311501851029 0.604676125652162 0.996642365880701 0.204342929310781 0.673989530527843 0.575080738682615 0.391480644579786 0.547372130484327
0.227926034840834 0.771900514083283 0.89684466261364 0.394765496525345 0.980630012202565 0.181584442600128 0.0308923339589788 0.571522915734642 0.122554480239776 0.674628165833662
0.92356065224246 0.717675933028695 0.967679993346767 0.413792769172468 0.987976622488128 0.0345127889493058 0.150592499999048 0.51005727797028 0.156108986826976 0.287104711122241
0.82911315206364 0.24777707453665 0.529255339964077 0.362496487965876 0.823441566122158 0.0619149385424416 0.27451752073095 0.513351295406246 0.0754109499996717 0.347222478466466
0.570521946863253 0.0354932636243972 0.99734296206235 0.734792354871325 0.997771354882423 0.322964995147811 0.221124392965276 0.574084613051112 0.356255019170307 0.633582103442238
0.963643103657993 0.0579041055391703 0.281637367355523 0.419129491571959 0.975456405004403 0.0772817433635113 0.107739483279021 0.533105542893082 0.148572578870044 0.402059330569604
0.538431408139507 0.810360487066493 0.996078637685544 0.456785490468128 0.898730914518124 0.0636262892617307 0.426447973634532 0.565274376647252 0.138271122760303 0.689148968960403
0.991298764025535 0.0156418396376725 0.997349562847961 0.708991501965041 0.911187577573861 0.0835800533862889 0.129203608674896 0.570411563920392 0.17413901183282 0.548770149406709
0.843073904834254 0.00221025091118816 0.770724363563889 0.365432835149963 0.962447183544295 0.0893767175142994 0.044984440194956 0.493801719042211 0.0248582276058559 0.237067293266765
0.691234163132602 0.00106772622248435 0.998331648899173 0.344973945947878 0.915936107489318 0.0737414716546148 0.186207944607906 0.550171633965338 0.083796058247649 0.317700893368863
0.143867453390271 0.27508453789799 0.999309842712821 0.160807323519711 0.996223404594243 0.0737783146783254 0.0890432791565178 0.521708499265545 0.0439963665881348 0.607182597149138
0.195551643558357 0.0265855838662737 0.999312536764647 0.332477760724677 0.995884991364598 0.0725001913574633 0.776713855784305 0.517211220616988 0.0137234697525003 0.437942026063122
0.0545107047186888 0.98120811776674 0.979096829050976 0.842423131305792 0.987307439081111 0.354664930967748 0.744753210915275 0.629515489193666 0.439259093418562 0.69318248283577
0.0103361380454328 0.493336517581376 0.972326670638753 0.739138753206911 0.994059060635187 0.366444144446647 0.652167634621214 0.570731177352364 0.0801072841263083 0.44159892704909
0.00467772999062257 0.000452981510539721 0.870601856090831 0.40369723693547 0.977236800726104 0.153253588324045 0.0298233787743196 0.508441931539074 0.113101724592286 0.525756368750207
0.338063129845009 0.928873386494311 0.999069443087784 0.774022795278758 0.999645684486317 0.0821893058892477 0.208345529959199 0.589349198251563 0.154603191591458 0.729032703820909
0.629697433565192 0.00681732903989932 0.999892452906303 0.190928328271708 0.887555174083601 0.0405255378741206 0.158994430760739 0.546305763410784 0.076674491400208 0.31826124453605
0.332827962002642 0.964865315325245 0.594193792438934 0.400514633024085 0.775377366463144 0.0412833153420332 0.632382996762261 0.567732858199544 0.174164981033959 0.487614176883179
0.942456462503458 0.371966120459637 0.946285117031016 0.214313131813796 0.852483232333185 0.0197062364262029 0.323571822264271 0.485192001026542 0.0103289879267746 0.284467506172135
0.342917556720815 0.0643347297156529 0.658907614824078 0.0930213872346843 0.887334170153855 0.00408004885487972 0.0136145167351839 0.466557100315781 0.00598176298327178 0.166652937303463
0.155036522982883 0.634975713521782 0.991904140146099 0.35043837787057 0.908067412057577 0.0327886602146555 0.232497456677307 0.538516304595999 0.104865508887659 0.502194295712638
0.0053744056799963 2.83013413436481e-05 0.0491429389603918 0.0551961643807557 0.00229438536523691 0.00151085975370976 0.0107089558353336 0.408621034342107 0.00360833596467375 0.179989801982872
0.993130839001753 0.316317099641945 0.771432779081172 0.852486919504205 0.999584376796342 0.281636308878476 0.18143175759486 0.548054645041355 0.217000873590353 0.561579491216137
0.0106167031474907 0.0972332126995321 0.998386111909877 0.79804987171151 0.989354735498056 0.204005720328795 0.281815063864676 0.553737548931072 0.433912992796283 0.404029858267632
0.0011144353594936 0.00877074495758046 0.174574811239087 0.170279164269581 0.559839026216895 0.00317820362864234 0.264485836871059 0.459787522441619 0.0160992314514432 0.153007555810536
0.138937847375767 0.692999024221484 0.684477491863025 0.73708698434939 0.995485303933855 0.0719924484284516 0.738712023548451 0.545370116050302 0.223743667744843 0.587048996582116
0.269983956852068 0.217334073303301 0.91758160432992 0.4150324072775 0.822963203384094 0.0471722511448049 0.0733177205077007 0.512633696220301 0.0823575521951138 0.578190468080028
0.310863828564007 0.970112776874762 0.909843203047807 0.68626893091157 0.999319713187191 0.29397407199192 0.165685950261912 0.588368307713333 0.226576347356293 0.747539058821987
0.564298117048465 0.0747074711667388 0.0113035300467939 0.278398273976795 0.990075366554751 0.0795959032633147 0.164366960613901 0.493942656553464 0.0335240334530344 0.228266684688986
0.0350297745474276 0.129274502727532 0.999210597005045 0.557707264722279 0.98869988396067 0.0953125521258441 0.243494569607648 0.552476479106948 0.171859241496886 0.642234695579445
0.0364990205636428 0.364984051109866 0.999082663659749 0.734649148813845 0.999314141049273 0.570401255723846 0.362187617395543 0.557510329314176 0.407619350247316 0.548382937099841
0.905550705838641 0.567887979881091 0.997037611050587 0.725692622812031 0.995408713315117 0.631819199150296 0.235615239544431 0.621208616433406 0.29897583484582 0.707163093744387
0.692663973282854 0.204316006555225 0.996954155180858 0.746394519368521 0.935582626350998 0.130598911887445 0.509500650065979 0.564362910909534 0.447179656501924 0.350089092886525
0.771860455692605 0.636630548101236 0.952285362581389 0.770146722741765 0.99381795104109 0.192015780045919 0.36562149213126 0.55952529194122 0.381171754897281 0.436287398414919
0.759646532497886 0.96632914225322 0.950012672730501 0.261895053695141 0.983868175108156 0.0132029532280219 0.15483224807241 0.474174328515602 0.154572214658099 0.397155735371977
0.904120073067197 0.61850919897378 0.993588064096727 0.813336953837083 0.99922635616084 0.158438547774967 0.662004225399692 0.599642408296147 0.185694341699566 0.722092750586639
0.97409493135461 0.700066369537642 0.595213092193927 0.536792024241605 0.980684779072547 0.210741042285787 0.260353081922133 0.60010525516648 0.412059023394203 0.716720449267733
0.00895494444417338 0.762240306266895 0.405868357946599 0.32633871545696 0.97760281318174 0.0161217796035658 0.175671714136161 0.5313234524931 0.202484155294507 0.362337200226136
0.842029599189787 0.0910685330518723 0.811242245038212 0.562842488558253 0.99752213214035 0.0357832680976235 0.30468967021967 0.529166427920656 0.0672505743390223 0.357660831121983
0.235363598272384 0.0343171421801859 0.675271738058034 0.41128990928438 0.976259939930452 0.0172358779667097 0.162550830130432 0.527904215793414 0.0618799726036618 0.519000683618556
0.222236827720449 0.0349611874439066 0.988321941829915 0.112653216586406 0.141473086558839 0.00631137518004824 0.0833874302506168 0.459223632935395 0.0051303656407462 0.396910221105861
0.96198763198948 0.501299081888974 0.997175122688754 0.763779000300553 0.998791235373262 0.340358710098388 0.865563972192803 0.666700639248609 0.242093001727634 0.869846083956925
0.980828680018644 0.524533258600042 0.927675749687 0.666992797023161 0.999025940397411 0.400674119213478 0.368675764915989 0.582993450024433 0.377896329952182 0.719473314481057
0.874878441728294 0.0299321808835019 0.999220361624675 0.131523285987605 0.566398434983388 0.0219836053716246 0.0776264999928933 0.499066080839777 0.0368697463664853 0.267887810307184
0.415174062810568 0.0472091473918144 0.130954148995108 0.210068555646467 0.583280636142675 0.010706330699681 0.0625594247094096 0.479390385154744 0.0204272984731521 0.449317145014668
0.15236251390061 0.130688263499896 0.971541216908344 0.3000344418237 0.965727830560343 0.0219256587772263 0.210506455676038 0.468706455876835 0.0163942669577493 0.524653683801161
0.87581796886519 0.114095509635397 0.999952189608409 0.756620835059667 0.999546080979165 0.420949734227105 0.571095435235264 0.618487446577503 0.425612894491266 0.674374293114162
0.00379702194348291 0.249455366431822 0.400123107604557 0.375831460898964 0.98501813554966 0.042752741192082 0.145377577379813 0.532461246625624 0.101444876569219 0.629837840239499
0.95867904775607 0.593480847624251 0.875819507665315 0.368407688296298 0.91458699437861 0.133465578787169 0.0357129737471201 0.509863912310312 0.153408390543324 0.49177621078318
0.830024238408595 0.128302914417082 0.957131163117794 0.595037765839078 0.995611375493224 0.0732174652013857 0.323751649132148 0.513655862444651 0.305499188293904 0.634281521509427
0.384610043888934 0.641487239419472 0.993915596489064 0.5314803561441 0.987522983356653 0.0911692803945877 0.348364795125459 0.564637056366287 0.157925737654877 0.573656582149122
0.77254621297431 0.337373095852757 0.943085936796303 0.712847252529996 0.997880144803916 0.338360476762635 0.281002068889609 0.563860908471247 0.104710470651491 0.393638899492277
0.38969985883509 0.336333233711039 0.566534465695448 0.216083624917828 0.932046832217834 0.00141328201766919 0.0750002830701378 0.506064403004531 0.0590850942068177 0.468530973870567
0.059877095888438 0.0925351616104209 0.509978524039899 0.395140868817843 0.851627279494837 0.0210273136850864 0.712106318509783 0.517013818921746 0.0271770402054994 0.466650618035802
0.788387167209263 0.0591209015014418 0.98726031079245 0.354065818508459 0.929136839164647 0.013358451735059 0.121141198253763 0.521609339263775 0.1165726695342 0.319085129901371
0.454715639299749 0.000256500921748009 0.460613931140204 0.397078346891397 0.955162015487763 0.166851290262575 0.670339010499331 0.527778122355616 0.111592812625743 0.367430100351246
0.992379192997652 0.677872943204411 0.99605360025346 0.885907418296974 0.996122927766243 0.577768327634607 0.929252641655285 0.589799190290597 0.404685369398866 0.576532362090493
0.861218609096527 0.129388581205501 0.397177668601671 0.405876700561874 0.877725152511673 0.0472770328093018 0.145509913210471 0.516251689396644 0.0830058443677288 0.272944229282189
0.0198678750679864 0.0142431078100428 0.373968434145633 0.17692850693831 0.424049180869108 0.00572939400043694 0.0283793831323599 0.496832972550679 0.0213325321943448 0.32616321834865
0.00254225861595337 1.26011417246111e-05 0.401061089735641 0.0490879350492502 0.000572866702889 0.000864698500100492 0.085583344686909 0.377126929225448 0.00201974575249702 0.147712375569447
0.634047744311168 0.0864778367824856 0.888102433666189 0.195364737174055 0.657284037350338 0.0637014511115016 0.399544933680163 0.448984676949302 0.0389682754247682 0.406309813240724
0.745185397623818 0.22661777779303 0.97965373668986 0.537218233819815 0.995352775887213 0.233138383132851 0.0766958910977255 0.512594855417302 0.184836581465342 0.532234182948034
0.094532499994566 0.554223480959754 0.999941989171635 0.643573273437058 0.999280961838698 0.201268435017966 0.76753713342593 0.553178323580121 0.312993981896952 0.469662309739017
0.953029255478032 0.511090106215148 0.994273017433067 0.881229560263457 0.999837038479469 0.35064385501571 0.525647228964339 0.621784423977116 0.275376892121293 0.478005722714899
0.00646674679358355 0.000226497921564705 0.0355661148155252 0.132504303319773 0.844821688910015 0.00922857635644068 0.258691195615334 0.483859428481735 0.0269429234500313 0.237447695767521
0.185545414543704 0.123375111940784 0.874182915807869 0.440491229855629 0.58016948261274 0.00838869383667059 0.0594013284651905 0.494944082650028 0.0383812181753752 0.324104579722833
0.00653835062589417 0.772913339203665 0.971234852266016 0.206737077205499 0.875924935071006 0.0140853521013868 0.101597283086735 0.446276619625269 0.0220026010830446 0.304912731216425
0.983029675091358 0.288363699011605 0.103815407969717 0.206496049296844 0.420510145283693 0.00516632543351959 0.533731712224846 0.484434259468312 0.0108662731556094 0.374020325618052
0.0100899638564008 0.00102666147719919 0.350194307345982 0.321679949021332 0.654058392130178 0.00587662877039544 0.0717302793679322 0.488069219872302 0.0479588536023715 0.388352582117256
0.00351188822574431 0.114259519727897 0.967109349546245 0.485252008348674 0.975535241307734 0.0209479917083459 0.112745294535499 0.51867997770283 0.160285087893796 0.273945619854289
0.972810556377906 0.492879831163086 0.99676720628677 0.63651222667032 0.999277756827663 0.2001869694067 0.602869955863723 0.530420966726504 0.204822517139246 0.502853424115082
0.935021990876472 0.00156607554382174 0.996845521684467 0.242794939061982 0.757631130605968 0.00651528118283623 0.0364497408993105 0.473084112051584 0.0885529177194148 0.512440924299124
0.0553107263089784 0.0634426582975439 0.99913268699758 0.573509404318302 0.998229967089499 0.195396221100973 0.10045486530294 0.540436435435081 0.156733727398504 0.501804461006507
0.102187367256458 0.0291971461607964 0.192509593781829 0.0758197386360553 0.459235855929924 0.0138540835505755 0.193613890327917 0.457048668366911 0.00361247309133343 0.146751233035124
0.413678191480084 0.000793748649603886 0.99979354338225 0.365968332861273 0.832387762734534 0.016580166687601 0.138427937031171 0.495280392349218 0.0252269069224255 0.347155755222134
0.961723412000483 0.776435204773021 0.916309684691936 0.923266607490748 0.999212671562763 0.325449390924519 0.679965441672331 0.593921343064264 0.714946866264198 0.79831481087673
0.980947192451619 0.672529895581175 0.741591156236572 0.429931895739459 0.923471228220387 0.0779668654734334 0.578669818576568 0.549652467961801 0.0688863401298267 0.53016887391643
0.0775953766993203 0.855715859629549 0.848514723912132 0.409658149680049 0.714691715620888 0.0074083623761605 0.30345515399313 0.49808163086657 0.0276757089316035 0.545958836350956
0.966374291166497 0.140924549569569 0.957098139139187 0.540476589245076 0.993738173417664 0.245964634193314 0.509238954873457 0.599437367519072 0.419784520970896 0.651114304351613
0.767138618966666 0.99933216428576 0.972128474107036 0.707648664729781 0.997844664903309 0.436160842164258 0.356386671637508 0.574276482133834 0.641642315830777 0.51372194649649
0.854044201930098 0.00354717114277587 0.00865067965713068 0.19753259063078 0.905379010385487 0.0178418933993238 0.324181331156746 0.482557409110057 0.0171523246249415 0.350479622553603
0.232053377855271 0.0605068367451669 0.997075463818205 0.708801207640718 0.984826888345359 0.265276980454307 0.305173191012303 0.555672692019471 0.185902858761757 0.487740890656955
0.983950841564831 0.56370746098714 0.998132445517198 0.699193878743301 0.996650191734966 0.340898882645739 0.774865723424849 0.564931003570751 0.139701711411083 0.56735114420346
0.822157038526224 0.0850947151181768 0.44274201445639 0.261433475344988 0.689769493166768 0.0132135464268613 0.0988579407515798 0.495074583081637 0.0250999129745439 0.292419564328384
0.998250683619662 0.0641755850349515 0.970253498924686 0.27053917800503 0.801818302988543 0.0410372859532101 0.174552848637022 0.473776230962065 0.0430997034487053 0.269512224878278
0.175161676726656 0.694222995729046 0.383569276995072 0.369103851793638 0.885426752738303 0.0290888239628142 0.0329454756075952 0.478022540104812 0.0435426160717262 0.401073783679032
0.580505998467738 0.0241877746623665 0.803374220548472 0.455102842479843 0.987475672993604 0.0849667220912426 0.11081138389928 0.529244692596105 0.0724472785500328 0.389543918530205
0.176842687054476 0.00227828074280417 0.395424698782481 0.182030409704942 0.159470575824986 0.00156191671742248 0.0162876026874396 0.455030084689367 0.0148366348156582 0.258495365410259
0.567823697050044 0.159043278743431 0.927698046882016 0.0901300352596843 0.242013832047202 0.00824956550745573 0.0573478988883177 0.483775915354361 0.00935185777743615 0.217483896769673
0.433325963369361 0.841644134429205 0.15671030721212 0.657257775482269 0.996652843223871 0.0585398766081935 0.739554596502095 0.526579265945416 0.128642176228766 0.412976316278305
0.00104996073279665 0.555784556258131 0.791775057311376 0.556569615283954 0.994783059044192 0.0972705767088419 0.353380093375962 0.544602884228783 0.177130589096357 0.558831194715954
0.822444473268324 0.16761574920419 0.354912558564884 0.487507121999605 0.974888025093603 0.0271395718380166 0.779313431597801 0.529731932498269 0.0536390851381168 0.590645935042954
0.861965637058219 0.52799895453089 0.438164099185287 0.406788907765037 0.995930609405568 0.0654820111198948 0.405172554910516 0.552184946032779 0.0821681106037146 0.572400297997772
0.142463166300924 0.00228277049575501 0.961567706591238 0.160864395370797 0.632800973717696 0.000932248752290247 0.020040989111782 0.492576042476124 0.0110816960908146 0.23181758322438
0.936598314794254 0.538647323994713 0.983004863198463 0.798604326305763 0.995359081615304 0.315024972642261 0.628240181202408 0.582104439672866 0.179177427387886 0.553560934529143
0.941499964449966 0.000866447352351558 0.540737254934519 0.364776614406977 0.74184085358781 0.120962520495697 0.411449360054995 0.492759761167512 0.0207433850913717 0.289533553307857
0.769257152755279 0.647075611610069 0.960466009641212 0.483591353389141 0.990235769737634 0.161416351394266 0.153803117589424 0.564533166225868 0.0613336070272875 0.38686783713941
0.791689009418175 0.414319246882425 0.997076325791937 0.683350327064694 0.999948253797515 0.121350330541858 0.697125948724701 0.570441413730569 0.535817201270732 0.588634038171669
0.864922412426187 0.0223834553847727 0.998004638742387 0.578357228262936 0.921560846505597 0.0813069465209286 0.0279472180191536 0.574754155512272 0.14065041583822 0.540286622596233
0.932842313448425 0.682464337319656 0.994192959765596 0.86446186048206 0.986236610746528 0.347543822895958 0.603750681972148 0.591743938140299 0.734507486164458 0.684180366561754
0.788988395081812 0.000693171334940827 0.932982669703255 0.162897928265122 0.664120110812856 0.0174189255078615 0.159176799778969 0.449748853966492 0.0150261476147177 0.37851842891704
0.00666893108067618 0.14512906008485 0.998920987548515 0.37572331382312 0.96582775115234 0.0197150850260346 0.439748113072575 0.493786965844765 0.147469550889296 0.497988987308264
0.844074687227031 0.482258844091701 0.987323380408944 0.356296155851358 0.960856613207126 0.0273237871960667 0.367880235968549 0.497992284856468 0.0744124748113454 0.402189881011731
0.133783253718136 0.00195877954788661 0.529085075841019 0.107898929523528 0.391395748184371 0.00493548468228866 0.00759651416216703 0.436466927402779 0.00537168608193565 0.211328993854196
0.4164886135685 0.207449332663664 0.986288300647535 0.57203402316001 0.996812684512486 0.0934570229621944 0.543652605539634 0.532692713374136 0.213014714661444 0.636852839562339
0.0162872181100299 0.523364755499323 0.917006394832428 0.576960693353401 0.850434796740989 0.197257026615849 0.460095387376137 0.523438557453331 0.0710861703860678 0.649041523548967
0.885118009336891 0.209502364584513 0.470544866149219 0.332114933216776 0.94999699257149 0.0442378557337794 0.539407625768316 0.508088985551161 0.106191359722351 0.49579029093138
0.0585839774303096 0.116876860908328 0.975473196922687 0.398679523839205 0.997386864564045 0.18686441182321 0.495390455487039 0.547324281792672 0.160940343800155 0.52686596705159
0.99887153262576 0.0479252940764187 0.955830597173233 0.257366553891887 0.975636401129207 0.0351414478954755 0.203411255437556 0.529279508053248 0.157398439509965 0.227683048653668
0.995927151642314 0.984573463117511 0.999415092874713 0.906409439279936 0.999323404775998 0.480696762045196 0.415130105431848 0.615472555949367 0.655919663561909 0.673909655585681
0.846202624226077 0.753176652840374 0.969687442117601 0.647995948847955 0.994112670302434 0.369793902640652 0.372823306579819 0.584902019711035 0.104300377095556 0.698090684903807
0.67661015442092 0.0405068210439193 0.97427693474408 0.0946443124546856 0.95175719437286 0.0044698457610202 0.13341653919322 0.456399365793381 0.0429415284518932 0.375935881192027
0.404400930440989 0.134598597796927 0.436293109919965 0.293213975464847 0.604778180221551 0.0198765721763898 0.0803271120753321 0.486202795052471 0.0222477700778503 0.374899538228351
0.127324360858059 0.115930779773219 0.489409330010731 0.266405175969024 0.843635500679117 0.0084075826182409 0.170736963641559 0.495991870841415 0.0295513506021806 0.326688391876134
0.0847473242733501 0.00181075467849372 0.761391126528693 0.124150107900009 0.740787664370618 0.00196874388552098 0.00240018177229801 0.451558260684087 0.046218224962516 0.379067302663618
0.00130428219564948 0.294056148547179 0.877809270044799 0.582369971815215 0.988242130932008 0.0472892549187523 0.730543454689568 0.579783437617721 0.246625054213262 0.35915201022772
0.948937572008497 0.0840261472559839 0.448212906203642 0.406557244012014 0.790285864022231 0.00515891481614652 0.541063809686245 0.510761134033344 0.0437312534520138 0.459371052580092
0.80392391609291 0.819355626854395 0.990785923051236 0.652260049890341 0.988735870175948 0.148001969311151 0.56406139363936 0.585143047039105 0.47188034903995 0.711337333176244
0.432905750157803 0.997783461377812 0.999253115141763 0.621207738261392 0.999906194927431 0.270061173539078 0.268042048468136 0.552754894385459 0.284077502879699 0.636317488723437
0.890552201891926 0.042462258027318 0.71517792284209 0.393271934186649 0.907777281736358 0.0151948230890412 0.0428637688111087 0.495742322201918 0.0151009393085169 0.18846662899855
0.26005000852693 0.982476323874765 0.999102984927385 0.571876534871084 0.970448385584477 0.273419741019789 0.221123931607383 0.596430871337129 0.430919875998791 0.593369282027215
0.164812587747744 0.684769599555467 0.994146948252327 0.498914290128153 0.996826549092747 0.0502437044894323 0.160109764031021 0.545344049337165 0.301846670212598 0.368151614124355
0.420092582252011 0.85442465907802 0.998977746071958 0.766902563726117 0.985768259573275 0.116981896893389 0.660866635888325 0.568893051362223 0.649196743966123 0.698178703548332
0.0426404273925346 2.47284876600951e-05 0.873591529663544 0.269625413947099 0.703094710584021 0.022191334546766 0.0609912059828975 0.506650503050133 0.0162820714117964 0.411671797126453
0.0373049597948272 0.170411180801492 0.608722288312437 0.214556665471073 0.840979553283975 0.0429413026927102 0.0237894802241587 0.463653560836848 0.0234860992945313 0.341758525763404
0.142648986664522 0.0838189207635519 0.999320544999562 0.737542440429874 0.999349992459754 0.361138244672607 0.473688095220291 0.540993712873551 0.101461153271999 0.609742948044478
0.94852745255849 0.948524294461281 0.53667331231047 0.523266553827751 0.996275000994321 0.0174797113074646 0.24625965997049 0.525467356647789 0.0675493222220133 0.448262872972457
0.0888682411950742 0.169805946766263 0.902217069363375 0.291495720404275 0.727916897847743 0.075583368102885 0.00659031169477789 0.509920058829764 0.058910487597609 0.312538889852795
0.980277905868732 0.836067122399076 0.999755310135426 0.755150928369176 0.997618925093219 0.184381515541555 0.663635068711049 0.584150634249283 0.367583869689865 0.589967562582565
0.935258732489109 0.996375888397287 0.998314289140073 0.588291947953642 0.975877367947057 0.115724496475138 0.502250870104028 0.564944250847142 0.350973678454663 0.484116736662161
0.889736657409331 0.975844198363745 0.992249432696736 0.505766043794027 0.982838793724057 0.0913546583261329 0.262403216075883 0.548537972610878 0.198632191935761 0.604746484307746
0.094426272222933 0.538294740759261 0.993995858946357 0.510633937434862 0.994728531386205 0.168473437159162 0.410696436214341 0.495306411466273 0.0671463993976108 0.631696727416374
0.526630175660092 0.0807311508762099 0.346606425377009 0.263897684017795 0.990902106522437 0.0411789023014114 0.252823267298384 0.531884975370998 0.0366741509447818 0.461079776084084
0.9713034910702 0.518821480163285 0.827207152620213 0.315303735439882 0.897658169055724 0.0267698149695018 0.0826728841921273 0.505854779652051 0.0893083288452378 0.413184801054341
0.125827602371437 0.0182269564158468 0.985252824921899 0.389635884991437 0.643474794033305 0.0504312685895448 0.18969778787673 0.517156606555872 0.056481949536369 0.493259536937156
0.656341696363403 0.0898004868529764 0.867656273003385 0.42200184453711 0.9117103979259 0.0881001138577356 0.12145735985415 0.544071901420322 0.147793691769632 0.573776473773536
0.348437522462288 0.0179091822670807 0.957219948348684 0.561440592062223 0.996286208981587 0.22161979923493 0.64215761274498 0.57721178206182 0.118000709268454 0.54915417696663
0.557389718095518 0.313042264298899 0.951060073558718 0.369051664994406 0.996169624164921 0.0883155271613934 0.124761090836238 0.537169901989354 0.120446040857205 0.305623069796605
0.890039599289608 0.0398694908414306 0.683123250668814 0.481442151076425 0.846389784788699 0.158358763226055 0.155322914831216 0.511851938659866 0.0398155517271231 0.323013016197086
0.0665303760651754 0.184966431905402 0.328430126628051 0.324478662371132 0.929032439385762 0.216122405745974 0.168765002833439 0.504505637994304 0.0532027733872121 0.367844725129516
0.763872545295351 0.00295082064858807 0.22122438790724 0.126491513930977 0.0924532687902558 0.00407125049317959 0.0136156722005007 0.473138511773778 0.0162337588896994 0.481326886194025
0.978851685424172 0.838790172926156 0.997924449474264 0.746128568845126 0.999580912322457 0.0662397045512447 0.1893232251935 0.541395921832607 0.285767839501487 0.813421033259379
0.605820872422386 0.987295227081075 0.998880579024673 0.781521023164074 0.994243628903386 0.15954507896067 0.759025501305797 0.580605308878693 0.60188601162915 0.673689552050834
0.0083692349222645 0.811006803460587 0.963162428731703 0.489735411328002 0.940837450876849 0.24982515081272 0.242238672249149 0.540850614699566 0.120039680984201 0.67181986098155
0.795551868183642 0.0489683255273335 0.991684279898786 0.756319565017474 0.995794818001839 0.291410353627726 0.172600479351385 0.568551285545969 0.283891015994209 0.507107299171093
0.179076831422595 0.984852647548262 0.999537359975805 0.458456543301133 0.999746275010775 0.0265332096878211 0.590889426242346 0.568122557282186 0.416297899149023 0.548965232689168
0.981763800500434 0.546113511479433 0.997810354213007 0.795987384092528 0.999517439616743 0.340153238277445 0.797223863672935 0.557935852891701 0.489770491040796 0.537580384632545
0.705436631921003 0.309441673770085 0.996495270068304 0.527873906388856 0.813962409714583 0.142410184330719 0.152265818260492 0.529766892925502 0.127522184966461 0.343793099084857
0.0974289186310756 0.732872829216067 0.895058904776343 0.314049118458961 0.964494795253855 0.0436401530386647 0.546417659103171 0.552985594090734 0.0962417029980155 0.445992441546154
0.628076922904751 0.0271943593036521 0.996087224851244 0.614500034881461 0.816548162887878 0.0368106855219902 0.443641654097899 0.51755740670061 0.0830601039660192 0.358715672939676
0.955290996743372 0.252597159349775 0.952215742675706 0.396430709029182 0.983747136788253 0.186396401640315 0.765007407043694 0.544531738147346 0.264803847228324 0.614357771023625
0.873249878486412 0.0113116058179984 0.968547430378395 0.521615634719682 0.986947225242887 0.168451058785052 0.116698213055928 0.538817235146784 0.0997776896562266 0.457581285173226
0.623460191798761 0.85069165247885 0.99984340003359 0.4875071884404 0.99630309853273 0.14615817001309 0.434356762020495 0.511367165229903 0.0826765162035055 0.389761754674045
0.624196479109244 0.979357796576797 0.992604163389644 0.823136702330372 0.999418564021432 0.189554457888812 0.501644183825524 0.583973191739235 0.351684979317741 0.606548428694981
0.658072389031876 0.706742007104692 0.997567250016892 0.780161658891027 0.999911258763487 0.700583890608687 0.178523182995665 0.571246223850597 0.576118061051899 0.698750012522332
0.351966354614249 0.810789744295216 0.999329340217515 0.434944326474663 0.977248545838308 0.05023821504843 0.19947133117766 0.538428995625541 0.0617475427988025 0.605863963437598
0.944916305818622 0.835321677238 0.999789599694345 0.912745580126031 0.999790820005839 0.952943152044081 0.904256435795603 0.657089107939797 0.676751142000913 0.865376030438748
0.0437899612877281 0.000380652400543611 0.983661551787557 0.137462901926569 0.989049305474959 0.171065772121274 0.254448341623336 0.480806489256483 0.0548177253200947 0.411978660702946
0.974357613929979 0.991227498654749 0.999967007826413 0.71004753718709 0.994793784590504 0.675822562065033 0.545332532999708 0.612346466350437 0.279434824696636 0.654776554183434
0.041698734168526 0.00310930640729112 0.891338211257473 0.122961018833863 0.0189602367644613 0.00250418041469888 0.0232072833701336 0.46839604138586 0.0088336326657463 0.375644867754393
0.996193657366382 0.888510774265403 0.998516418459871 0.873213572789698 0.999928296591398 0.305339645858028 0.896068379263589 0.610483385927765 0.721294062725922 0.84610021391811
0.84776609863139 0.106242621382607 0.999121620471494 0.892073537263132 0.999099089378196 0.342628326038153 0.569462386577656 0.620097950333822 0.768300280206443 0.587676219642291
0.999099523862888 0.0588116045156742 0.993752933368677 0.653004916002779 0.936572188957158 0.119472282871024 0.451131610831256 0.547805699201977 0.30171917451257 0.433794377286389
0.676093080530605 0.129595517036959 0.925469266973896 0.881536774757738 0.999661561914757 0.26625447187729 0.506678670911333 0.610184865725214 0.411159132293252 0.569308885162661
0.875208643330993 0.0444824148497292 0.724496476084159 0.280021657080208 0.958022058543812 0.00321645726792752 0.260753624173658 0.440698781246983 0.10458823588527 0.442732419187921
0.257076097455633 0.239449526668004 0.889012732997574 0.652671461504932 0.761274992142715 0.0547119897519353 0.386817657585263 0.520080620413165 0.0212069351903762 0.533364766979914
0.990867519391599 0.00570149543985842 0.592123933057928 0.605046171407978 0.930189516239128 0.0762118417363656 0.136197400231903 0.562305192783903 0.215907953760484 0.470706063236776
0.00380921825428623 0.464793780303352 0.998875289150023 0.777221004508607 0.997002904420998 0.375228647950189 0.360191751185901 0.542691823365666 0.197857751650214 0.589362077850242
0.991284392131247 0.0210605601843554 0.997754110889276 0.735097834549353 0.998900856687709 0.217677159881023 0.696406086319201 0.585421775479291 0.108072475340897 0.615123098144859
0.944162957868426 0.000637912994471059 0.81518937509164 0.336914776764265 0.668546113480266 0.0346051298408181 0.312103166112016 0.506108999958032 0.0333633716939644 0.340300355416946
0.160213333463995 0.599755161201495 0.99976083316145 0.421151174352169 0.99359360672731 0.256051280718442 0.0972549488829176 0.56633601900865 0.053353770638504 0.458472483290898
0.788246257268382 0.098472578204451 0.30810834468694 0.232714777312545 0.929661464479983 0.0189886312994838 0.145801887040978 0.492419701348141 0.0299242937178026 0.382794799808005
0.282276491690269 0.482591484173182 0.941659842966792 0.662405925804831 0.977632304673585 0.0680812371241123 0.295590796017916 0.530523207941493 0.203639888467748 0.522219120054919
0.385093173819124 0.0231372857613798 0.146992534657752 0.331132117176163 0.975576586780601 0.0612083997469765 0.463153807316671 0.535871047163686 0.113623514588538 0.577847688297423
0.0412686964766935 0.0473070707523184 0.976202539492869 0.338805496629799 0.537944523678264 0.0181581254791821 0.489926655058178 0.53592628781672 0.0611016128949371 0.350172128028364
0.0858439604733993 0.0289238668080418 0.993280560110728 0.652135780502151 0.977573490913902 0.0487034192478952 0.67072406714129 0.53204922146794 0.139067065606547 0.618280211238315
0.305580340660754 0.338079830640507 0.997642428901003 0.562376549463755 0.996503935520218 0.0777393125106174 0.23222266547303 0.535601909152415 0.0489772862848246 0.523245234666552
0.712542410812956 0.140807293185613 0.932003283479246 0.573443695696968 0.999528648527758 0.138638948682823 0.646211067146578 0.568071845534484 0.366510106048311 0.673380147699542
0.53502910115733 0.588009374994991 0.921745394238802 0.3234082799001 0.977651327976169 0.0513014689553111 0.0279039209871893 0.533837625511154 0.117575526699891 0.448387386062847
0.0269095498783774 0.78254209050391 0.0253122058426496 0.541944582878706 0.998162985266187 0.00982530890036024 0.215634128494776 0.532129589856246 0.103097811437621 0.519247653673388
0.928367110331594 0.888531067677552 0.978857172734064 0.202908482422158 0.941518576270273 0.0113749266798724 0.686901090377766 0.504300394873683 0.0339014003090617 0.513459744500927
0.866344603329248 0.576910074940468 0.953005761713751 0.738935528482427 0.997992996189009 0.410733463294564 0.787593492535405 0.570150194231564 0.288922403771081 0.433498389024156
0.0977738227950557 0.802943471222732 0.87683068183367 0.458363317960845 0.90957748195426 0.0162958339310595 0.390361263164728 0.507371629509087 0.0864857869359083 0.450614045631808
0.488008562742278 0.726622554690451 0.996075311455347 0.504874760423902 0.989053919934627 0.123346092943969 0.253477959210529 0.561683619449656 0.155088997711989 0.570503082178682
0.992514535640775 0.0312094265302466 0.611906044431953 0.4507402116847 0.742911005606429 0.0815849634802606 0.239237317968603 0.535837992723329 0.067198993653733 0.419339141115899
0.98116492550254 0.430819140639488 0.875495686727066 0.614665592976028 0.976348101095567 0.167111814295236 0.242544669115922 0.588120482315384 0.226889623697616 0.677029078091934
0.00238830123150817 0.641158447555872 0.869621488442906 0.245526505521254 0.814637477008285 0.0113787507032042 0.261404471810252 0.520215482592448 0.188245346261693 0.357830834159358
0.173036963227535 0.0153454637061165 0.956510539935668 0.507258067298536 0.923655164375991 0.0584946811573521 0.093892318186747 0.52189226191849 0.146409499516413 0.36727531690514
0.631457107690137 0.0526233128141365 0.643648149825301 0.149631454917067 0.0375124618835666 0.0211876010435433 0.00784527212031385 0.441183901926287 0.00871713043870159 0.285686811920648
0.0165710286872117 0.142988569836273 0.264090636175583 0.605640334557926 0.900022271699143 0.0418487149840552 0.0888463419107598 0.50135183226927 0.145188269178753 0.41951934880314
0.585892968708023 0.0464440658210339 0.723042318486878 0.243995441918714 0.516691124118746 0.0107016569427457 0.0789672994044624 0.500542205647954 0.0357508219774497 0.222897270048674
0.952592870154457 0.631297525004887 0.997654833410454 0.622737380920383 0.979043578937458 0.038953679889927 0.345180111187488 0.581250722319078 0.265950312065712 0.6356342907801
0.808030306683815 0.00721698819491271 0.993914138944939 0.464865626405299 0.906607169469059 0.0246004697158359 0.0292893107982114 0.550308603696574 0.0537883165616513 0.445982792411316
0.61154172022605 0.944189434498989 0.996510902090908 0.636043421661801 0.987718510824511 0.399135720134433 0.869084569962989 0.581115357388864 0.25411247035645 0.599710786638216
0.632583361805008 0.985823637160252 0.998293293984562 0.722123959774408 0.999862635180989 0.18592400969675 0.504703553284422 0.570603018150697 0.373699600522045 0.399505335335114
0.995670749848751 0.600593956652311 0.825460663724421 0.666362098608149 0.969022200943991 0.178795763725299 0.834590013776917 0.546518581713264 0.216728554492611 0.476020052440998
0.963311659737128 0.66169792729716 0.999141905980486 0.720376481822589 0.999228557189833 0.426083556754999 0.274985138540558 0.608358631153414 0.469817653431521 0.560108057609353
0.385106937694296 0.543101054660182 0.715739192796326 0.468586413542732 0.982471201860501 0.0959480735321117 0.217579166615707 0.564611832638547 0.119383200579299 0.618341784711805
0.122514690528125 0.00638664650178608 0.525330322204918 0.31915818002797 0.767274623033396 0.0290296923490502 0.417411643710909 0.492943279012262 0.0259416287761731 0.410533403231153
0.73591916961037 0.240727623231805 0.609448720532377 0.529798347116874 0.998855587986174 0.191460231738744 0.753693531448134 0.537358467496615 0.212476975958832 0.539069914312101
0.244893598239426 0.0577299888497853 0.92157771244321 0.521372434559306 0.999804242675099 0.0152392573408921 0.280360478091653 0.547421695733794 0.262503375189243 0.480771240216006
0.534183742380987 0.0895604232882 0.996011032520014 0.379082068084223 0.994415549699146 0.360002071939267 0.190383265371395 0.591205534562378 0.0775948636142205 0.653162290087686
0.995987335822375 0.491486019657213 0.975555852630621 0.410403464204344 0.947135314457384 0.0337917961515476 0.459059045892558 0.51063314169744 0.142846638629471 0.710166597673339
0.376096411138513 0.000125807621418303 0.975489215274893 0.314662191176597 0.917155585668372 0.0424248503594147 0.033188367046644 0.521625275345107 0.0696262512501689 0.358508724162957
0.0164739499495264 0.00128559029969898 0.999023431383118 0.479075752298521 0.808348452052792 0.05701697450499 0.0931994851156552 0.492183109970663 0.0703494092639177 0.516157245768263
0.966257931243412 0.992528361993967 0.999420037231917 0.733845100547586 0.983093502214722 0.197887632766742 0.764038696670829 0.590912601093946 0.116133716338138 0.378975243133872
0.0657779646076006 0.0374629470958266 0.996376181251104 0.244923280864987 0.926499584011512 0.0907248449609035 0.292233952158168 0.541297017511306 0.106641373444998 0.433989315649597
0.990925381292081 0.597364534643194 0.747543638445345 0.481104232497123 0.999101846237249 0.322554503806937 0.450775914833487 0.573173779087925 0.221457243518001 0.542472427014476
0.851071697381135 0.993486755910643 0.905665556139588 0.903136565536995 0.999074722016794 0.20341076542265 0.717546901721708 0.612397405696673 0.603294475405194 0.594429138500565
0.676219466676319 0.742085579778835 0.852049678402187 0.492574505621879 0.91063798049279 0.153924531513074 0.29809909971573 0.536344449933134 0.118492429128542 0.513303047023427
0.614744613558728 0.670911167713579 0.771571864297461 0.569310277387908 0.984186970180387 0.0305335746056265 0.017196236378205 0.516428067144694 0.105563759457524 0.356724108781734
0.999438821371975 0.790198217404001 0.993358893253065 0.856008346875905 0.999479750055694 0.727776622016633 0.94875873167571 0.603528673183926 0.399041694468107 0.807206251111814
0.00350682347763019 0.00215671598284311 0.954733269372876 0.277055800423507 0.535553539553651 0.0277317878643648 0.408617836783459 0.513153487388197 0.130663844977069 0.376748737795319
0.168280945272668 0.25266097061504 0.845905924558756 0.407810101588843 0.987801023477677 0.0431309551133921 0.350226507171194 0.526203400584825 0.159646268560792 0.618205497020747
0.625683267469879 0.000459575172415505 0.0709198441587979 0.174778273675722 0.011291836698216 0.00511862525218 0.032937581670602 0.457315589819314 0.0134989021781274 0.141638272353313
0.139633475797007 0.619232054063999 0.97666359989629 0.374427224630133 0.880290644773694 0.0421428770719415 0.0381437988390701 0.498486283540467 0.0449913877393871 0.2686120100265
0.971683714959672 0.414472421864081 0.994580728545472 0.671279747506148 0.999261110127652 0.297946851441813 0.403810784278023 0.59315673606639 0.367313242150429 0.369950894239424
0.634674536618194 0.0610780189645698 0.963146055869707 0.130897712250527 0.854316186020987 0.0612591545798633 0.124255970908927 0.513681573075371 0.015032806478395 0.188307044668201
0.238190515066068 0.889925580149531 0.999590828724109 0.513245951968025 0.995415954307722 0.0180675227773143 0.120017668436132 0.567506573113035 0.142073843154801 0.427446414621762
0.150206586252122 0.0352731172644223 0.0119541944799745 0.180266614646604 0.350390008971468 0.00260988689667633 0.0849825003836218 0.450738628156465 0.0203215154578559 0.210897077739485
0.964066658087603 0.872098838517713 0.105084515609981 0.667762721418737 0.999674303655357 0.775113545353651 0.496709148986348 0.598981561651235 0.559360219662125 0.602175582471511
0.814767320168526 0.926349373869577 0.999445935814463 0.595139734787845 0.996184999806402 0.443323365550197 0.575196682585278 0.596009185688248 0.381275434989674 0.619158830899652
0.00466790296213937 0.0571416458366581 0.93841905196137 0.0827854183996023 0.13840382345781 0.0106884150744327 0.0135906291230766 0.464929990054022 0.0689215915951185 0.253109015784501
0.867023495602738 0.988390477002439 0.768208068644144 0.435057945389649 0.79527162087313 0.012793755838011 0.0516509826123109 0.480545695024857 0.0534431278853456 0.455519715626347
0.0276591769312637 0.00637332234309496 0.0509877018651551 0.0541378114634328 0.519883100553458 0.00170403996828584 0.0242637141901284 0.468194393943045 0.0208082401315954 0.283073919352799
0.0582024841232104 0.00348956787858591 0.80399063211892 0.396515131676478 0.986032898131947 0.0306343013723094 0.0969448526074095 0.481470077964483 0.110775164041912 0.311418169062663
0.109310676609294 0.162941917415381 0.999405964015021 0.599109348652667 0.97867820963177 0.0220386690305169 0.0446176309625374 0.53258862419235 0.0288994735505671 0.502369306661226
