0.68775361654401 0.0137184272290441 0.941267839715179 0.509605361599527 0.322330843664915 0.0171763501795834 0.632039561576668 0.490561871855888 0.11284417417395 0.484726106287796
0.0542189024440628 0.113482479941256 0.875193651814462 0.112449896023034 0.858885035259524 0.00698728773702533 0.0342611078242433 0.483899622670736 0.0320398364147759 0.18951075631469
0.925145740925524 0.0169610644665672 0.992040391725122 0.522010049240718 0.963371692829762 0.34934527138724 0.474894392002541 0.558389458724524 0.252875512705098 0.610858386827944
0.105025675085611 0.0918223151443118 0.314872577506847 0.290232029085545 0.269626120969533 0.0435989374123583 0.00780891192631162 0.492483343304305 0.0221877476597642 0.479778087538827
0.154628976633619 0.567521917733201 0.935885385012782 0.32659346249884 0.988437630958174 0.14983395662395 0.71178477817576 0.559780569875549 0.160912583198439 0.661154674920236
0.00656986406926301 0.000277192496414172 0.00641927533991728 0.0638638237395075 0.00149991840994977 0.000218337502820351 0.0860624797215193 0.411260680745833 0.00891633299425382 0.121644932375602
0.578234606325388 0.340064135244707 0.839228517195335 0.506796697168157 0.986123934242068 0.110655867021286 0.0757821635865314 0.527418728303329 0.177065242771478 0.674742778947763
0.304082396657637 0.717174779791531 0.970393540000196 0.682972127004032 0.994729293588911 0.239773319432129 0.70241282335962 0.567254422508672 0.114031207085886 0.520316722145271
0.118353563902692 0.0344824752918038 0.987407115788821 0.620209881574145 0.996147818299032 0.113621309416537 0.338895225464296 0.506142252941836 0.0697149267641472 0.419357885407791
0.991520857924481 0.923952094754151 0.999732853112098 0.629059342392996 0.975056125548629 0.715977628515381 0.457726201960419 0.543711470298658 0.275288581117831 0.508361705781605
0.995602143399075 0.999306268511627 0.977949098382797 0.914492204134892 0.99957684635103 0.513461859668153 0.570729950848367 0.683972500075027 0.533231913675596 0.778822954224438
0.029298231088978 0.37935344905733 0.995997196725748 0.234410831936626 0.991892849182612 0.00677565777945793 0.216369161988708 0.496370415922963 0.0549746696869893 0.350841499815148
0.103924211374294 0.00711760943442494 0.999452559451324 0.723606460352977 0.962222329672014 0.0162749046448963 0.221140770472297 0.547271261872649 0.192262092230305 0.365724709896336
0.0161293264025192 0.0700742355339083 0.937880491308629 0.571099105502607 0.992694123726211 0.0461622663923496 0.375703266474734 0.533106383129782 0.135631688732015 0.484076465831704
0.347531750495466 0.0376848408809584 0.0394919368788522 0.223337954406851 0.813720079294972 0.0448291024176521 0.0905974173101627 0.480498947953165 0.0368232615678118 0.670779682954145
0.229258058613053 0.0233722778902155 0.967292857253576 0.137700183104414 0.228243056761968 0.0231659409681377 0.18842576163174 0.487048511689842 0.0399684288444995 0.31399854624641
0.0773186103093385 0.397678401826038 0.908817668331297 0.484260177925286 0.994775729957524 0.152870453177037 0.285984675460563 0.528383162472575 0.0712558882411998 0.488009277302479
0.995250597099036 0.997055564398475 0.941307682777423 0.923602144715831 0.999983703315831 0.668585196927491 0.759102312557799 0.649597886650879 0.873384869836205 0.83738738803632
0.10188487380872 0.0133677764137909 0.562437333062003 0.264466363944556 0.124874316784802 0.00207772334586627 0.128254231096967 0.462924732068362 0.0083568767950952 0.261118837525062
0.68703904864176 0.00162459691513294 0.991566997993481 0.484359171533394 0.997018626446523 0.0842792156113535 0.0572898460927035 0.55668743919904 0.0955880029734365 0.531957333071348
0.619722519622588 0.00124341959920231 0.921062246802402 0.267841982565512 0.814969454865616 0.00845324677943481 0.0416931171356871 0.469237524812017 0.0271609377673416 0.293517005309194
0.638535658739247 0.712123909655978 0.94635278491525 0.613661089837617 0.987465529655625 0.152079516478667 0.0409914178168739 0.553516828233349 0.063334209347593 0.562219778354226
0.658015499675009 0.351147771562415 0.973739083557741 0.309203157087216 0.897821742269686 0.0251131698569395 0.470535545059332 0.475314841766985 0.0316188494836951 0.579305718800237
0.230061593318708 0.0104382143789681 0.69982393271651 0.407226725530257 0.98653480814567 0.0730480556591131 0.0041722121073078 0.560737943761864 0.128423812850144 0.342550700804033
0.0744208707125726 0.0100924644932746 0.538632779195151 0.188641075902061 0.964500130086683 0.0301642624413436 0.127392202919038 0.480549301818821 0.054329510253159 0.545804786102911
0.876670173877023 0.952059338580035 0.995894293427711 0.803635425611689 0.998779025242803 0.672687319041716 0.475533887795 0.590160088585388 0.416069277726479 0.570983025529028
0.956755852908867 0.5655218901596 0.991335691971336 0.524915583056131 0.959693800732288 0.0360437286451613 0.0213909208334129 0.535012317419798 0.246256334491149 0.715888885654795
0.113414266868064 0.035966770734831 0.989093255725579 0.403056132701635 0.999709969563743 0.0838735798886972 0.0545722838648144 0.512269896226612 0.0334116506821095 0.481273746304773
0.0109424720923929 0.770358958200714 0.997097692801521 0.500201060771814 0.993668755836216 0.0788359545354971 0.95145264687208 0.533099426643333 0.415801845475098 0.638712315803095
0.219063842356861 0.00092837155108408 0.632321534805953 0.108641735314196 0.195586020577682 0.00553081388351807 0.0393017928971284 0.426611857791535 0.0133035983420332 0.200115620139684
0.136064938242644 0.0353073253732689 0.929001197577029 0.713042841281692 0.98514165989795 0.0292405110235705 0.229490701136914 0.543440047637966 0.189867377947575 0.585699331064988
0.992921824350417 0.442528234281876 0.747312690028702 0.63069527970571 0.964526484309629 0.0347028206428185 0.242636786664185 0.514149850588188 0.0795615286720622 0.550960431811521
0.0243485964366889 0.0584252554644451 0.940752554742374 0.198939807895991 0.96090157825538 0.00940088098041293 0.123858105494332 0.47973004602199 0.0523938430900153 0.578517457817333
0.0132710404447352 0.000774266373248508 0.983171197704523 0.304692031283253 0.996065322606723 0.0518961631979739 0.483466374755261 0.524988798143261 0.0316438849317368 0.602639184466577
0.0149482303140756 0.0144391382262622 0.721994635661471 0.418432061811541 0.989511068332334 0.174715696979859 0.317954761216106 0.52052597843922 0.170480000228602 0.536065016110367
0.0456874201507253 0.00628933154869496 0.41644957002635 0.412216773853283 0.976664546354624 0.00583799179314658 0.0327993240467281 0.479606448710076 0.0475897776058756 0.253476873824229
0.787553385916592 0.256626128633958 0.932832105004313 0.687310941022655 0.977321377660816 0.207226592676668 0.543545772028755 0.56237819513416 0.112019385912735 0.379042062967628
0.941410420031699 0.200996765347596 0.995575181438427 0.331359101684739 0.935162049100165 0.040275693011312 0.12782561839758 0.491326876960787 0.0482605013949255 0.413464370148453
0.696468194139222 0.00323078127787496 0.879640002028579 0.586970505294418 0.583110385486294 0.0243309748660086 0.503835533430723 0.528555916214097 0.0875002333773169 0.450846989032749
0.727068721384995 0.209502035746577 0.935608223872123 0.196245287663282 0.564161514133712 0.0279400248193028 0.0956378814012344 0.457138781828793 0.0201095545860643 0.155014495251516
0.98218287274507 0.999768646175868 0.997322529415641 0.906390760360243 0.999443213732121 0.862737408186864 0.722227304171747 0.66807455491797 0.740092679656179 0.824745094029225
0.00370147442849991 0.185845313351295 0.265244649040521 0.224070562125981 0.854625031608721 0.00686170468968616 0.0128824706653188 0.476762005679145 0.00770818669225264 0.312255787286773
0.00507166068606526 0.00181486415622615 0.106275497382224 0.372616057955624 0.449898959566459 0.024722594017652 0.0201960358492931 0.505924864002034 0.0848383339077669 0.261892311924259
0.999472133952245 0.691141999290245 0.999811854888172 0.555863187721289 0.991704281387265 0.318059170303832 0.525656832433974 0.555202198903701 0.130726565126359 0.63216664493588
0.0166629766989627 0.905141246090457 0.0203620524773339 0.731630452330788 0.941788736126339 0.100497842933591 0.216622890491968 0.54780932698369 0.105185129938801 0.81577825165173
0.18229332714069 0.0105342077596769 0.988698657885554 0.481270633009949 0.923682604039604 0.0965121066475037 0.619746939627473 0.505542950726035 0.0955652509655646 0.499562189827122
0.983499297729055 0.942186634484292 0.9850801489862 0.731653475109533 0.999697460750468 0.172072467800631 0.254526814568118 0.602296987682209 0.235432693672769 0.569441655274602
0.0297834372701945 0.954403378483989 0.99997063994439 0.746018617279462 0.999648413498282 0.14504113774401 0.898622256689897 0.604067521878069 0.318094954309318 0.569877437154628
0.0104339328985073 0.523251445798006 0.995732805091129 0.849201834232236 0.999854090428046 0.383739617041788 0.196930004431098 0.579650576074846 0.200186239411324 0.557243244104452
0.916636785182444 0.046574681852684 0.999262020275339 0.564340126901549 0.999526005304318 0.091502067680854 0.732043051800717 0.545572750702833 0.127277422502937 0.625516565125781
0.00191403276815372 0.217037508551909 0.986588157972426 0.377383862035478 0.775987184471624 0.0135176632714984 0.129333708424663 0.532695439452294 0.113741143299196 0.373693775167029
0.980859686812983 0.811121711844196 0.983968091261426 0.840121798601231 0.999295616481216 0.414045575276736 0.549622362158504 0.582564749547445 0.491738000660803 0.835134790078155
0.0206706755809014 0.00731239466897138 0.340539039004909 0.126652300314477 0.960089012158035 0.00537861374698633 0.428734243401036 0.464013265716913 0.00866067282886949 0.165876723465808
0.286151186075892 0.247818155983445 0.998669759022015 0.738369682963226 0.860604709140067 0.0495748279373397 0.593201959745525 0.545246863586886 0.239958467083745 0.649411522078855
0.767112563995381 0.0859070912204685 0.998964375899553 0.719050267015742 0.999435269158717 0.422456825577504 0.386979858919934 0.559342227043855 0.55374837731881 0.516845105112953
0.891650923367031 0.996153930385977 0.999267427891679 0.895205935345865 0.999406704526034 0.610249922565214 0.77837223050187 0.609625652676765 0.209361189584269 0.748395699537633
0.00266776313453368 0.081407372569481 0.447989425557822 0.30425444229119 0.930006309135083 0.00558834472941198 0.0680473587775162 0.503821527986849 0.0360884336925187 0.621606882979356
0.0668088672202957 0.038591209155311 0.927764397424792 0.19288158358324 0.478415430294982 0.00299713524913993 0.0570730629399532 0.470154760373178 0.0323236516795257 0.480121396869303
0.913863346499815 0.604017445754802 0.999107734821379 0.715071683660779 0.999663266361898 0.605079278426164 0.516714049852898 0.608834321997992 0.322389310283818 0.778467462878636
0.45416620306549 0.00327633153772187 0.822060896452619 0.328249539058901 0.940126169797832 0.0239347553541595 0.110011131568063 0.501714337076188 0.0877340051098979 0.570850047572771
0.615552625658151 0.442186959752572 0.113239011269758 0.526323416465305 0.984303562703495 0.0970799294307828 0.0679714506911549 0.514176958611746 0.112369390470508 0.447040241387555
0.97581888982971 0.945744805735932 0.969932082341656 0.73946172618651 0.987198840181712 0.158844925296834 0.201469228765191 0.579520156737202 0.242425596847035 0.652844954549189
0.760163068576598 0.356942711597976 0.881567600880325 0.397209776104269 0.756572384277412 0.00544092863879852 0.354554050888529 0.495529288614171 0.0174158101060868 0.405022831520453
0.000429778840215635 0.0013457577280721 0.659765079519621 0.339145975654703 0.980558115799089 0.0129715078745174 0.052858671602368 0.499889087021759 0.0414100157095704 0.689147714440803
0.465512792574803 0.0287311480625158 0.244223922579286 0.329061507581255 0.660730245559057 0.013769894247069 0.121699437375629 0.48995991367469 0.0671108502204533 0.435023102661075
0.968088890874413 0.628234135978527 0.998083408602575 0.572035023255023 0.997028782571717 0.092628742818586 0.510005185679736 0.583736426806885 0.114873072400883 0.595787703289529
0.0132074092032697 0.000241426131751657 0.445152317694919 0.140772327608348 0.468094801090865 0.00252162099224017 0.0538185941181338 0.471256140845891 0.0423280813516815 0.371674840652732
0.64072537909259 0.989635797193914 0.987991343412282 0.666743846784736 0.997360385642705 0.201386450687527 0.103278171392496 0.578773438923323 0.297531540511919 0.772813697563214
0.0358579003089103 0.0731975741113167 0.998145618787043 0.580404058892154 0.983056587227438 0.165725609610199 0.40707757477682 0.582798965596829 0.508699117418305 0.399029752750994
0.0404556222749814 0.129920112292942 0.971339917178095 0.305165609428197 0.906058288743914 0.031198127918143 0.0687737975452094 0.484865304735848 0.0234468770369964 0.33414639789295
0.024677923616139 0.00966203765245619 0.0826973695968621 0.223446239667721 0.408624243252701 0.00428106202062777 0.0148800400728512 0.445060102197815 0.0421189841054003 0.316845243288147
0.796823639703432 0.18988592762795 0.925820291561666 0.687772985912545 0.994799200545418 0.121955979741225 0.354686036945747 0.533554416175949 0.130705330687245 0.470366723827173
0.0467741033147986 0.419108918939119 0.620727254847179 0.323536121194327 0.946268683334679 0.0331987003040151 0.229721144834739 0.527537360823776 0.0323009340852016 0.488164779252729
0.255443988625909 0.271045660155191 0.969713876218411 0.741945928458547 0.990449368076728 0.208249439911487 0.199818010962557 0.577918751453493 0.393639595431189 0.637792858819026
0.872911368187953 0.989100368457551 0.999701153205866 0.865977762593029 0.998498366911219 0.864496704357238 0.794973072847063 0.627607879320433 0.840447040216011 0.848742033358212
0.16374000332486 0.00794803806207939 0.861828040195918 0.235997345768784 0.781241805655385 0.0106741791516988 0.20227376561276 0.44500687387108 0.00906125204626688 0.165784101178407
0.211931444412999 0.0378336662443788 0.944243960842021 0.668927269495971 0.996532697734892 0.229682282264098 0.415194676932608 0.540920868471824 0.223984066520434 0.710871340317035
0.0947512258361076 0.16977041472704 0.58914368571261 0.296370791319406 0.943912170328648 0.0186344042792842 0.175366679121804 0.523878292821425 0.0379367761477555 0.377028369447327
0.256708736019964 0.000987546387449822 0.897919821124637 0.252540394669488 0.933708509587836 0.0285288626222142 0.0906939978460819 0.499414592619853 0.0200027778489662 0.421201943486519
0.440424761548246 0.0139877554620189 0.239700445928194 0.131984255175708 0.14156131310361 0.00184334286816375 0.132516227180445 0.44378251008617 0.00558198007801154 0.20920267040042
0.730475933790661 0.296848938900234 0.993514492535888 0.415090051713694 0.980221844862592 0.0284286025158043 0.035901065870665 0.49922712517128 0.025584322303196 0.434023406498929
0.363766462202792 0.00225959599572195 0.732512389219861 0.341519356903133 0.586568165172003 0.00455425791984816 0.0168971386944687 0.452964863699095 0.039310495635683 0.173860754752585
0.990619463678981 0.995065590525561 0.96713253732609 0.298465778438527 0.993653658794447 0.0350883641577049 0.107688737279478 0.546620752381829 0.150688089549493 0.665541597447903
0.713656161742801 0.000427779300310895 0.933427929386126 0.110528751387802 0.361086539874442 0.0173485136702457 0.00799814853792038 0.447656680456193 0.0109303371441136 0.161302419839092
0.00581616301759107 0.646270675218323 0.963610430252242 0.593628027517159 0.993276356411549 0.134982096397571 0.1909286730456 0.560543941569617 0.336282641660048 0.611487040436361
0.426557246920136 0.850746780192412 0.999264618292021 0.538088915775418 0.999198583208902 0.261901588677161 0.83325766425013 0.5749244460735 0.235507506076554 0.495831007176222
0.999245426610331 0.829224224085621 0.98858120603905 0.908769493913363 0.999944886657247 0.564282896703679 0.568961422453121 0.577872270367069 0.372761799561197 0.770090000137257
0.85430927153901 0.514633337388529 0.999993518837445 0.707447891223179 0.908537616540404 0.124398599701195 0.311959726665164 0.52671166305595 0.11704778511127 0.545997587949995
0.319576422188862 0.308049940840379 0.966224120773483 0.705853048065074 0.995826005519713 0.0496571927494542 0.440967552948099 0.562384209457209 0.407146225093254 0.59385136189106
0.7527133623338 0.0176517381546289 0.987849587493389 0.138275481047054 0.425737745121564 0.0599560868147389 0.0527198962282706 0.424306925406743 0.00735773415942852 0.281244761376345
0.897921601458244 0.734247127411368 0.997297930711402 0.825852655887156 0.999814761227038 0.401273253599335 0.39594005579693 0.579070217929594 0.44101200699615 0.556612167584645
0.350419073078218 0.0193101153821699 0.861068663825828 0.558827319791334 0.970384986655682 0.0441764156549783 0.124128185321163 0.53880664042055 0.0427840247511311 0.51980722341783
0.934516985281426 0.990859873381774 0.889011319006849 0.410152449002902 0.225556152189622 0.043725754723773 0.0267441928196891 0.499016075007825 0.0317309621985428 0.42709153031244
0.958568271622478 0.368204669147916 0.988955756952492 0.282173479084775 0.979655338418104 0.0472074875321523 0.254667715917569 0.497311241448186 0.080492103277844 0.480269072121079
0.0845495159837986 0.0722622616394114 0.745137153820138 0.222366401967269 0.938805268533457 0.00708100832885334 0.609669147023251 0.488974283933676 0.0469511953984633 0.506316805210952
0.00472915765757455 0.20838119435887 0.672023561000033 0.217070637039358 0.0406113977757161 0.000811052170612439 0.0110135879842401 0.436474414097405 0.00947457545573173 0.224233765165835
0.968884795206686 0.894251383722632 0.925989889142277 0.741756910096405 0.998902039507155 0.135129963935006 0.509821484062677 0.60026145839047 0.454678027246877 0.661431906530644
0.117428559625918 0.0063721694103966 0.707760274539584 0.28366064903065 0.328486400697971 0.0273333129928998 0.289352231901052 0.490269337465336 0.0739532804751469 0.310925061049472
0.327368558761912 0.967457850098859 0.976438154673584 0.557305623276386 0.99905702274288 0.0644529551011409 0.811301847510758 0.565671353391736 0.422140322368642 0.669381718253449
0.447351020502133 0.00194890035999737 0.903287099476274 0.428012030986473 0.951282112137374 0.0813407531200094 0.101462935433308 0.503774209181153 0.025370836879899 0.513578016133897
0.47059398127453 0.00393234531451448 0.595499463561651 0.240920668741842 0.264581382422474 0.0224669038820025 0.0688008808336549 0.464985195160939 0.0251085644977341 0.464860796781431
0.0102747586067717 0.498524031704768 0.78713604655793 0.399101633757467 0.896812121579925 0.0222869710445412 0.0558730628888065 0.524707155512505 0.263261959231984 0.412890266399767
0.00577213850739544 0.77792821307088 0.961671463090765 0.616793710405095 0.999794322025719 0.0693294630909294 0.440150508802019 0.582724421651696 0.13167020128729 0.590398554396802
0.94823479117093 0.387006977353656 0.906213490430192 0.386813306157683 0.980106507722462 0.0380795048003003 0.318631643528571 0.556617967234391 0.304070178408189 0.246719672095785
0.167483602199935 0.221534490024193 0.991748159205631 0.541148771771985 0.999831971083741 0.100622047358883 0.294146796862503 0.531993531985146 0.374829142958742 0.438562899671132
0.880203575579188 0.00175196621140095 0.110995687613595 0.220041851054305 0.813322426517669 0.00435171397258224 0.100330978786942 0.462887798129745 0.0337218461448796 0.390821750890019
0.958560648656059 0.710478592646671 0.924463826238722 0.711853621874003 0.990572460910694 0.0481680427856416 0.153369157619365 0.560719845387243 0.133369484110158 0.480371652187493
0.88033325515316 0.0715782823225901 0.999242764059193 0.337531722275727 0.975808440674001 0.013459178391351 0.227385839353025 0.516522192753185 0.0840733690456866 0.410884735631451
0.895712972505192 0.139375403270077 0.993275328949872 0.592590807652897 0.998920189891827 0.0437324439322753 0.40902370299753 0.575233177186281 0.154662654887391 0.554712984975253
0.00223325952212612 7.16627539004755e-05 0.281094937031372 0.044906488553782 0.459129574571076 0.018980013962014 0.00410235322585623 0.471174871085375 0.00209447368055034 0.15722748789492
0.27162886783726 6.29734898522618e-05 0.494824144976499 0.106681617371126 0.186890735119685 0.00197736739752187 0.0482511993074673 0.424458174731859 0.00516190117117343 0.242718769534816
0.153667689250775 0.0725363917337364 0.523690418404817 0.247871651993941 0.351042623513174 0.0209984023341908 0.459797790733615 0.488339712955813 0.0527695318276302 0.220984466118898
0.31571200937535 0.964706467823001 0.932115591996219 0.281969134154156 0.972596658053661 0.0445769748982972 0.578671077907914 0.530233298067509 0.102514415266064 0.484200650084679
0.196620206723827 0.00102319499768944 0.907240454976999 0.155183176567524 0.940734947830809 0.0121050700230479 0.0826262878839549 0.52215435732968 0.00728100969003161 0.473721486754405
0.238328237062223 0.0307311187481274 0.959648152132019 0.397603615707711 0.946708506035579 0.104592006714398 0.072580561970199 0.548607944686483 0.0601272054147881 0.431738791928053
0.913725162035198 0.201551646452321 0.799341892847824 0.312719259028961 0.873855282233318 0.0185380204932847 0.121651218341314 0.464481323482294 0.0445919826684378 0.416873897029393
0.0205518815885312 0.003860608843393 0.106430898660724 0.532438718005311 0.997527313780898 0.0854375927223839 0.440301562337091 0.550376301102182 0.0810164309148177 0.561386980175917
0.421403012932015 0.10146357813769 0.792933788826607 0.171179034688385 0.984324731522389 0.0101820374683105 0.502082134468602 0.47481926155447 0.00748780622019409 0.354398617259446
0.43916799135789 0.32962852972248 0.999462883809125 0.668485782460906 0.99291096098812 0.198525025204815 0.778711383540232 0.539709867127613 0.190044072213229 0.497881149711159
0.464938256093592 0.931816199249095 0.999897046403932 0.923199176606246 0.999211714340218 0.50832288703193 0.474373817447751 0.63189433158776 0.487540237371458 0.701517818081156
0.445518771525701 0.168321908946055 0.915911677932042 0.279692169200265 0.953127144083636 0.0217301344331418 0.376077734137809 0.494216077463148 0.0288321590494404 0.561175188193916
0.491431020134638 0.412705881520766 0.998901790252113 0.372309522970633 0.996721193715423 0.0463327552683921 0.145789346925062 0.557722264015533 0.0815981017939196 0.540955178849306
0.989101643832329 0.386709096030407 0.990440626376319 0.531795626890562 0.993701098990981 0.200284727536412 0.411103864580161 0.556924810961738 0.189545323005005 0.550002029988654
0.0435174941868314 0.0559288966424035 0.263488003480477 0.112684381031007 0.155339903104052 0.00228879732643766 0.2146500613342 0.417927747645794 0.00658070223211647 0.16106562515153
0.00513870770452619 0.375657176549733 0.80974314510751 0.706997824253917 0.866672085079882 0.241886100688562 0.248966587172848 0.562786188699857 0.330534648224219 0.564008879371389
0.00980642449618633 0.401227420394921 0.939556736605494 0.379874118153332 0.954075504115367 0.260344632347291 0.0542100948128716 0.51099278943375 0.0657536275124201 0.343499049973964
0.0078283892707935 0.372983154561277 0.778071419919789 0.268566544559083 0.406546364019197 0.000571108250871313 0.0899242207177447 0.4379512019284 0.0220642805142773 0.407907592897868
0.00617839177546326 0.0529560085630502 0.245425260923788 0.613813618898796 0.995099176082988 0.100402320754178 0.179217368788434 0.55237513120295 0.121620741765578 0.489711064555558
0.0371697369501355 0.0703798909053011 0.783620527372073 0.16590519727522 0.62912888248953 0.0136736916934721 0.262502112600688 0.487412835972642 0.0232028636762445 0.378639821399677
0.0461366348674063 0.692175457161265 0.677019933822234 0.596703847571133 0.810724888254789 0.116099540004784 0.223635191761611 0.523043227722268 0.042945050580453 0.583981107936559
0.0287390194051956 0.751162717357745 0.954483770897897 0.461146062211488 0.882195455678862 0.0671518900999736 0.218221685711278 0.540916603624381 0.0967030776580783 0.512593665089515
0.049681470564839 0.0391682737847075 0.948046501431631 0.122334087160937 0.976333381517729 0.0190738739135071 0.376974472407959 0.521886575222692 0.0138037532559928 0.495486037798422
0.0738663909236856 0.304084000285542 0.790916969070552 0.433143610284656 0.932096737689208 0.0277673737608543 0.696237796151658 0.559120321851729 0.077592242775584 0.354929658255631
0.512508334029989 0.551524454043721 0.954443926734875 0.724275604733889 0.999650578190625 0.180986172972137 0.459245430804998 0.547283974883215 0.170596235860164 0.582597370750467
0.033473884366107 0.0302894931249469 0.846202458270865 0.388276389329894 0.984347032392965 0.100148869607524 0.521796475853324 0.520207056408575 0.0985178952838368 0.468547026565104
0.133176682124475 0.381987419602142 0.986430136808911 0.355249296251699 0.997644989232901 0.0421231073214599 0.173512245684892 0.533151875777274 0.149152280345445 0.278195973978195
0.807844187872229 0.0923930249700181 0.936926982146537 0.450624947098706 0.817088667985005 0.0472177372416902 0.126629739297107 0.516247597560024 0.202346329841354 0.522138949784672
0.130399896018044 0.0113301934437096 0.930746125869451 0.469626988512142 0.732146032542162 0.0413846147540679 0.0160223761541569 0.527034881774603 0.198706082473676 0.359925993041704
0.1970614367362 0.108007283206841 0.821652681425957 0.413048706179237 0.984034149184118 0.0779318194279334 0.0275874202109839 0.500441599038777 0.169009675905507 0.319378541101685
0.966848181819921 0.617083211947199 0.998637549919321 0.519728705088324 0.990620839691503 0.37951494853805 0.292468013526237 0.530674380313714 0.082472276898861 0.37125186602157
0.67845718097089 5.41462272993538e-05 0.971673353037696 0.402387821136351 0.964363980758923 0.0360168293271782 0.342280830975476 0.500641535178756 0.0388686765078999 0.311381782514625
0.0770485714298388 0.589680383978483 0.992757341884315 0.894692217933577 0.99915836994059 0.385956349138919 0.542196664838061 0.605052492270096 0.367715443522889 0.686384589531542
0.778912686230619 0.371440436050214 0.999827862436585 0.731922600797191 0.999017805964777 0.0767635021333416 0.387470051352723 0.576115333890836 0.424810429677881 0.749618406505837
0.906515812453332 0.00223865993245629 0.957813397832384 0.557284202188334 0.901721042884909 0.163782608990735 0.450189579171836 0.56588169089921 0.508532257602908 0.503507242554869
0.00168734107322242 0.000241836985779658 0.431653650910435 0.0547941637411343 0.220073681014089 0.00132629952107424 0.0356198639014427 0.440590230373796 0.0165102338373739 0.117768015201384
0.0118815732072417 0.0208579930097656 0.24807326090244 0.0450130852208165 0.10981380750097 0.000978856522830174 0.0496519711797692 0.418830127295183 0.00358133406372069 0.123465445202633
0.285053855061347 0.157886778250175 0.994348654930529 0.486840506320906 0.99845307274204 0.199559808380586 0.962535293022839 0.562478448297255 0.265787107726821 0.591101940889221
0.318917238093628 0.0128571094789899 0.144253350659167 0.44130524146985 0.906454504648604 0.0470056972449015 0.146293410586134 0.494919190955804 0.0446132119299939 0.411075032625238
0.0576581874108752 0.0178795910271774 0.997018828780472 0.245597651083079 0.936177947951573 0.00763700904740268 0.113536913837625 0.494608092338021 0.0304151081697114 0.425433619768
0.998799949031653 0.0298904853579891 0.935027155315906 0.403173135181698 0.960503120112756 0.013396538671342 0.152860845944069 0.549433438538344 0.0309612439272963 0.528628646435222
0.112561616965894 0.138131016303757 0.990034990935111 0.72250821013205 0.999893186818451 0.34182658703798 0.275758819136703 0.590597517771387 0.367226116720883 0.600463163504969
0.247194997392194 0.083770820173095 0.910433730676951 0.409390193792085 0.993857608980635 0.245981468345173 0.717018243115357 0.59695636907239 0.277642390178856 0.792535821932592
0.373680728265726 0.838437270672844 0.822335670833726 0.481813759553857 0.927145519801765 0.134471100564013 0.509934950451473 0.507787531463148 0.0525111697442799 0.449269033122381
0.599277497739855 0.949675100185675 0.996445398347856 0.654171725938036 0.999310434985442 0.076568887038294 0.923502408616544 0.561440298522948 0.177881068173992 0.414482895347068
0.676656836938287 0.00995143056963793 0.998028403271926 0.188814416984024 0.831082177834187 0.0166932143238345 0.0376293004889846 0.468610550601207 0.057695523191491 0.168300637200214
0.953476740079369 0.00901783027415302 0.785767034217677 0.341440247643325 0.967910416958782 0.108292379492628 0.118207562279322 0.512363721354439 0.0479385261927255 0.583253627930533
0.978978870129494 0.000365685107926596 0.235246311743861 0.0667636284189363 0.89919321506232 0.00741564292672221 0.0941168133312815 0.447800014368085 0.0131682968418676 0.283148184545414
0.0353940474127708 0.00370936309009035 0.713756494736346 0.217907156726213 0.631484095980382 0.00634557765978443 0.0187545544002739 0.460172687479162 0.0177067536819972 0.362659407652931
0.983672920031096 0.433314575042089 0.32046638539475 0.274224471072301 0.816639364613356 0.0138504049111642 0.482287388944724 0.513571309736459 0.0140910626010516 0.399650412667258
0.643149077743925 0.00380853970113199 0.999572582720904 0.644496661993104 0.995376889095425 0.0274189977410997 0.379372136762035 0.55157296908307 0.366822138503321 0.644948659606386
0.970196586646141 0.813214413174442 0.992922222564663 0.738896813008342 0.991299337058244 0.377011271717107 0.264454003405991 0.575114393960262 0.176194928518725 0.564068553114296
0.00160554776120634 0.000924198344430465 0.646264295110658 0.164023721880556 0.0827172144245781 0.00756538691706681 0.0141693279437281 0.468457618840594 0.0320383398689528 0.26266044913543
0.858658721032552 0.986388606184593 0.869703226954478 0.597272796444871 0.986265837152826 0.14289802429282 0.391295233774522 0.55297027562981 0.288330449087524 0.690748816226129
0.156815754489186 0.172782190543837 0.926334823906364 0.595989034403025 0.978764331033908 0.136565847820092 0.216115188078782 0.530886778601058 0.100126585429163 0.560080650528325
0.00451214372646501 0.293057641801622 0.890744641250622 0.311022285012965 0.76327320383663 0.0308031468558539 0.0710666367026555 0.522504300194633 0.0629956150677614 0.600042946968128
0.243662491661893 0.00352174932406874 0.978003041743368 0.566144247060268 0.990509661325424 0.0260507092694987 0.116896302529228 0.511459212128749 0.126032940196456 0.38521149883123
0.0772664348885461 0.281859092910781 0.211544351724655 0.409944277353273 0.996293917621333 0.0584623831954102 0.0822864436516326 0.560129499199101 0.0814630813997925 0.389784844038976
0.747352610704037 0.513428389538089 0.999382967234511 0.601768374434438 0.997417453195523 0.112005477583856 0.465817397193692 0.58458226215166 0.139206382259056 0.485424081038752
0.636431879116953 0.0180051708252056 0.586008435047708 0.0928485225331125 0.862189739530192 0.0188699600321467 0.0154454871236456 0.444882329493452 0.0196639070952971 0.254690456061558
0.700710973416847 0.932885492671618 0.971575117689359 0.752270302721644 0.997447424204523 0.484296789100899 0.400831878968188 0.600655413099052 0.16617324444419 0.6479757665611
0.91367883059226 0.961370840122735 0.999674425410705 0.662623843928486 0.999883407395314 0.53770861371704 0.706915100005318 0.600109500861313 0.382650563535607 0.622196491355404
0.42046798383046 0.995953170004013 0.999960887425023 0.912510322058438 0.999988879661836 0.989110265272342 0.418710938623619 0.657020387726541 0.858610403707731 0.848674455405263
0.018862191357044 0.729447778054158 0.998856848203992 0.609647040326508 0.973583384041841 0.0240265547799086 0.346718568438031 0.498957749406936 0.106262428292318 0.409699669015029
0.111914804901267 0.681606250984857 0.531425405626869 0.413169110242406 0.95574436187333 0.00912788921675987 0.153561139946418 0.526325438398865 0.0496081130712708 0.395844069322543
0.00131545076443087 0.209547710887032 0.415449621519496 0.406864742984638 0.78732767664616 0.00587976121564305 0.26252909525688 0.502117840079422 0.0280996057781761 0.296471898217146
0.834392410730348 0.153221373499153 0.0380242568366626 0.339108421400897 0.978494510226016 0.0067631222629533 0.021708168148929 0.473113537602127 0.0184927072790497 0.235589061961477
0.0682602873304399 0.00316215062015249 0.906740327049407 0.320461040094689 0.717850435890718 0.0876226514358479 0.0690805570215245 0.502336143680425 0.0657881627807337 0.530960362369539
0.385013205520964 0.0196469247064118 0.99503564551354 0.334012278058582 0.990294712681678 0.0786059290075648 0.188536210368429 0.482811051647376 0.0439844544491148 0.44758817450179
0.26367905289167 0.122910533311226 0.995339287643204 0.606793674387493 0.993326982441849 0.0929801631326697 0.320073270493425 0.535265920096857 0.0853327597983085 0.616781883522867
0.209131656014636 0.483844577043062 0.99959488174911 0.814993735736264 0.998256002846866 0.270902892522605 0.153086301836306 0.578065909400602 0.314940517978976 0.787302397794679
0.997626644643075 0.0340717077602284 0.999524327754752 0.295401602486024 0.977924341686959 0.0144519891973183 0.136682824817128 0.535161388819877 0.0744987421364382 0.309096437964857
0.893060842482191 0.723024069374191 0.845405051039034 0.713013374422397 0.998343123768341 0.144806299510615 0.0562494604317792 0.555601804676133 0.390071751707859 0.787230465428833
0.532330995092092 0.0942425543288482 0.978678629662419 0.335486271649144 0.565072000593225 0.10252584294352 0.381083921763946 0.525165226326904 0.189337546508923 0.393954908717678
0.0439404719116484 0.0157685739575943 0.525378210671186 0.354490555645459 0.974581531101764 0.154393714336789 0.0480390899084353 0.532748127569764 0.102924817295595 0.336620771037273
0.00377316809315799 0.0482069344855867 0.218646895401066 0.328829683466736 0.959271223486424 0.0567217932305029 0.101040600225795 0.510175368236486 0.0161868354182571 0.319798057907559
0.470261521363137 0.0910956707400347 0.96795542144337 0.400570493350013 0.985233588274582 0.169380989697596 0.715818615037327 0.539237224730315 0.139678885392506 0.432816941408267
0.687377997480518 0.00336479575728949 0.529198955536667 0.161828537012049 0.416029421372341 0.00339654449820487 0.00162683036351393 0.439305692798309 0.0120727831989376 0.195942180159338
0.120135692864454 0.123207651898832 0.948916375203694 0.545823876320446 0.974333893650685 0.0418134758541766 0.0999583761300207 0.497168886127194 0.129835650917525 0.372793707834902
0.492178168320405 0.00943441005403056 0.233009932218837 0.225739792899071 0.746909968976177 0.0408435545071859 0.154466480816143 0.487583415787001 0.0354947011046942 0.535005860188262
0.00810828310332218 0.0559903561720795 0.699811524358833 0.510115870086918 0.644818690253768 0.00953740689272599 0.283705171984466 0.463509930527236 0.0712549721767362 0.33984486995335
0.89737550988136 0.0381942572901351 0.999554533982999 0.657653600087419 0.997492611755394 0.188935848339793 0.372812580095391 0.553386831596186 0.390118558560559 0.542019353581183
0.0328432173020836 0.326627733989826 0.868441236242962 0.463914437108113 0.816899008884403 0.0305233046273298 0.148087945784084 0.489330471817265 0.0785567424866647 0.286317960253502
0.115195709325993 0.0113080804004758 0.0498853770402789 0.355104801806281 0.730528235453511 0.0399545217996738 0.0975346300418254 0.471127749381663 0.0444112779585667 0.429311072822235
0.00789183028179118 0.000414395343059768 0.346044126329137 0.416212130927523 0.540893331916145 0.00874739245548501 0.0210768858212904 0.504665399768758 0.0106311810299704 0.377569802358299
0.99521054176302 0.989824221427296 0.891304644987466 0.574412117897665 0.998821126877598 0.278422769391593 0.573719046498192 0.611856444445766 0.473589503809552 0.605677854281807
0.986669232090995 0.00530251340080391 0.94378967887097 0.515604494656657 0.905534307134762 0.127259241571602 0.409219947010474 0.510510721089128 0.0371989748241459 0.522746571447692
0.609107425400351 0.119328347988532 0.995222867877016 0.595370682485741 0.900192902750417 0.0908795831275723 0.725474189257028 0.550993761270422 0.237556015961302 0.565539227567026
0.911892711576292 0.00672420965773984 0.985501571216795 0.571793295351485 0.972655520206691 0.0720703827627587 0.0175628211935189 0.550686782455128 0.180848525538548 0.487309237779806
0.631565670152483 0.0212765229903711 0.210282797761572 0.309636119697167 0.980464136509122 0.141883194167529 0.257913716093477 0.532805025503917 0.0768735924778727 0.399291411110904
0.983915523270567 0.991481623156872 0.988955734328073 0.63258697496699 0.996651068192885 0.137939405309537 0.0665362848415172 0.586284228208488 0.364123433146981 0.331164953394965
0.0911719475536265 0.235934483732632 0.763682139151622 0.324137860550544 0.970599750812252 0.034445317054062 0.191810385994902 0.529098655644396 0.0796556761403041 0.380565760190481
0.233419683698158 0.0639823062897716 0.992713036003162 0.217256431069871 0.789767153354388 0.00284729048837032 0.0344699149799756 0.475128576422264 0.0830406292875274 0.303375617735661
0.00211164046756183 0.408977402211965 0.38675001795671 0.396728651628417 0.9882933123371 0.0175738070700117 0.050849116421387 0.526401017003893 0.115267167014317 0.344404157469871
0.567352314849108 0.0143727135752572 0.920259827082776 0.0899142659276816 0.183855578201055 0.00233683220869829 0.0551189294190058 0.431772829441319 0.00619823461983655 0.295867674593373
0.994745142658901 0.821241838316468 0.844452719878349 0.486871123469468 0.996968230565577 0.228249907603324 0.434944788961315 0.581204483643793 0.193296906358667 0.606463856555713
0.946931902020776 0.0324515424441323 0.998207975378543 0.365477550375194 0.986367861736351 0.130636944560663 0.5509338955852 0.537620995272736 0.15285574083715 0.464638376601756
0.873268285069157 0.926083365799379 0.998364743563622 0.82181275918576 0.998001642688482 0.290762467406854 0.325198581153258 0.559421537243804 0.230266769151702 0.652944934966081
0.340235040169178 0.629944981863537 0.966474357552724 0.419878639001003 0.589262343903861 0.116043158254559 0.193920711323599 0.502693510172518 0.0494932441574572 0.374824798038099
0.00615418714740019 0.135013988414161 0.865259124427278 0.161659780006805 0.396902445944847 0.00955081726868285 0.263945998892596 0.454376138380958 0.0106855520828242 0.245133485542394
0.998682449641872 0.213779817772885 0.994925162500396 0.590186637546275 0.991459878924929 0.0932447380631252 0.683628893642898 0.548218094481684 0.191099639006218 0.562950051591039
0.891932578094582 0.646880169301475 0.981093219172778 0.597867577133071 0.994186415712883 0.162583201053547 0.0738912029734113 0.559536861209097 0.116017698684421 0.519305491060404
0.814576494479232 0.605647582697752 0.981507491832377 0.402649752459618 0.972598279913132 0.0270730883908355 0.237443989302186 0.517217578636953 0.0447455158661702 0.283430846110521
0.644885849982053 0.665512779615111 0.994332243857155 0.58558868847871 0.999328796793007 0.12248741658053 0.44742112137754 0.527206866090381 0.133456199541176 0.6789645353352
0.360860276609129 0.132732243215134 0.990688708896752 0.544320013148503 0.976339321743782 0.145058837530929 0.180033688167854 0.523332251394625 0.0367922908702388 0.496613295802467
0.994035755868556 0.499507279087047 0.984591781578963 0.692545887037138 0.999872981318099 0.345367969910408 0.262880270306117 0.595160171090214 0.480365578755181 0.5951839888256
0.471316461767368 0.624732502294398 0.994854316731856 0.596041204888657 0.986764707782917 0.0117513634043321 0.0833076598918036 0.54305511502704 0.0208564605196266 0.41140779053131
0.000818505215302422 0.456001878017607 0.144690549366418 0.152744082287833 0.0943366132988874 0.00951917309688712 0.410783266628102 0.47195761904191 0.0676935853023683 0.31230652824168
0.0296046218139909 0.0150415689775071 0.792648267786002 0.138326438494164 0.218456498596174 0.00555592708390063 0.0106441257967924 0.462378417568302 0.0144661977568938 0.298735001784264
0.126331636723934 0.988243760421867 0.951730111656097 0.630773976149399 0.999458817576585 0.159345181367316 0.438320521345909 0.561487567283946 0.478430874575747 0.666511644291555
0.525807671195246 0.0165196282230078 0.980350724207684 0.32317936777757 0.979982220364692 0.0160305222276522 0.0333975233349641 0.523336617074297 0.0542958666243621 0.564771005359972
0.982151779880192 0.976862461605552 0.932828943345552 0.75541399570193 0.987080831914598 0.377081806369861 0.586743217090185 0.585512711822317 0.412076912934466 0.496451357929358
0.264339310401851 0.27264933035504 0.573384430710049 0.329365376727532 0.955186436610832 0.0189719707508129 0.694988356935838 0.520252684702125 0.0767803353207489 0.359551034228461
0.130440451356254 0.00487923637943964 0.648891492864194 0.471398208950674 0.938826434234364 0.0161872444198393 0.0595281274325683 0.525069955056512 0.100373705154572 0.322713375302379
0.97472023134663 0.702425561132557 0.987409636784823 0.64699980894756 0.994644339376821 0.0627096959117462 0.117991582567558 0.550356027837737 0.0561481685724034 0.564632045639285
0.994696896907066 0.277661936815061 0.997938589002762 0.743123391012217 0.999653109143491 0.569713014789955 0.285698640745339 0.623448382384902 0.506584206850234 0.725742699450349
0.723216594975624 0.401094479396587 0.556285778699699 0.334028662969287 0.841495641354416 0.0336758252576387 0.118795526659151 0.48381001029438 0.0338283118559276 0.498823461348811
0.332380081433518 4.88660243209308e-05 0.778290214661275 0.286845619745661 0.934045783851933 0.0192611502728341 0.113062999178431 0.490007891096898 0.0164678807725158 0.251471761434667
0.904402163348446 0.841816379302114 0.941360686451337 0.486459015044889 0.995817099790762 0.016677269535108 0.120810803899144 0.542508572521304 0.0583494968323491 0.545433651791378
0.0194156177399515 0.413102691227131 0.798335166658927 0.256106316264622 0.953610892401661 0.0588752725573951 0.184040671608091 0.528857208784777 0.172691053940247 0.334383177851886
0.847877043616515 0.00599164070453597 0.996900463236949 0.266280967700849 0.924739520463814 0.0620684824153414 0.0174734293103226 0.544341104524895 0.117836664628354 0.52302541281995
0.0288368359513481 0.0572426950051682 0.387670553661807 0.448495326736277 0.965148881372144 0.00204202023638735 0.303278055966421 0.50986632659852 0.0880860031822025 0.518111718841763
0.999642673005281 0.708655353926438 0.995161858190707 0.444594244162016 0.973328180616311 0.15113671778912 0.564625339826889 0.534640564023768 0.300171652488848 0.662506073911099
0.325187262648153 0.00262381855930708 0.691703172277924 0.201812597489984 0.766901814076933 0.01483396472417 0.285712474135988 0.437547911119874 0.0228040419967124 0.206392964086952
0.567682550157293 0.0283322638477638 0.227522766936042 0.13872224429689 0.433944659112413 0.00427914195735156 0.109863141876578 0.467354629023036 0.00542746943120466 0.209511258907232
0.547008790017758 0.631297559006852 0.987899268157163 0.465843598744247 0.957985558270756 0.139797469824657 0.362301599270421 0.539194062441285 0.142625440659834 0.443925554880156
0.265107006355204 0.872633639748599 0.940050296434564 0.731657703848552 0.991674342171436 0.17013490884483 0.561339781743933 0.555240891470036 0.287708208079068 0.555523567935377
0.785216081122979 0.0026566510527394 0.0595358309484959 0.096206346303757 0.217208611817026 0.00288692038725733 0.00269481753739695 0.419781997281005 0.00740787199300562 0.295450055765395
0.98872151938211 0.941600245420372 0.999559648476426 0.871596878875708 0.999781933338944 0.866826563282968 0.672960731772613 0.586058619501463 0.310425997856996 0.696902557933258
0.838657046355341 0.901579525695821 0.740278093153384 0.636515483425447 0.426025338479959 0.0286966799715523 0.218026698406787 0.522544986216012 0.0788745628821398 0.337095211248334
0.46554595511539 0.00656190873146539 0.969175883952847 0.115106113348309 0.679440917928241 0.0105033261853627 0.518549641773885 0.437147612876641 0.0306764837612418 0.342702737815558
2.36871013472295e-05 0.647511175537753 0.975960754394732 0.409845390556013 0.87265371326684 0.217787793580115 0.41474998456709 0.453530062527535 0.0556871194604338 0.482773428525367
0.99790665429648 0.795325502702315 0.989205190618199 0.682556217401897 0.998888069919958 0.502222238631589 0.691092478081075 0.583717475121983 0.66558922766453 0.724739270262697
0.745819066767403 0.990799899912029 0.991344401630981 0.795831457814185 0.998904270510061 0.480923195297777 0.16554541327348 0.590177879967695 0.354823094812516 0.819850130504477
0.96946091190304 0.0519493276203564 0.989178775449081 0.57006983749699 0.959566373027009 0.0120517013781301 0.418764343937504 0.540737550797121 0.0304192397910696 0.428585802104514
0.84302274620761 0.821931993376829 0.987689930363763 0.478546495883539 0.999362937907379 0.237948731109768 0.426762352007095 0.576944501945256 0.262851528393147 0.486551225197064
0.211087658071613 0.967757244552038 0.995374681895313 0.501584736126001 0.996366004089902 0.0311799486213649 0.713376388720027 0.553398545349579 0.0890709659430758 0.502254784130811
0.733985000245306 0.182208589265056 0.923899511053773 0.421937703903097 0.709917770570612 0.02339882256528 0.500080646344255 0.481668654473587 0.136042099286671 0.57591211471969
0.40186329324039 0.994487329199962 0.993313953257384 0.622711669308072 0.981597544594455 0.267725504836622 0.467034829350528 0.549509791143692 0.25185133132512 0.457266487437074
0.865818293399349 0.0156646018708784 0.520049475946767 0.179703309948367 0.826521738954428 0.00746303440072914 0.0180361060475164 0.476762401936203 0.0847075722843777 0.307069195773984
0.0339405907363301 0.00328821005894636 0.999915187610751 0.344875480680883 0.99114513205917 0.0205899425145238 0.582223894320643 0.531069350976914 0.0389780834178783 0.393701252057297
