0.300839979407279 0.0605894163853658 0.941696479913394 0.505081431670962 0.838289039610175 0.045974539292306 0.374697387701797 0.504448882371896 0.25953561464115 0.535148737731117
0.995144614290776 0.116760762126087 0.976753547876486 0.359382013087773 0.965322186580543 0.085129861000179 0.132746136478072 0.553134911612068 0.284082647045637 0.562046181563665
0.993666021265422 0.184193509910955 0.736089623485991 0.235520755714148 0.956520676926245 0.0272189213772637 0.0910573043530849 0.516025780771397 0.0707466805758678 0.320274426849023
0.65849515622869 0.00402876491424629 0.992008122390563 0.262655568346777 0.980315443577373 0.00991333703629086 0.294329630820018 0.489628361643339 0.00898236295175359 0.351967166114202
0.982936634067688 0.0415970171482223 0.99700987835339 0.466664256868301 0.996803068399363 0.318987394469647 0.228823838521269 0.550561843810091 0.262625417798406 0.483381864989409
0.748353699118606 0.962719249722431 0.999448423609494 0.660749724858685 0.999001587464993 0.284263940664163 0.442305524361043 0.562030615160918 0.303730500367433 0.749690604947805
0.771832115962247 0.916029796184215 0.987476460341746 0.419948968609461 0.905967739280565 0.0297550566768444 0.0643999231109934 0.504473021518637 0.120165998179367 0.492082948939052
0.969954179168584 0.693689257431247 0.998103464482734 0.767579416394443 0.998549355111947 0.200842570876084 0.868369685453061 0.618466588606246 0.160922602108995 0.746454534194167
0.00414959739004956 0.000436099343588982 0.493792428573633 0.172722477870173 0.562045451482805 0.00172506381479096 0.102742729435051 0.452777662806971 0.0199233917554478 0.312138985485693
0.937709359078828 0.0483627805688834 0.991023181232338 0.43082341416012 0.969092331403743 0.147552545849974 0.0997902786046481 0.565509190338511 0.172229141326986 0.654467788301157
0.0159521239977432 0.913283473436289 0.931528754707692 0.507401526608079 0.996999716538593 0.148123193835536 0.334623788214914 0.510710055194112 0.146414450978547 0.576078978736033
0.439484459912521 0.46699778883731 0.995324304066799 0.435091777987868 0.931596027779848 0.190309738412575 0.1683150404259 0.578673356824866 0.413827294949614 0.530708244247603
0.469596757156599 0.0183838649787209 0.45790855314045 0.164782310873296 0.691995299705336 0.00362692105001927 0.00594272345436259 0.483418248199438 0.0283392689503229 0.131996292092935
0.966401780444224 0.878718440888233 0.99706762682219 0.760747316360707 0.996560482563366 0.417726965936154 0.495879686712163 0.597096617708983 0.430523662304031 0.634425963167414
0.122388008243315 0.0391770897309918 0.972341802808107 0.157329017630953 0.970004199308873 0.00790608870579283 0.18151946310226 0.502235541437917 0.0529852817143497 0.44255856844435
0.50651191046762 0.109053895338618 0.740779030173576 0.528811170783748 0.951075368812668 0.215628792291625 0.319326624336154 0.559669156133809 0.21326328606174 0.409941653035664
0.789836205662169 0.945326037143843 0.882758700658431 0.657747314756734 0.987905495979561 0.632575764962713 0.413958322156951 0.524466837308297 0.29467906927039 0.49834479902483
0.0805237435717902 0.67505690202384 0.155585878581733 0.156629210791375 0.183783593324258 0.00520525291205683 0.535147010708681 0.456340384018966 0.0118254508046331 0.50283587637157
0.171215679749731 0.001338923758876 0.973989957718306 0.20119910057074 0.31549370641899 0.0146714381529669 0.184304376158888 0.486548055554371 0.0209557482409127 0.311539434936486
0.695795810163056 0.107401469187197 0.49436890387037 0.222001554198627 0.789475833345494 0.0165138008167866 0.019304639606857 0.486507454616087 0.015060455347404 0.36342806849399
0.93684538382917 0.430963489235987 0.994017407717152 0.428625072846101 0.993056729274144 0.179242275000601 0.015665107373503 0.562547663251542 0.131829586597117 0.310340990403377
0.699647496719649 0.0547524361110001 0.999517175976166 0.702341557839124 0.9977455674266 0.176706869806103 0.727772604638323 0.584549322319471 0.170037144127227 0.460848361614393
0.0650533669767526 0.435869180425424 0.999296077030624 0.490348868223628 0.994520410496284 0.10970661875791 0.186941081034476 0.561063899461605 0.0457231319629637 0.272230620924991
0.998011312948006 0.413973374241947 0.998593220962361 0.495636004663231 0.986497702331914 0.100034087370016 0.626498965003871 0.531763392337756 0.18104714525096 0.363602018088809
0.358026667981986 0.999041155670816 0.999998341945372 0.859814673661024 0.999847692366675 0.535480197094164 0.207673203905247 0.603271357146027 0.526642411560622 0.631681128847311
0.512548648470429 0.87183574191559 0.368825971960569 0.484322505776753 0.883460355591156 0.0727502013609463 0.362258354779923 0.525149861660742 0.0376849815122182 0.558234750803852
0.0893399934699208 0.18565948766471 0.984457395075503 0.675830637121078 0.997652311145017 0.0651860712635793 0.721458003864833 0.549021049662291 0.138829653799941 0.390994891311041
0.711602700993285 0.0030667775478882 0.993285337343902 0.345511652712134 0.919914228286808 0.0218853924720633 0.201353781988346 0.498916700523921 0.0667512326016699 0.300287686587279
0.0547939768338717 0.350044979952337 0.989164179578342 0.297874019930983 0.946063627542573 0.0167326241414139 0.136257028623072 0.513455884565633 0.00810907736024101 0.404367029316853
0.0697924252458338 0.62121982408368 0.983783518170369 0.305975915516453 0.969099288448542 0.0304023385507361 0.0553593007431758 0.500517412268136 0.0561333523190919 0.230576131047945
0.76454085567517 0.0295726583803511 0.984873433801696 0.606803547594147 0.957614868411001 0.148058809276669 0.463967569091193 0.522220859943312 0.0406046921485739 0.394388635923634
0.195160323582221 0.466437363525945 0.0999901614523386 0.124321639197553 0.767975105310633 0.0140806860586772 0.224944485306256 0.457817772378684 0.0265295488745818 0.224270420366713
0.0122427370473471 0.0334302160650288 0.947227816830279 0.347734656081012 0.800369046828225 0.0744537077735383 0.460057789522289 0.540522215266134 0.0560129749135234 0.323090942577194
0.600913149370134 0.0478773039785374 0.105476376633459 0.508450244099493 0.820694483643228 0.116789337663941 0.510686022064847 0.544774895177924 0.216947318281467 0.357964373019128
0.134592187130127 0.0800389302920112 0.988215665277787 0.549705030939882 0.957478228968085 0.0302670997802831 0.474972826342659 0.537088073796492 0.0531472583024252 0.464869793188243
0.997206010860464 0.226072086952805 0.987637438912711 0.43859241669931 0.98182712502846 0.0260363208697452 0.334558947742882 0.524466019174273 0.0427864565936968 0.36031767795117
0.928983093510118 0.69345934657414 0.522892142813471 0.481129777838044 0.797815164084128 0.00738676246716639 0.00993435651867892 0.490630381263367 0.0332537665002885 0.247666350779394
0.948727026512184 0.0898678966432679 0.896345662616504 0.36335226747363 0.99333218780669 0.0255656597774059 0.267034945739887 0.519259983762851 0.222789849712226 0.691343082658064
0.387729152066981 0.0830095921685827 0.998954608171487 0.576036885912792 0.996056747553217 0.235169316663941 0.286493538815239 0.593733598083422 0.24063157731502 0.686994409412688
0.068065058431239 0.286711297103891 0.980916224996791 0.290720767212329 0.951654006633168 0.0253427996050642 0.462687857337021 0.534638534137765 0.0458126970960184 0.390649609830613
0.984180287295404 0.990707375731083 0.998611713241979 0.949070596216303 0.999827579318716 0.770132375487046 0.758014120273161 0.624333026267712 0.559424887187018 0.64306778438375
0.294682109572443 0.85128316108598 0.938185258441682 0.749168088941977 0.849772663586039 0.195119394977877 0.695539667054114 0.568057974126732 0.138980025979721 0.517772489637942
0.00708923524290864 0.144081418165916 0.935494203707114 0.281139249457888 0.837015904377853 0.270804929923687 0.387051995618397 0.535615280555155 0.147886789472012 0.589367086271325
0.054527646671065 0.540634381248497 0.931738380425188 0.668735730800894 0.997784179700976 0.0738167882235177 0.385921890336197 0.555870263058227 0.208932878807278 0.320835925571749
0.313940815646646 0.287166906781682 0.843968590428409 0.702019320507017 0.991777376620147 0.131337655857442 0.720299148302153 0.571055737045082 0.14848311238029 0.49949740289679
0.90559026414758 0.952450013800847 0.99489657986106 0.624740966795795 0.999126314014158 0.454776729547681 0.772360766816141 0.609932054570656 0.418678997828823 0.63489485830074
0.831015688423073 0.256420892359814 0.970178536274191 0.413995097514357 0.82222664429106 0.103745461412078 0.420616355219516 0.53146959213775 0.0728614189917562 0.439320651242182
0.107040470400791 0.0820251925896975 0.0286026809965584 0.137849329250997 0.768195979079777 0.0114001093174144 0.0443525016230959 0.47245247842828 0.0216034841402293 0.260152169660484
0.499967420620152 0.0100392577236747 0.954696972950099 0.478216135625095 0.980122290265529 0.0294114448092597 0.635335705784494 0.511551174522863 0.0213341472078653 0.44191044331134
0.0801683062223779 0.0644767602964953 0.998069569548349 0.63130846994956 0.998558991158113 0.333053623345259 0.0593868183411504 0.543067670565757 0.257376888757353 0.634690057558787
0.630620344517526 0.900794433269958 0.718568806864232 0.775539591234389 0.998268961980886 0.161790704753963 0.775175519784908 0.562888089563522 0.119387543244384 0.586271952328439
0.824671232456709 0.041828641662689 0.982061543819494 0.248273219541273 0.963380748831407 0.0315129496069235 0.28450168538239 0.528123736165599 0.022926287433385 0.397619844194484
0.289988819032833 0.834252061333165 0.984089778913048 0.615021310635524 0.984409376950071 0.0377412492746485 0.206894860020443 0.496561834028317 0.0940040889925991 0.409321407786842
0.73987108568548 0.988463939477247 0.97222659721673 0.403929401511928 0.969863150472085 0.0682256419116356 0.0791858057401303 0.477111416465019 0.0942994385863491 0.459958226950312
0.13875302462986 0.116335911742315 0.998274221887233 0.601346462962331 0.99680135821617 0.246833739875006 0.396214292816506 0.563286862244097 0.0198431287807907 0.6141046275229
0.460146459673944 0.642498877002675 0.99379334915761 0.263666870983449 0.743143179315772 0.00791194619285464 0.404034802750561 0.496573791601256 0.0443383321452902 0.320317448342415
0.466889002067844 0.0463242988697474 0.627493724267655 0.482558792117306 0.831097452952779 0.0152410496363003 0.0641773861067991 0.501471900274467 0.0733485961988946 0.353406882773726
0.0785334572109501 0.103231514750258 0.301396884083585 0.223615699724944 0.966320354315784 0.00999467482566471 0.279739360415137 0.505272464671382 0.100248630439994 0.395670327848691
0.915874092819791 0.00156096409211299 0.999368277276878 0.231399755746471 0.792199596808014 0.00362865793088583 0.209585114208971 0.454614051041756 0.0247555102485276 0.311687165947712
0.632670531991853 0.1843052171318 0.981367271498676 0.32634069792783 0.944630667529158 0.10877889273732 0.175501905247328 0.509064241098292 0.153261953235174 0.35174573015398
0.966547791561503 0.217205162836349 0.999896344078913 0.203077106409798 0.990814446961683 0.0225408525448858 0.777887542709696 0.538438783204676 0.0907688884708526 0.267399702111762
0.987126077268652 0.00179331910641352 0.555097226659659 0.223513014758105 0.940224190137096 0.0102244007884914 0.302558266535041 0.474665038384929 0.0550504949890223 0.457377881895208
0.6211732587553 0.0217824495913705 0.680756646125994 0.569182741449803 0.962516532714741 0.120758019180739 0.480169797630273 0.526096779610211 0.087749348117115 0.605660024386643
0.852167493880205 0.984761886095256 0.848113538530151 0.453702444789806 0.94176698498226 0.0139815684672375 0.426541353936444 0.486057744878603 0.264201195800281 0.56871750135083
0.24162927979077 0.301531606732881 0.748980806317935 0.402549876333479 0.665300581056971 0.0129110305165637 0.0924188454435359 0.488049427889318 0.0440569944581681 0.525056419466754
0.989282403463446 0.137650893299423 0.997896236570219 0.448422541588872 0.988045184173172 0.143098866002803 0.207579336692045 0.52126779304572 0.12131429161785 0.415929924533191
0.178549228429964 0.0263292472344346 0.973645190846845 0.796761875790698 0.991951075386573 0.275316477218824 0.341318306506531 0.567148011352208 0.190414911129096 0.553540160051817
0.353646242265326 0.0826792560307899 0.987970772592983 0.394159876996713 0.986071224616465 0.164586112611112 0.688148565158009 0.493154727112859 0.168482638751238 0.433478175788523
0.982588503994052 0.357571417844471 0.976256574835137 0.758967760644195 0.983427671915049 0.396867711214831 0.451787867243882 0.573488100750707 0.111622214483133 0.486952376770841
0.0894339984701029 0.98478594483151 0.890022727479772 0.64049346450985 0.997645096846624 0.178683558418693 0.418691696287593 0.566459143476983 0.494604874312776 0.527065770559634
0.785128569060738 0.0245619110173557 0.989888570204326 0.550332510783151 0.993904994252934 0.215755738040788 0.25292360879212 0.572781411656117 0.29440726497462 0.461419363569879
0.0354611673047867 0.00755495567946098 0.567833126910098 0.295668525199169 0.328117321219048 0.0141933367143315 0.124389691821777 0.469731107016674 0.0154280685284115 0.416481174522091
0.0388094672575851 0.031059901462287 0.983192953366545 0.516157758112862 0.94158496644039 0.141948909888007 0.294267729830835 0.541914347236146 0.16743783055303 0.488815442365912
0.999046272655018 0.0212974979003997 0.89701083795726 0.645971433256837 0.99456542274386 0.0677259143694257 0.669946509737151 0.560925444120085 0.0786456309548344 0.670334558628403
0.918467271321161 0.263527935528155 0.964804869592296 0.62317635469767 0.983158143765806 0.140987117443091 0.397795955546798 0.571101264432758 0.559995326458599 0.567445479786826
0.872647868372703 0.776244010147218 0.0629638978360151 0.468902136581943 0.997454545781371 0.27650356743607 0.332194389112807 0.550904670108456 0.091355256460693 0.574243755750629
0.0122195607558771 0.970865256042955 0.523233244633053 0.831696593456783 0.955013400372468 0.592633963262836 0.326458599429248 0.554328722424266 0.165711332453182 0.515553991020526
0.00748729299074658 0.156417097271925 0.970933754112386 0.81164384826693 0.99963880242666 0.721726660536909 0.572719036911885 0.579035977581864 0.212953627513874 0.836565711331414
0.75339081340605 0.777347789310675 0.990857644630046 0.674782609435228 0.978660014245511 0.302512304219278 0.405937474524625 0.527867930082787 0.181825044255265 0.36264316001319
0.264057688986765 0.0794433893314415 0.474108135131885 0.279602310750322 0.859906174542287 0.00523888843836573 0.373260703821303 0.487822527725177 0.0313771864717135 0.242355201814824
0.544080114495967 2.8015652437397e-06 0.927872122870101 0.136455608834717 0.681515600302009 0.00122396534174302 0.0853317822598895 0.476493100985398 0.0319106778049908 0.507131208146219
0.999108154010097 0.991943826409118 0.984798963931605 0.789084685282087 0.99977356820552 0.449809956088908 0.629845168917344 0.611760519086357 0.616120310754098 0.725331389939669
0.219195532416352 0.767527269675957 0.998634607954132 0.701337313640892 0.998789067927963 0.122586497962043 0.809141857695715 0.5623842866849 0.268827420139685 0.497708519348035
0.97921613175761 0.915746721451859 0.997348605760942 0.89444100359197 0.99975859995734 0.374490459920356 0.0837117377293867 0.560062582383864 0.426519266298542 0.764917531629784
0.684257535324748 0.0278940968117319 0.940343408136385 0.669585439184067 0.976565359372992 0.0371117896828856 0.369709843270276 0.532302265641153 0.0579802608189823 0.652685942552444
0.391252700974624 0.0179571290614648 0.927783732743006 0.531599744614937 0.97504513632081 0.134293069440516 0.273012720615464 0.539446004685871 0.0516168431929522 0.433748823170593
0.225647845258503 0.0897081429040484 0.999812449272163 0.662617997206573 0.996542953777222 0.18822639885669 0.880797179356129 0.559628912041542 0.20239339600958 0.636351720684072
0.702735705714329 0.0192251138599626 0.581306079360988 0.174907220950633 0.890123553934504 0.0127426497445257 0.0710333047814384 0.505559542290052 0.0545758533129832 0.454054529900207
0.902804656204317 0.0994538042418924 0.973073203956189 0.366151092945512 0.470426048976243 0.0566175430569419 0.0169201129906633 0.472541253020744 0.0326652128935267 0.3633885524738
0.420495734695296 0.137789371043544 0.998358640564288 0.480662697219193 0.893800788233087 0.0115662180001784 0.246422595386991 0.53244928901574 0.049905994490713 0.304308183047249
0.925055823236627 0.734033918817296 0.991632532479479 0.833054585563781 0.998840560059973 0.475318919340127 0.4914873467532 0.62526115461207 0.594433340521745 0.591754702500329
0.53434741046871 0.310225490089152 0.973497564178428 0.384246919985282 0.885487061561562 0.0733225459040178 0.143539036078743 0.532895545341898 0.0682058665886976 0.523414353466222
0.11904352151384 0.0995709009279586 0.999935303250709 0.577775964018469 0.916596016140015 0.280774150407887 0.256535120190655 0.556271731424365 0.167660562268764 0.398169977939315
0.00969523600573733 0.565280087888854 0.978580934198589 0.223616513153367 0.888542675778791 0.011562280450077 0.0309141795672344 0.464673623428889 0.0202598763499932 0.630854395623096
0.535727016078031 0.929235466533893 0.998037258096748 0.544073065521315 0.999631233650131 0.47455529424697 0.741301994492758 0.590430777537007 0.356022390672535 0.607299437494282
0.0431128158235692 0.0307856289104839 0.999409318049495 0.653884263554683 0.994857592122495 0.264999595797962 0.248938766284209 0.545747026769862 0.0789485793589402 0.453328674896879
0.978013429546345 0.00322966474672483 0.241702685828907 0.375458936838762 0.738547717187197 0.00775376305667849 0.0478061085875039 0.439223950686334 0.0086967226159784 0.419249828749291
0.000591142414787891 0.1212978455344 0.990452904438315 0.580729086964498 0.999340872415497 0.358945852117366 0.729783556332046 0.583777122307937 0.541794737972887 0.600242934409318
0.926340835465867 0.00905455037294252 0.997202463828518 0.260779416757281 0.891784080557374 0.0524818020705771 0.042166039850888 0.494381932110582 0.00482051530061304 0.223958689258091
0.950090171080727 0.291611147780464 0.988217971454304 0.715529705727186 0.999337470290997 0.652234147038745 0.349443705175565 0.585844210248835 0.665633246839295 0.660478649507509
0.903764879126839 0.0227361928035625 0.993824003668746 0.747216978743296 0.999586261151529 0.315537961305611 0.490794072839801 0.635335826677664 0.31548221454451 0.630946292944688
0.113400131997107 0.271670212219523 0.899745923530343 0.372357994821217 0.789614747303295 0.0394458627955565 0.591548582481898 0.499185731404483 0.208288243458419 0.345381287419789
0.317034201736322 0.818045651232177 0.990348308618834 0.538464853502171 0.997244651959181 0.12221371402376 0.5302285700322 0.59111416453322 0.471947905174115 0.592285744652114
0.550323266815317 0.633541965952213 0.992008884986587 0.424587872964198 0.961147957768504 0.140280477692843 0.514984744679471 0.535860179699664 0.0738378674223939 0.487851957755174
0.388521683568519 0.00550691200305523 0.647271265504655 0.343348745220517 0.941428477567118 0.0158658660725606 0.172351963608373 0.480116093228234 0.012424334185887 0.204372232739182
0.358004331929103 0.0710622947303363 0.960341644941542 0.448572062144791 0.850965964260677 0.0375759887298776 0.0834011604292322 0.476149175041704 0.132332153345709 0.496510989702783
0.774989609094992 0.317207280594977 0.99195774713385 0.419348224174037 0.998751686492358 0.143666796164456 0.228863385947463 0.547973068230759 0.331988560012998 0.56903375445455
0.167694687577535 0.58281000833088 0.9950873290015 0.681500891967648 0.991273378464231 0.0629960941756373 0.445210533496876 0.553396700388992 0.189730744993831 0.554560877142014
0.863165062091959 0.00828520128096794 0.999825311545563 0.506408915688119 0.89751421775144 0.041774005223442 0.620141781875275 0.541134996263963 0.371059765118557 0.540605777021804
0.100150303249587 0.00939818183696412 0.624167791787593 0.163440275637237 0.788270884981695 0.00421958845365991 0.191483929908268 0.458558640889445 0.0203245590107023 0.239481538822345
0.994772216054471 0.985841329552085 0.999494077804172 0.843593601417913 0.992491929991308 0.498203796518948 0.638780545176327 0.579540712452036 0.375202167778529 0.707146743415524
0.174144091688907 0.134181041118615 0.994259756811839 0.174589525540868 0.631269026254689 0.0112998873369727 0.189265064857365 0.488558940367597 0.0340375683675785 0.309870384308773
0.0979717237741407 0.077183928383054 0.950563604508368 0.29423426221804 0.913341584191161 0.0169576867972446 0.293579790546376 0.518461166227809 0.0412753649686947 0.350786165442891
0.239223198708242 0.070436466501467 0.945566145047224 0.476164547475201 0.959942789137257 0.0684745440790237 0.256285292446097 0.511623265715505 0.0669271715736988 0.347253361588933
0.0418906134965618 0.11298300202364 0.998859818592289 0.684067900583218 0.998976904822236 0.182361017096832 0.261499933731688 0.551289441477399 0.159254886555504 0.531867848092547
0.83919171789067 0.0636111638257529 0.0448386176191425 0.0823716647908363 0.8278077400953 0.00404088599376044 0.00593419902199106 0.469022834496148 0.0219840709340951 0.420674559461094
0.934583799524144 0.856610732668118 0.984281941399164 0.607685275438887 0.999622504099643 0.189549015218372 0.177137557515201 0.559072955210985 0.345663321549436 0.653368205800092
0.224794199334995 0.561283321208193 0.789162104111619 0.195679561894595 0.992059026047427 0.0160313076312123 0.0969799181391087 0.512761183752522 0.00921932162183331 0.58390838408488
0.347263162278348 0.0576770305124861 0.988733519889796 0.672636128852765 0.999348471755034 0.414349629721502 0.0537236145590121 0.559984506974315 0.141122525090555 0.682599759474941
0.14694074973868 0.205027618688203 0.671285875659576 0.37115993476953 0.874567359264822 0.0897085484558231 0.383784452773692 0.510687187094206 0.0366189688399628 0.50911471332081
0.571127758051569 0.14235242589844 0.581665930195402 0.612939492645181 0.999675152709338 0.175250867016194 0.582779252937042 0.557781435345 0.117892279532035 0.56237878376617
0.05108893294101 0.506473275725941 0.994191292940286 0.667478525414107 0.987998619515769 0.0296448574333372 0.586200436262132 0.514325152644925 0.10347990506357 0.540116293815998
0.16559699160467 0.00139219601448145 0.461142648211449 0.0848690655899869 0.362320148198801 0.00487858773424968 0.0898597454812091 0.466788175262347 0.00647081850048194 0.158970708965394
0.00315579336626335 0.0168514571657834 0.988874222167356 0.0974294693143427 0.690685579742079 0.00852006691199565 0.0402563636385278 0.453683446702584 0.0160041531397863 0.231766368571353
0.193326216958595 2.42696801925664e-06 0.540603490118459 0.0400069575897958 0.351373028354551 0.00733862798222812 0.259684766662276 0.420086567966956 0.0207519240514955 0.189103984580862
0.173945482934518 0.232918795230048 0.986564166922078 0.516742514463991 0.976508520911949 0.0210091160867435 0.60963046258973 0.536588002329592 0.0439014863603144 0.610752861773857
0.815933701682348 0.007839798175175 0.670321465929054 0.241620116625485 0.880745837843758 0.0165213620962022 0.00844817060659054 0.512467114293943 0.05900427373003 0.356611533810337
0.985957688136872 0.259832791632631 0.999807503466295 0.720946103316135 0.995177585053842 0.141769573191731 0.30419759972446 0.53720985734607 0.375467507537488 0.448237202891844
0.68995357970815 0.00172281675767052 0.8129574909526 0.247033963892363 0.969654633391996 0.0294125982401321 0.271653534319723 0.493517180745583 0.018946332159046 0.512200176712739
0.899985282973061 0.924211926051451 0.896530115686634 0.666896332863607 0.999203541979632 0.216551575666117 0.794977885816844 0.604254448665889 0.175469983683085 0.583677105083476
0.958062524995947 0.994504759566262 0.997162906753715 0.857355271872875 0.99976826252788 0.312726434265534 0.73713166638122 0.605812239715195 0.322847370399933 0.756549217571413
0.93260199735748 0.000221192125361548 0.818364626912815 0.368142781326938 0.996544947807699 0.0356463954106768 0.0519582308780176 0.504117452515696 0.19710251499552 0.519640247542901
0.0167384838750698 0.00439462520171454 0.595729699755236 0.487230864855656 0.686277579718074 0.00265377901006443 0.033233519802864 0.483267710057052 0.0209812940570169 0.371268494506615
0.806563818746294 0.533824081575421 0.979314617712426 0.535347952086957 0.992061226355757 0.0377475585469903 0.217167360145046 0.553729829585441 0.150505218329798 0.469636084571707
0.718796736905662 0.0704677568347386 0.854793456230243 0.649543415581864 0.998420148634636 0.377091148560513 0.562000697615806 0.563633310590292 0.220544115081912 0.718460182634162
0.477081892394078 0.261234020893822 0.998785411533209 0.585572770865969 0.999851318210805 0.226607514687319 0.315375044948809 0.58450113042068 0.162021694484905 0.701714570461244
0.989675080928171 0.035499539679692 0.863253411823838 0.704295917062615 0.99892657058148 0.298604834375842 0.46161989278482 0.575344028993536 0.174340580782396 0.565305309963009
0.107858875405499 0.00226088731482794 0.645809296452689 0.276524750819261 0.896003635370821 0.0136586553447746 0.036814474415453 0.499621024002594 0.058186003511497 0.271960238365489
0.0394063666843476 0.956275086284623 0.962320637012311 0.512187722229072 0.942691729262387 0.187122618485796 0.0532736408390194 0.544687682357364 0.0279821117638065 0.596096202338603
0.100762202506155 0.440807170470244 0.20032903124617 0.446832368312375 0.970512873450303 0.0619271125733838 0.451446283461494 0.537247435701184 0.0504511864181039 0.336567026465111
0.712092618946822 0.521525889564624 0.982581675149376 0.641280147764041 0.996283623496278 0.652540802668763 0.238202352104387 0.56926520102472 0.229552518703021 0.463558051312893
0.00360191673245062 0.0469173844409623 0.947404532956068 0.633836665016603 0.951507174689732 0.0794612987765699 0.0838891127484159 0.546132145565667 0.170205166682456 0.574992017126157
0.979657692414082 0.0268579395110537 0.810001847916878 0.605044386688008 0.992233439466274 0.0681050148670923 0.20432335167844 0.537322393857891 0.0993550260387046 0.612652691780098
0.991511830024028 0.142773528431075 0.224207584099894 0.440870692822447 0.929205999318003 0.0179330050881168 0.0682460228298267 0.525511385811504 0.0294321463294705 0.299046613602536
0.0324822035954038 0.952535821390098 0.998884529954477 0.373136472214618 0.978849343667002 0.105099966607893 0.218957868863446 0.521606537623739 0.0991922813815524 0.617334194443899
0.0871996998376926 0.239739453350058 0.990331667663659 0.351199525318801 0.957121762216265 0.0857168139560877 0.107619443661753 0.518017900113885 0.151046258666767 0.35498421760037
0.497701789688129 0.00128519914338312 0.150180472763482 0.0616937750150026 0.0789458199563035 0.00033408924359515 0.00708648764775598 0.392175407015904 0.000939798855112985 0.176229929966222
0.983534136881294 0.959947353536676 0.70437034267097 0.751543003009061 0.999776926924667 0.494547082152925 0.91378771675936 0.616484735680981 0.477151243346807 0.865791094526246
0.984679275703237 0.00256860791590147 0.997650766181292 0.546341356493257 0.996332850644614 0.0410528205716416 0.448319069112907 0.539027519080871 0.146004206369778 0.386669659262559
0.0880683274999804 0.768173874274887 0.900668520372161 0.702085853358259 0.996146184311978 0.149347735820406 0.453089650986172 0.565248616151618 0.294703781180871 0.442335476932066
0.0394276870085675 0.246317179972368 0.947472333617745 0.439439466771574 0.911051715183975 0.0271515763028117 0.387684459052514 0.530858542883778 0.0404562576182195 0.222142849100878
0.0469796336426061 0.00248199878727608 0.962809663452932 0.384533244427238 0.916585451068149 0.0367877261024106 0.5868884953174 0.468689007184175 0.0125957072565331 0.276100107820553
0.644636460382855 0.00168594063660075 0.934685197193342 0.335642690738663 0.812616510807728 0.0231912007210775 0.259708154972406 0.508484312106358 0.0216038771407982 0.62932972693115
0.985698911154823 0.104274626854934 0.955153203521497 0.346852167364483 0.95021079583073 0.0632356695624833 0.747456191068343 0.556788052692158 0.0759014942246003 0.493525285499061
0.897561606655847 0.597271090098622 0.881520021262305 0.429354840607276 0.987340903970552 0.123309401350256 0.287802655560663 0.580435785615748 0.193134237834541 0.447111518083731
0.942282831505193 0.0157186394396047 0.9999100086538 0.691503525747715 0.989593901916166 0.21630677492903 0.0750355099786945 0.560289062407553 0.206118302008888 0.689689698153043
0.102820678821669 0.0766083330232359 0.661284489668029 0.454670815359735 0.979192802106156 0.0465410416417428 0.0538690246201118 0.514973132210779 0.104731070941093 0.388313010273479
0.570071406499871 0.00984723175782174 0.435651929448903 0.123386196309005 0.926142420592901 0.00910495056898797 0.165103192216595 0.423895246849999 0.0428558239435296 0.293882815163858
0.056298750537747 0.359045822514619 0.999742138807601 0.629595470979749 0.993444319350046 0.211781004632199 0.317242299755074 0.589909958803707 0.132942562198923 0.561526364058146
0.867164995692361 0.477814308162955 0.221913180356542 0.18162245254846 0.971660278544472 0.00272928311075743 0.0851363323433998 0.449786459956559 0.0203567683489327 0.278546912029568
0.0638079014328546 0.0730178287078213 0.935683025117714 0.217681368625386 0.875544962504855 0.0709937612777607 0.132451371457137 0.505225449136952 0.0413963067665839 0.149159102852
0.0284909015802073 0.611529484939665 0.999964894033375 0.488797212710114 0.982347088701945 0.288066500275319 0.215610447321389 0.525019912390471 0.0357832681072467 0.212955953676613
0.994301796935138 0.0473811844010153 0.999567393014389 0.436479101283058 0.99718552775833 0.0502461475122499 0.65644584495426 0.546987257224432 0.0610766392141068 0.509960562387
0.844436540910075 0.23068737740811 0.523079155873646 0.467257926116373 0.514100133753145 0.0303224801452296 0.0856131558330853 0.479335249313085 0.184465900086712 0.515464642646981
0.649930814620519 0.191663587835223 0.818953443387885 0.363055563392366 0.993477155600577 0.0665363725539535 0.195041054080888 0.48453358275366 0.0929168105645046 0.482634520655441
0.276011819037733 0.0120905457586128 0.97515078907414 0.473766892880908 0.997718308889193 0.0563133369663629 0.208805508471699 0.514435458286987 0.0682975892321627 0.34055972028696
0.911503403746996 0.220217028302497 0.991110898823808 0.791136621733408 0.997023360387593 0.436422948352635 0.767586012356031 0.595926969321881 0.601668741164807 0.724440846623777
0.958284290700447 0.438110208249524 0.934190805717836 0.423981119940133 0.998055032747797 0.269327074212593 0.894895376013527 0.540445996202599 0.0623466997585159 0.676089224137264
0.720485865710365 0.00594241436036567 0.998451034359004 0.484595719669527 0.913940714600155 0.0176464357995358 0.0593829397343715 0.452384589573307 0.0120170115272369 0.437877319893204
0.967653699557462 0.0893625743441796 0.918622514081102 0.333322433454104 0.938838022368146 0.0122058800894569 0.267828981068841 0.507816437211996 0.148444942338894 0.565662362945734
0.00293379065843439 0.108202451395417 0.991827413647498 0.296181475797216 0.951836380270105 0.0096942428115789 0.0144162079505209 0.494604890183054 0.0249033719843531 0.411427080657386
0.396479563996234 0.294898359763046 0.695235968356801 0.366570654792638 0.985312480144219 0.0481437271396509 0.331626877499024 0.513506587588865 0.087080828521571 0.44793348928505
0.839844908897266 0.0153018694208787 0.999554013262669 0.393786331378148 0.999015296362489 0.176522136165416 0.2352263424258 0.522243146978904 0.031497742977488 0.438242704998138
0.560278017545773 0.0264475249766462 0.01664888792778 0.227940273849218 0.734964693155041 0.0726857208121834 0.0235371347912486 0.468241163422289 0.0742963593083826 0.482522847396651
0.727187616500193 0.0625364973666098 0.471768330744869 0.0692117728417997 0.414450809936151 0.00109189195933323 0.0568187379061567 0.418377574626159 0.00535445312835411 0.256434901667184
0.93869122714538 0.53282571925423 0.985987517410713 0.828279826528123 0.997578324905192 0.111891430798908 0.683748338613764 0.587493088758925 0.15177236916765 0.700899420771332
0.574151253904186 0.0012384484297926 0.0196507943341401 0.0760964352813305 0.342201664398291 0.00276898335414364 0.120991621653258 0.457232156041626 0.0191454758685951 0.350182560608465
0.0402036139738332 0.962200890066203 0.63697119926216 0.259808952912017 0.570181368760534 0.010158569032986 0.0513368875019137 0.504952780082955 0.0595950493611372 0.332766125628566
0.975481912850309 0.270827694207321 0.99589752686032 0.51192872299277 0.993906237882738 0.338544005146852 0.339359275242582 0.590775018514396 0.167388726823716 0.339886281366662
0.979004230903713 0.969231903033081 0.992424139197888 0.811814395918286 0.999738030851422 0.749241118023268 0.157284348465355 0.589498840105614 0.622370693871923 0.78843498516174
0.994872663626436 0.0440090455984567 0.955700689440707 0.13927680288843 0.958497118612119 0.0129594774499829 0.0333911012538883 0.474934399858003 0.0870179229048205 0.415797645600231
0.80327329797673 0.0222157419323709 0.783838635074058 0.594572072421018 0.984921128896416 0.126036649517347 0.19925329870079 0.545389039037559 0.0886544453757754 0.4751800603748
0.739468121812398 0.0791081358215155 0.999936081295368 0.681664487247001 0.999519001066949 0.334703547932626 0.859591833485214 0.574609700094288 0.217582769979615 0.760613175294335
0.00989646948878494 0.0886917384992938 0.945797335286125 0.150816493697442 0.524393198345055 0.000899226499045885 0.17562549866335 0.456041110182379 0.0094766623659041 0.342083592845734
0.196032840013968 0.0084605547023669 0.53752070050062 0.196973289102386 0.991212752156191 0.0747302013653048 0.337737257193296 0.477595914329883 0.0457728388075722 0.468847949420006
0.0117138166786126 0.0219164144328042 0.993115009492919 0.261341048269275 0.521164451203512 0.0109686953160894 0.0646410099104942 0.503787076713906 0.122926272744613 0.407836681229343
0.977399367089067 0.935825964513575 0.997314175635963 0.72755091993213 0.994153722932105 0.167881317830624 0.483395790060715 0.577207736895006 0.115402582556175 0.572771231562168
0.93532818623344 0.673711451503954 0.963637428211439 0.649763053687088 0.975281350609732 0.207540455194743 0.554034811554445 0.517416906629637 0.134768794140539 0.4751635369459
0.479674163353674 0.0118281398017467 0.518316637582731 0.47572593438782 0.995456315606856 0.0619747280142462 0.355843941548801 0.551262343191365 0.118031652272014 0.530311944096773
0.462518031169144 0.146480221818209 0.424717657233536 0.31909784396749 0.887632391220605 0.00611469688170962 0.219482539602431 0.476127137796334 0.0182697828564003 0.2391131652316
0.0121233112932438 0.951190859202887 0.986844896833306 0.406185132441995 0.997667510743086 0.447632633319817 0.401055757452176 0.561169772975659 0.0232406299172765 0.573844870799106
0.568779102893552 0.0313978040011018 0.128930221342004 0.106684210775523 0.599644750814548 0.00885915560688967 0.160955287834571 0.427348806909507 0.0249740760057618 0.135423315476687
0.097115267670568 0.915196163537901 0.718681594386498 0.673084214318892 0.997626198739142 0.467982703664193 0.912610340387987 0.542628144254313 0.215341056202422 0.631345039148065
0.92873484791373 0.586405983681837 0.998968948777495 0.8436679111696 0.999847049281405 0.310914702679235 0.952519347331317 0.602824509337501 0.315256609836846 0.81594329266091
0.880795324197152 0.689855814613891 0.999957853257851 0.817999758360587 0.999802475632411 0.825609214947641 0.342057892790689 0.57933602836254 0.533081975083198 0.693534467356484
0.0605150006429817 0.816554757441016 0.999155833936313 0.78202446289411 0.999954666092202 0.787862297655295 0.746123443474452 0.614358187350844 0.516998236446729 0.768414105516885
0.246654649912995 0.0347165449368472 0.972814267659036 0.279596487256656 0.976383504794496 0.0178842430107769 0.485445667422831 0.54064727846797 0.0610003150391243 0.638684629183239
0.559846668926319 0.150318003674872 0.99074964861459 0.272261975578134 0.530875081387131 0.0237660406268594 0.0678595227127941 0.493978017396341 0.0252944027057195 0.224104362592019
0.140000742919281 0.0622077038813646 0.980964300192835 0.519348889514805 0.993868289564947 0.159297412653731 0.455908197521246 0.547196510699249 0.246059533397947 0.500270632095879
0.974307380248059 0.933225434565484 0.984919294961187 0.805715741438538 0.999855695231749 0.330440021024796 0.869206806293775 0.605397663443558 0.470002261380498 0.597045231375038
0.348323669559451 0.506039525668105 0.725999225804301 0.433419761111853 0.988610255108015 0.0472180509514401 0.247517620569667 0.560171941208317 0.130979277551079 0.496598285785117
0.0425941163356547 0.565651102607116 0.92439198704775 0.395647717604965 0.983316122525516 0.187883089771335 0.0359225669931752 0.539633956949448 0.164355843740263 0.538205782131739
0.924634581732435 0.0419756048809332 0.977214529888654 0.34598300071962 0.65814240210746 0.00209623612998045 0.0371080615537737 0.497967736764233 0.0335128593664962 0.243036415667388
0.104368061585393 0.78635068492024 0.810897964894332 0.41599933438565 0.998222912730241 0.129359405247217 0.219419023944704 0.517179263584353 0.202611032848322 0.508780876931449
0.996756453574537 0.0355300422802559 0.999954504549136 0.596972941268448 0.953394035068998 0.288709229304785 0.2674829672098 0.510034921126506 0.126780094820433 0.527300365915104
0.621956994810847 0.812186723622128 0.999504735526902 0.688625777487151 0.992942974035537 0.362129444254232 0.829674641876563 0.562445304375308 0.138601926064969 0.579401653533333
0.88944800405959 0.0286317722765551 0.965017272868229 0.553413775805529 0.970319886563227 0.240909739659126 0.163645137565452 0.555801676417823 0.311927589183544 0.466382272937381
0.928984938195135 0.839887000183784 0.901561001543999 0.819960801812232 0.99435358128374 0.1089207022528 0.248752067571407 0.554457342569319 0.26796931148054 0.681403367724357
0.319719974878606 0.263308433400229 0.652946281484085 0.60866303838722 0.969016136555992 0.06916716021333 0.340701597734311 0.50255815855965 0.277329339447507 0.50752827931011
0.11216109464363 0.111243988179261 0.976592521153466 0.859457240019158 0.999820573001837 0.478500945507757 0.971179110747675 0.624433256245569 0.576365025859488 0.751083060369211
0.176457398348418 0.020369845471423 0.992017149342989 0.496813450940212 0.86607723851199 0.0355396388179173 0.110433767144192 0.533448327675264 0.025696559274513 0.563309789747301
0.180450421510942 0.444916033981764 0.904632665123823 0.398387558367279 0.889626612783269 0.0261411929507451 0.173189047125732 0.518980499615483 0.108105768160485 0.218753111906832
0.320885143910056 0.321775398467692 0.967204939223531 0.227027906519371 0.708127885094 0.0673340293494718 0.529485051916882 0.506992282956957 0.365637660606677 0.560582395478559
0.180001000009739 0.668396413778841 0.989588837911911 0.30709494244249 0.904865562786133 0.182581748691479 0.281885910383698 0.520210957047071 0.0705423416851301 0.464992916621382
0.190461124307635 0.954216030395517 0.97600031732479 0.691765422524342 0.996094724533115 0.0821303731510255 0.521713982329987 0.55519051505987 0.140932012732733 0.591360387935978
0.0387420145463664 0.032417909904392 0.99606807212611 0.240396566049178 0.918965646092575 0.00455892681978349 0.240966072157323 0.527190793089988 0.0469397936614634 0.332258742340981
0.0519941135275883 0.0942433715156408 0.834993201924033 0.700608348375954 0.988516116350562 0.0611594436927091 0.78159042706659 0.513783875428666 0.0609577786604229 0.317518227769937
0.977082453696293 0.144878332329933 0.793910285100311 0.224701669627435 0.747483551191058 0.0205106551676398 0.0246799510177738 0.525603614055402 0.0663995990671893 0.417273120563293
0.984619739186554 0.0173893762657997 0.290018042337276 0.125907620675505 0.267766985651205 0.0020757252142726 0.00882565934487612 0.434433858361888 0.017935041394528 0.221131044706729
0.996398465315433 0.125084294026636 0.998084503270276 0.750867165011834 0.999906324226815 0.203462107579028 0.606946123702609 0.562657324638115 0.292945647874637 0.664577675326866
0.106364900483608 0.102547837496627 0.743438263872109 0.295746473111906 0.905614136356601 0.00885140753568318 0.24171046815269 0.486149780150223 0.135049689230178 0.487694333213517
0.0365720479906979 0.395532805766077 0.722378121810464 0.167646765015769 0.550982713359384 0.0275123414357242 0.0682264729335984 0.505122997699433 0.0636737047341072 0.498439228893344
0.867899718234756 7.90544821560607e-05 0.911877408055993 0.342881472328687 0.948870199058799 0.0228717590560729 0.412255889984117 0.531878545621792 0.0645695334924837 0.481386418022298
0.830008404763576 0.126855192379349 0.998898291844745 0.640190342867831 0.994013005893123 0.0481684069080628 0.112647660216639 0.563196181480965 0.0746571260415963 0.70624304515196
0.00115729773073939 0.000556931629462579 0.9764568629612 0.106474321126585 0.0911351830000035 0.0135882452279942 0.352812947702954 0.452389165688044 0.0207319946171658 0.458134135969151
0.340054443908812 0.422437103355679 0.998623384053377 0.546949334658765 0.990849073949072 0.0234820477076633 0.168054874090093 0.571329224863842 0.125210949971902 0.402898598243674
0.00301972312514904 0.954224763205111 0.999395316699903 0.348460167408 0.959690276923216 0.137649653238189 0.0318010148869587 0.565007312862698 0.132581215194882 0.391888924529836
0.00223179191741298 0.00843391544625493 0.585961957608086 0.511696097813697 0.948561668989226 0.0228479632584963 0.201387422434169 0.529591314217178 0.210805590476367 0.57094697018164
0.918465530064798 0.57854079537054 0.551175313891848 0.510469149207593 0.764289403897627 0.0238755256995899 0.239584592732332 0.491401345929178 0.0431022514078275 0.340360435355514
0.12490686931608 0.604010112540714 0.440701463623699 0.323768621481837 0.7609484120864 0.0575452937433827 0.62957479585077 0.498609911632472 0.0178594618108669 0.607942098849402
0.0965243606758745 0.923894153697293 0.999638538550051 0.380546528681682 0.736697024632845 0.0350774179038545 0.0550878079102404 0.496877130790865 0.130474801065159 0.405101807909045
0.703939004842416 0.00511628816243178 0.0246142348851681 0.115472751881445 0.0584168617322022 0.00623928854651439 0.549726800910337 0.463356023235773 0.00833350999484755 0.159535894801862
0.53043835264181 0.00409297976078423 0.616894883467699 0.261681190320874 0.931996239300949 0.0143069526391946 0.428600189481162 0.518066917805004 0.0338396698802026 0.280447011994735
0.98026884987211 0.225888501164643 0.988250640634047 0.307431678538711 0.989295061322342 0.0165613584471732 0.138976374122869 0.530392421277442 0.11219555802039 0.393107171803299
0.844326019536775 0.00749975528861703 0.91722580645059 0.264397037578075 0.993332173856605 0.0523104932486376 0.693516780201294 0.534653678789461 0.0688272117234123 0.255776443189278
0.774368040801292 0.908619612064043 0.999786288344928 0.963409499323605 0.999954840031808 0.65565277438509 0.655802348881761 0.652320945910768 0.521500295531115 0.820892744686086
0.999916022126588 0.646414495032097 0.998952140000651 0.715347799187782 0.995300065709317 0.767913237436832 0.69253337596719 0.623925189332964 0.411527049608947 0.772194746269664
0.96438654553161 0.742796510828256 0.999498531721635 0.582343525166657 0.995267287387384 0.386746964267832 0.0617687829623823 0.56144307975497 0.178107537747613 0.428691260136534
0.936263923974655 0.905526030417059 0.994191999492938 0.685846630213726 0.995328865369835 0.0915524971359058 0.0363235892285504 0.556368311953145 0.0846895858916748 0.49777484718051
0.258795766151032 0.0975023012922357 0.941016672015356 0.370013134234114 0.935561874410781 0.0129734911817089 0.846312558043812 0.513491873583829 0.0343865324729668 0.453728698366847
0.998221073648857 0.345455819767417 0.998238707409188 0.824851942995309 0.992028573552859 0.520557913289076 0.705671405176635 0.578052033804181 0.325261690756274 0.584700153518431
0.995124834407122 0.0958152918157768 0.991219957816003 0.611720622537405 0.998435281227717 0.173661579149108 0.40575717183321 0.577454850499649 0.174743506887032 0.447325069911766
0.151465146866238 0.140978775924101 0.809705489370178 0.301488175621237 0.997289079648276 0.261831625167302 0.61830127467166 0.501050755011608 0.274830635250155 0.691501801150216
0.0353507740308663 0.0580267229313445 0.914149289845423 0.299800335891648 0.866015510468932 0.00813751083608178 0.0674012582859264 0.469111383682379 0.0609981403819483 0.417132193443766
0.682096318294743 0.942108003590298 0.986871125278543 0.744704066152108 0.996789553501915 0.426802335197059 0.141762858755929 0.563029517444582 0.284369617144104 0.701431300632577
0.685722447889879 0.0678521550746647 0.997294914702615 0.542135868058692 0.990644443286276 0.0330349120107651 0.141386881533795 0.550696694792155 0.210582420205098 0.372431269592423
0.950904735796989 0.605395120954855 0.991875942146619 0.402695475979294 0.961876348140565 0.0158833082981663 0.0239215599521369 0.471632941228645 0.0644285943492651 0.467951533958776
0.138498556989184 0.0102518389193933 0.833980036072074 0.118897310613797 0.310727074321664 0.00278451361466708 0.0586596392957162 0.460411734957226 0.0141175017310739 0.378192531000029
0.127012849847916 0.420587549559164 0.968231385431636 0.460375298639737 0.909609198453009 0.169181669033707 0.0180693185523084 0.561419410229081 0.0338578528305081 0.598192886155737
0.0970387213988047 0.00349386695627545 0.888321635542259 0.213286509651532 0.713680958879975 0.0361856590197885 0.010988305073174 0.505661755739463 0.0172398581684363 0.256657722929309
