0.656529761977946 0.496845603659431 0.188493537988219 0.906267198676915 0.99333508298146 0.116762108937636 0.477320042695946 0.378297256077447 0.565305324319657 0.592563821280552
0.934090414769967 0.877258394720934 0.677609077355984 0.955394349958546 0.998631658316727 0.277719749069485 0.593644557473314 0.375779664898291 0.548416421570213 0.587253162312663
0.754647259988831 0.621595588679705 0.045734230642183 0.603505729130358 0.976600464309474 0.0280060526056 0.312665981379636 0.334555160277965 0.320673161531602 0.536355384491867
0.204804711850266 0.28289062251371 0.192375460058732 0.771747049671818 0.98060408384521 0.119976921499287 0.543289761603205 0.341395148381611 0.897764528334494 0.614843891770659
0.417634170010313 0.0854520344305481 0.0798685243463088 0.167257025871646 0.88015118958305 0.00956948404951185 0.23734462332515 0.25502914934439 0.052701272791628 0.439057658391078
0.417243371880133 0.56433314693694 0.208469129664457 0.79198250272356 0.995195499038568 0.0322283530057505 0.342869967766228 0.357435230035538 0.258703278934357 0.469813405330632
0.599884370773332 0.177250302461014 0.267668802547518 0.409581336659269 0.969816976093857 0.0311787448682423 0.583362213484358 0.31760402168413 0.311115153337851 0.59869414450936
0.153797723783138 0.52924837565128 0.0572958082257105 0.470444123845829 0.937508553339928 0.0121835199192016 0.359754968947175 0.266436868857326 0.394423292306044 0.526011212979885
0.75021981494661 0.340263632938466 0.584615819878756 0.501262639950305 0.979615751834403 0.0578852499708456 0.514096016043532 0.473450269836148 0.959025336238822 0.556231065233743
0.905942488236743 0.463085927732911 0.177639077835924 0.899546281840001 0.985869222829768 0.0308545426479603 0.530349239571651 0.33359452336818 0.660742224240868 0.615427058795457
0.334151893422572 0.325232717010027 0.146887515395971 0.666184331425196 0.969212682890326 0.0389860047599781 0.316779376021679 0.354464398346577 0.527541391559509 0.447228682393209
0.884345181393983 0.789103485624937 0.479655477157184 0.933785329222865 0.999686449558628 0.694977265897257 0.747430362803756 0.473710393546346 0.991546736283731 0.780837114932884
0.34001162192666 0.217946770280875 0.32047855611237 0.399193912307036 0.950595052628049 0.0286983735322388 0.216407711305469 0.290146184252656 0.258666028447682 0.559261946491547
0.717757410111137 0.986190710447305 0.380646891729122 0.910539029181347 0.996132386907607 0.29853957986553 0.78563890382291 0.384330520781886 0.99272666937663 0.726009645652081
0.821497762075679 0.20077623641575 0.121793305052646 0.826551042233054 0.993160258124645 0.0606484513097209 0.363473692213796 0.457621822848702 0.626813081727346 0.567398779860845
0.732074497260589 0.337479721702915 0.153347655986839 0.789826704119647 0.98987027388498 0.0884467490598338 0.461851183424088 0.34012462866585 0.678944572736767 0.4912916062548
0.768279761365429 0.055095082523459 0.090478812787658 0.933526102465251 0.978906828239204 0.157559753528336 0.527882123593854 0.323711082214939 0.847344517460987 0.49422213301786
0.751329395043747 0.951919144187642 0.374430212702745 0.901861502828233 0.997605355595256 0.191717859403158 0.542237725728666 0.456489824738993 0.866422350485081 0.669387502711391
0.601837124530168 0.084397616626171 0.177935262877015 0.971569836489135 0.99129649293868 0.161553561910536 0.586477396978877 0.468174130270369 0.964303314841843 0.680431979063928
0.0858585684647291 0.446501491152813 0.114726107188386 0.535334363864005 0.859607804717416 0.00506360322014611 0.29056761755149 0.233224132943973 0.0642645851484568 0.416484124768038
0.855586357131441 0.524255750651387 0.462243433793524 0.967008980107693 0.99880657700101 0.389270106255422 0.735903434728414 0.449526281679375 0.969564550861428 0.563264498004813
0.901211529459019 0.219815811219962 0.205938795830178 0.74929534967654 0.988390591841628 0.0625452636116231 0.473106865987617 0.387512193015497 0.345659849486812 0.535061186611812
0.233847087799481 0.331250424053454 0.319740406267856 0.506505917571656 0.978101724002802 0.0191371451493795 0.530673031274218 0.349928798306088 0.0994281311924891 0.575777404032374
0.854353337144036 0.846901386200971 0.426063501831647 0.714623540066247 0.998430113523866 0.296596706804699 0.626265093929476 0.432210334306484 0.994396046854532 0.643746538307993
0.953777749005718 0.485756633404903 0.337341392929892 0.782057069527503 0.99614600127408 0.146730638212201 0.640584834987715 0.393860655294833 0.754861509413661 0.543560554827012
0.563500566936963 0.677278183485164 0.32027436946349 0.749687123516484 0.993616706654257 0.15154728034137 0.514843489346443 0.497615613082543 0.954891985745836 0.650481442441828
0.697251641644663 0.285323168817807 0.203902791042699 0.606999031652677 0.985029791285597 0.155875513221898 0.575655649237403 0.37707813675978 0.248804825268874 0.568320989805135
0.33550677770204 0.119457349123987 0.0832538749917991 0.92029042732733 0.989016633104591 0.159795804337448 0.548356338548168 0.384962441382724 0.637159058916785 0.57043182591598
0.0532897709442667 0.0789443968123448 0.047436342592831 0.484533145315486 0.95261730810697 0.00942925139131724 0.210935239943975 0.338082326081332 0.0261484625931718 0.484547238659473
0.925599391838473 0.913696961086549 0.305326336137039 0.974541290281329 0.998871637599143 0.834433899759874 0.712690921463606 0.607348322139453 0.98109234967106 0.706123200689765
0.821295287012333 0.193688292367981 0.125684503798381 0.795293397494027 0.983701010904643 0.0978514844460945 0.649795497897802 0.338038604735721 0.93666798875558 0.716817534654005
0.290698129713305 0.667155917086395 0.212635070425108 0.345341355073153 0.986406010931362 0.0246924998303289 0.304767316333939 0.263479815973361 0.0109273032226752 0.544263718975323
0.556730678653964 0.709705501661597 0.106396691072623 0.648863685803039 0.995324086948178 0.519359639022248 0.619655141324036 0.450854346994044 0.746802207601392 0.549418979815916
0.343503024104362 0.605444682511417 0.444631975523267 0.729134768257241 0.99917423429866 0.160026539255879 0.684626933105859 0.452838572277541 0.983874198042616 0.737990803389397
0.546500693940401 0.937671302521675 0.274781337039857 0.470604897690358 0.998551970710707 0.262759014624858 0.635256039679651 0.420121799191023 0.988203450051644 0.645096091892301
0.511813062793317 0.127723578340239 0.424961659391544 0.847787871885314 0.989831760005709 0.171985284846797 0.487157372603265 0.464091899165367 0.878330487595498 0.577426546166165
0.192317216163769 0.77413944621368 0.0616826132669097 0.908720071373031 0.930707730984599 0.0341410001927753 0.462765084382968 0.345215086183186 0.0804861518626801 0.504581342297376
0.116260354444071 0.104118751308716 0.0806717768155081 0.15491376791342 0.847244774807788 0.0424313223261474 0.155825006739056 0.201737245907759 0.0611135451607766 0.478557973943365
0.838050400953387 0.961408975163015 0.564326701594632 0.957815290191761 0.997650647146541 0.0996827797137346 0.683220071352722 0.447141723435788 0.903045498578581 0.592428221294804
0.665157703063973 0.121091360144699 0.127667950816843 0.871682746558304 0.988048936234442 0.102827007526088 0.481443444009098 0.455368575627974 0.239068902795983 0.513453020306588
0.883534242022778 0.939317316197153 0.241903453004163 0.773396684706971 0.998516266951732 0.633292472456506 0.763368871290218 0.487972798015822 0.99884897241887 0.792930745012244
0.0956472954170354 0.483110783145205 0.17181224299624 0.810988678085709 0.959746588406894 0.00941025576313946 0.360400119896165 0.188723449186608 0.280265692959778 0.572862181490859
0.913174395657296 0.178025379972898 0.127606537549324 0.957145836819135 0.998593833200363 0.164633070600597 0.53085653113339 0.394228557496242 0.978955769596646 0.61362258126328
0.216492400100963 0.260215569094089 0.0185532940332684 0.761137456117188 0.915429073263889 0.0216908529706179 0.269790944288154 0.377286402839593 0.125969259425163 0.462994221968384
0.336556242620482 0.517649491463074 0.0233014372064232 0.705216828892106 0.678389372696716 0.0184304263122495 0.311464665924671 0.16332659222041 0.098481525657066 0.462795612171525
0.962679499090816 0.21598224872083 0.451252449233986 0.948978528121542 0.998041035282696 0.332007462614063 0.62432515208367 0.496149346087404 0.994128608322563 0.681664821036335
0.511325668961343 0.829528694430469 0.144833344401168 0.912943907982958 0.999046871985905 0.317413650224151 0.437236995156529 0.376810687474746 0.906774763271055 0.570929007562733
0.624439709030101 0.915733289871987 0.160745654379564 0.965984650588045 0.995672370841805 0.0691966895027774 0.475496321966857 0.379322131441374 0.181021430495571 0.607309523033961
0.148079730181654 0.379899527781506 0.0645906260959545 0.403706553835813 0.862776196023976 0.0270390765222951 0.369614585347889 0.350907209533979 0.32326243337111 0.501018621047558
0.475106100398662 0.658716011835333 0.365267801922416 0.775266698876524 0.994661627377343 0.0713083742974383 0.45098105761879 0.379299807399635 0.991166136438029 0.545619967437215
0.627110068340258 0.403055437917327 0.190893545715476 0.97549246401713 0.995298481967236 0.109169168725712 0.341629611950209 0.319439798404932 0.562436082700947 0.603743885311473
0.856425257958861 0.63981403227295 0.0333671055110957 0.800162815044817 0.986169936299722 0.139572517740083 0.521070636280157 0.315971604996883 0.963476553200779 0.682680216956496
0.960026739663654 0.290975628228645 0.446491900093473 0.947891868069414 0.994162925532951 0.242844079298878 0.614409860984614 0.383666829218156 0.935146206602174 0.567978961104044
0.457124559523799 0.665403786470827 0.313977882076295 0.660278095519037 0.993583772469246 0.151987818668433 0.516398328163968 0.321750330201607 0.815812097732047 0.598823461311365
0.92193019830169 0.406471372190056 0.383816411829717 0.97969322576059 0.998428568290353 0.333130305191135 0.498915437091612 0.433981118395203 0.951418231782664 0.653731910988902
0.765412501159072 0.665880328173784 0.196183113645462 0.976308789433783 0.998699581374034 0.471919040528876 0.640589609928479 0.403531563826417 0.940145611444598 0.633977294135007
0.439003238654897 0.716519229014189 0.371148537101634 0.864958769651489 0.996516988532946 0.126881119169575 0.452981623115771 0.394101669983721 0.930266228253538 0.678363563000283
0.956710507052068 0.604963464536793 0.355664107312601 0.912771249962284 0.992144348947568 0.686099656877238 0.719741976876487 0.403427964334348 0.635806700717343 0.661225180448418
0.698321104049248 0.873254064015701 0.19540934257595 0.947792989940824 0.998543488251926 0.248190857241013 0.597838340868499 0.42909179278662 0.986885939874683 0.546106130181729
0.524850181215674 0.83842058970745 0.0232758452308135 0.520519084937063 0.968034517378665 0.074922461691449 0.297998520300849 0.328295204096465 0.0790290843874751 0.452137665455948
0.553585455443992 0.00902366730573906 0.0211241934017261 0.224984963032482 0.994672269139988 0.0260658975675372 0.200507507250165 0.316024213911791 0.0202790286358809 0.519745812799024
0.371719900756171 0.634108492398901 0.0819671418377 0.301376457166753 0.985175109970321 0.0168133614663172 0.253423670142656 0.385740646843359 0.230005017862985 0.530185682433716
0.372297183024305 0.559285486171871 0.189593436339027 0.635334959665135 0.986540489211907 0.0840276000659254 0.371443403358864 0.328546107615518 0.473809502656959 0.625731917716796
0.0793617985963923 0.052924415898084 0.145898054220785 0.079922374458574 0.827690098807627 0.00672508196758463 0.249668955945587 0.183672135729265 0.00290582384105344 0.297665431156406
0.555916390600826 0.208499264338802 0.305684308616327 0.971732845860699 0.99909199731526 0.156088928759297 0.638941426460447 0.365765959516233 0.968840010297299 0.671869893278839
0.359590200489938 0.910609666731075 0.391959297987781 0.781857994130477 0.996699270450254 0.0532825995330735 0.347949434444461 0.419937112574891 0.723037480181844 0.583375658518497
0.070596832431218 0.635393669417667 0.213258879060359 0.227397749919104 0.521504503647523 0.0042796096355736 0.15733746598016 0.199015179056323 0.0139301609498345 0.374833540947909
0.247979655213935 0.556770979088907 0.0805013353218243 0.805640571808273 0.986868829235855 0.0168761521966325 0.331208234809047 0.2880895594044 0.386707528913506 0.498505889980327
0.299175366889504 0.906091358150045 0.218559476641961 0.775248952302741 0.95718634822068 0.146225271268286 0.53035338500616 0.373206901545192 0.595538256060381 0.569982957601065
0.615635315647047 0.464368362969184 0.134947923820013 0.810342547936781 0.981677761264731 0.0903765772303738 0.505672125643018 0.353189926612848 0.257072689575995 0.618611445293657
0.186687171381825 0.0231061798919259 0.0694638323379985 0.347982723911885 0.911685535393115 0.00779484719489983 0.286401422625509 0.306180129500086 0.0481301881035841 0.345574778723772
0.310590173646698 0.468354734786554 0.129246938323705 0.307192289649112 0.950199934860839 0.0301526765786082 0.356875070121235 0.25754795790267 0.0167931162842131 0.449877176464676
0.915952113947708 0.519346973842434 0.206612951595913 0.784038483464929 0.992444351279317 0.0412268798015101 0.530321434259712 0.387198669349819 0.560635548369002 0.708435258497342
0.0872949356578629 0.77380327365199 0.0957509195108177 0.417228916002993 0.516878254188008 0.0132229797028933 0.229109695157063 0.246250452799141 0.0328522924036185 0.441548998414458
0.682476179034798 0.806702313855673 0.314680799251538 0.86952957663568 0.995071340608003 0.180700594900132 0.597109918810503 0.449470828827065 0.564550309911157 0.636658300410281
0.66439348436376 0.943309717609281 0.320051237123075 0.786404941561966 0.998408262748722 0.45572284331574 0.657812759825338 0.489958895934644 0.976840813955225 0.562891779847651
0.393222875861996 0.163059501857919 0.211163147445442 0.849762962373243 0.997999651076926 0.127142649337319 0.638824080451588 0.407528791115596 0.980942898883979 0.706673894102315
0.726523171219069 0.143738637846829 0.100592176150532 0.836419957961976 0.999742812561254 0.27058795465177 0.706926480072301 0.356987273119118 0.832147253491503 0.603872722103412
0.413843706862067 0.497354021500812 0.151864570503142 0.417482817221191 0.985965678348437 0.0538699270731822 0.399637259651626 0.343241824544829 0.374263580982538 0.551654220095054
0.956156259887805 0.576214327552164 0.0900524849732965 0.863207155145629 0.963671590099699 0.186207647602462 0.466698822068561 0.363462001618734 0.797331004195972 0.653967398042129
0.217741804565098 0.295152217951255 0.279036620681651 0.875720262577735 0.9592168951328 0.0701556521802822 0.346840851327547 0.411062199417765 0.581079073639018 0.566799876381756
0.725799852205245 0.387885566881998 0.128515970871619 0.278001033094309 0.931118261015014 0.0234073774039693 0.335502958652355 0.274738107914532 0.0528412236181912 0.387453658224504
0.86290607814841 0.6426092329703 0.199772387258325 0.964745470476968 0.995120240871673 0.14310005404287 0.646256014116343 0.405097586770845 0.922076707936703 0.650627372959336
0.830911872824469 0.627112314803744 0.31090860390141 0.934530508088434 0.996386180457717 0.30068662327762 0.633874645467876 0.437760242854733 0.968223158720183 0.581640111084672
0.6268139167561 0.978571169798205 0.361993442411742 0.833013284548105 0.997174987361875 0.158553383615505 0.510141775625817 0.487685567330395 0.950671985218214 0.700065282414739
0.333416576386939 0.189285246033705 0.143098912815292 0.791993087559856 0.941718803817746 0.011794410362498 0.319159649111911 0.3888217286879 0.363966254770275 0.517379856602078
0.922906086964157 0.982190657909974 0.222175903935339 0.90929173916171 0.997894421228017 0.393817532268566 0.594367469855762 0.463102926383919 0.972294839208869 0.692175631895302
0.283014934079564 0.606418711204698 0.0998550780218257 0.944547594945099 0.994144686897886 0.0914474776317173 0.474515277137605 0.409954696334395 0.544821659410997 0.604184748049714
0.326466200594164 0.943473896553099 0.133550455195526 0.885965432949888 0.994527032901534 0.109431649136494 0.513549025518966 0.32186136149871 0.653240288074494 0.636436093077433
0.83769311584795 0.973059314808982 0.177759330208135 0.973088182444734 0.98624243045499 0.125757828344314 0.514104824932709 0.449050704647318 0.67523681494517 0.635182128738891
0.646220521440623 0.590739128941487 0.14626251833516 0.634921730882181 0.997164247923838 0.165076706295537 0.543878758536661 0.306586084667356 0.991018797292635 0.614599068468116
0.0904810689006297 0.235077368711758 0.271974149068152 0.662163268982456 0.956283310811338 0.0142579584922426 0.255733639449574 0.251461008194663 0.0621892862750022 0.457452443681353
0.327049709906677 0.542524316668617 0.197924690725813 0.748081884824294 0.959075364662183 0.0548346792366899 0.271592485121573 0.315651745884699 0.321408601314717 0.554142312709819
0.155138930003425 0.914597523436832 0.0380902683732273 0.588624940065477 0.916436724141562 0.012696207597163 0.203542232087072 0.254778282412447 0.0325398420570173 0.46312497265724
0.861013599356947 0.821202047401018 0.196169988627203 0.949759058823847 0.993546269014047 0.190057488663232 0.606514177618004 0.402368311010176 0.657551508478108 0.747538801316476
0.912239949955311 0.43343652488435 0.0909582380971181 0.771950445429755 0.998354463935862 0.120516812205545 0.540664430343242 0.422912236444127 0.639839949366162 0.558891977575482
0.0572621369318674 0.0352795813815901 0.0478196153952765 0.137841860256015 0.676795485788324 0.00309438435898465 0.168249830061333 0.214949336660154 0.00446564773435523 0.387144285014062
0.25666740848658 0.0281011721310385 0.0107611340273589 0.677725274150448 0.893979919768579 0.016562104562207 0.19645884527141 0.232095091667799 0.0777562936549673 0.530997532161629
0.321006098405616 0.254890987605314 0.350826232468136 0.847765270583187 0.984112292647653 0.0240021649260259 0.338132191463851 0.32990021688541 0.634029369388164 0.578806162248798
0.758178681631387 0.357604993566246 0.267563017313669 0.697760325307194 0.962447895101168 0.027823768508104 0.255061341262078 0.264631914167181 0.271611657872208 0.463090381639568
0.561966176629901 0.501327166839408 0.093769792688284 0.436338919770679 0.932161014681541 0.0189428513342582 0.334369630571012 0.230796384074019 0.0495410656039369 0.419898430812539
0.653153134159403 0.979985513673214 0.134008080313622 0.92305127983248 0.996210671037697 0.219476634873578 0.63411750026465 0.35283326900338 0.874340917206376 0.508417755890258
0.916285818301437 0.417619912250731 0.364056872767172 0.868807118940263 0.990367483520169 0.18365364189866 0.628272710573408 0.372880494833525 0.867613915683044 0.570255778942072
0.527523236011923 0.60908681781733 0.131826820544877 0.691946637526926 0.990669206193439 0.156432589954831 0.523816401808954 0.355407268051363 0.320309743815344 0.628537058122878
0.556003041170464 0.701838845729414 0.0427417605091073 0.883614817062508 0.99058834536731 0.0392178868911119 0.516068807077716 0.311578360365124 0.402442303530316 0.608371705539259
0.703319934715386 0.65188240549454 0.154147530593648 0.727424551067737 0.998337454090124 0.271683511376248 0.704435263041258 0.423360027688892 0.891256230964483 0.59476806411775
0.324089946771027 0.169742625394527 0.195134617400721 0.143657115808626 0.81919314502991 0.0100984109489545 0.256758051952261 0.265737821240899 0.00763495970051623 0.308741951144053
0.569997027947534 0.258964584510838 0.477089939344857 0.474237859093262 0.986389685229612 0.080478508874857 0.490770170446159 0.370629238289874 0.16857893899576 0.495461995093113
0.77657339801669 0.86717389356208 0.234000649333799 0.671079344460382 0.982231442083357 0.158553921388767 0.504905857157185 0.361380031799438 0.792169269911211 0.638004757923835
0.538860459291902 0.798817509986706 0.167239829598959 0.729871088283399 0.993338768406125 0.107539549203025 0.369664550806165 0.255679298325892 0.0678070255681256 0.524515163892463
0.301548349832154 0.0924773591768164 0.0220334304023279 0.684674361348483 0.971772297292684 0.0157703681525003 0.241847885548331 0.378353490969877 0.0441197133823917 0.55477139005878
0.806865148891201 0.822209168313985 0.187639559193579 0.510098591319288 0.968202051505952 0.0430366374821495 0.480772958490492 0.302281234486638 0.62618390504774 0.625110200987108
0.232091959847629 0.570692916407515 0.239064582125318 0.565990904859597 0.982883252778853 0.12554773257063 0.390498987632346 0.346897596151035 0.57513582694332 0.614599737586831
0.924535424439049 0.962536932629079 0.513828122273303 0.919065115464677 0.998326274531848 0.435204692858038 0.66276280618468 0.512844766359357 0.946763031611284 0.654982073072558
0.525538280702721 0.441371954314987 0.275219394855337 0.474843397528142 0.936743555109148 0.0491578668969406 0.421408072606365 0.377482965176296 0.287674558473532 0.530590729398311
0.777023309731298 0.667954314195605 0.424555293298378 0.765394989978184 0.996497067257059 0.102732074864201 0.418727269680145 0.389275912786394 0.703785352240625 0.524259894754015
0.899178982547538 0.937485812457803 0.0858765558728186 0.968448653697324 0.997549332387705 0.295035528550448 0.539852131683095 0.493066200274089 0.938687495786858 0.622548369987636
0.855223838146683 0.107055788970567 0.213167951260134 0.940829065858069 0.958489906875951 0.0341334674449218 0.404319133604124 0.416551806145139 0.609664804891151 0.492379176952517
0.752865051607715 0.0698191014660947 0.582156250207871 0.854296560094103 0.948394087589993 0.132102587150815 0.422344051793269 0.413553446364285 0.314929961904341 0.428414949764612
0.493315265944216 0.741910528548805 0.127449921570918 0.894942082759724 0.951765469664039 0.11595190928874 0.472397801977095 0.418004149238514 0.53693671689193 0.524728207790468
0.220337512116309 0.581940109494552 0.258903484369055 0.475849728774681 0.971609650812211 0.077428786618348 0.262317229327129 0.254909219645525 0.064819736508371 0.569948236950583
0.711558012755596 0.255806951689572 0.457414344313855 0.86607552929322 0.995390788685843 0.0475119119624214 0.317157700467632 0.425981915894729 0.0238167954698506 0.525179897610194
0.224122235517143 0.29180885384232 0.199163377572792 0.173643043826562 0.852618813520854 0.0254083105183765 0.302087645081668 0.304976697333371 0.416258683183844 0.438749027432254
0.897545253134915 0.709277934343254 0.213143563981917 0.437095352440664 0.998391181397398 0.175802622196408 0.564885151864599 0.411787339525267 0.961034684955404 0.538378944886096
0.113566219859147 0.286102328706312 0.160731173691568 0.804477801576159 0.662189763029334 0.0274814187600089 0.146398612820734 0.26964177165351 0.0591872897728072 0.38511678580486
0.322936734897219 0.100729216653533 0.163601640371052 0.517354452592545 0.946492684710075 0.11124186136181 0.329778122911069 0.268005867226707 0.282357816471366 0.592009305086502
0.328322379370698 0.183540865240287 0.0622399343549698 0.88238617952769 0.983841886864056 0.0304467822305491 0.314210099525937 0.317052359722639 0.620193729194625 0.595773190107551
0.593392700822419 0.772845237416054 0.17320530325222 0.958235603662488 0.990844690255727 0.111040771328047 0.353467728708767 0.339259683292319 0.9065533807959 0.598950386863935
0.970879897472827 0.942046974668386 0.157716125902059 0.847243462358839 0.995118159430656 0.313040451998799 0.625223270142224 0.411827051159162 0.942929341925822 0.793235314062006
0.89713919905565 0.732076788157183 0.583507591926711 0.980862076266583 0.995267632946128 0.37428011832281 0.701113443471907 0.383522220003411 0.992068905556207 0.65212418638512
0.431152763163042 0.585810890784866 0.101754905045207 0.839398946582027 0.862304544291964 0.0509070634042827 0.207651864069054 0.210807130048582 0.0965102767959858 0.495156157795225
0.877608330315445 0.725212482567416 0.218849292620119 0.948397011166505 0.995447951322569 0.314206917371713 0.42366069810948 0.497734044506847 0.943232947652329 0.674773804332304
0.653897418954818 0.48099090337728 0.206456833478829 0.822756205036531 0.995282656819697 0.0769636888768593 0.520054545831389 0.379693565708989 0.639969799986431 0.558992942288787
0.816251707573006 0.259904343789288 0.149202187031285 0.962458155163023 0.999105398585131 0.212035145188754 0.603114744197955 0.301835137833378 0.879806284876048 0.607874749429017
0.065859349775901 0.671781143947821 0.2029788210704 0.910606143491512 0.992659835766309 0.0710078031988273 0.410555717696929 0.277383245034607 0.500090735830224 0.592273921913501
0.911133859680669 0.462304829006895 0.0407763008100753 0.91037119035673 0.997175284184956 0.230224282265661 0.524888972287287 0.458147557359059 0.886508103994994 0.675295295925493
0.298433852859071 0.106700545880075 0.279066456860933 0.911516262282716 0.949597642365834 0.0814430395281083 0.364822961130713 0.305487603280587 0.212028601717127 0.55217473554044
0.772415684910956 0.892764333906204 0.152493650803967 0.945355173400048 0.992548571884106 0.163408737826277 0.672696821765544 0.472471847546489 0.970178655157303 0.588264839959906
0.788033451720675 0.837576025700611 0.509902242554038 0.963404139278133 0.99939137966056 0.522218556089898 0.807621395881456 0.382559161667404 0.998494676708199 0.70091271403252
0.531280285199883 0.0512349008216431 0.0855211547243134 0.227672429403665 0.968552687518556 0.0473204634579144 0.252104026903515 0.248770436478266 0.158234576008732 0.536935700306791
0.537024492203054 0.483878884479549 0.305919181678787 0.917735827876325 0.998465187154219 0.199559993314361 0.64366111235548 0.47434044550206 0.971455570425599 0.580191912388736
0.173305103720613 0.815524556436076 0.414679451593929 0.41962637113765 0.977262464452109 0.0201951712567242 0.207701899835148 0.330036848166738 0.00358059565488424 0.529967030799576
0.340773431105927 0.173835722119222 0.0577641614514202 0.361948394171425 0.945372719930699 0.136389517452076 0.421539054224871 0.238753086192068 0.30206659326423 0.406681324443248
0.968250840124743 0.381038268559425 0.34410396132094 0.922752225644861 0.999433739171552 0.365583831148941 0.648683918116585 0.476299017894555 0.980491698646014 0.758903752933902
0.715808542881779 0.137738120139732 0.110054013913488 0.59282838310099 0.964740219092625 0.0347312173910548 0.327804549078153 0.384430663031155 0.110593137483962 0.442215519437221
0.788112276361552 0.803061831048059 0.184113306257767 0.162134805674521 0.919933523886607 0.0263141887113348 0.249448727555419 0.371667352613467 0.305535715724967 0.53731321866084
0.291088820002876 0.178631320023302 0.112201113507511 0.46062239056727 0.972207217165272 0.0496933114529809 0.439075605268545 0.31039982815286 0.386996471050143 0.629761950758007
0.76339650581546 0.711742283162032 0.287209639243179 0.967776087807404 0.990687914841854 0.253264251996912 0.587337342738769 0.469316914434759 0.964667462920161 0.505525847246703
0.712794005251984 0.657937978845054 0.323198127004489 0.854971986789283 0.98755059585772 0.128985938905734 0.538950996026519 0.385570174113978 0.82989031892758 0.603649872064059
0.0912225081925778 0.503461313819286 0.157645672690516 0.705040590314113 0.969986097123423 0.0120508336586984 0.287714725361814 0.299635200593503 0.599546958442322 0.535897760041165
0.840061447042304 0.281673412845125 0.10499620799441 0.925409496092265 0.987689573885165 0.482156992013461 0.483717829049986 0.401754740640133 0.573064557943689 0.642542082853025
0.215269554982626 0.887485614032336 0.0180464066887957 0.849737886702687 0.970592397622006 0.0220882632120131 0.20039028807235 0.434191490041207 0.265345772977998 0.460646220822899
0.614195597398198 0.471500561631852 0.312766238707956 0.729015916355298 0.993763174224888 0.176989562083013 0.737689451912979 0.423422883471147 0.931988076869562 0.542351280812365
0.425908027962477 0.161794082454681 0.0360963805005804 0.179748899090336 0.706766652582979 0.0127847402853251 0.253080445339602 0.235882168654076 0.0234751070168419 0.415935010977222
0.760832844280255 0.97556313028993 0.327227105205308 0.968622752038019 0.999010123753034 0.49549229844259 0.695201830135579 0.493601514125666 0.9977852458407 0.759302936190611
0.0367398835446505 0.143028016301171 0.0140906685739654 0.541231227284974 0.594629824409429 0.0154333075357331 0.147688935813981 0.172272835639715 0.113741666501137 0.402951567569414
0.576644933222394 0.480622389930089 0.313825327134317 0.860706046900939 0.988192052751415 0.119952462808399 0.565671876767093 0.270767197016118 0.978850596831222 0.619421351244235
0.787339995939988 0.0671869103098457 0.0785169206986955 0.946737271312998 0.966675456649208 0.0811158177407506 0.620360536482358 0.35972933057933 0.813589537941741 0.547496964966404
0.898930065379292 0.915881121094658 0.20995831465619 0.90552760607358 0.996655862344135 0.46640725598576 0.6420304769042 0.490487527154354 0.990545713031275 0.628190709006106
0.138609511628718 0.575614342100212 0.132962770327451 0.298670968718239 0.832182205122218 0.00472580558861109 0.135624297202681 0.158353037661473 0.00554790683990086 0.410563637516715
0.764205230819999 0.942108809160638 0.490669984766189 0.8975493842653 0.999333493463973 0.419049324302805 0.688236342687876 0.464676569591862 0.983412598729114 0.653781788259004
0.173588107324353 0.0965846941149682 0.115774996868842 0.544060876724887 0.961709049011028 0.0344999156880085 0.241781300200985 0.271203716739402 0.236197882953709 0.526031989950481
0.912858876375559 0.0579258855917197 0.110345133128472 0.962539064562338 0.9986942835414 0.128455125308762 0.511393747176645 0.463046089278951 0.635694036280208 0.599830692598461
0.930941618343304 0.824359134016175 0.294131478281083 0.931854211426861 0.996500355007378 0.189443634239774 0.603685345134855 0.412251664245376 0.914653470837277 0.576105349267028
0.531221521242049 0.586944390285777 0.177886242177771 0.787595627859007 0.99150484088235 0.0536950606498379 0.409684474319673 0.452252317219013 0.64473923761418 0.520600656187278
0.863972854974849 0.73209040466267 0.422416985958471 0.941637686595952 0.999334983421254 0.116254357284054 0.64487293409807 0.410512052874556 0.813504659959876 0.584620548997572
0.121085717204346 0.305348302676166 0.123284219621297 0.346937439076598 0.990511957119956 0.112489750431694 0.347745790798699 0.312806259610398 0.177029567757365 0.470519142784845
0.585932246123735 0.665062693220743 0.153042529655054 0.895812565958506 0.994829923264777 0.194310661865974 0.533668325130826 0.420026602491883 0.844782172245765 0.56576475280647
0.175101013624254 0.886023746490673 0.256637502100197 0.543968003365238 0.98040904873714 0.0522688609385775 0.289255080881192 0.402911985888592 0.437424078501732 0.512667571333808
0.834017841286598 0.188752614139652 0.415682464004525 0.960676075377346 0.998908156860744 0.669847017687513 0.632123663082768 0.403063638832268 0.985685930337704 0.648077027007113
0.322498696362072 0.10026230130599 0.256826919239721 0.267568837229475 0.854056222409043 0.0105407131192971 0.201257000108501 0.207421886352345 0.034572857002002 0.434054579669201
0.312976100368804 0.591005358683245 0.2564050599353 0.374834648937368 0.99123472575772 0.141849915368668 0.620457455889494 0.430281432546027 0.895841821401237 0.708508840715669
0.878011368158572 0.774769676247887 0.478201288709827 0.964003146214588 0.999745046345223 0.527235205168525 0.795172757385887 0.57351753556621 0.998508564454748 0.746246863040127
0.877983227958509 0.619585954240607 0.48801151770953 0.871445608981809 0.99736639402815 0.179338217839805 0.682245494490963 0.447977181147129 0.825915420990006 0.673873622464816
0.303115981762537 0.941455951919408 0.103362597294728 0.903325982974234 0.989166169025527 0.0873132487201199 0.477170860763607 0.387599530022997 0.799631661184089 0.4395310673318
0.184712638331783 0.669840850809498 0.172399401667165 0.252229053386792 0.879943479205834 0.0106184779213814 0.265840923704324 0.274136973120691 0.00144606657905355 0.354976297080107
0.633668744847357 0.52983209341997 0.171338714490059 0.280171621059351 0.98640319308019 0.0480578305811254 0.366721779662408 0.322061679280351 0.358014117565185 0.583914565084811
0.141890039572184 0.849557093856786 0.345205378856446 0.430963248125719 0.856855465559489 0.0151815508822346 0.224574332338327 0.184983659693174 0.0424693291266839 0.46799173983967
0.623151985839326 0.319361498275291 0.294774257954071 0.675353101946772 0.993167939981907 0.17308740757432 0.490086778425175 0.333970374977815 0.312486390246706 0.522966388958098
0.650886647346094 0.347435074377032 0.449844929654682 0.553994243676417 0.991869635815482 0.11038846221301 0.393147070889798 0.360037205052054 0.333505871363732 0.594152539861266
0.867070246166243 0.584976271355909 0.432322746080013 0.947502325859304 0.959109191959828 0.038234771431488 0.429617275325813 0.342435520362945 0.885892326275336 0.628349162330225
0.975292075841634 0.710516713431902 0.265724592065808 0.877469096952399 0.99963502993348 0.490863859774499 0.694335713214221 0.410069623918948 0.978373512757803 0.651956011576328
0.684707684509079 0.702068414782485 0.262688826378529 0.993351771049521 0.997537218331567 0.269692592521228 0.710837580617876 0.493934874057793 0.987596621254668 0.709307395541621
0.108017360996042 0.272878847347807 0.109013929505821 0.631570632413715 0.967934985634872 0.051517911348223 0.372672792924736 0.433737722628748 0.0243398032624418 0.499254678129991
0.410997329924421 0.642428590305707 0.238094799374235 0.716622302478161 0.938626674313317 0.0317819492561699 0.368987680251732 0.32261311572581 0.103102781095667 0.524180164270348
0.417312706472965 0.172296413014303 0.189094662147526 0.908778952567885 0.981160363332229 0.126203205403347 0.386025530101151 0.35406637559847 0.330945111362101 0.552670827490824
0.19352569261309 0.383622067098896 0.0506416714604847 0.302049589476095 0.891211780731395 0.0101624307326152 0.372949975366995 0.244820314243356 0.187582679091266 0.408711227232904
0.705061660274905 0.353050801860735 0.296763294551205 0.803224602413367 0.992222262967563 0.287094429955467 0.481574348727419 0.360350003945334 0.574896109579127 0.663506139932994
0.972317698698374 0.905433885385031 0.136819329861665 0.992937715896959 0.998743168529231 0.524206927323745 0.746308669668356 0.537571158817263 0.99926617088942 0.786145211787137
0.432387235981542 0.586575503959783 0.121347550003769 0.755984425672442 0.944648066458071 0.020297742801411 0.300956039787413 0.273232950826429 0.129069274360963 0.406903616535192
0.460361200846561 0.0592272906198923 0.0906822060243517 0.894031337279474 0.982233548244067 0.059076630983401 0.448985483991448 0.313248078902483 0.501498048825738 0.590307830458016
0.935512179900939 0.696566390293662 0.127592002807619 0.866843641484613 0.995805434101062 0.147227105264142 0.674706358479262 0.359864735401177 0.951709928103106 0.616120884118997
0.697070687854701 0.228145725872466 0.0555278859694178 0.915836899029126 0.992036742951172 0.329591319177491 0.579495592623027 0.478035787883281 0.497452201955898 0.678271872305192
0.997052696851255 0.537651805775123 0.663881804866544 0.891295348861137 0.99933360239361 0.71289726369541 0.72681557565576 0.619448279370531 0.997225459074819 0.680933336360819
0.409716223414198 0.0180672204805195 0.0351148730745448 0.455205308182263 0.993727739096383 0.0964463407895911 0.443441624054366 0.404764369283663 0.572768332457517 0.605955533182896
0.617141875080574 0.411196131778452 0.0295214895305674 0.807784935047845 0.962932935366541 0.0422513263361938 0.357682467254443 0.297390567515148 0.298733530558589 0.556555193196912
0.42064076050165 0.807336520557416 0.122691814825029 0.777796052621266 0.970314473918738 0.0891597086883726 0.495229556774588 0.48878011669338 0.849456701849552 0.6570550468144
0.771116976752796 0.810711770222309 0.44032518255455 0.995305886597392 0.996690886563177 0.223194925798369 0.534048866912896 0.472957986232306 0.954164682189403 0.554670545215164
0.694194253205893 0.166284412800583 0.204483307592193 0.853964308890537 0.994322011178237 0.118837602147216 0.52996879177485 0.322839010703476 0.899990325077558 0.653216540363154
0.0539912030797223 0.240612391557704 0.0361233377582205 0.10316534211648 0.926734478069291 0.00791961784761769 0.210291175951328 0.179058959211145 0.0155868433660122 0.599674611342013
0.534501569281213 0.665695624048156 0.550723392193949 0.956538962449855 0.986056565234605 0.102750236287367 0.569383226380555 0.412925831954925 0.64041649801989 0.667373021925468
0.473024735523355 0.416259173895415 0.322728534956681 0.821065722048329 0.995537598168759 0.077508285353114 0.515750989770762 0.27316866443649 0.448899500133272 0.687343446750525
0.0601602678957737 0.463282036440092 0.0564342285495124 0.694219628683422 0.970769669688825 0.00679597587029571 0.24400796624683 0.233727386435016 0.0160220883344351 0.496476435917524
0.662259348049016 0.725770645559015 0.257703381227415 0.871430874444125 0.999436563597923 0.391970547186991 0.709829876115443 0.361780956486591 0.958419389584678 0.69165508952651
0.830800576595615 0.764554963079759 0.412894214879887 0.90977116200934 0.994425078603757 0.144607767299913 0.373455418174388 0.376626618880007 0.174676868841277 0.523728844308797
0.883619327306747 0.842333502414514 0.189194079925262 0.843235658015923 0.986214495717102 0.0851737559221981 0.565874613858238 0.369863957138903 0.870067451191291 0.494695251402015
0.917050707532702 0.375720995870173 0.375447973863406 0.906385229627429 0.986186617113002 0.0573552905714691 0.402239880303274 0.454654135549995 0.782250270012892 0.514636363487662
0.728491860595297 0.276867361245531 0.264641133158967 0.910131645070748 0.924206395251362 0.228419856030213 0.548274411333681 0.477630049491806 0.351421456687994 0.496979573830523
0.489082152030706 0.753334304228494 0.28474333393486 0.876107730132567 0.981461999036895 0.0451257102317278 0.557008211498548 0.386362129974981 0.834372325962662 0.554152509742818
0.727531578941407 0.478109933046054 0.321697388442809 0.941554544873055 0.997163472177201 0.182078430249305 0.637069448575983 0.379838547030269 0.965631173243073 0.73579521139441
0.925751318240813 0.214138972471286 0.382107733755705 0.777409992515499 0.996430895972494 0.198713256228123 0.636033552624368 0.497768200116478 0.903097320597264 0.558793831657163
0.948015736678844 0.668065670496918 0.169627159665593 0.852644954747127 0.973543084632061 0.209304604391359 0.701658398355424 0.488437157189469 0.864621480401057 0.704757686491463
0.914280908946028 0.441010321955021 0.316924483091455 0.951109230448841 0.981462022122262 0.0614062908277868 0.483493633384168 0.338835789020919 0.948472609323748 0.632616977037729
0.886141842168138 0.965813301452279 0.234500514070963 0.913191575127007 0.999499510487171 0.0690016559452606 0.495467320404695 0.449167248648468 0.859677856179675 0.598545820103077
0.864847530590341 0.493706848837204 0.342898147987614 0.902622563352018 0.997441972637444 0.341986778616348 0.656241240407785 0.402642252073419 0.929015439574896 0.532066588023815
0.218448709567452 0.774749227888048 0.245047970458706 0.712129817886953 0.989670535988348 0.200748877833112 0.334628689060319 0.271836798085952 0.854513920544583 0.451362253315882
0.425064780962794 0.483861614399898 0.352084922953832 0.261769454933009 0.932570947890656 0.0923319501701984 0.371715777340503 0.413621662772576 0.705712703104862 0.490149754140351
0.953532574671751 0.807942105109119 0.443417543841021 0.883556900284411 0.999796682934129 0.637776737791144 0.798592873973438 0.599889455646005 0.996490559199647 0.79629042111566
0.465943767989391 0.490918785259099 0.314685416986779 0.873387874479259 0.971675134282072 0.0194311943116836 0.375358349368371 0.314923549180911 0.773412160524769 0.635548480900463
0.662505165241671 0.153700034176844 0.100806951340402 0.759738029534228 0.956670219256112 0.133589759705003 0.3850976235631 0.291563670658546 0.112958561585547 0.556080429027359
0.873788590704872 0.406603763992922 0.111475466348042 0.67222943873158 0.97823006040937 0.0347851765524618 0.502362257291955 0.311345504302731 0.489764201086199 0.561739523165689
0.260727265595509 0.699667182553005 0.245349604096185 0.797349561612834 0.979132926113537 0.141766161689629 0.486969162589901 0.314725960567192 0.791413619976517 0.592179271308035
0.969580171300828 0.737092689376601 0.359811920782516 0.847767373253296 0.957188943174729 0.0474528820513468 0.400819453883786 0.32374837530314 0.223212243707979 0.487447397272791
0.175105408598045 0.271657681393463 0.0877621571389106 0.879762446478704 0.982936277535819 0.0124207410855108 0.190475074285778 0.271558895425853 0.300455807966039 0.483988943627132
0.975144934682332 0.933055872181851 0.389020207432227 0.834556206357235 0.999151838417978 0.370315892963512 0.675572947777962 0.524879781572921 0.987620841329179 0.659385998975817
0.539874991542652 0.489939159580574 0.515327068930476 0.697817485257879 0.991233621054012 0.0560961256250745 0.305388311751153 0.324998642935517 0.640062104417475 0.457371873127975
0.508967846077813 0.142646586784414 0.304420456775809 0.525909953883711 0.876303558487041 0.019019035251426 0.234276087225525 0.2277149687205 0.110877790233572 0.404688584095278
0.413351684310201 0.215950892946401 0.262916691188912 0.70468958824141 0.959219050576906 0.0229500542615853 0.277837987853511 0.365141636260944 0.124720117407668 0.505318253667877
0.285499757322296 0.175706182803025 0.17654121992993 0.731849837033726 0.928531609772038 0.245491418926568 0.530896128640442 0.460815704207699 0.869242231457357 0.484161294305534
0.296127354402668 0.849655965113382 0.22055292475278 0.718790234686232 0.995608245740624 0.175103557399087 0.412995636841729 0.458537069591334 0.963754692659494 0.666760061457371
0.855745605969883 0.819853072152927 0.344841156492928 0.981013892828006 0.999347723575327 0.474939601389885 0.770852793245941 0.491167103124667 0.986970277427055 0.675500907896352
0.177197118514799 0.489774318779288 0.162862869268014 0.853704124699495 0.774057198233176 0.0129878940318489 0.336855037443975 0.311834867423724 0.11627242547344 0.397089379112796
0.952135573086452 0.708133112833657 0.537115320209124 0.987582896264012 0.998575181026872 0.483544108697805 0.707606036753171 0.621168528920101 0.986309680474024 0.796402497474363
0.899765365459202 0.736672402277242 0.253423847401038 0.889965177273323 0.993832343677744 0.372047328442055 0.615449628183655 0.456643052472947 0.853507665194576 0.532752500724773
0.162480228737687 0.0441783499537792 0.0913497049297736 0.217051767121791 0.97989771080097 0.035548664134823 0.329791105955294 0.355963463125325 0.117016979810462 0.482112448359162
0.267228039511312 0.160961284748462 0.205707224618749 0.330745388387291 0.93428704549425 0.0487609174271902 0.38447160132564 0.358357396718912 0.26087741258649 0.534500921963684
0.98417624177693 0.986798525744766 0.341316841787479 0.98953551397193 0.99974142529569 0.491956989284783 0.791156719271143 0.560474892866507 0.998275016967133 0.814148284564136
0.553799548493034 0.949173911757925 0.128944274357261 0.593477696555005 0.988761621589366 0.0268855798276611 0.401269125318848 0.38607852002914 0.216601566880829 0.660199101949777
0.7147840302333 0.857533699328081 0.175371898667558 0.954902543497697 0.997700484662673 0.356631725169498 0.711443479807457 0.469438094294915 0.98447667909547 0.615088975826858
0.063945820325111 0.538402680328034 0.0649917546407675 0.310368944177124 0.975268766670305 0.0671234136569438 0.349571418837939 0.249985029236942 0.0511237758781407 0.476684957733875
0.928324493828453 0.283181945928806 0.245125409736618 0.973241312164506 0.99722832092934 0.430130427152534 0.622329791605723 0.397566986727573 0.956812818343226 0.64889840367713
0.236463370723401 0.681514337667509 0.0823148444184856 0.492826641918127 0.937616721018352 0.0165769529785674 0.495309665570368 0.263841017577766 0.386155234420329 0.531347417700781
0.452947207780477 0.945163567723243 0.405377509402345 0.947568779282371 0.997686645929203 0.282889977954474 0.594980787122267 0.470360052987558 0.873885439875293 0.627972569308963
0.567314491551908 0.518094172211164 0.11280078444465 0.132114806494715 0.958973752321501 0.0548700387441332 0.318609054250681 0.229611611437292 0.195257267372117 0.405127173350156
0.213783584982649 0.558354090439886 0.169814007890957 0.585456974756307 0.772531161690403 0.00351025782738639 0.16393137429783 0.211164614825648 0.0165215725817205 0.393308073579931
0.660347637383898 0.207333793537289 0.372091921173943 0.560653249863409 0.935135122859061 0.0118817374038908 0.30776029016599 0.264760948586401 0.0721351885933963 0.512540237998746
0.626329357932565 0.649269531437491 0.225574495080818 0.935186967538319 0.994106025237648 0.284129845852294 0.53463540200793 0.552725946076744 0.927662733245612 0.688515649942706
0.706921993922951 0.798899962407418 0.0989989692102952 0.451416553195703 0.980941750553898 0.0241893207556827 0.315873978316161 0.332380643816054 0.13371478464929 0.475122359052049
0.797109278353564 0.642553213919694 0.388849895573496 0.711994452457092 0.990073342480415 0.22834183399081 0.532430537725236 0.450089586404702 0.743777173467178 0.580885704892988
0.0681452866279517 0.0561846401471399 0.131849871889169 0.139340512027749 0.836847009706406 0.0126468104773534 0.291492326821336 0.259023876095425 0.146277245267273 0.515243952154248
0.972972756335227 0.56285140752671 0.196788669183461 0.919251361540409 0.997219523574899 0.0635748947083031 0.476633324577082 0.443840385225559 0.800805228224926 0.700057524838969
0.349516219272789 0.241921220557926 0.171317745500918 0.366877001771332 0.892159846638962 0.025354788734901 0.205702394231571 0.283897918514446 0.015426063700671 0.403503911112809
0.0268942120916526 0.0423041062182912 0.185929620120313 0.38152656075842 0.801345926510536 0.00498412248751324 0.176637981028123 0.240470964489833 0.0508311006988575 0.329537723440468
0.865964171153371 0.404212447540284 0.136308170309115 0.799409820799763 0.992393067604664 0.110668794821529 0.551097129819784 0.360892437563675 0.782008426100894 0.638887753750952
0.457147797421018 0.121210372858798 0.306804900140249 0.517325966030668 0.985739308086113 0.133175971977301 0.562307981284342 0.434544512273726 0.380346948178016 0.614020009976729
0.593754000146673 0.115173930667462 0.106863580852072 0.323304380607441 0.935807572996397 0.0162034324678765 0.28532586655382 0.296481520726334 0.0626258275075061 0.475436303925704
0.455295818487776 0.390783849203578 0.127242132521146 0.459670725864799 0.952039867065015 0.0125445897570967 0.291664296248755 0.355795047060125 0.763581526205782 0.539904710769748
0.762155623720009 0.467924519396683 0.434442328268099 0.918160773657372 0.987552666623939 0.0930939433266696 0.481127187824519 0.370580850499989 0.781022028502222 0.563836050750168
0.599559884736176 0.843727534639177 0.221844426700885 0.742568103936508 0.996400634535205 0.132193355116542 0.632962066336889 0.385940720179863 0.81914681434824 0.550273204709279
0.599116870711813 0.433654386087974 0.489514782274849 0.948745011970731 0.997632579601887 0.358019728232216 0.479258854057469 0.524160325079056 0.960740443494825 0.687423403534321
0.104436839005425 0.173698990108309 0.277205052573153 0.77913955106405 0.944085921177373 0.0122619436774601 0.21768154390568 0.267048188443212 0.0381961559740713 0.399407739401152
0.570814257070893 0.0833382723349871 0.289320262916882 0.72831231718535 0.990336809600509 0.111140153450587 0.510002664070972 0.392650336986678 0.786820364000035 0.463606845923662
0.50953735382891 0.534394885589092 0.314302713315803 0.594742699525792 0.993275223848176 0.391226670476796 0.644355330869127 0.39963318420908 0.925883614737505 0.690867397105173
0.917475248530204 0.178413464405716 0.442677729137386 0.803456846020776 0.992759854779754 0.198998303338432 0.559695247075107 0.346035935597074 0.858712732632995 0.695496835870791
0.894275227223961 0.891194215969298 0.187899562386338 0.393667475254881 0.9930845724269 0.0437140744807015 0.505143005018631 0.338260927896672 0.70168470811906 0.589583726674825
0.318124939880622 0.453795317735334 0.108956348408337 0.801072849514068 0.962458044757058 0.027366980523404 0.351529899945807 0.317900883985046 0.215752535377507 0.539741105290809
0.331834031416099 0.356958070940665 0.108100156175889 0.96529602993675 0.991116790042861 0.345261770739469 0.618162515664495 0.464759854608915 0.684703295022262 0.601391176928272
0.652887847552511 0.253060039766177 0.0985290474529527 0.930080639427417 0.987700822836938 0.0432786790196258 0.494570944310849 0.374262572625651 0.213722696558696 0.493888856337737
0.664695451453185 0.217224685754224 0.241882338611433 0.441796725556051 0.894361278392327 0.071951623546157 0.298338555067153 0.349116197419459 0.217132162381667 0.436124870662692
0.378643469702433 0.756607782690097 0.101728341506855 0.973260989783927 0.989195511417019 0.169118009547972 0.53341955482191 0.531876030736513 0.858690081934693 0.634881348926727
0.163618550892917 0.558945401656635 0.0703345127927357 0.263162448186527 0.793066869602478 0.00894737260501889 0.221962143577321 0.212529646121235 0.116696178586827 0.408179779997555
0.64466005742126 0.381601779226745 0.309850709609978 0.859743177487511 0.956852221784122 0.017672544438826 0.473283689131806 0.340537268848989 0.396511047079668 0.549418973666448
0.559256280805204 0.1989029184358 0.188069845526627 0.760397335870459 0.968465478757111 0.0428006835812644 0.504110898277438 0.336315594370851 0.326459828672315 0.532994835763452
0.0617587241392379 0.673269356714471 0.0533443845857549 0.791855191001806 0.992756436413683 0.052377768230056 0.450323661037976 0.293671076664999 0.682800743092168 0.563663567619624
0.263513289985195 0.765915425854586 0.0263413614212009 0.281543104919381 0.90664668684417 0.0206927258850779 0.303645879574159 0.338699313089354 0.0479315167164256 0.559098639551357
0.520982912646671 0.146712438965156 0.104906852501071 0.452567408800426 0.882566438833133 0.0156688743783557 0.153680802457833 0.146133743883907 0.0639356500637539 0.424956060922352
0.660740815869568 0.933894309155057 0.245867635156687 0.979664115503864 0.997426234074218 0.0713036247529431 0.741933129107284 0.40972526731907 0.934613255317972 0.574317295806932
0.537511836592884 0.933186840720396 0.26481354483945 0.492399132957398 0.968808979657105 0.068687102902759 0.366376266698113 0.259585322814128 0.168384535671654 0.442433667603476
0.312688933446817 0.654249739995769 0.488758378135767 0.486656517558894 0.997734415453579 0.188264680107419 0.541687089524069 0.419266904572421 0.767613626135449 0.652522348790117
0.480488125104261 0.503410628671149 0.160355548559229 0.958701598659487 0.978156795864396 0.176826073987607 0.384117787325252 0.336784765041726 0.310283208623755 0.478937309430241
0.363505155832784 0.606814840339901 0.183532929691153 0.979715896754397 0.99265649895667 0.175196515995069 0.503126094006374 0.342842736738464 0.25463437465071 0.568072528130792
0.154969648887321 0.189789770680523 0.162470324023032 0.383524669268207 0.993611606170522 0.12737613739326 0.317256435636009 0.275959271286775 0.118559368451952 0.539615905915295
0.244430591728648 0.287161850107177 0.0708294533180976 0.28654389241789 0.993014078613395 0.0609482641511379 0.420801551890496 0.299720299111892 0.251322753458416 0.556927855858805
0.311873453961089 0.0304528694188739 0.0922800570223402 0.761112842576618 0.96825033378332 0.0557620309077627 0.251738155617219 0.333851914667625 0.090702189870664 0.510509370809617
0.851596050432003 0.978799964299891 0.462919488911282 0.929719382115407 0.996944844895119 0.184415864204883 0.541606418312148 0.450776882040677 0.870195261894526 0.647155283582683
0.792082476794139 0.91302788568692 0.0714402209191884 0.943099882009465 0.980142691666132 0.110269638043327 0.465695901027165 0.463718385644268 0.945596748206806 0.608357401088259
0.182139047244488 0.84569632867885 0.23937233321815 0.925618991041656 0.998040670689234 0.10775621773102 0.476778553259187 0.394898617261551 0.703303102379948 0.601911768727725
0.19518623363228 0.743145782647004 0.0739779779802651 0.675085013224137 0.939833654054382 0.0138409165119583 0.236976887411771 0.199780660792983 0.215270949485152 0.530186101996223
0.588456988565972 0.0251363132769542 0.33263243041356 0.718810515766015 0.915947624728709 0.0381641743765383 0.356391569858863 0.249001734055381 0.327547787911935 0.408728158443532
0.997335925496235 0.915095590728319 0.240302735834201 0.993177717597502 0.999906993751249 0.760996673435897 0.837387820414264 0.521849462334599 0.999572885825175 0.755061930631034
0.462531571044641 0.799905328096533 0.324603532181103 0.890428572465075 0.987987073991286 0.0991582787560348 0.537100267341831 0.401700347576436 0.491210814382191 0.555138998878202
0.355179239878671 0.413215535347594 0.298296243953186 0.775655586898609 0.993082344603166 0.0654757360071208 0.381639876353683 0.373476327419531 0.266186189676696 0.547681243411888
0.657401061464889 0.542210204971925 0.218074134290339 0.930314773125867 0.996141832291409 0.174582143835646 0.683743195651474 0.447550105234926 0.950684082430156 0.640980908727644
0.983909626423283 0.969956271946711 0.203783968792485 0.989698491803087 0.999589812616721 0.595344986152965 0.708361592459721 0.524485872107594 0.985732535022536 0.695743418449661
0.308176692767598 0.310821351828708 0.143489149940632 0.689437008831248 0.848196013053075 0.017223385622269 0.500670072755075 0.270841273456643 0.220552746443583 0.568802494455162
0.326169288104796 0.695903720194972 0.160162848846322 0.71012519186906 0.978919169003337 0.242362557716633 0.38460178693933 0.330076765127598 0.473718822543057 0.508391347384032
0.496157644829113 0.52480455811317 0.160188051558991 0.395380903753817 0.983888791803752 0.152644787982485 0.398504199676209 0.311977520540278 0.679636401034214 0.580712017302674
0.504928445320921 0.14845560007409 0.435051349337776 0.752843842278913 0.969224193987454 0.0519311854330371 0.331847434166682 0.373117487963518 0.188788424170366 0.575697543057532
0.563425668747437 0.645968745522909 0.226933832776097 0.854388100325167 0.980334606479022 0.128180793164466 0.418468413346374 0.277377399206877 0.813458799249139 0.695223313592308
0.315707848949768 0.642807960074867 0.136566796297651 0.608115557733967 0.953701391198557 0.0856946334960978 0.506497384952566 0.405071603211943 0.539722125915539 0.454787160778781
0.401661014286569 0.153171798801624 0.0913614310972621 0.259917705825775 0.711386156559232 0.012545380958265 0.236728874871512 0.254648013697751 0.059929828686608 0.449371151601263
0.841423656446574 0.349701448669954 0.164764019335437 0.811953637964869 0.99764856837522 0.257915322026775 0.644215929614618 0.407826127570217 0.859901285350442 0.657299323636543
0.762774631277572 0.648834364773876 0.448270552806941 0.845610448442243 0.98682572044032 0.0484040244338335 0.490995134657864 0.401274407860503 0.518546176614798 0.576168437331918
0.256863151420114 0.216175339312216 0.0527781732298309 0.603291068022215 0.982044270515877 0.01242436618025 0.270301019121914 0.358777435094778 0.105160089584775 0.405361571156565
0.886311431845439 0.596280072231161 0.12916099347029 0.969644207460239 0.998621242366225 0.668274972068502 0.667284182355572 0.473709519828902 0.990028035175056 0.604027156269062
0.106834381663742 0.0595622017153127 0.0802024209111382 0.623210470303798 0.904060276364745 0.0318668940263307 0.319396776271021 0.231014284408895 0.535416970847241 0.593024431174209
0.879473397211506 0.349724835973327 0.271391122813578 0.712580089231387 0.986054946078135 0.101857733696679 0.423310867809606 0.308294740156112 0.655742509797353 0.529096015516112
0.362472451078715 0.13240372966769 0.324111463655299 0.391218571871807 0.938013987698627 0.0243824675551805 0.358839810219932 0.340548701385295 0.112597739273782 0.561088005618201
0.262280063109184 0.783390724861976 0.236239725084751 0.889281135906989 0.997287427812535 0.247457636774033 0.621018991672691 0.345748844305297 0.807847659634995 0.584125474378022
0.648508018916535 0.755518737766099 0.0926716084068212 0.874173622557272 0.98453958343516 0.0635662070226432 0.528965746363192 0.382667909683124 0.67452890348093 0.526367402740766
0.693586899555962 0.131727557617817 0.143736638930325 0.830570155660876 0.973045871487501 0.0266723340150261 0.396147888792254 0.27284467669197 0.386242156579201 0.504978862820245
0.694283063701945 0.466121234843457 0.464751977553555 0.894339452636122 0.997759888213376 0.1297882103798 0.43527865485832 0.449145246669977 0.76828013375063 0.508439032028876
0.7826873460475 0.664869339293749 0.22684528281143 0.846282037420812 0.995983229107283 0.191146025432312 0.591164555642686 0.410341361861582 0.959173227078578 0.585126554855488
0.518433296091825 0.846692129351756 0.438269706297106 0.923062524804251 0.995897445066788 0.171161187750533 0.529950518400836 0.361650827873195 0.317792999082344 0.644004353138324
0.104757821345809 0.144615803674258 0.00697829718385955 0.207644856635562 0.0858325346357537 0.00184246605699178 0.117598931108083 0.211276065949633 0.007006254919412 0.412396232287362
0.288865302971463 0.124186956118897 0.1203353150984 0.716398592154651 0.840020038710517 0.00636319944346671 0.298041819327837 0.281239962310261 0.0420176736821739 0.382623331090787
0.938846847859357 0.963871612322179 0.404228272685728 0.942910359056043 0.999573609388627 0.676113910952176 0.822060105392999 0.544436963843725 0.998854253594196 0.745318239641547
0.822293096759271 0.962335413207719 0.211694597470536 0.726813717718572 0.988898739234259 0.258498328772242 0.416759328640985 0.435032403259301 0.950475965545461 0.537007529898624
0.600910109555768 0.853401336770903 0.0909032489878434 0.670554491637326 0.995372420433057 0.036221418813332 0.379313263882873 0.247993842510581 0.0825531833989821 0.513594449632032
0.518470495921813 0.707199351311491 0.0654626625407609 0.820658567243133 0.98251821907147 0.0135416850899249 0.480250336175179 0.278845423303733 0.541947024932191 0.481374516309079
0.118737957272855 0.0652386403876287 0.0636523310742423 0.651341991831635 0.848005746003723 0.0108420481294053 0.333207653927343 0.213874892321185 0.119447404727102 0.436616142086437
0.682208951837215 0.685993238263614 0.110191150065782 0.710182190400187 0.992088249559163 0.0896059118422248 0.596850742036778 0.267392034308822 0.727940721684351 0.428949680589336
0.243902241656831 0.968873057481196 0.117026525219729 0.924267312028567 0.995576300249026 0.153620940883531 0.502057881192755 0.465243188696339 0.822125392488623 0.485019309705163
0.788321549836321 0.300285758995274 0.238982675198887 0.953614015692018 0.99193690401828 0.0411031774211371 0.449925258306804 0.43361441539311 0.613505349062308 0.608449836530668
0.131865321167093 0.22109593924508 0.0804693251937998 0.329427075060506 0.4330874735563 0.00974859320167248 0.234313278245367 0.247855063481305 0.0431261994490072 0.537695561735045
0.95151995813233 0.616781688534157 0.433816507721089 0.545164271527265 0.997936449295203 0.196461115562408 0.574361440924514 0.459463707152195 0.970664755264525 0.550863925720213
0.0706921286547788 0.096750778978998 0.154616131325335 0.399070968189885 0.855872589602035 0.0399133641339078 0.30696482619902 0.293478108558592 0.0492316985194757 0.489828964042076
0.34786839503978 0.710043759285983 0.0781698169741842 0.272881760556339 0.985039274978048 0.0268993196762086 0.432560234626146 0.320985533920046 0.349973191955393 0.603777864055952
0.274925311928301 0.360343323509308 0.125605963339984 0.955825859883989 0.972618397137486 0.06247149358858 0.517513307606939 0.409509948275123 0.414452833306576 0.557785780438986
0.304461087847808 0.867507894801944 0.33037274256755 0.651062300890757 0.91987673928958 0.0982272610727161 0.326294826106769 0.351376699133832 0.836431380223138 0.639847728070125
0.79816822692437 0.0435080863528018 0.101285331634778 0.423849583009442 0.96538183327622 0.014770735335322 0.323255485309405 0.30755857030316 0.0922240191880643 0.501355931232171
0.139249000039959 0.560666943989274 0.154731218966459 0.631178942472083 0.593400349372881 0.00521034871859357 0.240753290278747 0.195051087679887 0.0771545501573594 0.362345711046154
0.540225908539815 0.542258199851074 0.0636736774893172 0.574410779542226 0.966261186885467 0.0375615624278004 0.246568059154803 0.297399806226732 0.283201146181056 0.51915078020853
0.411533835983542 0.389608728758006 0.148202645803177 0.717317714240272 0.977008178917322 0.0159708887913191 0.292663507282128 0.392316852621769 0.585448051370955 0.444083874255519
0.526654701319145 0.589812124261867 0.102502796784892 0.532896559740139 0.986767940235806 0.0480007062025623 0.235054853601524 0.3332069961035 0.438592432953635 0.473945175227851
0.139983247542521 0.133313994114217 0.08465681078109 0.541152210759431 0.89927966061696 0.0145993642070522 0.30311287566119 0.269957616816103 0.051090136529248 0.452588550230639
0.590595496769227 0.666869070039596 0.250070038995744 0.837449055290175 0.993897402220438 0.123808020123383 0.557687193093774 0.442717331715499 0.726020847596204 0.726659121756697
0.604905636574634 0.824011104745374 0.161511430697396 0.794568828023961 0.913925827400725 0.0291109684623705 0.389047322329797 0.397045807333755 0.426692692901617 0.508886687789624
0.920823720349277 0.395823925418576 0.180113524397034 0.837250185154491 0.996929813376553 0.0757241774637176 0.576735669457559 0.428994472025107 0.809411995394694 0.652677735523002
0.612012873778045 0.936116526410194 0.135824560305473 0.928396586513863 0.996923281117196 0.418068155709712 0.532201424679419 0.39139962559532 0.912171443865351 0.569555698173624
0.331982328097695 0.739630164295676 0.372270070061965 0.659176179042682 0.950681874030097 0.092151843970037 0.488859704253788 0.374306511993605 0.631542680615141 0.562093872768115
0.74708369439399 0.974977740930316 0.285822793563272 0.931801153648359 0.997428986762931 0.635252049124352 0.587429749336888 0.366045066238156 0.907055869295645 0.71189269955575
0.529030250008767 0.618530613215918 0.266855925016566 0.986607627690339 0.986750391761111 0.105421813250069 0.525024807526711 0.416614623310403 0.716134880807479 0.599492406090221
0.227901433599358 0.899185357098921 0.171374389809176 0.842568593462995 0.936933011084264 0.0588027615817647 0.371835836941529 0.340473582704332 0.23985893673147 0.560414861043629
0.727908269125895 0.445875894091767 0.0539419427896828 0.768939881096675 0.986040945572326 0.0373575204948524 0.41972670902005 0.492832401708988 0.566801049944767 0.594615566960253
0.664876198173583 0.605064545373482 0.310362320684274 0.952005121837365 0.996549263223041 0.349997016365123 0.49234773078225 0.382683140727345 0.842439130667077 0.545338072413642
0.485841415426278 0.0554665506248283 0.0799097950486497 0.648160956764433 0.951574910134401 0.0222293195370222 0.284578488317221 0.262913964003335 0.0680123078823181 0.404257917063211
0.352750288498083 0.0849564941187053 0.487508239530511 0.839354979676181 0.989644080492873 0.0196011889138498 0.397508985710273 0.289298171919752 0.239635084701422 0.52976737058046
0.937770328057353 0.475560073593058 0.134398744411136 0.941632669015556 0.996149975784116 0.182864705364859 0.714448594246941 0.463164186277908 0.815005862745867 0.753639329445951
0.159363755644151 0.428911894801222 0.0668145926910291 0.537756781773966 0.913713278692439 0.0353546728684408 0.308283695900091 0.232421762975663 0.117125827687217 0.423893213238662
0.438063728025692 0.803633943971743 0.167757961912137 0.889475097485709 0.931582901553242 0.151921957400716 0.570476269622158 0.330773660038356 0.377371622416407 0.601656724077999
0.914987261809748 0.416498712076771 0.21706479970418 0.626522263010818 0.99911581834483 0.0663067944241772 0.630109284558154 0.481375405345691 0.752529423459324 0.603502483243615
0.81249458165578 0.762360045385749 0.248046307146724 0.906837829320472 0.996553871959963 0.0644067396093098 0.481827399230409 0.385407717435893 0.969921979039622 0.620016052196047
0.665143215531101 0.916876032698562 0.0865759174841057 0.678468002365411 0.992992210438322 0.237609120676746 0.6859305613447 0.417051377553736 0.82071737989106 0.632010604162744
0.743687078566187 0.255750093084341 0.0848063712739312 0.450531125188675 0.975560055829232 0.0355683437356231 0.395771553729632 0.338101353963298 0.655255451843713 0.374041215784407
0.656975932532956 0.2047001126098 0.105203993340196 0.876501504335024 0.959102477067305 0.122080889932465 0.486590569072043 0.333504983686157 0.78208793038647 0.47492624834993
0.948304799527076 0.907797178602803 0.295165734261914 0.922803585993536 0.99947349825414 0.436430044079997 0.782306121538854 0.446989625114241 0.918528046683403 0.728583841118616
0.523171843930218 0.412395804623297 0.0708083645983398 0.828905917429032 0.978704423585794 0.0360470475728429 0.237485148787702 0.318230376641801 0.394480932768003 0.517534827578846
0.172714592098394 0.154352878266613 0.141549102998212 0.483673559916639 0.96728243259021 0.0169633196867601 0.207838813121727 0.275449092175551 0.160631766124505 0.46653802616556
0.931286000604043 0.677711726430023 0.34492347974359 0.976559778631526 0.973740560595671 0.125841023789643 0.608357653345201 0.37931687830716 0.904477011595051 0.651774043049749
0.66633888569926 0.77069323133762 0.0201455306650232 0.887722708373846 0.996138445838277 0.0344351466530274 0.285909521683953 0.243830816384266 0.695423592401857 0.57084370609511
0.612966215898078 0.597744981984672 0.181831848929462 0.793724735923852 0.997604256964795 0.249631160783493 0.673686777386813 0.538842631198111 0.967685533789345 0.748175682236253
0.206339744321026 0.743447762004764 0.106598023159018 0.646127420699509 0.943600145644918 0.00786483027619438 0.29614850213403 0.272441995714323 0.160125900785835 0.506845622221676
0.470302662523379 0.975944849608323 0.264060908811971 0.92795404099396 0.998632882354218 0.372558723823183 0.682259373094875 0.444741612528898 0.991951202035568 0.734712601235827
0.513368883105655 0.732165942453307 0.15510407666182 0.816895203067493 0.963029776851182 0.0785836523173631 0.470814158231376 0.358029246732617 0.852869806577235 0.597148358260696
0.352943566480685 0.653574874012704 0.198177924583697 0.61152762487766 0.993155192309304 0.191703613477137 0.467260858885806 0.45651893450398 0.64580545527025 0.621242338706023
0.674999647287632 0.335671098824998 0.306679977028737 0.93120228423797 0.988592684580796 0.0451124780663527 0.510252319084822 0.3765478973925 0.734898092257549 0.540922767199554
0.906380037696379 0.368315914269143 0.494231109841696 0.960033759561652 0.999188443454713 0.166788768192668 0.569313824215754 0.506394449520084 0.979338265517116 0.670432854942177
0.814904380676505 0.226410445020253 0.152268943639912 0.96561426858271 0.992092836873293 0.176137809888051 0.603557417542579 0.460863294282995 0.969789797054412 0.580772554094255
0.74148766066316 0.518358562769379 0.0770973879502816 0.922802460117526 0.987548602682419 0.0818363162591855 0.538070384611479 0.358227881880047 0.726288894190165 0.523679756585181
0.52879614682961 0.53417802400549 0.32284337769361 0.908995496752423 0.997475818360328 0.0796812066629736 0.421686959816581 0.409768321713129 0.70433409211419 0.563783980199447
0.932219524416418 0.945568636307837 0.523460725085198 0.972040659530335 0.995711803955789 0.448824541828729 0.692607519404104 0.497860399530442 0.988235999894829 0.65174598102547
0.629314065107126 0.627830785577654 0.036267922027168 0.889187638152486 0.963842826412246 0.070621533499517 0.372749244881815 0.265022556444516 0.655970097349147 0.520534598725462
0.154395308363922 0.54868284889634 0.0505725101708354 0.452588782134408 0.923578630608367 0.00781879221004519 0.268084072078409 0.247020026475313 0.0427685600564799 0.467463515654629
0.0751577343761065 0.124249865479277 0.0378144957451303 0.459387327895657 0.672427919804519 0.004691713828086 0.132418518065669 0.183996254168888 0.028856976513755 0.360869852049012
0.647601121923248 0.450227206489133 0.159521071144518 0.883246473702085 0.964089053448735 0.0566657537972683 0.421233780129073 0.366402090213834 0.839067852383357 0.44715615013059
0.256489573831927 0.143531821155865 0.0750131300106674 0.483342400349475 0.951937372013745 0.00689115304893475 0.29816393397026 0.198366555252486 0.0229422699882267 0.439107613017856
0.884443318086985 0.587850794284094 0.276392553611202 0.800361776788795 0.968427472443381 0.084841458899657 0.395692925187381 0.353194115675679 0.635221482364064 0.483307574164034
0.442416508582871 0.537345817220482 0.29932625464775 0.934661070233271 0.987342456629645 0.0692984389914474 0.449050826565423 0.38788235825405 0.765789244344443 0.389451488170569
0.44182667143772 0.509935952677954 0.205323264378099 0.809978113817949 0.984418205515346 0.330976926869817 0.602733182074578 0.554010022284455 0.934992653100342 0.482696140766136
0.931501822538861 0.913096909042015 0.174316352450568 0.94495379979822 0.997669921813341 0.362035910607446 0.590102935328461 0.494568795024689 0.723575451036566 0.634579700937776
0.762671620136458 0.630241402083651 0.20976342716709 0.443255751901029 0.990152131195671 0.346268111448958 0.465473106141507 0.524600869049348 0.947555721343448 0.645812168217607
0.558211193532017 0.0793542272356976 0.275282720668055 0.288104361030762 0.954113836754869 0.0152402586996886 0.321832004088067 0.33381804637888 0.278555330455052 0.475681189833252
0.82352899047602 0.839919881800798 0.186377134006436 0.984215136543375 0.999585512221989 0.726368292826668 0.741285063716813 0.523742572023767 0.930508973016329 0.751592755245629
0.953633374367 0.107604335291094 0.214505660796044 0.825217790546526 0.96765316656042 0.0322319266988598 0.498219463202319 0.259312838816305 0.579496246913194 0.552825226285164
0.15059006688467 0.600723241157126 0.11852409126524 0.881117797565482 0.97648621576239 0.271813920683985 0.644489311917911 0.364003474311644 0.534326069927969 0.542715820439758
0.448460673510847 0.235742241734494 0.0775228833797405 0.489629024608812 0.880522530027429 0.0181398919836701 0.308718466057853 0.266171226537913 0.0581533470306808 0.473305268700172
0.666351751075806 0.202861348009104 0.144974984659416 0.60073286539857 0.978299060396966 0.0164084176033272 0.291747244822899 0.311665288864772 0.0293376394283081 0.389938742662553
0.355994774383269 0.00514848867602681 0.0978684302013427 0.363010198341129 0.921321155120443 0.00899878351600591 0.211691387549439 0.21848408548448 0.100378133775688 0.3614476627876
0.146985838776325 0.891007756606505 0.150691133950383 0.501765600749268 0.94578595488935 0.0100736644907605 0.254648684658216 0.234320931628065 0.11725417212463 0.500609754803457
0.0979160738246511 0.122801307232134 0.427894759206946 0.231595068500445 0.940469339441035 0.0022070237616556 0.181842770901247 0.185271056466339 0.0106422143371766 0.451759826772969
0.171752001403754 0.563689066016951 0.176007840081863 0.646801975756174 0.987117592483446 0.0719496792266884 0.447041024066321 0.342173340051966 0.596691185549391 0.554396757737937
0.460263591580245 0.924150977602217 0.114476676014395 0.910174971076249 0.954450753735483 0.027070114760352 0.318183464941502 0.342952273045827 0.615398210300174 0.514465536274452
0.311410945612904 0.127096783629877 0.219598699001868 0.959065645652382 0.958422151661749 0.038687536077535 0.416316469287309 0.301286174173687 0.0238469517757281 0.466428004798706
0.250098089641388 0.730718320406924 0.198524464508679 0.399467476541334 0.989481779407496 0.0467422807846858 0.505214863343015 0.36928109999482 0.481580504725001 0.586949187232712
0.588990097652826 0.65614601365655 0.141735672745058 0.889169274450006 0.986393489643336 0.146414059177581 0.513394550204268 0.313903679254971 0.933819150713831 0.563574286857125
0.972111740347214 0.617371783836734 0.646262157402241 0.904407220062959 0.998939682464139 0.548916715625814 0.738345739805196 0.576488860923055 0.992780537239784 0.737350991267776
0.924105331690994 0.89783821343584 0.0862145528909457 0.991338903390416 0.998801544838561 0.349911837542879 0.418657640417794 0.379440730113625 0.914518574826137 0.68459011097143
0.474431204669863 0.285367373485938 0.0919421260074192 0.723593477677477 0.83340137306136 0.0669986715881306 0.354333488507187 0.20651192578117 0.138030378370409 0.415591182404222
0.0964734269591415 0.576201782173538 0.201620792058224 0.914986211238215 0.993044761239834 0.125776556160195 0.578461564573616 0.473076229637651 0.52109762468735 0.582546431547241
0.587640283683506 0.835444494110384 0.128159858887047 0.855209231994886 0.988921223417987 0.524430969875408 0.569516676498676 0.530429113407544 0.981295382097338 0.53459446764051
0.663322251146598 0.925761912815067 0.614741477857698 0.581630287952353 0.990674828045509 0.145590820984352 0.446135524500331 0.361938438899968 0.942494756908235 0.548136738048892
0.464929135051221 0.0998014072133206 0.155227244140947 0.734175153286964 0.993993746500779 0.230090279593293 0.474675762628712 0.298759044220215 0.702471748524382 0.616210963765124
0.655239388616397 0.251101805355938 0.146004671867501 0.657770030300268 0.977843347755413 0.0611439148320786 0.490662614472366 0.302499414069295 0.294770414572407 0.72226859907856
0.727918109551106 0.313886501982466 0.266081325539046 0.682068393540681 0.979877312823945 0.0923842896070938 0.440958257377968 0.304182301456489 0.241171437711357 0.52864545018586
0.168749383251847 0.133799759067372 0.4234175294009 0.323951240723702 0.940650899006486 0.0137150801962405 0.343014205903203 0.283252022349635 0.116839078940011 0.492914795097968
0.695660944312714 0.265997849919957 0.251307968115512 0.614181859419621 0.989814861007653 0.126028319731022 0.496251792379009 0.293916603879527 0.883296202610835 0.552722925361511
0.788524535954524 0.866714599162637 0.687703424913833 0.60673006445066 0.993168289622332 0.410277747873169 0.60038491731727 0.428557728210163 0.969183748901416 0.654586334422575
0.711976778740161 0.917986079670352 0.269925578929359 0.910132965350238 0.991847263094413 0.0593572518544411 0.522762695294609 0.378201392725033 0.719369059190859 0.533069003051573
0.909820228670784 0.876181888380868 0.49354576676759 0.661219887966918 0.997978720502389 0.321457279269874 0.495735547442376 0.415278952821658 0.905115715007175 0.623869018703383
0.493280131093191 0.312362618441226 0.0306869691343881 0.788103115773631 0.983487908748349 0.0720637301005861 0.292953893586882 0.218075720243586 0.131259683892911 0.558178719267101
0.314667831563812 0.614661974304123 0.583056834262558 0.4995562884734 0.989772768885232 0.317610124767422 0.623132352625342 0.361508627694297 0.850860807787262 0.696357612645839
0.073903698390028 0.21161529830338 0.441091285957177 0.691842623396529 0.961891648740167 0.0335950524304005 0.362556845867382 0.326861258200386 0.642394679920764 0.539860589966834
0.193910420772305 0.805353064175371 0.142045352542297 0.892582696034314 0.997934542878744 0.369605315159602 0.624296186892197 0.517017944656702 0.982122594687376 0.720271685608402
0.718639533985864 0.165450148969759 0.167917137876693 0.714190590902762 0.954214160896318 0.0302867017723834 0.388913688120464 0.313435086679758 0.236753218121764 0.454614515692039
0.851094987586681 0.257399593273734 0.347552453376869 0.967277260914586 0.998750631021655 0.389282207484676 0.642085398193387 0.51327896274446 0.995339153307735 0.653613833551358
0.982727112292484 0.220106028718425 0.599184192241696 0.883945651805221 0.993542453849097 0.423615615062384 0.528543019786081 0.438522733912951 0.996433378877553 0.551659183314612
0.487247614819378 0.224957676047723 0.253420312759634 0.710177924285839 0.989085573515106 0.0498256913434999 0.496458232892329 0.483455891553285 0.970633911078078 0.573049706776438
0.492249109930953 0.313517456729014 0.310089016432781 0.737382959663984 0.992617701254859 0.208400891624836 0.575629884373864 0.478474315783997 0.870275675489509 0.516044748938884
0.666285798432595 0.452952378230754 0.264383361909732 0.9102722138293 0.985311002583452 0.138309092979493 0.506630185766313 0.390400827235227 0.921127895261319 0.653702777686476
0.71981050643032 0.666983967266612 0.0692474798302616 0.612323721412309 0.925687735906262 0.0478778930178757 0.292797453024209 0.232652071628197 0.1595201349626 0.588233790182398
0.127698181416186 0.188226645266446 0.0938799640873557 0.778620679482115 0.850712290907962 0.00363612368601015 0.323154818008446 0.244187742642843 0.0121806463660204 0.372232825777951
0.840825591425231 0.715994298790191 0.173651696989388 0.560909137192092 0.983441794468115 0.0415138732045326 0.549074700448405 0.429247200520834 0.274701877150852 0.556398860113403
0.568704245079528 0.93113890453369 0.172163036011176 0.633249960308927 0.980548430449519 0.109048138663398 0.497219392524181 0.484680296568027 0.858130693544746 0.546858074471897
0.070855603897526 0.0358778608626438 0.0815229163569356 0.666590431589918 0.899085624349143 0.00991068081989973 0.179922121324977 0.210829914154027 0.0479107573087194 0.459158044664173
0.642993251658784 0.948949473714098 0.0799045029335538 0.918685043908824 0.931463256784265 0.0909734292041098 0.503666897725184 0.317308858691935 0.779360643922439 0.567561045911814
0.852407610772866 0.603306638967887 0.131172140639054 0.896579100190374 0.959650221996688 0.0476746280817237 0.346735838672704 0.28378094008429 0.577167417585904 0.594011917150307
0.412524868578564 0.356191696079748 0.1192211102338 0.867729721536737 0.990343107663254 0.0160776212144839 0.48109307740677 0.27932695382515 0.67333861933523 0.409569473209371
0.972688953062066 0.604951371824891 0.370391795024635 0.8037616988506 0.994824665025641 0.240987010305884 0.630741393587585 0.453818051242425 0.976120643299825 0.687580529590968
0.964735156929716 0.964525995019228 0.15156307668315 0.904132350905309 0.998843113320885 0.42428301897786 0.729177760021095 0.481425494273208 0.983489745460775 0.659652675353718
0.784340722577867 0.819899710810691 0.0909967960901891 0.803837646473531 0.990654315999996 0.113318895294242 0.589771375620281 0.435860232986453 0.840202076692895 0.579044779718165
0.34597014362754 0.406067038279381 0.0915547483278513 0.692154186510637 0.991722855360404 0.0362263949445099 0.389129783795572 0.305187076936946 0.565152557327542 0.520913128978579
0.842812472177241 0.0731351537912386 0.0744139223818602 0.76869198170731 0.952691976039405 0.0127626296345051 0.457075886429245 0.331682788397763 0.350666620286894 0.625428360713646
0.795110539461525 0.750251609005316 0.0584702530471467 0.205986534193401 0.988639136385534 0.0974627920611459 0.586860127332365 0.364639766012816 0.885726419074735 0.611557679279203
0.284207379652862 0.201858509810136 0.148447524890501 0.785829844261389 0.990101553922338 0.021410346708964 0.36925327458827 0.289695774289223 0.739729382668241 0.474640439366489
0.740820357774078 0.646407490918338 0.111443166936762 0.708548896151288 0.99136446131634 0.102289666126734 0.613548024037997 0.360672598486683 0.895765447478285 0.520647879577186
0.757838637725377 0.671022127672368 0.202123637581233 0.986007110407847 0.99586528330845 0.103545983831691 0.55722262934774 0.479717999522837 0.437077545166064 0.681707450777812
0.3208905109128 0.445982707271333 0.171862753645299 0.830458185968236 0.996916001773442 0.0458287254892915 0.383663921066646 0.275722289261844 0.319620324157271 0.60137020691998
0.67702889770797 0.795361851834192 0.346005707015099 0.901250274785465 0.944060089378619 0.172625948111478 0.401725436272527 0.362157100792756 0.852672504919319 0.531768277682873
0.487450941142968 0.0528921752513035 0.10606595691413 0.57718666948595 0.862606770256447 0.0124811371272023 0.316178799352421 0.312134459513441 0.0896731563789216 0.45139326518034
0.711219022637573 0.786055455221846 0.33697056784172 0.968775235006111 0.995015781943485 0.1050679795477 0.604032112899389 0.460020244688103 0.90913258146298 0.617288700226999
0.848364692362769 0.862665681823237 0.295990692140266 0.959758886628672 0.99842956880758 0.482249899007593 0.526497720899777 0.389440897590363 0.882929045854798 0.648661716493413
0.617655745558141 0.721886306921598 0.061299682794199 0.942057527726768 0.995482201658135 0.0791933306341526 0.529606436522438 0.365798775830009 0.417831148264773 0.565286157000585
0.965005132189558 0.766679560621758 0.443345973540749 0.982480533162228 0.999210542832533 0.173313704299648 0.700954891883619 0.375286314419898 0.978790567536605 0.731531430026971
0.156012864341532 0.554612556994751 0.109562061535082 0.593469565245985 0.936807192464632 0.0231634957236006 0.239596704567405 0.270401967459006 0.146811591856089 0.280329629142751
0.501439866282903 0.280299725260666 0.256531428325041 0.591512442452485 0.93173598536425 0.0560869198972919 0.377681015812544 0.336552197703704 0.261726153756357 0.441034844228743
0.457272604596077 0.317400040551734 0.173979721283223 0.772841804164641 0.92766643549517 0.0189457991758393 0.22582832169851 0.274764324554459 0.0193635954074763 0.398524145606995
0.958286469800596 0.943323867030831 0.158015012442359 0.98749944655887 0.999914400154746 0.560368025726037 0.878935102263496 0.675181844969461 0.997588887689204 0.718891680745908
0.951850646630677 0.70185165676226 0.311029490926467 0.955807624441723 0.988160184822543 0.0518116813274345 0.568192401493942 0.323292688368673 0.906974657016461 0.579289509461509
0.0646150703141977 0.137510293350346 0.0694119882197032 0.175118613540186 0.797749762322726 0.00677417677086797 0.18210965978495 0.258644490982251 0.048905205759188 0.403665691232344
0.753484080604695 0.812535691662192 0.273379796736143 0.973885684302579 0.999494169504954 0.19428765550581 0.416990967545567 0.421374996018366 0.946317426560266 0.669136792194531
0.798130422366491 0.920730120436836 0.285779042327494 0.866528153817742 0.998262806759891 0.461661526306338 0.733902268461794 0.469264927306088 0.980557611582269 0.69808149983634
0.456271221055457 0.850398524106963 0.183586630887591 0.467096212978381 0.99300373574261 0.037050529173844 0.461605925803661 0.377588641619286 0.365794109308874 0.496320452883603
0.0272875343018841 0.340557882382115 0.476061462439644 0.622633877003337 0.98500303986203 0.112313055573413 0.465578155645005 0.426334614490413 0.791971589083617 0.56932953361786
0.670918154228032 0.217667482172682 0.196393564157623 0.834621720503913 0.991102844696602 0.0655036765573065 0.370203353612704 0.374142214228388 0.915745339969323 0.485766200688473
0.565241803482935 0.718065294290384 0.220852446333202 0.693188863846188 0.9944997536255 0.0945809257287608 0.619777982673288 0.477116346552949 0.8141807121038 0.597671254775926
0.182813756122233 0.538552657889369 0.0266243347801131 0.325266398675024 0.909155560556365 0.0217644187508499 0.231262795593512 0.19036705657185 0.00255004725930994 0.396140725551521
0.957182955006531 0.537380167161024 0.449188735228858 0.933175230037665 0.986775978881984 0.239688746572425 0.490106354815663 0.465232617261057 0.980314244304747 0.680763034616785
0.789120589105162 0.213029692032675 0.141341494328813 0.982352904287951 0.997962432330429 0.47665243163288 0.718693284341717 0.579490685644201 0.990938779968172 0.630605454893448
0.162622007871833 0.21911957674561 0.0903502628019132 0.532913016712528 0.948467578038414 0.021353257450685 0.361169423880867 0.231410558451348 0.0836939820856606 0.417970558512191
0.282490146588309 0.901323534316794 0.0859415705015481 0.911526109849551 0.955839775097271 0.268396157693961 0.370388919951217 0.303694347955119 0.733591700957732 0.549683098401533
0.662770998614674 0.665069149105544 0.16981752861029 0.868441302113253 0.98599750126145 0.223302678904039 0.445889239439178 0.366772875153127 0.686984480335939 0.662178663308546
0.118356824238679 0.394152856441089 0.0712747555792157 0.611072345149053 0.946260508254921 0.0130193193660159 0.232945664100716 0.317474555997141 0.0363072888153754 0.375593910258246
0.538916298941572 0.695179005621385 0.116353997258929 0.717799534574956 0.871403168212865 0.015581163437793 0.320348209694532 0.373931805770109 0.144409439101208 0.51720874194394
0.432403800879902 0.0316036222915405 0.274270650468164 0.534032810207441 0.979150491108941 0.0934708809622572 0.301891496956501 0.348948630433135 0.341462007607699 0.516006938256709
0.693174276023395 0.432939307831575 0.230769489772998 0.601270929393349 0.998726596524232 0.205773822263813 0.589696156516063 0.455204666938894 0.748697647887542 0.606162326650393
0.729353463115049 0.299606873788768 0.0914205023322385 0.773975525087061 0.986744365694101 0.118255030226688 0.489843569504265 0.370485021764674 0.766058955039262 0.567656177179923
0.135002071187363 0.308521600388884 0.0846548418549855 0.750293533357262 0.967072622118139 0.0115266526481125 0.256688139797149 0.226472662307727 0.557362956501506 0.550109952944865
0.7192239752854 0.571463663591162 0.309914558480122 0.934609212153848 0.998432380044733 0.487066824978738 0.546503863232809 0.458885670664096 0.967977068896673 0.707249740315297
0.289735725705782 0.0675974505033377 0.307738204321864 0.597435473943179 0.976417880512454 0.0413018004802175 0.335017541056802 0.310459343824311 0.213592432778017 0.533098883016726
0.709064312323069 0.655669710235741 0.285876222517244 0.863128170742162 0.996346335754299 0.279930291791294 0.653470136439149 0.367346554427733 0.957469521075562 0.600336962396215
0.654907172155798 0.231279454095195 0.160356611458313 0.935526669936578 0.897535174200953 0.0234648971830933 0.473148664169841 0.316506926723266 0.116863747988786 0.602955711574194
0.55481540661263 0.910835499983316 0.190362129851348 0.793272690312267 0.995932359257624 0.0813971114096628 0.444857675925126 0.37584180548577 0.521984837270521 0.629661067066266
0.744602556007201 0.618911973723019 0.515404454577018 0.882479617179447 0.99526901623534 0.190289896924533 0.472489660392083 0.406050794660824 0.88206201229883 0.596056229359536
0.742994316271948 0.967160628336608 0.374413634022357 0.983102816731719 0.999049823614271 0.225630676172355 0.700204916188823 0.425088159904541 0.976158226966936 0.632671383702764
0.947856525772811 0.783128672259054 0.283397760669763 0.914141983587283 0.997924220068923 0.689583785068186 0.767342546589098 0.427487995235789 0.994685628026946 0.750527977733084
0.287096717227345 0.0572155420437767 0.127850866309963 0.811443188906013 0.962378122901231 0.0733508424091243 0.513548245691852 0.337371925291652 0.530072937335898 0.557842277320736
0.336094920919767 0.507981735664862 0.0827314190655006 0.277216592111224 0.988649105958741 0.0334072825502774 0.24698301993413 0.280639018784122 0.134498345117726 0.456370421353188
0.858333546299759 0.992479684272004 0.174624225392294 0.894036356041138 0.997971463023078 0.210480761656277 0.683883037379984 0.485468406359784 0.479160460634374 0.639540108972742
0.479773694450486 0.677535946237634 0.137464368596741 0.814969756494245 0.999445125208952 0.41798665322734 0.505379186614761 0.452616008057937 0.953541728276759 0.606782415736314
0.141491461367923 0.620458766013294 0.125683569046838 0.728516799471189 0.962702544932011 0.176787019381369 0.355375172375095 0.291139403328173 0.19960211473636 0.502472047040983
0.128529113520014 0.561839813896236 0.0541708299697556 0.41228183633527 0.988849477410591 0.00761323065745511 0.286323715554038 0.317857024465676 0.0408574155329961 0.528517566894765
0.924519612355589 0.557909274476906 0.539870820210293 0.756324362018966 0.988539381006196 0.155735432764637 0.541104298120958 0.383095993307089 0.376277608823286 0.594465764001665
0.241659252975758 0.408217044992304 0.0969294155623932 0.424673829492658 0.915279513356361 0.00898422376171984 0.269010350395719 0.316311301305644 0.0328426686298988 0.461134405897386
0.334757386108291 0.251848492437011 0.189024512317337 0.664117836717459 0.981823107270815 0.013163403150273 0.342034115089518 0.292601302170902 0.272360773468248 0.529011810424913
0.320659638368217 0.667929580137823 0.251948445214057 0.652445153913553 0.97794964068943 0.0146089911074886 0.474943081674885 0.400555948809436 0.147625337543945 0.588467682778015
0.289334470794306 0.827254380024528 0.0510404743255398 0.612344742282638 0.897436742089776 0.00572191085213146 0.229902693891369 0.263168223169225 0.0413424001929348 0.423648417375782
0.44404665621564 0.237701763045534 0.0709226767140756 0.529032768148304 0.920256880333497 0.0371528525836507 0.355502461850472 0.288527008323188 0.681536439993761 0.569445849611521
0.0600355457925483 0.177395457562235 0.0294931500764557 0.613457825002501 0.867749639424455 0.0206508556436391 0.21254622105002 0.232653779093772 0.0342876339511532 0.496008351439017
0.195784143286428 0.722485013174999 0.150791746070058 0.575007421870912 0.97892937734437 0.0150122566883049 0.196870815914626 0.276405390795515 0.11019214519729 0.417746395676047
0.483082821078858 0.463380576676143 0.190601485159345 0.936907547515811 0.997746600088897 0.199225077281942 0.646586484058548 0.427374071680558 0.737674762389367 0.613489121189632
0.70504638930154 0.875897698213764 0.57012956597438 0.853158647570769 0.996145866706493 0.0377900461756091 0.516529861357246 0.32317908483144 0.595753850973599 0.62390311767155
0.0672471429020624 0.0446477460285189 0.179821436358061 0.581810651631534 0.94119090867682 0.0357186990786205 0.364170289870103 0.285204820517496 0.0693944001739626 0.587901125801659
0.532912347328037 0.0280395753720238 0.187795169538987 0.3640640387673 0.951860944087033 0.0403726608225313 0.328837917135766 0.372876780193601 0.0272212964309893 0.404918984396778
0.885634779293955 0.617586482934655 0.21461657871334 0.880792345464132 0.996892881554915 0.140409089793385 0.600897912068273 0.487221876308445 0.953247199164866 0.633587735110799
0.425013128210778 0.0901851814286485 0.095285011717419 0.604100693361227 0.988093571061244 0.0334463354798779 0.358393091244332 0.315487816643429 0.305103703306941 0.548569097371392
0.452818225723595 0.368876313232179 0.107159138492632 0.595197994926354 0.945267492778626 0.0206668642839804 0.449435905785765 0.291637646230714 0.340501190551163 0.493232287034999
0.165554489349387 0.752515097797571 0.273570381678237 0.418081248316341 0.981754847305436 0.0483617130843517 0.478011207253308 0.312488833944919 0.414017928230599 0.533647656050584
0.489916432517513 0.0956127030100739 0.0930882036830582 0.552745399389314 0.973165277008367 0.0454949484668076 0.483924640106648 0.410301490806963 0.634312793795121 0.511869892871147
0.887944077631431 0.930663055714544 0.202879149963185 0.868462538065961 0.995945929401499 0.403848500343165 0.574824559004963 0.371612920345584 0.914394960302551 0.674610187103929
