0.544132081806094 0.383258908331461 0.0984468791397668 0.815253764828521 0.97639004710111 0.100366591877618 0.398403162828246 0.375284253826018 0.683496472083895 0.645400572559491
0.856302542411078 0.931455251083363 0.515357958404704 0.961135701597674 0.98819769505577 0.390391346606514 0.521634481825416 0.455495307474449 0.97928542288897 0.547195059888949
0.480130569840647 0.398225889800783 0.232636273971616 0.398734055623334 0.885894278896091 0.0373683161190234 0.420319113442648 0.325193311189178 0.126824225914277 0.563891333659018
0.669030664585671 0.903769953562133 0.244128307673107 0.83950589345877 0.998472995555705 0.152757047315261 0.493667332607005 0.302532413846445 0.943722663752563 0.655991940062431
0.0942305587047342 0.166273521680638 0.066069676300732 0.690763112652562 0.734386661204424 0.0106082729390953 0.18433994381322 0.276412396625855 0.0126170383140872 0.405687832849298
0.355184315592473 0.0270721557574371 0.138325853677662 0.862595175893992 0.987487742994853 0.0719899802929843 0.569941072577407 0.269081078837995 0.66588813967627 0.61943408973453
0.395132552126185 0.51457380047819 0.184396011931012 0.636331397647487 0.978321506730559 0.015050032710474 0.436960503012608 0.425261846855396 0.661782559507046 0.610279367845971
0.250857799340053 0.0461252934210116 0.104877693498631 0.619276896676352 0.965132747297156 0.0187711648683178 0.232141069924703 0.317032097799376 0.0895803109760846 0.473234820008195
0.902976801550972 0.356404671652391 0.243320461653654 0.938946478875922 0.951818829676124 0.0169698940853547 0.578962498152548 0.366559564824046 0.988965379481485 0.733335077247692
0.252784597809005 0.748384031289607 0.375944799987872 0.784505491935242 0.971326380866759 0.0745738452400569 0.413012546203668 0.345613111284904 0.624624413679312 0.676588103605719
0.419111516863427 0.106343433499308 0.126224648294013 0.739407725760749 0.987728119441333 0.0360649082267658 0.475582824282494 0.378716780102965 0.336425586623579 0.488830448985866
0.835552939251698 0.825518859521518 0.403453094047182 0.895923783896891 0.999913942162369 0.297593036266326 0.66367229906166 0.523396935659832 0.988830741584962 0.704751337554577
0.23751657443515 0.318061646923172 0.121142552237979 0.37520109325684 0.937229526581564 0.0553617581197101 0.227412428134996 0.228839685088998 0.0215979255202869 0.456385075723991
0.825475330056207 0.9494863773076 0.371270390641757 0.946515396486146 0.998956790657599 0.452567225689569 0.481586040938964 0.50879911121031 0.98593414664649 0.664709245523501
0.341732751642347 0.776917767178802 0.152188790301808 0.873226348475825 0.98380784064093 0.133565664530384 0.39051718063499 0.324848121715919 0.618924403694786 0.670419550286684
0.631596794152368 0.114228654150214 0.0823788287097449 0.852706240069513 0.989050682973051 0.108917750926616 0.363822513585617 0.267478630594653 0.154078001457338 0.467151689059304
0.560295857803028 0.551662230295198 0.230426133032031 0.795236687271678 0.990917675697052 0.125975249040763 0.522805136991512 0.355684437316422 0.297667448764172 0.428095179586006
0.709290488715475 0.576496423339113 0.225188604241956 0.868635165243334 0.998257743553602 0.415812629108214 0.607509510551077 0.525332918164241 0.975705976117307 0.748376760033638
0.787365781998691 0.51190467005458 0.153242499784216 0.778599918042979 0.997901813440956 0.144006601167764 0.553151754676832 0.38576587453439 0.928697429611017 0.70130217282809
0.411262609521646 0.817982116206331 0.1067993216879 0.236549359989913 0.931479862399379 0.0170271838917964 0.218793761451415 0.231529863552499 0.0260655595308748 0.426270685543759
0.637309294066983 0.0670501103331877 0.417652330356592 0.94209137256202 0.998379175562405 0.258942174503693 0.692616349698019 0.501260853702254 0.857288680915853 0.643453881243324
0.354661011344919 0.413174541328994 0.0613280603220045 0.729735258024312 0.980682810966053 0.0452385132730568 0.479538849373151 0.343062830265022 0.264792239228318 0.587058222640674
0.753289356018721 0.029433320722485 0.270276905908373 0.866809001257083 0.993897831993029 0.190549297526531 0.403542924182838 0.283050505124704 0.260155424906349 0.524625538275916
0.881721870323734 0.0651036678310326 0.303949457927961 0.844121895945447 0.998689060020734 0.18951106175452 0.677022628581634 0.479628946916494 0.848350965403018 0.635585692191349
0.65617305242449 0.864869131128278 0.490443710886884 0.746313886179296 0.992659173579269 0.132349328144083 0.537558488374957 0.396477893477603 0.951563177995229 0.526471674792815
0.945252932166743 0.962090347359711 0.541735786259884 0.969585648346885 0.997070280710822 0.347633270968475 0.602386056179267 0.348084280626231 0.962764100605162 0.745357095377752
0.53139912334681 0.633961075652792 0.175333669411038 0.783262285566527 0.994072117162958 0.118915928731509 0.277241027861766 0.35998818844746 0.608510718545059 0.478898279332077
0.261187528820506 0.366600358178948 0.259290859477945 0.824584606007762 0.995284680947772 0.16201123406218 0.60423680436636 0.394661550697187 0.966439234718879 0.655655290628812
0.0540115922878986 0.883021402339747 0.0942528462552837 0.370501932054274 0.93981719443313 0.0138106582669117 0.324781352862775 0.185257649133363 0.0117039186451833 0.452010166766854
0.902356315629457 0.892966054392192 0.13565723813024 0.991319878152621 0.999523163999188 0.512935345275464 0.773741193167233 0.497604204863977 0.997862864456289 0.692619169562679
0.501505830060708 0.357402446529096 0.153042804658501 0.862978892282229 0.995943780638397 0.0795439700101702 0.467523130801897 0.352559828849456 0.941283485320987 0.658804778867042
0.125554242410189 0.727245722998792 0.174163841723181 0.507138435888731 0.921793414506537 0.0805992037671457 0.373959327866573 0.271464793453613 0.140053707304906 0.513900766470672
0.924845461500932 0.64060707603156 0.260518827405195 0.926227588699059 0.996687887759691 0.183618380674229 0.525041071867375 0.384821200317055 0.887615085789557 0.643836745306294
0.977215824970781 0.941572532553304 0.153292862783249 0.962032855905696 0.998053388429404 0.521380602514368 0.594167406470882 0.322813939648874 0.948795330855623 0.629207576707145
0.633584202534781 0.903086862909826 0.278698447184335 0.777669980617498 0.999101358527272 0.0541731883881963 0.595090316130017 0.528958232396179 0.961485682681821 0.64093489898332
0.652160075385262 0.476506265347061 0.0494946369500436 0.961088386047493 0.934712093996219 0.143397206668393 0.561212151362497 0.285365559337115 0.973580126885749 0.506120364034206
0.759310378578405 0.4811535205678 0.083838926833061 0.855477610992593 0.85031963465532 0.0230987762239125 0.373948515925893 0.360804384177021 0.830537469637267 0.546173967208014
0.358645833756834 0.00541157615935514 0.357502762156047 0.619843611822126 0.867997265809457 0.00748054080064525 0.231265655118883 0.258330276429298 0.0186250132253207 0.421129486761775
0.526543874096062 0.806467193173624 0.219359841307349 0.950992191130802 0.99635451057074 0.12324154852481 0.586193881408448 0.479135252473534 0.982637860873095 0.693061018434409
0.660552287823685 0.737708776919076 0.34573515106293 0.932967312662696 0.978729051406842 0.075824964149474 0.477004493828495 0.437793313764841 0.295089605644171 0.583276042359114
0.855545400151706 0.923925588432983 0.226718513862255 0.973927102117194 0.998702761510917 0.681173469885162 0.729444042273696 0.436003157192138 0.997832640601544 0.629827748479712
0.304912710503154 0.78465155747083 0.287801077000135 0.688400874120935 0.878898148426336 0.013884068248243 0.240447626007225 0.333582528092815 0.0475626436232296 0.488134506669899
0.905381751948476 0.856794029216634 0.161162264016266 0.928251813932688 0.982370093455554 0.34046763519141 0.563738562726482 0.376257398725644 0.913092569240361 0.624379470249855
0.231500314249231 0.503414523016455 0.0932707489104551 0.452805965609096 0.958674616979684 0.0197490013938984 0.264477623329552 0.264096980786906 0.527628524312017 0.627012387148737
0.0176163820160102 0.0373461849015524 0.0281486733198219 0.677358543694088 0.829719172662557 0.0125744110612486 0.221258526542509 0.292904049727527 0.0672819384408255 0.4627981763077
0.963630120883529 0.221092148314616 0.239274008789699 0.962694932897247 0.996858283709884 0.294016720245971 0.652656174224688 0.431536150392453 0.963703859240423 0.704447093178699
0.3803126428156 0.836988246838196 0.265765696026231 0.834150807306386 0.993096027596083 0.125847562645095 0.513286536511472 0.442120823802486 0.793030863372883 0.617689995674025
0.942690132720149 0.591660662107701 0.115984363087335 0.80947816354931 0.99354501396989 0.0975406695870255 0.405972726864651 0.459333563596393 0.6532821124019 0.587024301531137
0.703600506351906 0.65605934385 0.325630843186431 0.831387805102951 0.983016454609787 0.0412297105738881 0.272984823038768 0.233531680537327 0.156223743532984 0.506588112527035
0.743612572399061 0.65879515899891 0.105952149214373 0.884343965753486 0.97469355894305 0.0743591991425325 0.279288804176579 0.400263209665929 0.598832542364221 0.588374833888622
0.627355840664897 0.199274224248399 0.130260493097165 0.808031566655391 0.997574363612745 0.0501437437577955 0.424787840730899 0.390668124819627 0.807846536343721 0.566457750220472
0.614199132558698 0.685030395758333 0.170859462980479 0.816452541401397 0.992884335164791 0.055198346729215 0.435478868520623 0.426736463826361 0.913551675594181 0.55053219546242
0.950038490391445 0.366971328154973 0.144810770968893 0.752503923371866 0.997423071379777 0.183439601829883 0.607463613465387 0.414784297350156 0.984337947549818 0.692926683693774
0.5911046652874 0.36882973626366 0.313844423902591 0.874049430523885 0.996321880242428 0.128873395876473 0.546630107934403 0.348168584263703 0.90581712847346 0.498051286266229
0.613205700215125 0.605640860254991 0.289042795307 0.970256860608985 0.997410514814454 0.46717822278632 0.638203128169959 0.581802483804683 0.965722563361032 0.730165695145343
0.988354656727239 0.65004100124965 0.266649444698204 0.353441026869262 0.999032841663401 0.423718196646183 0.692996909240213 0.469021682059796 0.969291002151601 0.615746979321977
0.7885445397825 0.682727326547341 0.295929364901759 0.839896193718922 0.985316352663082 0.114700860054604 0.66018203363551 0.416268526420372 0.700939569807583 0.567808023328446
0.54347206657619 0.958278280810952 0.16711808759895 0.9906591776547 0.996818397584754 0.121564623682754 0.624280767810025 0.49782996946366 0.978373353243872 0.559184487200739
0.712515933742829 0.695443680159744 0.176459815342153 0.956044410323475 0.997678439089671 0.290869192915746 0.710098543508039 0.384944302670363 0.987982199073862 0.647968829217326
0.312129715442769 0.452576063857316 0.120504997947521 0.5453080425935 0.981955785942964 0.0145653763281841 0.427957180874431 0.245921021143807 0.611551704582455 0.53452702539683
0.385457629645832 0.957260713984269 0.0634259844303328 0.0739085507101069 0.606166786835949 0.00795658381886997 0.264372957818367 0.299402512634284 0.0763312716660034 0.432163708379929
0.383991913516386 0.50664377990014 0.187832116223448 0.693731666098761 0.866585440573703 0.0256824188243908 0.306723253112765 0.289412972373959 0.0850609311118245 0.571943552800966
0.919504485643212 0.668354183915071 0.217341291039572 0.485043644533959 0.989814780608741 0.0776577056374148 0.569464217657555 0.353182471505129 0.324954771735235 0.575280694126197
0.0521397000417272 0.508668765246267 0.0658813382827107 0.311246566324428 0.790409124255505 0.000746273972592376 0.144666476737265 0.213791659201243 0.00176030572897403 0.369495382907697
0.983367483485503 0.832675216981099 0.280444481302532 0.948365363528266 0.996085716583924 0.348008392674346 0.484131658383316 0.408097431283218 0.866380169622843 0.696679547335008
0.275086170023757 0.459806051756473 0.202279734999826 0.898209891938556 0.991633952829216 0.172421051137339 0.474084326580159 0.351749542430419 0.857160852380616 0.615974171872134
0.185973594261827 0.261186797729654 0.0308707907457587 0.039314618832934 0.673481808735039 0.00226139622064139 0.140052947945637 0.24552384922915 0.0059079422141313 0.365785043623867
0.6737998070235 0.0583678432770133 0.171001262387315 0.678576637249436 0.963687017680409 0.0862618059368581 0.299994731598594 0.278763742686393 0.159693018871248 0.45479855713527
0.461245728498843 0.772600766686838 0.116041505178367 0.358268870391373 0.974726684610678 0.0553020671225533 0.362795709178558 0.2458933956356 0.490151343704265 0.463792930138462
0.337000132461381 0.0821782217225613 0.129893864018479 0.863266945726524 0.995888627708801 0.13188883129883 0.459968353574755 0.328527753800676 0.807753052424805 0.570801878339279
0.655318379767381 0.661788480688478 0.25235711041993 0.712582664748933 0.809133926422031 0.00495189665590194 0.266768240118714 0.268147393914813 0.326349814048764 0.467886320516838
0.190446094270394 0.568422197465143 0.0954287610666963 0.42293622107178 0.954767841598048 0.0413764988869005 0.266274309957494 0.308347711073611 0.0572321165018546 0.43823675538204
0.744251780063362 0.555935451835774 0.11379473470634 0.920610097359523 0.978870360651512 0.0718804963095379 0.43115972154129 0.335960659250489 0.587478608035711 0.627112380557968
0.112086511259029 0.0964045285699825 0.125756108505286 0.603152637020371 0.914724623692874 0.0201321321900032 0.225232210970454 0.278181366452864 0.0520111337520761 0.41574166386478
0.25405276045927 0.575587615197667 0.0718055062807708 0.976829364358737 0.995030890051645 0.128789965153563 0.520071682475136 0.375345546556303 0.35486903797781 0.657633380669322
0.941520808821908 0.561619632739433 0.222508788208484 0.943405476004076 0.999142100952191 0.155739227467014 0.566617402525831 0.583204590775334 0.451437955862133 0.568894984141096
0.598884314972195 0.975639156324773 0.439324088709288 0.878841340898163 0.994114426564959 0.506397381763139 0.629403597814102 0.42838987235993 0.635045450235389 0.556046871486037
0.810938203262087 0.963058624667649 0.07742187544183 0.933587950167333 0.996958351941133 0.138238931897636 0.700363320158212 0.598307965628529 0.948013942931375 0.643803715644162
0.684747543128289 0.304751047416404 0.066135172341648 0.672564124652713 0.982557126903212 0.03633493373656 0.295176259517292 0.398621696255918 0.638483856997878 0.408628503724254
0.333934366256078 0.367940596945246 0.298650408624295 0.678801105101739 0.985617129792841 0.072774447658167 0.36513372806483 0.326041883017593 0.334174392288237 0.610514608080424
0.271376190742209 0.287334347007793 0.188036960869852 0.587071926378049 0.972561494923139 0.0750469602533182 0.481339547900656 0.334638337648528 0.160286425503149 0.511876149160484
0.313754342916065 0.601164800295707 0.0579777788889292 0.574497268086027 0.933674194453545 0.0181227465652915 0.300732261320536 0.257377939241546 0.15372104215463 0.542423670428657
0.801915626337173 0.921518825445636 0.151941843276849 0.840863130268844 0.99825093852989 0.203279610189264 0.645686730010299 0.337769318413131 0.878707081047329 0.697245929492476
0.95852423232722 0.326227915950682 0.194599719984181 0.994760679549863 0.998302677815635 0.509569938629585 0.667907253788865 0.445846096289657 0.980168061341688 0.675864856335392
0.82085317312972 0.975960213859016 0.147236168472966 0.926690396323329 0.998961116624908 0.443075373297758 0.540060936488949 0.382089551888116 0.97752867441939 0.655257752561227
0.522411528509336 0.87430202609182 0.064499812376357 0.276027465043537 0.952304342453984 0.0229059291702743 0.382220303008276 0.279021345533298 0.352798697004852 0.496520744045799
0.786989713851594 0.924480098421514 0.150379857261458 0.967537621795172 0.994403904404479 0.166915936891702 0.577592880646569 0.465727653199617 0.863515157216152 0.636115734013064
0.918435307469329 0.199781070488438 0.167414249493066 0.907889895970003 0.968253303335809 0.0737337079975064 0.53001554746539 0.314438018276977 0.865124015407384 0.639191029373477
0.418557100756309 0.394877381511307 0.216431728970019 0.815666018194267 0.994856150661026 0.112959923646212 0.509270188230309 0.373543261564761 0.910653436067981 0.666310795808205
0.560293714312527 0.800961521251874 0.260931964829425 0.824823587707307 0.989318326634717 0.122761924598671 0.387502059323839 0.43511477641556 0.840170310405335 0.509294112062339
0.40676671899193 0.674566528509565 0.0854920486895904 0.840552698664279 0.998831876468027 0.0943694882683575 0.588381558933246 0.398405282632855 0.768841116389178 0.581513350566909
0.41828571014504 0.570179103455257 0.0797810347288978 0.822309473410748 0.980048858454414 0.0454381725328225 0.314940078487435 0.302827092081775 0.0559987076551249 0.544571441546283
0.129087816044758 0.620386642376414 0.171336535218155 0.71309017070023 0.982343893035871 0.0256080177268057 0.367082429698932 0.300490526584893 0.037011866682936 0.370825840018526
0.257623460978178 0.508093874510227 0.119400742894388 0.484056165419975 0.873276178472414 0.010091502358336 0.200068226436158 0.247372678352737 0.221964087065209 0.333905125074113
0.508034391956663 0.869748772600168 0.103819984475938 0.721030450911026 0.980092830543936 0.194176587897754 0.560243015925748 0.351734832194833 0.975973670972973 0.660853211414342
0.697763319963315 0.522007411295067 0.468356873535119 0.668312586787325 0.967073095064582 0.115198982377308 0.374285112578 0.428265508937974 0.335979346039767 0.487662571655117
0.0550571658242054 0.0817768059099178 0.109360783055889 0.550546467592169 0.768391649485865 0.00752697610084131 0.189470505652279 0.267462296935338 0.0115762679110954 0.320472967325698
0.086265238658687 0.116479687171155 0.0282814044983751 0.485469659485838 0.796568899568154 0.00202033606655932 0.182508516175581 0.210009661371802 0.0130248935397584 0.396928190164808
0.776363524980565 0.384025043040518 0.316566499754592 0.530341174370563 0.967718482986482 0.0320117326468794 0.417472839254608 0.310887904188817 0.245393608898305 0.577508419365053
0.172972459468256 0.0166523755520557 0.0861242570631072 0.546205318223518 0.851829779821775 0.0164985969247275 0.278980387498442 0.24076672736257 0.0300567369255644 0.412876379583658
0.481479520301975 0.143418524522209 0.0366927162643139 0.327853640448959 0.97540393340513 0.00875883055790111 0.344247755335047 0.324091906223284 0.592372588186421 0.507645526489732
0.460527686194478 0.736104441179307 0.0595740571486769 0.600413269589831 0.9967197333438 0.14498133024629 0.578791630096863 0.348242248135021 0.935173676766141 0.6431735401801
0.694727505667638 0.424150474268379 0.110305751387216 0.805333738382492 0.984443916712824 0.387440642939394 0.641214104320219 0.326006676853596 0.871910983294827 0.64738889643419
0.763302725103975 0.763297417017246 0.187087697579353 0.895320822136294 0.995251863112105 0.137655133994518 0.481048474426789 0.401066648429021 0.755159171224846 0.61544485543154
0.229804440042617 0.658575564933933 0.409730411710921 0.781173878722205 0.984526140473668 0.0858282217454811 0.401842780909502 0.292090866825998 0.828675263219004 0.531290459362483
0.614059279691777 0.824387312872343 0.100492249676449 0.953825703788583 0.987793747050805 0.348548212567532 0.454224192792785 0.384040853422274 0.782997923657049 0.525307214767403
0.219811043358616 0.161068630134996 0.139464668997061 0.741788305695239 0.923467742635648 0.0110151306482653 0.245109172672208 0.285102062608062 0.132358705082223 0.477381154095483
0.0420596817844106 0.0753570655127716 0.380085047489067 0.774676648234111 0.988752907765075 0.0471339780165316 0.413445418552244 0.357292253940737 0.628568838053292 0.506069318521213
0.577236892500077 0.374050900745647 0.179412866149023 0.683962238524362 0.990706581305821 0.119705793701289 0.546315751889744 0.488073856032881 0.427667544767852 0.619726444125885
0.390528532949222 0.12430755649043 0.0542005683896397 0.33471738910058 0.984382831327893 0.0339343998640825 0.338364151589713 0.283794053413682 0.187130431505763 0.628171621634083
0.350741946185271 0.163499670316871 0.134699393233189 0.681763176763669 0.958426857169627 0.0115915309660906 0.281589455026706 0.248298159152203 0.0310221217051766 0.463393312611466
0.457898249909346 0.604105440054477 0.0626290887260644 0.751671111499753 0.980887751465516 0.0809383248370812 0.575308279877018 0.358257810642069 0.396757509618501 0.608082209757908
0.713481848049398 0.210885247829737 0.0654925004465866 0.253173433313789 0.939410427059341 0.0857886880103845 0.358133956681873 0.265253959463429 0.109533056217926 0.46142417577129
0.461218546243422 0.78982716339774 0.179519852187262 0.94351929994984 0.997324505459753 0.17691296790186 0.56332975703918 0.421796631802226 0.714431457728312 0.616393277469586
0.277252801548864 0.363933490162177 0.227150659272134 0.640927184130973 0.988981704849443 0.0567815582362381 0.375078797094622 0.41102128635693 0.275427598535455 0.576711825007349
0.824698360044142 0.73152896743775 0.25723767510351 0.904390582583222 0.988037850940468 0.147856277276305 0.465704727250592 0.426240124446318 0.716170400018618 0.701211858690065
0.347133837415428 0.750636164390873 0.238439029644646 0.896652610825177 0.995776656901564 0.187153252171051 0.487950438211706 0.437460454494774 0.482213785733978 0.60011358352256
0.404926253571254 0.830187032275647 0.238009615471161 0.706482576454929 0.990063834488389 0.180426019188774 0.470280100517404 0.375244134129554 0.189364112024206 0.481087870397021
0.268854082097209 0.980966590944787 0.197800182324059 0.908216263966134 0.991809140880973 0.0531007043532246 0.393795848721769 0.425893181654277 0.485069011510569 0.651210324567134
0.678153318484219 0.918050790817697 0.149850717504784 0.791996828765016 0.990162083869674 0.0469773497458579 0.366210451264212 0.350233830486613 0.47812655755945 0.590734128982065
0.294956057620077 0.286644160329017 0.172970339961386 0.617643462709217 0.979515923398013 0.0114956728681572 0.340685163443629 0.322845477768276 0.131344859994759 0.533679389920994
0.211174036443444 0.107888280226166 0.0710075093077937 0.750992263128664 0.93419000072853 0.0218504031986861 0.317723155544713 0.310783623735781 0.217868600434971 0.429185671005706
0.277557427601212 0.355292274383122 0.0549275466275755 0.747002225400794 0.924074716535638 0.0324288645815353 0.305816849841309 0.243855438602786 0.0289711529393977 0.505084091286325
0.70213403915879 0.733651430100932 0.095276224506168 0.978566454998101 0.988035226317758 0.165076766457888 0.62943062346204 0.436888646862474 0.978243181672825 0.620179314257148
0.0337717913853823 0.18507759692504 0.111253854180176 0.528074543041339 0.834227707182877 0.0348923060413142 0.258370329913498 0.278359843984167 0.00261813048405365 0.364795877337962
0.429721931107124 0.792335520647183 0.174775668856741 0.618031738568987 0.952189745830525 0.0250280808247871 0.475999293194693 0.361670277482743 0.574954475414592 0.562554224832193
0.192556426335273 0.483344903502122 0.109221435998414 0.875001055093216 0.989083158504326 0.0526090303176761 0.312300014293208 0.329983160351011 0.166797376750405 0.560639345504473
0.25424346913965 0.932792122259842 0.0875434872103642 0.754059122724421 0.961575464098993 0.0383527147741715 0.449359120966432 0.280817570206988 0.526390562708648 0.595551324635296
0.817637517728877 0.153964953673656 0.146400323207709 0.978967567908295 0.997169198767893 0.569555249448173 0.652009339889438 0.562871701072752 0.945745959167986 0.628909176150967
0.92749419765858 0.353481728544403 0.414921055137698 0.922550067993749 0.99890199443444 0.392261950687507 0.600634024413428 0.447687328169738 0.976189976727772 0.623993624609667
0.124482649178501 0.340064758183049 0.122320258571962 0.885354736216064 0.982233831671002 0.00741756178831735 0.359604646285087 0.269361778819317 0.0788922167930962 0.498985735332277
0.83028821042961 0.383061472915437 0.14080201055407 0.92003074148734 0.995525662610509 0.455940927618727 0.593531286302019 0.392419108359667 0.784810082610889 0.649649314522324
0.614188333362307 0.630942419640522 0.123830935721332 0.705888178644079 0.990843296892801 0.19732937165515 0.60972969011595 0.360416701365743 0.687784428301803 0.675376100249459
0.819546742393174 0.498906978791986 0.200036410853737 0.804082157269019 0.988406530922074 0.2431809199652 0.591193743856931 0.434659660989459 0.923714765590255 0.690897873320311
0.634031570142595 0.393629599024531 0.191567071835765 0.586138235283838 0.962707229467272 0.0634913574770679 0.390853367926155 0.38302652786927 0.603559316147952 0.587700624706345
0.402357728486886 0.959876709962498 0.575759165850475 0.87778312028713 0.999158505960676 0.1309622044102 0.578161204404772 0.467647356179048 0.801522928689826 0.698282102990779
0.45074503305233 0.135205298532125 0.077686317513357 0.757969366825078 0.976857088494176 0.0272451574069412 0.380583910244549 0.413675808374704 0.427860880998726 0.655393353545699
0.742686031501247 0.617199184975973 0.262400561192084 0.927048648159864 0.994252656093025 0.342369651030696 0.674245961870929 0.451632572301669 0.753202033536518 0.641352524498884
0.676909726624837 0.838734915768447 0.732784564584922 0.868939574921221 0.999685761196539 0.299502590331344 0.760651520731044 0.540776463644971 0.998461010395798 0.593220439473952
0.466982068937948 0.402538307720023 0.0322225116561761 0.196789996758024 0.947448470433468 0.0308991164396393 0.209794805323099 0.321192218066435 0.0342163783918541 0.541652165872938
0.704044185740588 0.224239326032996 0.239191821649302 0.957440068612834 0.997969511710912 0.418321460225763 0.495835356441398 0.482875693452688 0.937482112775059 0.699855950239242
0.57639179233469 0.240527965694753 0.0638999215991024 0.535155617347561 0.891036685586954 0.0159241772284893 0.271079266890648 0.349549497807805 0.0158759495183298 0.453841391591274
0.178278131112894 0.247797428462381 0.0756008894333564 0.776096442519184 0.975323138020891 0.0226170175760604 0.255615960756871 0.258157685318483 0.607700050452877 0.479394454036374
0.77925744648814 0.88324859761103 0.15065664473995 0.81178744537504 0.998225654753788 0.415503317721254 0.659025356158781 0.507608115944392 0.949449169742115 0.750410699444715
0.0982984044584964 0.606950726674333 0.152909558879156 0.346280550522317 0.915512044334473 0.0154204184313029 0.432391519825475 0.287915544884589 0.686335579241837 0.626616849067836
0.181481697988981 0.191831775682019 0.064344202754086 0.662542220617956 0.934503907067756 0.0278332249507069 0.38754219209555 0.310890950752479 0.162659941898442 0.455408265396702
0.680522988843563 0.372457213500354 0.117936663321956 0.900229026767121 0.993490262961191 0.100286775520019 0.591272407168351 0.429375736515291 0.516760257184424 0.52945337844182
0.972403557427495 0.730019328673006 0.466519611465041 0.753977744258251 0.992196351251776 0.159048135311892 0.658407248092615 0.438852969136412 0.954760610398512 0.597414472762536
0.307120309138158 0.880841929862333 0.0257955508709853 0.899529060936983 0.994979199741657 0.280285068535655 0.568835534189036 0.418503365886874 0.504917266960575 0.563862878761792
0.222606043517606 0.0367966136171404 0.0383324111593485 0.824423847805464 0.957690743854808 0.0126603826675734 0.31059706947714 0.310506415636411 0.155487991252262 0.518768237256814
0.824798636377856 0.318151402819438 0.170145741103682 0.932614147981064 0.996903029690295 0.12588662597393 0.647971319404158 0.331000562395494 0.956483260957018 0.660753201402484
0.573534847215909 0.389328858967304 0.0358546770828464 0.225667967049833 0.975680975258628 0.0507085466132701 0.400413346402181 0.27133275793259 0.0768120084194445 0.622310260731929
0.778538215762282 0.863412769501794 0.115447968997104 0.953677978788591 0.995942517928833 0.167842723890956 0.645117516797845 0.524444695474692 0.745065808090918 0.5198571749586
0.210490094188709 0.31675643917495 0.0884857040837313 0.259683407115248 0.81278190781187 0.013047595312555 0.293573576879071 0.181678275671403 0.012904813982032 0.476703953943596
0.850010821301742 0.385679974090431 0.198991587572029 0.735295499517968 0.999296679788943 0.233160418956631 0.717022695806508 0.412121822716575 0.986642545172907 0.693805585582565
0.0294918041455444 0.0832973845692891 0.033797074917045 0.274431942067371 0.665409578768029 0.00531568600316621 0.18912864053675 0.172997831575268 0.000907977572430424 0.427788219854551
0.880196506612845 0.331529061215532 0.27003191950074 0.941941166466437 0.997856663449935 0.379208328731872 0.459734294575621 0.593860263890523 0.812979230731311 0.615201235665747
0.573492354017179 0.359888062800432 0.17677452186859 0.940170018255905 0.972314075430169 0.271707669919412 0.598087362335679 0.352323708818213 0.943208508197035 0.417399982222317
0.870686266846747 0.109950666524079 0.512870722535336 0.662161404253722 0.999421408004721 0.233629946183537 0.652594217767113 0.452196673587723 0.638856890058394 0.690236762218501
0.34967962473994 0.161739785694846 0.0389602912811314 0.469959350828665 0.826167298072634 0.004848912601831 0.209835402533828 0.213240437053669 0.00612499759100189 0.417020354834114
0.900643227712828 0.915339110162145 0.284574574741289 0.956172275532291 0.99846879069453 0.283425960225364 0.575317169608284 0.483164291595218 0.987119794248795 0.733633030808368
0.490705986897709 0.365108431006995 0.184648814903408 0.230670519870201 0.92664289294283 0.0198444691108034 0.348327681055724 0.331146788625728 0.372590658531048 0.379099430774725
0.729595506344622 0.326817970620559 0.397848909531627 0.640028606437191 0.997312446580941 0.307036231334559 0.578193677609103 0.474934978776586 0.914033022469928 0.621782049381055
0.790780433186844 0.425295225433929 0.0776919305992599 0.92922019652553 0.99885871763922 0.136516543332592 0.672970965557467 0.532238929039736 0.9939275639533 0.719765565145488
0.256760861869708 0.0398215451218935 0.177576399084259 0.603005819659474 0.990256298572599 0.0511035970989434 0.465684308637441 0.4571336599453 0.686849367431193 0.556535174540253
0.763158251378262 0.990229759598047 0.334962497480552 0.772001419489009 0.970164212578875 0.196269496464253 0.5342797567544 0.385522042561227 0.753846750352098 0.584653257390213
0.152704468466058 0.0534730722859946 0.119693006317478 0.250063932683325 0.965745962634267 0.0247882841749395 0.294337957808198 0.339494569832859 0.0543840893270388 0.45584322953169
0.728913699056935 0.870026135107332 0.180324292755712 0.860064571226381 0.994331260914475 0.0914769529019488 0.416159266368578 0.340227374358033 0.896514066908905 0.6278305761857
0.266506609204006 0.337281810348448 0.14450462596595 0.559517090845084 0.964136275343911 0.0204343357081475 0.338878826159892 0.264675130831914 0.762075100694043 0.436792559939411
0.474838821376413 0.839201023416695 0.159762036333451 0.841010700981017 0.991067966375455 0.459707832514533 0.761515058139946 0.461727190335782 0.990647009842044 0.673823054690744
0.189269135886005 0.166908735128961 0.18908698244423 0.436761256667783 0.918582909859881 0.00628221539909316 0.208634001171477 0.210695677799577 0.0264836194371621 0.347106401173318
0.761056638825406 0.547657480383606 0.231500370785492 0.874689159024109 0.994059298266241 0.427325428117852 0.572139661915299 0.455095601192984 0.945290191131768 0.526179437953583
0.958958297540012 0.737024488925257 0.710622792704227 0.969828372828857 0.999627345538554 0.799511363045515 0.805091020990906 0.548194708768941 0.997544913644341 0.791030439794515
0.797005410195737 0.128760675336118 0.260732200045859 0.827679425825959 0.99706346214393 0.230394853776789 0.605396398074274 0.480122547857454 0.879502644777198 0.707445713159012
0.432578842083756 0.754321882000917 0.146057895385244 0.861896409842581 0.945417503400673 0.0654841870846733 0.43197285627968 0.347293139816877 0.669206087548322 0.58579253667106
0.202985334461704 0.0503609245402654 0.0538151489939803 0.231117982539083 0.760050175639244 0.00313445417029856 0.133386747990331 0.254351905218946 0.00372524308618409 0.390570166044086
0.476531097898656 0.535037403135407 0.116243559681269 0.938756331233417 0.949253834313107 0.0902310328670269 0.355790843298392 0.332034725961312 0.442802205283714 0.578556638197967
0.322197511412962 0.593799096982072 0.0740849515432569 0.769365348401686 0.963943732691662 0.0157930749635483 0.288724127156379 0.201514390462783 0.0252842996555644 0.415603871164954
0.408914397524552 0.441764764712972 0.520752618140254 0.888458260896287 0.993420683092369 0.122015023863316 0.391182799572643 0.388688669612107 0.520199175526246 0.614834392358175
0.601498900723281 0.712565503817923 0.15162029299715 0.897217175991139 0.97748014346908 0.0889428514160609 0.455253359464645 0.396418064465872 0.580478061615463 0.57961498972834
0.396985017590365 0.901930751206188 0.329400669344116 0.838031476397605 0.996286010270926 0.0617832556993899 0.485159093678164 0.404892797375949 0.613788847531655 0.59951855573568
0.901405153635451 0.693302613084607 0.489584170419926 0.982984452181731 0.999183145816321 0.492328052350227 0.771841468374837 0.542933802086898 0.98749694564121 0.759437559411926
0.905668435899076 0.941935553156619 0.224047518966762 0.496345500063119 0.99864374226596 0.338244223866849 0.599913749118234 0.451139181710738 0.987776202415057 0.567110935315451
0.318399966303627 0.68820937527165 0.0825275171461945 0.365093462337563 0.959627554006061 0.0492847661449701 0.337156857765119 0.301800834296577 0.120016354995606 0.462315976111448
0.206515574830469 0.555926840459214 0.0614285895198624 0.680245261463136 0.924197494611651 0.055002208701419 0.247988564724953 0.291426886004023 0.725559746975966 0.51409204485945
0.73130394861832 0.451634621035219 0.159458462278992 0.85310855104313 0.994200321401126 0.0395055270833489 0.490162300034313 0.325699491156948 0.444114576872253 0.551318805962447
0.153724606814155 0.825404482618635 0.0704307010535421 0.565478477544658 0.974095861963363 0.0158809279565727 0.430910490034878 0.250280173740633 0.012364011865979 0.451662092018402
0.255224169281643 0.244598093444275 0.0587328751978078 0.813577482777959 0.996282846137279 0.187406938951093 0.591028759624942 0.390114210593461 0.746964813185324 0.589587037683945
0.966709548431605 0.408341206773176 0.389143091144663 0.925052870770344 0.999733666830154 0.58400753286554 0.753659764828757 0.550529405805809 0.999065874979056 0.825444499481683
0.468412544954608 0.704853316460952 0.23160401372676 0.838348488966742 0.903113323135242 0.0944478803023735 0.319625967615491 0.352243095477309 0.304729852609987 0.468989189665625
0.209673165089929 0.624059867879435 0.164607919433751 0.772490211292922 0.983122409627869 0.173088616267718 0.353750792861672 0.354869271318102 0.810756428561006 0.52461699459959
0.34390166583506 0.840740092722614 0.277430916267078 0.486643517846599 0.997314070314285 0.152911759588571 0.669909503177556 0.448175179702455 0.882100736717233 0.596785457883436
0.57221739183387 0.721038589742183 0.274114836841897 0.971987505439176 0.99563935929661 0.086077672561068 0.574619447411559 0.336394137676485 0.98944784852904 0.642911528335732
0.89885816263113 0.957493463753709 0.410423915569273 0.997618893360788 0.999726167675364 0.376582399008914 0.766170113247911 0.582051479510095 0.995654132323016 0.761106881031314
0.59099057698993 0.945485003297599 0.0314248753267097 0.973561973696856 0.990975902654085 0.221430179790724 0.453271607471036 0.450732754156945 0.909048340106138 0.621151981372758
0.251203845375189 0.775901227970515 0.304989085325724 0.326375166254086 0.959313249294727 0.0279436154427783 0.446219191543801 0.292345818663305 0.181814899928479 0.429887346403679
0.865169539086858 0.355479307712435 0.143310945954312 0.892459313242156 0.998730059767402 0.0238140629000332 0.445081924711589 0.377490840039259 0.874062012957522 0.599683751117273
0.641391804827193 0.649195422971782 0.347729801580749 0.949926214719827 0.989396345932174 0.106875581930846 0.685017413612376 0.494008443300824 0.98551846909518 0.738209812231565
0.897581503812471 0.777580176092758 0.302016811228134 0.857344476497321 0.994168735734125 0.23918592466719 0.476102053339919 0.390743366861237 0.947237186822692 0.6111254914304
0.108572502422929 0.26446091272753 0.0343761850449314 0.16810303915721 0.64645730423021 0.00450921389310718 0.163712375952573 0.315625859850513 0.0176584162849104 0.344855522972251
0.832179620685256 0.757561261248099 0.128395896186613 0.783091742812692 0.991864486105859 0.153831997383387 0.520734023611131 0.388175097545595 0.914608377059942 0.743706721890825
0.581623186136096 0.591440370542323 0.151298940270305 0.95553484860252 0.996278224118343 0.345994276258628 0.444212503646292 0.48110819220405 0.885384693611969 0.591615632358183
0.119510836695459 0.145985949816727 0.0977485234863852 0.841333008907204 0.956293421159327 0.0133639158419936 0.350291040669665 0.340838243238793 0.080000190059845 0.48011662258667
0.836926745712226 0.7697059961434 0.300860795208145 0.766779543472725 0.996326378885499 0.262675300990485 0.59235559159473 0.451676112553006 0.935142523192269 0.696352828772849
0.290289759708559 0.790862680155959 0.205358773974969 0.460343504312879 0.993531753696478 0.070656310250041 0.412553728016388 0.291724799101979 0.5660277051003 0.547229843017942
0.720793144377132 0.199817719536471 0.121257709728571 0.965074838939961 0.952233480569717 0.0629356877866081 0.407556672932545 0.327458814540713 0.750640464071885 0.425624343783285
0.761847161343852 0.262204779507002 0.149284465362656 0.72789175856518 0.9903104133631 0.0376540801795358 0.462157855306233 0.344577559579604 0.421863992672256 0.529177862444851
0.825031587991463 0.232010551596734 0.069759883918217 0.941516966633662 0.988471383243365 0.107085879686804 0.472368440757023 0.432333552164388 0.54001618787909 0.530458920396142
0.396473104434597 0.634307798995311 0.300862424136172 0.854834440032615 0.988295890034608 0.123603630472203 0.484622196786569 0.376596454825703 0.217782358791027 0.596940766830465
0.896796470993469 0.281742969831937 0.103888569162436 0.742614527481678 0.997204988761302 0.262977620329445 0.57210123568342 0.462211905058527 0.891189257688206 0.664609996934363
0.890373594947282 0.98382803363326 0.107800594592864 0.810021349772484 0.999578761451229 0.207933736735867 0.669497269572448 0.398312952586685 0.988835246774468 0.606206983453004
0.847807588495364 0.699547454654176 0.265599506364959 0.915902152509508 0.996842035100572 0.129331146934347 0.655482737051653 0.520863898670241 0.97076271865657 0.616827186297481
0.466088987183161 0.816156779728828 0.0611340173528157 0.888462832253567 0.993486661597601 0.110053380227114 0.489852160600446 0.342629793255181 0.398692645638235 0.608017725436431
0.686265566201077 0.769755470691306 0.449437492110506 0.900604037394079 0.990630560625285 0.179278449919168 0.624836683179439 0.359769581831517 0.825994684085441 0.656260695432273
0.588288072273531 0.464420701332424 0.287576503038308 0.238990255968107 0.98871788933904 0.196740316850388 0.658822630286538 0.439284145559816 0.924301307399866 0.579958964747094
0.742507433136312 0.20444288305438 0.0812871696892008 0.92047274255073 0.976172644209509 0.0402701842471996 0.439590698743851 0.389047447352555 0.504942364377206 0.528433525443752
0.315440180003795 0.714720384779679 0.0815175704148914 0.774386040843535 0.962127236728566 0.0638583554122314 0.474254181441522 0.311658051310752 0.793069494180464 0.568016584266732
0.978539688975882 0.905010660004197 0.630357894682171 0.954341280790926 0.999742539175826 0.365837770418139 0.78254771623961 0.51592869668748 0.998900273435315 0.769148145429796
0.771485982514536 0.971386807608134 0.369966703022662 0.608293898543611 0.954129758719168 0.0491262518367171 0.438910660282702 0.321184630457793 0.52753546684576 0.507500458351713
0.330911506325083 0.220964869883204 0.23636671666458 0.710669323433487 0.995446141404509 0.0412460335439141 0.293927614287532 0.370680830636801 0.107173910647548 0.532279572341455
0.627108670689869 0.148813919609381 0.152689915616336 0.655271743689728 0.967071441686243 0.098491478946061 0.24216622842479 0.38500875460028 0.298412546532211 0.627447567768203
0.613528107499604 0.829855689474386 0.222277876809472 0.781827739706283 0.987874567368807 0.158977865029016 0.341417834208558 0.366924123144827 0.61079772436447 0.609956404337006
0.188504410440124 0.458664738624113 0.0545105367812979 0.623305943210241 0.972204927687218 0.0609737786598532 0.383148141457414 0.346069300677069 0.631960230113002 0.588077477521826
0.453749805140008 0.660297720773373 0.121365947015738 0.86148080885869 0.929469000836304 0.0203805437331426 0.322843510261789 0.266175473356731 0.339846963138199 0.551719191870413
0.833866851866075 0.84500813568615 0.466450182921996 0.991814661035491 0.998813182230153 0.630340824675963 0.814708520978658 0.460175080906915 0.996802401567579 0.753363957596399
0.181361719391027 0.486681164532009 0.0661828828184148 0.60888895098734 0.952637135183412 0.0318417204435093 0.401511506603667 0.346505666669573 0.272481498580664 0.506039659904354
0.550880600727525 0.105305010690007 0.0754364412271355 0.0737784109386703 0.912247898120537 0.0172897814359478 0.236427615936051 0.230177552977552 0.0747894633487631 0.429796878949661
0.11907597528768 0.768786735089508 0.212586731604878 0.566897945566806 0.959878324468337 0.0369063573410413 0.313467877491938 0.35575987672755 0.499217166748217 0.56026643173254
0.626894600951382 0.130996788626963 0.214504266913149 0.901096580379153 0.980241410266241 0.176633570723885 0.498540778339148 0.359609334216498 0.660150931541277 0.613945618697264
0.64560049149131 0.142713638950114 0.347394435646525 0.846288007083995 0.996234097757505 0.218355276303041 0.481098030321164 0.494836774935569 0.772931775037987 0.596692807050657
0.678901921451159 0.871986103752836 0.394293309475353 0.868723403861605 0.998055397387082 0.500385723410815 0.672434456200324 0.539933795822192 0.994691314767334 0.745203088302325
0.410944294247319 0.0826853143822877 0.115969090816342 0.562614437776452 0.951191314225532 0.0638380923275514 0.320333231262077 0.360385339544458 0.406961417448813 0.506282516831669
0.863402179429473 0.299144153027941 0.462080842804389 0.990305905758429 0.998472056636443 0.511634405836367 0.775798308158329 0.437951451055701 0.994622475623733 0.65722235309021
0.746056838108623 0.642590424034546 0.101495464517109 0.709436840595071 0.999222991058794 0.221199556979557 0.506942903505758 0.506642221333845 0.882547698744965 0.705834331067614
0.14000877735199 0.754168845473996 0.0800773170716902 0.450403236831279 0.905247994100327 0.0575377137453273 0.174062778389982 0.308382291242178 0.202607294303693 0.5087128312073
0.660316645288515 0.159342379765153 0.249774548991514 0.689344051256163 0.980348335410839 0.109351647231419 0.428916405244545 0.358812351758292 0.839249400798375 0.622779381354601
0.899819351199766 0.974929991713136 0.614428838945864 0.965749677862558 0.999799572812537 0.716362608426267 0.801118363890267 0.490005430870073 0.994263273314586 0.631004681869387
0.453623988516206 0.54118105367394 0.167055045939792 0.763912293389316 0.981725050923149 0.103284974740848 0.387282217795062 0.36132653137329 0.353480114259456 0.548214744529107
0.89832483034818 0.888834193068828 0.383474172267022 0.972071808280702 0.997321446416763 0.279314715927952 0.585712929597787 0.452784185297921 0.900755292619405 0.671363700434336
0.313448878512989 0.294044164637657 0.0713647214951195 0.767440107540719 0.9614382930815 0.0416798238095354 0.279872432386225 0.211503570858797 0.185080386134579 0.438809931474855
0.660357875118159 0.739485911138878 0.195582589092089 0.883583812764788 0.996865388712455 0.233924918295217 0.499537196025663 0.484989403440605 0.914506007600771 0.546516451911299
0.224151566698911 0.317129925439088 0.0360721888167603 0.195404217655183 0.991592462269911 0.0256053153739541 0.348735816429313 0.291561449521916 0.0651995599247233 0.389051964161469
0.398135146219224 0.560270409323343 0.385966921195352 0.75437270161286 0.998000905167773 0.10566059349493 0.735851815242308 0.399414419553865 0.953367005763873 0.694514818524031
0.406113278822692 0.48889018142531 0.121997168539162 0.34724963619795 0.9344628319772 0.0324280695476655 0.389374345768398 0.314307149844536 0.0245444012211188 0.622032241771987
0.158156135421895 0.0532662383867857 0.161969631598778 0.705387382204039 0.674454645671625 0.0079023146588468 0.217238700789421 0.184784072516477 0.0126770862645351 0.444391210859843
0.137670725921115 0.897717057016772 0.120044984464867 0.475676264365297 0.949152969417538 0.0502683455403007 0.24053259454012 0.337918054525267 0.247309099683156 0.426637814457301
0.867084664143409 0.809525595061191 0.133768951272385 0.82016886494373 0.997833750023647 0.0995300791433004 0.488040269822268 0.489879205184026 0.932518989931643 0.530851855700955
0.529433456850794 0.913936519514361 0.0929796527364967 0.46215763660226 0.971166621243189 0.0195479109791784 0.339036043270612 0.267215100879681 0.127356686225744 0.548515967761896
0.480754680194432 0.107664401230279 0.0471530998381493 0.758549314999595 0.993926627876138 0.4230506021468 0.570194514919977 0.424559426790021 0.890010377600642 0.599753078040654
0.156710780224319 0.348844134703549 0.115017374792142 0.700607524703032 0.977854448008195 0.017419656900168 0.291553391638929 0.287723610741458 0.0442003909076017 0.361326972860574
0.706313837374535 0.605172933838636 0.397466890865579 0.98059048369259 0.994935140753029 0.249976297991279 0.552049748278765 0.451874499538321 0.984748706581655 0.61350592277523
0.398537305324913 0.0852335111398344 0.127632682998808 0.438677979977601 0.840051949235049 0.0271057876319563 0.273130892594778 0.208153591313924 0.0446267626873066 0.445765997843527
0.0206227463159751 0.0102897970621511 0.126394478243042 0.611689413147312 0.715487046585882 0.00893624058031806 0.171012334374009 0.304152918500658 0.00869440220649452 0.498865592357283
0.551059650410008 0.641982156227783 0.228887720640785 0.921294565002533 0.997472710980218 0.248710370834511 0.479168243904526 0.33960311082125 0.709631900555959 0.674875095805531
0.408400454576267 0.148502523414845 0.313282898479928 0.360303030209144 0.992283965100289 0.0996760917496055 0.269659052693077 0.42589374629328 0.616474805957292 0.588126667629131
0.163799221770375 0.563148182322604 0.0723528979752691 0.291645728668189 0.956016085466721 0.0355575095780615 0.286850485411925 0.284816868160189 0.160135120832262 0.477466070934454
0.832265621155522 0.213748384143647 0.301340615174245 0.197754571255649 0.988755916137257 0.0210832013073544 0.413399026083466 0.356496743388974 0.844213214645813 0.538836755659133
0.625895464593787 0.417703374439631 0.122229717624011 0.915670362060925 0.973828861358388 0.0454571637865961 0.474624677978951 0.398339132704313 0.813027362925002 0.507198505919083
0.755137878525827 0.468344746021007 0.063007765034922 0.508128384938987 0.976137288667556 0.14404501759264 0.383997015550993 0.4117637140152 0.678898951913102 0.413174416003825
0.936667843591493 0.486816788355566 0.370512159028537 0.955155736089396 0.999065316250395 0.366136520841536 0.663318280131238 0.491742878881507 0.974117997210859 0.647223716655084
0.106519516667601 0.123709668530771 0.0781355170021186 0.346012293471513 0.914714013865785 0.00989173935956951 0.241023328449395 0.243508339234774 0.00831514289486194 0.329395086721875
0.929266161829464 0.8862402864515 0.149237024774432 0.766423855909336 0.989814067033781 0.0855879920629882 0.49458680930926 0.35157825946588 0.832633789363922 0.598000696354111
0.604769203133853 0.987490455214532 0.195473507359786 0.863588172782845 0.99623640584561 0.364996753053245 0.556548617571317 0.389727510599047 0.813377517361745 0.63306127849956
0.609124808695363 0.165096125987192 0.180391392743497 0.742745295667534 0.994526728456228 0.210551870023867 0.507018944584285 0.425291522831617 0.924932336620814 0.657090755713851
0.598149157092366 0.753110753507078 0.142842872345906 0.90031375685597 0.986971690798161 0.106412114621821 0.392238794700084 0.373284133143863 0.759560252093612 0.560975562469754
0.293127424156493 0.729518764638109 0.309746431145408 0.221393095657599 0.97088140908299 0.0248149188886581 0.426179971745738 0.326274012029819 0.151049157363571 0.467132415502698
0.254309723209267 0.819048156283313 0.240000804488809 0.911087671828694 0.997976352103418 0.202836290375368 0.522649459181013 0.386522981815167 0.835096812478909 0.555713288633791
0.0672556295639783 0.0145358612818344 0.127009597245565 0.841098447167574 0.994059366476961 0.0889708736335237 0.442839699671733 0.333240053257687 0.670168232983319 0.584603559921849
0.346198736250252 0.074750492461635 0.174451761482293 0.366921167142362 0.974763076615502 0.0317134275210518 0.46655731032245 0.230033454065796 0.426298020003621 0.466957127510303
0.55256895547135 0.471772116977106 0.356503836408497 0.914429879172722 0.970584775346645 0.128882375437576 0.476056245990158 0.298325549873622 0.69068354098167 0.576825000589211
0.139539245644848 0.0989871965716099 0.0775012566851821 0.611969912945509 0.89735341764809 0.00637210509625407 0.171964855076963 0.237004890595122 0.0674762750838465 0.541576751831588
0.382423799918578 0.0444203246834353 0.372566549692463 0.567084890138778 0.996735368579058 0.0697434894839083 0.27148571246025 0.395024717777732 0.273969347972389 0.483204812899749
0.553757867149907 0.490938390981225 0.142525062866975 0.776320254126501 0.985657840510476 0.0704594118809725 0.460088170045384 0.24596895030919 0.725819129575106 0.665136523936674
0.473223704706542 0.0590250512337648 0.332162312345759 0.722672246058986 0.986901304974933 0.139543896974022 0.538629708365684 0.343303579164718 0.587246822511699 0.611502057535131
0.290361269850847 0.0823158855853491 0.193619489014507 0.56754508335056 0.81787664018664 0.0531977335445121 0.259293545965201 0.292721989874583 0.0354308739077755 0.516744042181508
0.250096098931001 0.475799817136829 0.260734945427266 0.731624581628771 0.979670569414751 0.0111531401913618 0.219377831152682 0.232555429235003 0.0670101196372327 0.469640122376897
0.834968297403089 0.712471946297054 0.247562090191308 0.872039789159096 0.997467852399283 0.336812284321848 0.452006784434745 0.416693209710243 0.701187468464722 0.630704037411442
0.411082936247959 0.563471202865833 0.0993415359231497 0.712436104298478 0.93726760047521 0.0265582499438067 0.436060202050667 0.304001066064513 0.14964773159443 0.569711900096045
0.699498807142286 0.116419395657855 0.19814334214145 0.767901528497778 0.992877240612913 0.165680926590519 0.507700666970304 0.457709109772143 0.458135405787838 0.553517483763006
0.688856566668722 0.114124380414343 0.323710324001716 0.874225953928126 0.987222755703348 0.103286786767651 0.641242853068071 0.371879932114027 0.472397515754069 0.605751583738257
0.700530898566584 0.826246871010866 0.126655881311946 0.906956033679611 0.987746520509126 0.0708061126494313 0.541487714463224 0.451406473644472 0.842342192867527 0.548686493288586
0.525242655564486 0.330228660093621 0.15187807455299 0.907417822001112 0.982418909507283 0.0361240851235238 0.390057484813889 0.327686905064615 0.316363744145592 0.421080321163504
0.597001028045068 0.517336875264115 0.157868719439621 0.929771214388389 0.924491708063145 0.0643634311579108 0.449285979610229 0.364936059531466 0.107470944380973 0.567336227972431
0.198423784557211 0.0522690863574462 0.163029908908975 0.683082815771362 0.950383521853106 0.0133446160410924 0.292922848875049 0.280785937933501 0.175689387478609 0.386099976177968
0.936748921596726 0.743478656380974 0.367441469981715 0.803294603961458 0.997208530342735 0.261813455834966 0.436199413060305 0.484732539472699 0.96216737456333 0.586079657707593
0.226606070591103 0.905055155494516 0.291542136635545 0.565540325829344 0.99043459383808 0.0338900068634339 0.499371839182083 0.46794725678017 0.90816095159461 0.645473942878305
0.410637360033635 0.542038026053302 0.148491787884427 0.898789611810495 0.990740953224452 0.318549285751697 0.517916982765706 0.383213942741044 0.708132759973148 0.565347348757451
0.619494553459294 0.611872081910441 0.0813143857235391 0.488485679531134 0.976608486902097 0.0104537283700987 0.312290921298997 0.29125914737323 0.27893114869784 0.473167971651879
0.243530623142038 0.178509846915515 0.17023918209612 0.794171308468541 0.94510362391917 0.0124007270912668 0.334398984750168 0.218846702750841 0.0727111784992882 0.469173270673133
0.98219263441441 0.591534395203932 0.890340186558692 0.974529377844428 0.999864409311206 0.825062132234094 0.806815458683175 0.643912762946543 0.999353624848193 0.777775698151803
0.97253643301213 0.520708093986396 0.098136208870157 0.757754147382459 0.997208050287082 0.0541404662565724 0.429571340733078 0.377785604131468 0.551950130900564 0.517149164453935
0.387698208091953 0.318895838845555 0.143508274890092 0.582749930697689 0.95800601228189 0.105694767092703 0.46729058805705 0.330172560130669 0.359503336682328 0.588014591523385
0.906271839653739 0.496789196068361 0.110060297483846 0.940480635253901 0.998979776416459 0.1841294479839 0.503991355115523 0.405602423589619 0.973463279443794 0.63262374287028
0.960995799036044 0.463425919444585 0.255090825301844 0.982449074065957 0.998794441838018 0.593111099080745 0.677904525669358 0.459031527683745 0.99217476981899 0.711666718088437
0.763614372685678 0.802849357804094 0.36538692321724 0.868674068565559 0.990537914652748 0.0214397809926078 0.348719577627567 0.283636003873227 0.567780118251076 0.519300925128585
0.514321941189916 0.779630656413836 0.107497834638564 0.884494495795248 0.969495869471312 0.091903510097422 0.449725141834257 0.432653442159874 0.679230683504958 0.623233057299774
0.648103774929155 0.210124991378086 0.510868892308092 0.732871051193517 0.974894695045212 0.0657097879188588 0.415701966558121 0.434915849755146 0.54511901180958 0.683271583785255
0.629791410942119 0.290975896736432 0.179755262111193 0.704666948986654 0.988218997873448 0.132474462352424 0.454813828660128 0.309769889257963 0.127584268545697 0.581887822670819
0.394120621867974 0.434450198089351 0.351254009046133 0.879755305408048 0.992092375089248 0.180222609873578 0.405019782198767 0.33327293081355 0.824670590565451 0.542054204158793
0.742687879010152 0.823534527014885 0.209848559349508 0.72145228949265 0.983098761432156 0.0649462277588745 0.407377423019268 0.383399834225161 0.881385075736015 0.399274405129011
0.142098974067926 0.111332058935475 0.100150308222944 0.299975758785538 0.405229606626766 0.00882762792087979 0.208959877754225 0.275031300882078 0.0328302303467127 0.382942132565615
0.852358730426818 0.244910703739239 0.13737951130133 0.951724440808793 0.999463206694206 0.67105206424551 0.592315404206996 0.476812877654727 0.739800648498336 0.570450818111697
0.785361807259614 0.901519329504105 0.0917361559864835 0.473246474313488 0.972004454310928 0.107848714065739 0.437594487509907 0.304746470432754 0.872168134353784 0.563676312872048
0.83017511651914 0.0280014083326271 0.0447736860598924 0.285032030582998 0.95982010590711 0.0203505669871387 0.320784449313763 0.326844861277858 0.413971265006595 0.48250886341629
0.74854962683414 0.680753585428948 0.308395548617252 0.950352848660948 0.995612911094868 0.311356231127216 0.791760495479218 0.418870335640675 0.990004333205696 0.716713633840466
0.344541629412428 0.714035952348314 0.0288919268439994 0.726408070607887 0.872455959309278 0.0457326886678874 0.458203888160258 0.281982622597645 0.350640533309798 0.450343563271426
0.526967026768272 0.421287373173512 0.151174580682275 0.614797519731499 0.977372181942078 0.242914673740236 0.560119460127498 0.393634463249016 0.708661118687722 0.609421392480325
0.249734085746116 0.56182081826342 0.370234886006577 0.684456833016486 0.933535183216506 0.0913488855065166 0.241392331165995 0.307899228816426 0.134227586164672 0.472808182632461
0.959801395405099 0.854799859883981 0.410710506223461 0.919061683114327 0.995362826984372 0.233904736530415 0.523214908910292 0.447888465408465 0.340645441405785 0.547912025581999
0.491091406296474 0.66018604629703 0.0378369233830734 0.928770594789484 0.967700357984519 0.133264713748345 0.482250348507796 0.323945387887867 0.797437452824499 0.572446809574768
0.607737723630275 0.486608734644213 0.063466728720786 0.74338572371026 0.976048673404471 0.137085009583461 0.350797106606212 0.330383547461598 0.835980673343117 0.651327239665134
0.207330690924959 0.41459982743894 0.115138234587094 0.758624954198 0.994487278904401 0.374345470025464 0.589832870923173 0.342536170410566 0.861069124903556 0.582744091170179
0.83730953582523 0.409304599452417 0.125158770584307 0.905433386625395 0.99521187055841 0.231845941913739 0.575779840766803 0.418208888124012 0.87871548365842 0.666991527942693
0.455266883480394 0.889848895733645 0.213368857000923 0.83057163520512 0.995932765003237 0.0680347120073973 0.400517212770363 0.380926870516602 0.492533966881707 0.721976881819577
0.0381082654716825 0.250496973399975 0.0441010306874069 0.356897621570318 0.627284906268059 0.000902216657262098 0.11753153668415 0.203118638724429 0.000724288529406626 0.386216662425497
0.045997287118646 0.652845109023413 0.100219410149457 0.572436915913624 0.791514517676835 0.00617531226641394 0.20776141766725 0.206400181738941 0.0573662942689471 0.41736139339667
0.948574570270304 0.718237815870187 0.47102515190497 0.950928228148884 0.998855326501095 0.570689738012983 0.696945918300062 0.588782275129242 0.997808723715566 0.785864647731677
0.556442455889926 0.712657625408868 0.198968208219135 0.89123933133389 0.99630386686652 0.289662021088758 0.414680640513959 0.446742725164056 0.444681668345263 0.634619956278762
0.276928454268044 0.0931798358613666 0.202608360318212 0.832667171595895 0.880244297858641 0.0816177238811489 0.319650121132324 0.310606928214801 0.475617412802961 0.46034267870376
0.160356973678766 0.0395253850350559 0.150133744540577 0.677342887286011 0.963620730233522 0.0459989957173777 0.419671949256827 0.367897165873556 0.173936315981781 0.629564190026342
0.0636503584847754 0.412195670321231 0.0765278392485813 0.479375692554162 0.896430928477161 0.0498282043957944 0.348106376919839 0.277359686650557 0.143678070463247 0.383120448401667
0.70078488547806 0.474908143405336 0.105077678436668 0.937100110511643 0.964358396629076 0.0379399642708344 0.479751915134478 0.435523212590735 0.717681736815931 0.640505126375778
0.663631151875796 0.333867200943821 0.379107862218453 0.727863561717413 0.991734389783024 0.123579742144818 0.507867535266462 0.380469010572015 0.553794930465037 0.633502959894952
0.631038346155005 0.726840446596722 0.0616098299351971 0.640183472124764 0.997538194977716 0.134703474519172 0.631058175475344 0.405698085213193 0.816053830752724 0.508557273588637
0.0697375291965734 0.0536588612391746 0.167534754318141 0.144344559708693 0.825632927037168 0.0120249841105705 0.160547234282428 0.184958726981715 0.0108513613030673 0.500344006506338
0.768606158401703 0.189732394272371 0.224988928537913 0.752491221245427 0.995773887086219 0.287686311168709 0.460489667527958 0.44961093466684 0.885225588467853 0.613321374520935
0.245207788965083 0.361136761960379 0.118545796437387 0.272525423473599 0.838681218576623 0.0293337116455696 0.361650502753778 0.235261475934481 0.0413813222519763 0.442603446923019
0.289801117140895 0.470204806778157 0.0296006767981865 0.811847156238222 0.98667175254525 0.0496446141590326 0.400428268848849 0.38200104951102 0.400275819860911 0.414703799714014
0.923609549228868 0.76053958770962 0.155200008094283 0.855220132563156 0.992580544885639 0.0578922844894375 0.445475416842937 0.383391380579325 0.962505924213627 0.618052036421447
0.708083854257117 0.0488078014234803 0.144185587141598 0.597377580985044 0.917924128581045 0.0632233180022079 0.404402164566161 0.300640864788228 0.41191472894675 0.507435566435724
0.188325169200671 0.169443608488933 0.147600950834116 0.568942221365487 0.947008970436817 0.0286626857115831 0.264824172379867 0.340854647773061 0.187307345768494 0.553395036423892
0.216520431665925 0.318653235281024 0.11171541881218 0.210744601709602 0.860021999121365 0.00708437376347664 0.197406426285786 0.299609546383446 0.175314351187411 0.479366898451359
0.264443611038782 0.362018978412033 0.136232627010536 0.557609677412696 0.883148366203745 0.0331481771166855 0.371324288963968 0.285941913565363 0.204573629997884 0.611902656611923
0.265450436277901 0.0014228106257466 0.0559445419427121 0.88122675176156 0.969649643615457 0.0154332817754858 0.268599650724915 0.341033841021836 0.143932490900161 0.464114915399764
0.586019955963508 0.0309564166990079 0.458423593043253 0.915142686710166 0.991811661338899 0.0845072998015783 0.535319439989935 0.32957920546808 0.0782110813867969 0.529622294094789
0.495726210642506 0.0374611670802241 0.0555512855771116 0.280608355268058 0.737212555381678 0.0186338848145953 0.220111628920356 0.239026370921077 0.1170897084104 0.511295939472466
0.775951185076633 0.779577804154939 0.370042530087646 0.975434129883691 0.996484841838405 0.128198825544359 0.640370840537353 0.3193748673476 0.713876436508605 0.673535414812334
0.590033762911098 0.079606538018245 0.179606349920453 0.390657088919558 0.985695162049712 0.0229462132808643 0.510715042986342 0.277338272628061 0.73983557587651 0.487982771026594
0.433357133675349 0.251471703492612 0.191812251631795 0.812833659946338 0.995229252356334 0.123266647192999 0.477744309434474 0.351397961021652 0.964667274555735 0.560649442878965
0.766483368547017 0.785600950760522 0.329547770235131 0.913264910713377 0.994008462596583 0.405982563309309 0.683655451124617 0.296567857935559 0.32743924465238 0.59873011620489
0.868969635577013 0.659565904371345 0.150909109361195 0.792965899797712 0.996203917209461 0.063718856042019 0.591592746455344 0.290845841718964 0.77095505086662 0.648662452751055
0.851421374009249 0.634574723220725 0.086446975782024 0.942222293581324 0.989392863203297 0.119937438020911 0.647108420685992 0.349266624052255 0.938081760970161 0.614991455815037
0.743027332147035 0.278721359178463 0.189908725281818 0.893741015556122 0.996397252745383 0.525067330202502 0.612436074146791 0.431489168264698 0.978083817407636 0.703722351619164
0.583500024864024 0.847102151056588 0.184067962812996 0.924044138196181 0.986447893107779 0.0568155248599344 0.563891681220126 0.286406820210372 0.356087012741606 0.520187395261817
0.931781263373692 0.293952129007059 0.197305866962695 0.903540822593922 0.968877522642821 0.0168506868123891 0.524847840665953 0.307308843745258 0.139071590264043 0.53442415037921
0.728815950516432 0.837592099509295 0.377533954125762 0.964694638459804 0.998872280333191 0.153932682436424 0.542254215983218 0.532796452780498 0.727074094184762 0.671924976027472
0.663469968020599 0.631879391883604 0.11641099879127 0.760489228086295 0.677173621560338 0.0282817825211508 0.24368582727916 0.261158451291779 0.0273101053995734 0.49848071007554
0.288941603741315 0.0220327952397257 0.0501800752573974 0.593376201206771 0.993170990917854 0.0225303975960938 0.388997545316965 0.288303598358145 0.0631586505755664 0.638516300131243
0.893326082437792 0.955105281614274 0.155630137257936 0.764448775579525 0.99886590271364 0.460561326854168 0.662188267297463 0.433741931839146 0.968290670776602 0.617430517435616
0.0920039202924158 0.31280762518442 0.0610559599274125 0.870651132879558 0.854735536295419 0.00756315527208881 0.313759179912434 0.269017488214861 0.063030439223232 0.507314258338761
0.721966252201294 0.945981705060741 0.170173061452889 0.791968383110733 0.991900669592403 0.0782840753252877 0.432545260042856 0.359938394948223 0.80498306427021 0.620305621542207
0.563082232603294 0.709118606104463 0.245571932965155 0.887795260953404 0.98909895696353 0.187271351871142 0.445997331280357 0.26154886415973 0.867266862946461 0.682191108003947
0.726637680371673 0.707471833681029 0.24935150329546 0.980500496381198 0.995156001492667 0.154685784063049 0.540020360766488 0.428209190094186 0.98117397453622 0.691447395879383
0.585496902265591 0.916557255348444 0.229399600810363 0.661344911598075 0.997329724918014 0.464776192488068 0.682213362846975 0.426206670829924 0.970814489851913 0.669133880410526
0.4133358563598 0.200111461544048 0.150485509961153 0.784803818639405 0.982287796434636 0.0485704759164617 0.396671831153595 0.396600240334362 0.204948945401397 0.563113245150429
0.838903990889112 0.436717365393705 0.150269099618998 0.732030098433858 0.981822435541821 0.0600058280365236 0.328163631826437 0.301274592643539 0.440038526506155 0.529216251375666
0.915600739642788 0.574197978916313 0.450047053620923 0.869687192830673 0.998273792096903 0.62671097280405 0.696946464521445 0.439892708933902 0.984787810299272 0.641326899233652
0.391431592355488 0.53335548813694 0.173100465823939 0.726624728297399 0.98096832264976 0.0352766826910374 0.348359382987071 0.306437880761472 0.0918204494298442 0.439946689775229
0.462271012814713 0.126762098162611 0.349574937361661 0.201491953996228 0.923979870810625 0.0333073100880565 0.314792191394354 0.277917103826925 0.0485033013618092 0.44685631769072
0.405560522102508 0.25772225124016 0.198887578478331 0.930005564560146 0.994864587427947 0.150336735947244 0.628484952979344 0.476754936600453 0.741210206611697 0.655154223534736
0.279238161569148 0.456859773721868 0.167840399566193 0.587757498121035 0.994727952027437 0.0489116198374148 0.299759224061121 0.360112015073808 0.234525197117066 0.450124076412863
0.666390056857412 0.330393299566727 0.4614737000783 0.987995464375576 0.997698488954912 0.470558832915698 0.652423998098175 0.511873652357999 0.996474838310856 0.70941153318802
0.482657820109363 0.192182579142786 0.0301375427382582 0.0522662492017651 0.824113631605886 0.0213020779461353 0.25762484557681 0.246381339958637 0.00490070284314277 0.480696801624762
0.879437160488271 0.651611873564609 0.134810912256956 0.977262512426909 0.999728502452674 0.35903907978739 0.621591143419366 0.466305459042648 0.993131591844818 0.65882849996308
0.38652788846843 0.469604738553946 0.273936243038207 0.893239448842683 0.988673467680034 0.0416418877985056 0.421792021400204 0.407737412271318 0.798235133414431 0.618574590518687
0.356048379876112 0.638119234222146 0.185327195495408 0.766910384196698 0.997672898604116 0.224587028874438 0.420463239382015 0.35543824573112 0.876144950887441 0.599589996783842
0.74743640811776 0.0513455292174592 0.389327532031473 0.970438862648144 0.988983867320372 0.152928648726796 0.552874570862394 0.406360618938254 0.872170933029729 0.632059084095205
0.761826012149123 0.442072915243661 0.144175204015758 0.945807928409119 0.997699427455635 0.187417676862479 0.589479235569399 0.414549793271651 0.94336163211791 0.646647549605335
0.740969696700831 0.917792127057583 0.461203339831402 0.847351221987561 0.997176991362252 0.224873206778856 0.642535696255001 0.493911877168109 0.96927595563941 0.61567932148689
0.934720229184696 0.711236277051117 0.163898709786603 0.697341904714243 0.998530889787541 0.124587956727261 0.551015329902306 0.360302986171601 0.781259467378556 0.574524548720971
0.406797389779163 0.870577284490859 0.355998763242461 0.645945310465745 0.988433232774058 0.0786682657023863 0.548162783189682 0.297319600611936 0.944380989251853 0.577685388494512
0.754213122871473 0.936305479285527 0.573779932134156 0.725216970172064 0.995810618868511 0.581521251078603 0.629990314749933 0.50223553611205 0.998515487490745 0.679736316576968
0.402854973185685 0.585633133989711 0.0874764926075014 0.834295432157759 0.953469677543031 0.0334459465936261 0.420757376605863 0.315307466567461 0.380731922250807 0.510295204803111
0.0909466040387268 0.123161936387362 0.0357942933960235 0.717249728692076 0.955230802103317 0.0137183758847627 0.225435053018083 0.209474832245996 0.0814351908475293 0.416603194761484
0.0234162466088575 0.00842824814798558 0.0541813764798289 0.247103603847524 0.453454925436002 0.00271795148315235 0.160786621132815 0.238666668818228 0.00122129676912106 0.355209074332771
0.809046289150958 0.375782536534565 0.412569128920181 0.841683090036872 0.988728282218254 0.0993942531921681 0.470346060681464 0.374344695604637 0.537646490748249 0.556575146096974
0.295077844029891 0.0834611690036815 0.0249424602452272 0.766776060129081 0.94301735009026 0.0162770431144212 0.31572646934557 0.316531136969026 0.071682635194393 0.335032167344929
0.862626263629727 0.272687836781135 0.334916646239989 0.640761227285869 0.978369807931476 0.0857463543704595 0.462137817140863 0.321873713003766 0.625742303219306 0.618366076927544
0.162210910486463 0.651517667477148 0.0871431253399119 0.793618402201914 0.983395260784175 0.0348250795759525 0.283595855627706 0.308351802208331 0.404390084728535 0.57557432527611
0.843456745125241 0.317338717566378 0.138464576615158 0.92109848523085 0.994301801716622 0.334684896263148 0.569331394294368 0.363466769524872 0.974894081687768 0.674206385060942
0.103717936461917 0.18853475164163 0.217142439742465 0.892157305882308 0.989879924336894 0.0496033763872931 0.630209724908254 0.314307164136287 0.814778321519949 0.627495252876802
0.882738235316555 0.290370920987456 0.240843313448703 0.733442470941479 0.980491311605178 0.107152482450299 0.486874369176382 0.319253868706022 0.827608985782728 0.618261239055645
0.185121074961794 0.240859888639827 0.127436300474255 0.732602685223109 0.94524249333081 0.067447237495003 0.195460836988623 0.237203925557013 0.0968901987168576 0.438451050034617
0.923183556876388 0.968360489623986 0.257724574543857 0.940090882442188 0.999255957499985 0.655492123226699 0.736479474569186 0.527295664605927 0.99492973301366 0.750310678653904
0.485199450750393 0.490812012942929 0.297178243988112 0.70940747853046 0.992767933935832 0.0591521392628279 0.449229630080279 0.316033779172143 0.668791505348917 0.579719601059979
0.221876139352497 0.452730387011186 0.0888278243664112 0.929322422990554 0.998309074396581 0.0661891526650295 0.503234887760232 0.331759098622812 0.363694824430298 0.621192866610908
0.356499432748361 0.153004006965284 0.0722201436549841 0.546345424672364 0.973375537775199 0.0107336238338862 0.203103160537431 0.204191105635863 0.0936711735594445 0.505383967954937
0.0458362188652684 0.670835236147418 0.0397426853196098 0.283678462240547 0.960035477375629 0.0089533790374711 0.252251450847295 0.253933739017256 0.0525342553651104 0.408253201900983
0.0481706403594377 0.0535393781133329 0.128571826466881 0.388518237308411 0.928535511261396 0.0100753907744485 0.194131248517503 0.256638888986183 0.00251342633681759 0.494191044784063
0.185070829302617 0.325739695480192 0.188480848795821 0.437599920844448 0.759001356616562 0.00235940834365843 0.254043524018399 0.329985555690534 0.21503843909458 0.485450733200437
0.144875293678 0.77502263547793 0.193109523807744 0.798988635140296 0.937853331776409 0.00344680429779392 0.259548969576205 0.285473792668322 0.00349966965564449 0.354528466999122
0.692016929669646 0.836624283532936 0.34189878137102 0.678011797129703 0.987699218038846 0.0841367287514098 0.546593352964519 0.340537061413822 0.214375675692322 0.562803133967902
0.497593586429852 0.415486677120665 0.323755227152545 0.723896518350146 0.916395794886345 0.0426936134500482 0.536206949400848 0.355714907775929 0.672085906351019 0.506170614150319
0.148665883275245 0.0576241464215142 0.210854414376017 0.234809433986626 0.878528899099605 0.0461176156355443 0.30033228272918 0.292435726865536 0.296964540428069 0.486695377858122
0.539804587331398 0.142935722667109 0.0658279675407256 0.688732197870627 0.983868439148153 0.0306740350033128 0.296228943645142 0.306222539153778 0.129767268831297 0.51668426476273
0.913210211925514 0.589738231847503 0.0911752891141807 0.872944465657005 0.976836260882685 0.0603220893364164 0.553968086812784 0.354473567836827 0.882579745514041 0.616919184802381
0.972659703839956 0.870998430860673 0.215926352288574 0.803209601928691 0.99953272614122 0.612067282259682 0.693992760528888 0.564663086832971 0.997821900205442 0.717948290833151
0.151223419849334 0.236332244514989 0.208105523050103 0.958446211390201 0.99503406100948 0.0859106517440655 0.514385524826058 0.403207039463077 0.892895884192936 0.601711741500322
0.492312359389911 0.293549975751929 0.246066242228388 0.158505256758944 0.96418735873371 0.0247985574946777 0.240973056670845 0.293188148275878 0.25328104037011 0.559792339863593
0.466530060842036 0.798201553886649 0.235849610383318 0.898819283602197 0.986489428306304 0.0874627874999452 0.473405391577509 0.45825581546449 0.898263198780016 0.588885360015691
0.948473086710018 0.772164809101353 0.112340710548861 0.986947888708887 0.997540370433144 0.196724041614103 0.633217889791254 0.450998310549097 0.980055459106261 0.712792831637442
0.912777558962208 0.815302176247603 0.0773465644138508 0.940486769342888 0.981607835802126 0.0911919820311016 0.335244251972847 0.304152865436176 0.809739116158043 0.486770636435024
0.295873928374238 0.638456502587076 0.445678967050298 0.92799458687002 0.98104009528805 0.186905578355056 0.544531566922181 0.404186010509436 0.717700798881066 0.53059681378622
0.323065724993992 0.268117570842803 0.103120509594803 0.646884956043162 0.967068532418618 0.0793275101295118 0.382137552756396 0.266963185854044 0.852445702841985 0.635393431510147
0.716898897549174 0.346837302766292 0.300446222738062 0.27837397124179 0.980320184840481 0.0154276980740942 0.314962684706979 0.347102052487124 0.671982468746539 0.520329749712934
0.20882059571955 0.960067686305999 0.06548387561757 0.627899627898184 0.958348894724204 0.0149882093201912 0.306868069277297 0.304569986496592 0.282126661656518 0.435416637661829
0.442971551020034 0.50420018256589 0.123453648907257 0.945441998204596 0.966371090425913 0.0364285882759989 0.425043881500344 0.478826315360967 0.564288050592641 0.591770164190537
0.782273325100224 0.921886519195055 0.442500572021632 0.989568169006435 0.99921332190009 0.24317080417291 0.678417209862103 0.423320864612855 0.983132392186976 0.622412007898685
0.232668282856948 0.617594125106114 0.24649561271656 0.917557323784153 0.975954925296787 0.109155811746181 0.469938951549871 0.432438814463475 0.645338190395461 0.526430576809681
0.812251559484873 0.896314413998858 0.155301148761012 0.403276412217769 0.99932457653202 0.468397546754103 0.646402237540443 0.498585239016428 0.864418154343376 0.481992307501404
0.31326020908404 0.961976821312342 0.139269448040162 0.539215138321984 0.986084493557499 0.0442575174005214 0.338486848109036 0.290032426220187 0.0186045306156155 0.417977150860266
0.786413493844507 0.959005281917303 0.20351977183752 0.960654442293225 0.986870371258374 0.182174144204105 0.546883020110258 0.372065472199941 0.384179497477982 0.674368429996344
0.670306724564977 0.510458171113833 0.27362569325207 0.7513565850632 0.985473581446236 0.134523231968188 0.406752467491654 0.347585126580734 0.1253486654784 0.577037620528731
0.729098812761171 0.602073219361852 0.324137678085007 0.858485082973057 0.996385929856164 0.136853160300253 0.548856572547237 0.451383077903804 0.715683869609334 0.617942655658055
0.72116687296853 0.362858072171485 0.0797166811080737 0.358621456178262 0.894623233393645 0.0321564982390983 0.437323236244801 0.290516265019697 0.35386069773789 0.574651522200068
0.547126206226288 0.938358382777289 0.336301509206268 0.988685163407429 0.99326149815742 0.189993610746077 0.696351313793542 0.501087821197062 0.923352635745851 0.68070447201146
0.963688102042926 0.655515292812712 0.429115152688768 0.964139006117033 0.996214435179795 0.10496896902366 0.724513902171419 0.487190199600462 0.973476942609832 0.600068324847713
0.551522397338891 0.705420550892118 0.127706457368064 0.495006708688126 0.978498777422406 0.0552628204728526 0.573176184228402 0.305594357264434 0.597265663355903 0.592408924153517
0.496663978146852 0.28117404670663 0.591545528902332 0.984131221895619 0.998493182978217 0.110876636288951 0.439598927903169 0.467183132740985 0.740816375537178 0.535186323065368
0.907167758710472 0.848089971436146 0.207825703479011 0.726174668518853 0.990202076714928 0.183512021503888 0.481069815160998 0.32168018096536 0.852473928207857 0.514875725496621
0.132701176010748 0.200683758520065 0.238019958818106 0.732368873876646 0.943549311851168 0.00977359375545167 0.323326612969276 0.398311434524185 0.120908233217624 0.508410626439019
0.157740935919508 0.180578983549958 0.146452809587357 0.788702754492965 0.869265190913369 0.0238131746198906 0.249520327141235 0.282332362569474 0.0038339606381127 0.417600453452028
0.612753718858 0.689225702480192 0.150255686553605 0.760063302430484 0.953572691589023 0.0808024513860104 0.414399681962501 0.428391900962213 0.685970615938824 0.532822045110805
0.258253374293805 0.742969060749354 0.27066917635859 0.624413805289478 0.99169505667585 0.0657153592355677 0.45160319370068 0.335659840207382 0.402922661643015 0.6364057857215
0.0552767209217809 0.258028336745292 0.149423985693664 0.899332439335356 0.913928217644185 0.00958566900951074 0.225183349491755 0.281452732144032 0.00474807547088031 0.464016643628112
0.592730343802614 0.653046658423206 0.138912500366158 0.565350926780356 0.995883909525522 0.0923714439559945 0.397564762045437 0.303134161957887 0.463433855666398 0.51841765648525
0.6017875873754 0.0657681790339379 0.050535451034132 0.860846941466429 0.986021291272031 0.0477520048377913 0.430697837298284 0.387540712870497 0.314294711510617 0.475842589480395
0.738618374893451 0.275285414382696 0.304543983311309 0.500398816097512 0.957421565465437 0.0681333075387504 0.453346996012573 0.331927595403355 0.631421412354989 0.48515620168031
0.568966472787441 0.956099729769887 0.374661455492823 0.961653780551925 0.997384406286128 0.17493255189654 0.528342373363515 0.425602130081275 0.94938806915584 0.607254990381328
0.832612816485387 0.491655045880175 0.170873934447764 0.967775396232865 0.99689507493256 0.406320324913169 0.69379809623538 0.499911221995278 0.993202662558684 0.739676834706977
0.4261019342201 0.597083921094584 0.193377350058488 0.882759645715593 0.977677053517032 0.145434004853042 0.500490890480322 0.371818717346207 0.616920124002813 0.673691044969525
0.297503124602965 0.707664675600301 0.149106869691181 0.848413565908783 0.989058682679669 0.0503891732817883 0.405576487099528 0.35318458865888 0.343751910186195 0.595155533256366
0.159075933810425 0.645391578250947 0.125039660204445 0.614534623909492 0.995598867572663 0.0537391962881113 0.296887311845592 0.324398358115213 0.530296906066834 0.475321160228727
0.604147961431724 0.923408598301268 0.257266565439086 0.769350966321704 0.989370803817395 0.0731840567116106 0.427410925691131 0.301602363129364 0.878064238631864 0.555746115012387
0.553234145945344 0.452753902397327 0.163675216622259 0.915723353659169 0.991848950218298 0.117451405249467 0.376109984868378 0.418937856533671 0.562658512395864 0.534129717546848
0.699459226640827 0.840082551745595 0.176207834018663 0.598629145348025 0.960321809251132 0.138022915334381 0.371305450155824 0.407805056623496 0.494856564210133 0.53726989672754
0.557169184425492 0.724362172948873 0.410443446529415 0.911378849315386 0.996800118579669 0.195898681995065 0.605264413624394 0.388199130459356 0.818180786685135 0.645123864343619
0.298893906287365 0.919710041737111 0.155588208217853 0.593999465022887 0.935885231884026 0.0640376443372434 0.35625457496574 0.334792607135714 0.151511191029765 0.565991482389906
0.632439752483327 0.794154685068564 0.261297719686631 0.881052958363508 0.991264696192305 0.179324847427048 0.505215763818857 0.411967747561311 0.581360800589469 0.510409769372164
0.494482122433053 0.145414468569582 0.0358226011845713 0.688519446118199 0.90570046588032 0.00732662687486729 0.322892811522284 0.226144492712228 0.222123488205959 0.429851831322394
0.694497516236131 0.442916673457567 0.252854412429572 0.85018151036936 0.986781086801501 0.0599782483811869 0.642204044248559 0.391149344046578 0.81098585066887 0.541751849135095
0.881709758828581 0.610449822719516 0.638472777757985 0.957978927103929 0.998757147365656 0.248870707767121 0.563432669016407 0.491693972426482 0.992617950623292 0.693635339547018
0.536343479780974 0.890387251512818 0.499353314222677 0.865216720995353 0.998833371854305 0.0696324864723444 0.62711224498707 0.4147513568856 0.850870276167297 0.478387333637347
0.806596246157612 0.256979340470336 0.120135617452154 0.956886043308242 0.996546869010848 0.439213731523075 0.817082699839488 0.451721699124016 0.989947639473972 0.646935381670768
0.649393606144379 0.451688042934758 0.0566300252373294 0.828643759306259 0.794816025045198 0.0620118890237531 0.271496898706003 0.26037059342562 0.159757719111953 0.468607732986077
0.526458318121564 0.9569774776653 0.148493780354691 0.739173742034653 0.993594102290972 0.0970826650157659 0.423086744386658 0.288293111519732 0.420273321448523 0.404075740574469
0.461085383437132 0.0977919079448791 0.0737809756950964 0.501334139634106 0.974358355761092 0.0159178314128576 0.381327594686881 0.203070420295309 0.218610897731152 0.46338136000589
0.975343941366607 0.146272906536835 0.390869360361809 0.979780901622005 0.99959510211501 0.678436204039594 0.854190825064409 0.420960592292774 0.998648228634374 0.772616951890826
0.274694315198537 0.758920722330934 0.359450689360203 0.764161480050023 0.995404868344791 0.176735396785489 0.481960394127976 0.363437473432806 0.789133767184786 0.535783331103125
0.0268918607081493 0.642325537473985 0.0349203731467786 0.541749664879456 0.74779546525052 0.00944845506203187 0.209792318467386 0.195178092067831 0.00218789963817066 0.37121743472735
0.906399165414647 0.298524382211229 0.255965904290461 0.815162616935286 0.998681368565017 0.284120031902251 0.470205408861806 0.478243485896969 0.954774227067439 0.749947603158109
0.950760601461212 0.762990460588702 0.12412700435051 0.955074459174049 0.998078163544177 0.343816098547737 0.70196387598594 0.375750750528215 0.889589074761359 0.700677777905356
0.609420481205232 0.377498838693085 0.287474842037984 0.554962322203928 0.972483715299276 0.056605940048185 0.366113486935055 0.309826036824207 0.510107822968901 0.487034549967217
0.628947170080318 0.926942593843593 0.0536944762235127 0.853464223819867 0.981419511346375 0.188661590275403 0.467017275111811 0.378511153775262 0.58518881470585 0.530440449393885
0.829810555778484 0.779369886350567 0.30783691485872 0.780277016794761 0.992073526886761 0.043994755980722 0.585515172616126 0.230693162754157 0.0890935557682878 0.580167734379504
0.751536033837705 0.649466004713762 0.337021794593187 0.955381947358811 0.989110813681751 0.086873360066615 0.550191265369518 0.419158083695618 0.930111651399908 0.661384332198081
0.478314524389914 0.0385911606590499 0.133016236375964 0.420730357220244 0.750934242604665 0.00700778411068506 0.134714839721752 0.221030385152352 0.00360539696946981 0.340182344767976
0.893745671694631 0.793368896318765 0.333833587215237 0.879786279574794 0.992642842665392 0.079830731527072 0.613910795006275 0.440663920119545 0.738269455478154 0.608589452825019
0.907790623057056 0.595534702329188 0.394980887396689 0.928021535149767 0.999222682471802 0.645870593619157 0.747459829129235 0.371121455378354 0.845969592918857 0.543277723703731
0.279286309341599 0.272041473731051 0.126862760673308 0.378456710738816 0.901767419346213 0.0615670733141554 0.305670190554774 0.278161233985795 0.178693623559185 0.507113818532554
0.355127911063366 0.906323931514069 0.0491541517014629 0.793253213293873 0.985032052480198 0.146127043762917 0.474829405821632 0.260784073901982 0.697263661425213 0.556210866181273
0.209243967403614 0.670721428344587 0.154271472771799 0.836143949531966 0.996110592146217 0.285684222581072 0.460827677783032 0.404131446260968 0.78330927845662 0.593954404417448
0.420065353023477 0.134480059121204 0.129173541798554 0.407767878218489 0.790114224290359 0.0138159605229851 0.218431288204479 0.275083636695227 0.0689435334568854 0.387585429585748
0.183711452335695 0.692296061960196 0.0966207633793233 0.633887563367573 0.959055206292281 0.0333478130982591 0.472814353993846 0.305462399319536 0.105717253080128 0.589030533920208
0.922434284097115 0.378490312710958 0.138706523458889 0.726588177135581 0.963443029087395 0.0442577666535171 0.260848851393686 0.341440154845025 0.106421618579874 0.543926859929761
0.685177567363874 0.723247773129654 0.271779768756652 0.91787216854981 0.996030507546214 0.0792376705882425 0.439788551242555 0.438881877756001 0.767543081499483 0.597663508619705
0.527840201975878 0.901974084452974 0.223553767569464 0.663353087342434 0.98746783021102 0.130682028454037 0.560282526087531 0.327616648387188 0.826244385588087 0.543495461808715
0.0153335808256001 0.150832704323082 0.122626241756667 0.787610189545942 0.901568512697327 0.0289812691574722 0.36339192701897 0.199992698083486 0.0869967609850167 0.458126563513728
0.77525165144419 0.594242221869369 0.4820705325071 0.978231617500101 0.999504227241696 0.253771848218216 0.716134201851633 0.514719965674628 0.988242626493438 0.676191796219976
0.658661634871033 0.169404362030606 0.100188108863758 0.616788773417893 0.975754420898403 0.025549521031069 0.314495565715617 0.262974614319256 0.252871464013196 0.556523891967938
0.94908242182043 0.842378906858892 0.177717719742734 0.950353917382646 0.991319804000319 0.21412762803076 0.535784935309856 0.349628302661573 0.932499848103349 0.587878532016879
0.627037092322843 0.0987930602204917 0.520353898690091 0.743226010739492 0.988490997813524 0.0246829632147171 0.429534621645723 0.361904950152561 0.313743814276251 0.650022913978606
0.532790708807792 0.857636228875092 0.179600717163261 0.763106676034533 0.993531567663993 0.117428534073214 0.506441785841765 0.382422058630672 0.662957737707014 0.592634545893577
0.671845424066128 0.347194111499268 0.4000956992392 0.869591744211829 0.986358654367033 0.11785857679961 0.42911252748637 0.358423049330341 0.460836777614751 0.583021806160694
0.957885580972234 0.484547509326828 0.206332452091978 0.953742400628146 0.998166481311277 0.638438073468154 0.686680463172777 0.46213025969642 0.987622438976227 0.724806391337747
0.827209035434712 0.576964114562849 0.215885306103932 0.984612130026532 0.999816639097648 0.3328950241741 0.792554770745387 0.453249926978363 0.996863395611505 0.714289598722239
0.452369266431638 0.24857150024518 0.0764378232097009 0.582613126450786 0.997318237768938 0.0428618157705595 0.39061782487088 0.390416595347145 0.225415390800489 0.51424812268887
0.207160804917977 0.559176393502055 0.141032840305724 0.624215922559297 0.97620119115036 0.0298260873362697 0.329954068467111 0.267988010408298 0.131835255432215 0.466137321727173
0.583665287934984 0.604450892263537 0.355570098411478 0.935760172754801 0.99549826494853 0.212541452394429 0.479016060793233 0.378719520703611 0.799174806165429 0.522422396857406
0.859095195367764 0.101754190558056 0.210666535843982 0.757398410435221 0.993907126995879 0.329296191857011 0.604465610150919 0.448531286650646 0.923083666174458 0.726272264069839
0.342675952728847 0.237567852268391 0.0565608268300361 0.775161123603615 0.949395853938865 0.0927300081093686 0.393334909990825 0.395989202884783 0.605644208426506 0.527778301643408
0.255163710044092 0.860353640431637 0.134104567162174 0.697230967027996 0.986175497139579 0.0558035867016384 0.329514178964812 0.295714938030505 0.0372333728980584 0.485673345410127
0.309772095499473 0.315275808711692 0.23868943042687 0.59321470686858 0.996652839417109 0.147025027477283 0.487268998722629 0.462181278893133 0.211566374705917 0.669835258470066
0.653682412185814 0.687444542680766 0.124585113523265 0.169400621405299 0.847325659995227 0.0132293450095583 0.389755201343915 0.239720932771056 0.0348700627550426 0.468144064403796
0.502106803969943 0.444007440000038 0.221228719362115 0.642568040547045 0.981125443713941 0.0502038214216469 0.220042745483824 0.324144856096711 0.352558419376222 0.471154286921792
0.898240771035243 0.722195072938784 0.112008237265774 0.805620098278466 0.947127563736924 0.0594991004259696 0.402053168676688 0.374987175052141 0.0261714664478157 0.599778428126998
0.0289293384019133 0.4315722517962 0.266373425740463 0.540399189611239 0.867043494836459 0.019863337888384 0.227958936059228 0.298771002347033 0.0562488899012875 0.483542228426646
0.205257835481632 0.162716494691787 0.151906469989874 0.550779971933004 0.973645609875072 0.0418992938278021 0.274796502311463 0.367410393850175 0.41285537589909 0.46703659265683
0.033712186207243 0.214664611163465 0.0432782160202099 0.297195367556471 0.637361774237446 0.00890804418648111 0.174042954491962 0.170023426934756 0.019316252027599 0.409625669753991
0.198700762365309 0.463013112647581 0.0340264554805006 0.373226176910873 0.889776061682991 0.0104473688224622 0.262346584955611 0.282063016784526 0.135656113341504 0.47721790311564
0.93262907011356 0.934921728337495 0.236328633837364 0.687225729054099 0.999073465726663 0.278651886253344 0.52447147247485 0.454848316494049 0.981739351235722 0.61674997155018
0.919330575722583 0.824696267649706 0.0796789370175068 0.861982210193271 0.993532254766356 0.119087279672493 0.555022385617165 0.375872380161072 0.660917646597434 0.583083621754562
0.263149466697314 0.23343462567903 0.0928027620553301 0.321890846675785 0.972506041755502 0.0175840754932331 0.29074348270226 0.28514015399999 0.0832289857311086 0.580144452552278
0.103715152451062 0.0850892460624914 0.159463001556887 0.672115871838675 0.941277945438361 0.0120950066210889 0.305658718574492 0.281383638510909 0.0661657175161977 0.518313998859345
0.795138114096104 0.889841450687198 0.322220742939237 0.846274302114897 0.986394726617584 0.120173493424715 0.529432063520425 0.42274293304144 0.965619751189328 0.627702048180388
0.333622632987395 0.661824503854001 0.131428997140751 0.927255196494167 0.982884349506085 0.0442763149301777 0.411363556130188 0.237087080292404 0.439427559556025 0.52708542699961
0.262625839993387 0.199415470619461 0.120332481179909 0.51767996440121 0.954536840224168 0.0388740122527588 0.371760182171485 0.316780655372681 0.453716346285244 0.417501484988513
0.456989210944489 0.443393673082228 0.199611411581093 0.962132750722668 0.936918567299532 0.0394004264340817 0.444525528313661 0.315632480263255 0.750809899308683 0.504436320430212
0.199527685019156 0.175269152000291 0.210120308674041 0.821254608201767 0.971380745009259 0.0139661674412944 0.430830879242294 0.259208683389596 0.229598710590773 0.447054414336167
0.6155736246787 0.48034209122479 0.190056518971126 0.887995541559361 0.99487281018213 0.196018942643075 0.567072697820004 0.482849239097928 0.902842640523146 0.640865746392965
