0.725623677382169 0.844999868383278 0.123389417713675 0.765656312233888 0.984993031108112 0.154153085819478 0.551234452435851 0.367846687444078 0.035403701829846 0.52989836106284
0.946761315174901 0.862374647114629 0.268849072419273 0.968524236621545 0.999156452415679 0.3908305280058 0.674358240392583 0.466209615894436 0.845390402828035 0.598925716693002
0.338120167331167 0.416477422475646 0.0516125304253283 0.648156458029826 0.975467382263258 0.0317132673920817 0.360356936387116 0.245510440494152 0.253746911638892 0.535565504181399
0.803426048678833 0.138609086742108 0.0904644963328279 0.455835375322481 0.99484521711567 0.182337724939635 0.45913870627646 0.416290532088664 0.41121484488272 0.689971493648762
0.450287627488888 0.238463271578158 0.160374091027599 0.591777153563329 0.969681446752861 0.00880939355721529 0.263678905267014 0.219023034964823 0.0579701450354833 0.492033550208497
0.859898233443447 0.884907189507719 0.275797154080144 0.895167373514569 0.978780953734345 0.0250016657251715 0.580021707602791 0.349142592549686 0.639784063872284 0.563922809707921
0.455411398229492 0.569503626268442 0.155444791877142 0.151950651265698 0.980862494739564 0.0623299896840595 0.262785358505319 0.321424314922984 0.200748166471011 0.55787093046051
0.246533046109301 0.197623343692648 0.0753081835470848 0.787102529384462 0.815474492598313 0.0159818179767905 0.375835166077986 0.23062028779509 0.331778183458958 0.266712461396332
0.725273137357645 0.544943026505337 0.426580985727382 0.614351022827262 0.977834342027649 0.0922545054018798 0.590076830289704 0.447753832242517 0.590069618931519 0.673699261179888
0.659052124203543 0.0965168180685028 0.145540202471404 0.90846707913716 0.995074261303681 0.150137730232315 0.460769712168882 0.471292498938179 0.875647000878004 0.493957562057388
0.143465762772734 0.650010578745151 0.449760827199964 0.535186726841879 0.99094465771168 0.024251634694587 0.355727488542943 0.314541569248326 0.608493301989255 0.482714916845859
0.909149765616531 0.906609348952295 0.308752158848242 0.969459851160834 0.998685306453471 0.518310616614949 0.731125776396869 0.577186512861076 0.990338681424859 0.711707149621733
0.0743937258464027 0.272511530485567 0.0879168331155034 0.877004394060945 0.968924686018867 0.0205619501789574 0.279990442758581 0.200375969845937 0.0408297536327915 0.562997694254322
0.944879090274211 0.922557624748944 0.175961138154545 0.964656902173286 0.998959516752848 0.57424632676571 0.678981271689289 0.395117501356468 0.981213943100763 0.583737856992147
0.788206407557275 0.515282843148384 0.325925764084441 0.908983619997347 0.995182532267317 0.1171631947044 0.486626221141534 0.295183565488885 0.491231859575841 0.515566308733114
0.281228255388176 0.237350172713679 0.179817399067401 0.933403465570679 0.919928886829574 0.0278885627823981 0.331176712123419 0.296534220553628 0.585483057089119 0.457793451545713
0.62835757738762 0.621762799276601 0.213724712839302 0.701644045086387 0.965731363686355 0.144807896962879 0.459236764317093 0.357520579844175 0.868381809961425 0.577194287626897
0.911863309435364 0.964531890158272 0.183760995281511 0.960300630824492 0.998203933355904 0.240806906815146 0.608195168403593 0.421992787147972 0.977093837796348 0.68315470298906
0.8400211480079 0.824967308081472 0.400857918685235 0.897008804868816 0.997203735814299 0.100142206880784 0.667272133787418 0.478181717152453 0.852054877720406 0.591178830904867
0.385956667805071 0.148772364177518 0.157608340646873 0.64338796040834 0.8717690166971 0.0125275037405468 0.256071811056698 0.318402780083987 0.0313947852031358 0.545156165828471
0.699300228408477 0.757395067603578 0.229609154762184 0.965025771418311 0.969155438701548 0.341071598978569 0.655161517244288 0.33480003931966 0.928076496556304 0.627656547808744
0.62892323807805 0.531155827403971 0.145132998803112 0.271945300837689 0.955437031300218 0.061791822586905 0.412312346035581 0.298723646838764 0.538146190600217 0.567407453749431
0.282792260677512 0.884663768420385 0.305042519575869 0.960832353789348 0.996782413362371 0.0227640420223505 0.402392634063076 0.344833182137204 0.437582985104459 0.525625062682672
0.771117871084573 0.352835229414911 0.299872105572786 0.982244846293346 0.999134492665486 0.312208609597882 0.607025081752236 0.448685639208943 0.978873508849701 0.685474528154724
0.783833541844626 0.307844443150847 0.363201693924034 0.854398572186862 0.991292194480393 0.257100658315259 0.409054473793218 0.407931322932123 0.540521104242496 0.633000898886476
0.770596441428259 0.161471812422533 0.105586695043741 0.970638758138266 0.987699095114704 0.379745014409227 0.574729411975189 0.399993290555156 0.703064936099164 0.543060896984221
0.533116790163302 0.213384974434688 0.378655678356538 0.99156583335336 0.958347065776913 0.015808862187052 0.43417184051155 0.29810654108353 0.849637296193839 0.537779621746232
0.655592501883564 0.309929438736802 0.308800945715382 0.56456910528928 0.980971337855742 0.248042494491835 0.570634504929788 0.378725133873942 0.512805816595186 0.538110538431095
0.443970697129312 0.342353862054995 0.0717485697816993 0.334815075561102 0.930131006968804 0.00900193606065161 0.358063077485431 0.249312330682433 0.195296775412228 0.38696018758665
0.957312372481683 0.974754310513678 0.271204417306209 0.90265716386777 0.999416548517024 0.59653794051246 0.711087139584297 0.518516354083626 0.995519008231784 0.724458296408467
0.469023707253137 0.132599606440865 0.443994009421586 0.562629142094446 0.974337426839405 0.224071927994622 0.552581337429892 0.369034239533642 0.847404239211322 0.604729650957256
0.323417606175604 0.10744935572079 0.170723101131139 0.736544266568261 0.970175082591606 0.0368849266732721 0.41156467146157 0.294500126847388 0.148649965093412 0.4327115429509
0.927624628164216 0.224340120261354 0.122520580955287 0.959000414581444 0.993361603419086 0.110617065949566 0.605822499150176 0.501577950977415 0.936204464896434 0.575711569004703
0.944172252122782 0.62112438462804 0.278893705959579 0.914352257264671 0.997166096166011 0.250997031130572 0.569957241589931 0.459389927056729 0.947614802826118 0.692836018526098
0.513402470911635 0.62124857617785 0.196881352646645 0.696509343240682 0.99186743762929 0.135598441696314 0.720415060275931 0.391136088618057 0.709502722971428 0.66740362484521
0.84685067235853 0.269926760391013 0.0693029835757308 0.919078861949578 0.997122283821358 0.030889044862324 0.529739616698353 0.436567199891092 0.659640428580624 0.649209597804132
0.742213565196771 0.313137077562649 0.358183580018566 0.771630389487303 0.959893612766394 0.0344720954803618 0.41223019885721 0.398655882848149 0.36642435594917 0.395791161172437
0.246621202834115 0.131056518410818 0.0721038548625025 0.426851277751262 0.718770969381548 0.00622627685825509 0.267707137777152 0.28219429502214 0.141868297623636 0.421450181840293
0.898478297360348 0.846898245185103 0.0853194839980606 0.873654728053383 0.996364647018612 0.429865074190991 0.580012954478557 0.377307888765452 0.891791353628496 0.665041988995737
0.301175538070066 0.588464604716369 0.156956035693898 0.694756105725233 0.980979414114895 0.0689749982045146 0.492324447567078 0.28788498034364 0.749790860117712 0.595650757417016
0.960989567277105 0.0569291653560527 0.251024051875959 0.971599309069265 0.999006454468211 0.604721021411997 0.737295316374366 0.533069323575938 0.99422628901681 0.739718207890144
0.347609176944717 0.543667739348032 0.096942533889377 0.740189987957806 0.935948015789419 0.0121505584309715 0.287936371455383 0.236702938477015 0.118575160798986 0.520978276578821
0.451292289840797 0.864970410485322 0.109150573662377 0.741616779754285 0.989554327920851 0.120417529412432 0.563501043828699 0.400729588731474 0.73934657149641 0.614872759643841
0.634632295960844 0.899962737776919 0.136544971024328 0.893423539043267 0.983247936225123 0.0311047102852044 0.253109362109197 0.348271639104582 0.328113518360098 0.472052954352812
0.0235312694843105 0.289840599642754 0.124380536918318 0.546037054220239 0.773127555895036 0.00327742529589798 0.22403227390394 0.26910450457737 0.433845167988888 0.433898211524917
0.913226527995392 0.389651744515221 0.213652457514615 0.869759426703728 0.997484483974661 0.375545954205904 0.665345157210131 0.458169300057515 0.991415783231261 0.645646312025836
0.556722286587377 0.226431745730143 0.14251030292691 0.938703186247041 0.986295970147693 0.21366281221026 0.696284855510973 0.346845228189314 0.785860846532464 0.677922749521222
0.461170233344505 0.770945389996782 0.29840098299025 0.803854914546203 0.9954076948879 0.0741762937632357 0.413889020785795 0.368970709986224 0.441348751081994 0.438349325016839
0.539415346029556 0.0260070896735125 0.16329477152716 0.52407119122156 0.968029798116718 0.0362804828078901 0.375284359152239 0.282377938992712 0.177566522704141 0.496750461119287
0.348677619120311 0.476337493110276 0.151374209594337 0.730815339461607 0.975416638289752 0.114517935440546 0.370289653146909 0.466924349126919 0.773093005295209 0.606875570185844
0.645938831984694 0.549981483227175 0.369877908810561 0.930515422755151 0.986692744412384 0.0845633001857185 0.531996380629682 0.365885364905179 0.89017094553911 0.583458483099119
0.79882399811281 0.293971865339413 0.22560894287051 0.74674745382462 0.995227907010792 0.124247303321881 0.692087595393754 0.479458570728192 0.659003010377255 0.604746147278092
0.916084565629287 0.514103644622707 0.222616640770017 0.900778755785824 0.997127738048054 0.277884578272954 0.560360455341308 0.377926488259555 0.852982770254446 0.562036625390813
0.587665509669325 0.744967069790949 0.167501387444153 0.929537368122465 0.98868172742774 0.117780634605391 0.497765941799075 0.388147659599678 0.715560210181697 0.719535683977907
0.954522792262485 0.506738866640815 0.116284753106486 0.963409991029714 0.999198772504819 0.528515904446905 0.612221700568463 0.393431423003598 0.916734802559981 0.670682828717275
0.90846698545829 0.271710853946764 0.199343331560018 0.934650019336593 0.995605975912374 0.0990444953499853 0.714594624466361 0.431559391968373 0.969158305960806 0.760084766295843
0.840170414095869 0.926696923399271 0.213055549283443 0.931916130871181 0.994942603548516 0.313964757203072 0.507681413528207 0.375039640959034 0.838113286400298 0.676749861859703
0.784186336005135 0.240421607896853 0.239438732255757 0.595324492706571 0.998231109773594 0.376404495679677 0.518904490349529 0.396221942853847 0.851412712105421 0.691144491302889
0.814364522574037 0.707710570143779 0.283019213533721 0.962494966800651 0.999244328062458 0.625453648543862 0.688731663579549 0.472708181923881 0.977063598336948 0.727779193041453
0.652577274815141 0.508870559948108 0.184488000448056 0.493674635714332 0.943283284376252 0.0288352479455795 0.294952849720957 0.312051425378111 0.0909083154503083 0.482274369255886
0.0193618519846924 0.964879210298146 0.0461628985059684 0.524436068443671 0.791942638534223 0.013051088682798 0.225303375452966 0.271826981857224 0.100800370198074 0.427842802526842
0.8198817834508 0.560490540138754 0.12260786037039 0.797639787650622 0.947940302262648 0.0271127717209789 0.414364763840109 0.316570463231857 0.109685311509253 0.471155942800789
0.605590839333078 0.900490255781339 0.553981763342885 0.670850103473762 0.991319072798683 0.0388799037308906 0.428291847499057 0.458014621083418 0.652776129236458 0.57186312188925
0.0532647729705431 0.661168773467439 0.140301933031132 0.200659971955274 0.701916226481703 0.00773651492257954 0.204799372695992 0.199174842094493 0.00870375435141771 0.381024891656355
0.63384420967073 0.556867179206697 0.493723979495015 0.761102699205059 0.982688326893418 0.186606324875333 0.63556684314317 0.471961976064952 0.980408616227272 0.570573783804218
0.703902209640698 0.345751808559432 0.182020354253 0.734475087125195 0.991004634233755 0.260975956098451 0.475735421765394 0.32436183615621 0.40110512636241 0.647665561972438
0.337423969707008 0.144539368895472 0.0527556154104035 0.22483274868463 0.432779740861953 0.0034684704625998 0.15169239054014 0.210184627888249 0.00182091387803291 0.481495355646757
0.136467430415527 0.189563526880106 0.053808071264044 0.860337328120413 0.94892642748861 0.0606307392632217 0.331967268009546 0.36486216542908 0.777480210653774 0.479377018055352
0.144239582504645 0.936935737139242 0.384243174400956 0.830624115138565 0.977324895355782 0.0629978970524634 0.497178904139601 0.37973845621874 0.855347820147747 0.52375995823896
0.806138719000613 0.827434761051473 0.246072678613856 0.864520620260734 0.995310595332947 0.153083703946166 0.384252689076333 0.374738035805611 0.784342524746409 0.688044556869435
0.127769248248922 0.0672898290193774 0.0936948206033055 0.80445411879062 0.9757593828492 0.0159614825302581 0.360897799191078 0.250314676526203 0.0296649599323329 0.514340692640679
0.361836196169784 0.438843619576406 0.141349037703445 0.79340845396522 0.923811299956449 0.0138977134724633 0.229935545840779 0.244011078740931 0.0659865383349696 0.410163879934901
0.679154173761255 0.700418682179366 0.0955356067403361 0.742842601093854 0.98673566538528 0.0694648537610903 0.35147514247078 0.444000894070635 0.687901263724593 0.572705157030205
0.213070731712521 0.0535268212962706 0.0494037564675169 0.428155886577394 0.804324735497831 0.0176195302778336 0.191678233022877 0.292217147488144 0.0167714720061395 0.411160860559181
0.899331340040066 0.768089476510161 0.156752614379925 0.870610980214619 0.98750869824114 0.145528517454465 0.546120387765173 0.482355282116742 0.824087385751929 0.555077378136315
0.622467282057037 0.940952726089084 0.299311734072288 0.94158674336931 0.998409029397703 0.200643360465278 0.560214210080622 0.403258443604638 0.722834316223751 0.662602324924797
0.913942525136938 0.925511195453962 0.30840043547478 0.698464644219164 0.986405318024826 0.27640936601868 0.44138266307062 0.390311003491789 0.94329372635665 0.613188537983183
0.522999215214873 0.20914662364965 0.159910859414817 0.869801707193897 0.997700729615353 0.135881065630497 0.642184041957083 0.446778499728633 0.909962920167758 0.625986377997264
0.492063710309852 0.321391412406017 0.170902010246299 0.716002105603975 0.964645389871888 0.0248065600685208 0.422412157720811 0.398342112433269 0.422736004302792 0.589974346580097
0.635498151495415 0.74739007663098 0.135338449675035 0.527111857400999 0.991672746411943 0.0925996202008343 0.350822000642597 0.321471311073739 0.474907468137377 0.598178533986317
0.317864892540334 0.302672736657266 0.265966349207604 0.791569635859736 0.992143704521311 0.0314904549520919 0.387490341805795 0.389160925176708 0.359332167125694 0.517110354255649
0.0809048677578457 0.681533876563748 0.0391094120267032 0.386768831861251 0.907806909614311 0.0478231556388599 0.326154832468399 0.291535185143102 0.155021042395823 0.481327710212163
0.868900216655239 0.711929439395698 0.248707245635236 0.916745834066896 0.994597836398205 0.259511341703421 0.55066458239085 0.445568749957041 0.872430041959432 0.563943967042517
0.841553403882445 0.2058296339259 0.422547591849057 0.882565160623822 0.999270820138576 0.28272522777053 0.644647831401833 0.396623569431616 0.978340631169466 0.64502123262151
0.662948147937433 0.7156447023346 0.142003087979014 0.77090656474899 0.996415878778691 0.324420207052599 0.552324947184202 0.389253510762591 0.939723037853125 0.58446112320729
0.481078454109776 0.664031552759661 0.200770679121095 0.295724392193737 0.972714655118107 0.0382657511211731 0.31707797174088 0.397484444650521 0.230891824887524 0.617195392235498
0.630240238933045 0.21277243799213 0.196835708214695 0.886190839101338 0.993328626358019 0.201195974523 0.554086136981316 0.373927346108216 0.832188238015315 0.64600537016719
0.086162027054897 0.565696199231731 0.128617529893644 0.757086261598726 0.992767312765902 0.219394707716942 0.349523488704785 0.405118382683648 0.676678898791689 0.582271585572507
0.232065371531764 0.27117560452633 0.259435414352427 0.683579884287286 0.981803755025596 0.0916181613106929 0.496757909236088 0.415063636491348 0.383081618501253 0.621303664129656
0.854966452906012 0.559973987545257 0.249400110127567 0.849232664779004 0.994463300019185 0.0691512407730112 0.408684882213309 0.337410116321966 0.779600982793075 0.570983416890552
0.634234247592859 0.311560259162069 0.2836032423339 0.599552195120114 0.997701522210508 0.213031011351281 0.498881479783495 0.442279533592216 0.841374286826041 0.652126423600311
0.262797420812098 0.883979989850476 0.195823767647428 0.742495817628485 0.949805568142404 0.0108557837272647 0.387552170688008 0.295766891401524 0.345451025104452 0.51924508534396
0.366512976254925 0.379423083528857 0.164871005589061 0.737194146033197 0.941801863241733 0.0288442816752037 0.327055483213095 0.266630603557053 0.231225256899809 0.483418617424625
0.109861621266878 0.0651965223587144 0.106162650726338 0.233337429684438 0.753884894831457 0.0440285357760168 0.277760792151136 0.227288804591516 0.0122651514199366 0.351943067919959
0.563584234817738 0.903165200947887 0.0733361036481679 0.955646660399555 0.994315955170249 0.181555785992634 0.504542375565888 0.497228309005966 0.95089670011574 0.672369103419525
0.327461391258779 0.584666409263371 0.150861398354119 0.745089758093474 0.993163513422777 0.306376026255095 0.437675800530225 0.321347944333816 0.923741059133028 0.617424618690933
0.0837728681305766 0.0499034972241433 0.0466288510441945 0.0616338894167437 0.526491257969332 0.00307420223312031 0.168839024696658 0.241313296398135 0.00422092071583945 0.42112393436374
0.0531742309941395 0.294356346344842 0.0321344095797801 0.360503037809213 0.799663343769572 0.00718524114292546 0.280484964128034 0.2877769478739 0.020305716583051 0.423940766478596
0.797071381355938 0.542198730855672 0.204517140719365 0.822766322074797 0.963150385265912 0.0128461371280139 0.344641962447795 0.427202082432553 0.231390878206622 0.580685711772383
0.0855616189071753 0.533564136774853 0.067706203758088 0.307875272947947 0.944652362514317 0.00655507016288358 0.273259180744702 0.214053454033264 0.0254824787050777 0.550855504230887
0.112921153204669 0.297128639613974 0.0747557871911421 0.170685516356473 0.985904509004234 0.0199939892667184 0.324327076516814 0.247842517353674 0.0538215875511903 0.404947858195127
0.533705066613647 0.114812065955018 0.134518109806514 0.642282168996821 0.994352916539544 0.0695758030243278 0.577895367965793 0.419840560789081 0.915614194397565 0.572573320294945
0.465200437977593 0.307795839924632 0.135981399462215 0.60565007887286 0.994545117720113 0.157440205426964 0.405104565693519 0.367185364080411 0.933184694934461 0.628053144749133
0.60148622249956 0.193127521806889 0.218980307614846 0.726435545280634 0.995714438113546 0.199399596658313 0.513291380659205 0.395031330640238 0.883669359768671 0.621649650404946
0.81983410032823 0.763849924847538 0.289898070134008 0.220563721757946 0.990356584064837 0.0236341198279411 0.383300047010138 0.328594824863238 0.429708111864379 0.635457405540021
0.973340112909766 0.542910909917438 0.351048876039862 0.27947752856439 0.998140522310119 0.502504482205199 0.65543412177176 0.426103953974289 0.881249560405887 0.695569674745265
0.382584923659464 0.129197570620123 0.17392326299539 0.686845296146823 0.931338393295112 0.0763308960647392 0.219048266560319 0.226980743043849 0.0518519710871923 0.469715209382921
0.501694175458423 0.610358378205282 0.228191186551102 0.844840075940058 0.9920301118901 0.138376368418672 0.424770836487082 0.29516419046315 0.54428684282478 0.511819177931233
0.454539897905455 0.116535301680006 0.232565767057854 0.787756848208644 0.99674647187802 0.0589503814058672 0.457822381057854 0.389633327518072 0.670850607239387 0.58416275117408
0.514362498127724 0.303402068224073 0.186906891296548 0.428016266791607 0.98396085284886 0.0231821720406975 0.40645464075514 0.349071340073032 0.418278972659618 0.554201253048637
0.0817143562248657 0.0517750009284322 0.172744445631018 0.614207420953282 0.861154027614748 0.00736698944895521 0.201108463941998 0.29009222074611 0.0196881835475046 0.542470123162839
0.9229523420016 0.750957439024344 0.11020501575415 0.848658656852397 0.971789888545865 0.0785485103112268 0.34853740667708 0.352566401022491 0.266153221819034 0.491268109881245
0.42310284648751 0.325016092269278 0.11460942161896 0.877412757689197 0.991169864094259 0.0704422586517239 0.545729989869155 0.392802466308033 0.470812369868304 0.565001831541593
0.897678750765206 0.552136390035427 0.274806050303309 0.932352567956136 0.995907761219861 0.282376912830031 0.704116592525368 0.391132799208329 0.443033880216621 0.7020765445702
0.560728010998798 0.509402970708082 0.187332671314173 0.804744283257571 0.966774209162257 0.104010986898359 0.471530640529318 0.439172920456379 0.498100776809681 0.534235963192378
0.610020569025755 0.627258699718774 0.13940680365194 0.870743933371371 0.984297223026287 0.0786382541532291 0.472036999587618 0.328909031566675 0.91109023645274 0.695509725431023
0.56538425816719 0.795320696742453 0.177667875619942 0.920799983683826 0.998440499839411 0.409630273030402 0.566296880689104 0.408197939828878 0.732469665879467 0.725005949233164
0.937101805262406 0.192160563078882 0.0790588362353706 0.949008875763086 0.990104503214352 0.143294566283153 0.427593326756684 0.415466687097802 0.659878574974729 0.629784298607839
0.400652148115968 0.069600040491891 0.278179282374586 0.524978432471798 0.991535513187014 0.0872387579853783 0.589638755736662 0.338647056447401 0.19294447283105 0.521575698748265
0.320085864062225 0.538537871934516 0.273739697581109 0.699268398450316 0.980480234165142 0.0521473277258985 0.348129975580011 0.4181665024856 0.335381820507931 0.656476079794758
0.294906626287049 0.582984949270225 0.104403604961433 0.868974752387065 0.94477895460817 0.0244786638663802 0.307813368481809 0.251927003828623 0.207005351189381 0.366278218612427
0.204395577710088 0.370558457489928 0.0383055888440642 0.87194976569909 0.932461439117299 0.01537747646799 0.335701512127682 0.259155866846203 0.0446485168947929 0.431359216839193
0.543404926598088 0.195209749969051 0.109694440137914 0.772658255917847 0.986312711286318 0.0371419938533286 0.322292169775788 0.34514809333681 0.449718168504346 0.402175022093325
0.868876822271623 0.941721307386371 0.285815270032485 0.947701941415386 0.997955800090948 0.276244167589532 0.501591931741038 0.478100272928681 0.874576968846835 0.692716995336796
0.196559607065646 0.558872806403553 0.1104663699392 0.157984848108697 0.915266124138464 0.00502692096482251 0.314194278401914 0.33731398027307 0.0831229619971883 0.462089370273408
0.270082027496838 0.851937283977687 0.0766751437564615 0.625161833961061 0.909781830329342 0.0436514962551528 0.241870484480412 0.323312403815218 0.630278251930181 0.498891944914253
0.516634946523497 0.6078372169842 0.079721538177339 0.351131210432181 0.983130817857414 0.123192806546636 0.269526501571033 0.375329243925581 0.723706990329491 0.46573959567117
0.782439686382075 0.860051911682817 0.313521461110224 0.658758763261042 0.993201490072712 0.191940655447079 0.385562504768966 0.404015330676167 0.639850506856373 0.614361861121136
0.844100616333674 0.87492562854885 0.237538541685318 0.971167712633671 0.998921742859797 0.567876758317207 0.668100045200352 0.491730838625159 0.996473199925107 0.669336360958321
0.909027218186593 0.59929937019958 0.190726193067177 0.949986818332359 0.998084025375758 0.364802057221429 0.642543061051039 0.41307833062404 0.856205147161403 0.665726016050688
0.125185759364534 0.643871557049452 0.0550160147815198 0.510354411873039 0.928150158058555 0.0280766709496558 0.282131789491188 0.357013438584306 0.0544066101430458 0.450426661496321
0.648919441091888 0.339678299126906 0.375040498555168 0.815868161699553 0.999230535623902 0.161857513614888 0.47783905086676 0.401670070118739 0.825583570829149 0.527085278778147
0.860894576408477 0.432634930448809 0.252775210500942 0.703958543745801 0.984726875385737 0.202722183793628 0.439521792652746 0.3867541159388 0.17713808203764 0.599445220292725
0.800389601477241 0.826813389499702 0.317172379522034 0.954165482911096 0.977570265837144 0.11641858312134 0.519837429160459 0.451475752687385 0.943157728605837 0.615178323525699
0.820306854272121 0.826906023654454 0.056627189192536 0.876597056977323 0.973777967331251 0.0623720158937515 0.404944470574228 0.359784117806591 0.354260301728493 0.508790982347422
0.7855370191925 0.85777914843095 0.0770926196707782 0.779015043870078 0.996566110809433 0.0818446510916387 0.580721685350545 0.348121794106197 0.963278670018082 0.616710305650186
0.407880531161057 0.435321978695208 0.181786506810612 0.566309852665142 0.92070775985735 0.0622434427148515 0.28363142870492 0.336978127053981 0.192384208906899 0.579218377452481
0.734355601452216 0.758580004939885 0.389612628940721 0.958643292500395 0.992230215268905 0.130738249973757 0.548786049275608 0.407457513251725 0.780964739839327 0.57395199247683
0.953274568401131 0.898291536322547 0.509835829957657 0.909721942091796 0.998771107542988 0.444950309223843 0.73132980487449 0.460460173918981 0.992572478236964 0.695377221516669
0.0436094889891411 0.437801287259361 0.23133027331093 0.780086607659544 0.889635412113881 0.00963952743411835 0.260080223880133 0.21325879413282 0.017997239316765 0.491711229254242
0.909325422044852 0.529088517181065 0.179795319947861 0.952699381436895 0.99775356866991 0.271357674756736 0.545581891026835 0.481249215576679 0.943166543816423 0.623195599244355
0.446906540920205 0.0561087489056045 0.0703377372556513 0.516580910853424 0.890058344641525 0.0132407402039729 0.233278664806778 0.217419017212792 0.267292678348973 0.473498421376039
0.357665936264525 0.117135598208727 0.112975707924926 0.416664067894433 0.849827668024951 0.0102510074310004 0.318144193140228 0.312889964660939 0.516068086987281 0.52632692137837
0.848506161491257 0.423258073408378 0.615847512129824 0.933974297204521 0.999833222947295 0.310274581007676 0.615732104926285 0.464726541720418 0.953823788040943 0.679670330967071
0.385314940613125 0.145544098689489 0.0658328895628071 0.772359552613152 0.972292641293342 0.00906174322809798 0.269633184519926 0.220764012124487 0.119705426508157 0.471487530629835
0.595542756988751 0.227909180822691 0.0976641730953114 0.823382211046408 0.977395854676485 0.0196326143364286 0.404029482490202 0.277881033261745 0.0949080533222549 0.565138249140774
0.332075451024443 0.405321942372177 0.0667252611150629 0.854109531065752 0.966985979222311 0.195803091317545 0.343812485725491 0.316337777649951 0.881105866783191 0.666451893913203
0.87480098627413 0.472710423729326 0.29646971586386 0.967445211973395 0.993957182740707 0.293735437202257 0.585546665604583 0.414231790715139 0.977658158746652 0.68364409316006
0.681944698072151 0.568163107148967 0.188975070465653 0.749444638714763 0.994963494396804 0.233098866694327 0.438096334905635 0.387047423806691 0.483945303552082 0.641012311736962
0.643208575011579 0.735791268350686 0.156031749072973 0.5492080914412 0.908940405982446 0.0928327578904909 0.400602787211708 0.376666966903448 0.0950526886855715 0.424050457438396
0.596001863179083 0.397976888929916 0.179152903416497 0.841103121770363 0.997500544525775 0.0957699293278371 0.57392520240283 0.40872988077036 0.77036616998804 0.667399996740199
0.578509563747266 0.39463046135927 0.0385732624554899 0.6939823012952 0.950743282625123 0.0697727972438477 0.40703100700257 0.274174855939832 0.89944170711577 0.5466630693084
0.673274181770288 0.773348004805425 0.296103695209679 0.845773100200081 0.992022986323649 0.153755729546996 0.654693325898284 0.363023861655571 0.978200063704536 0.61096956202362
0.117057057553829 0.156179546638006 0.126923287406926 0.228975507433591 0.803412559717705 0.00318409466609796 0.171244891385225 0.241682237307292 0.0028472693697444 0.424858768908483
0.96268123618074 0.652693648562681 0.241452252174919 0.985652887686101 0.99952493596638 0.714503010458828 0.731325835011828 0.491575809413499 0.98415164176701 0.742181010896688
0.0887935260527122 0.0562374609644771 0.110897428944539 0.262081183165909 0.623310569362401 0.0120757705331769 0.161568267823164 0.224874884291534 0.002633293687189 0.52603282852201
0.684503352786338 0.895679442787766 0.0801416086919428 0.814090110568582 0.997292391191868 0.265122398453971 0.502634619832617 0.337530025059851 0.948923565856779 0.661509145307336
0.911990093792522 0.32970540344664 0.0997139101754042 0.626635833254323 0.986344308669309 0.163358305101924 0.521553342661253 0.379906209382993 0.918820274793769 0.668024225813177
0.898979302382842 0.604939382550528 0.371960517479193 0.983318401906412 0.99627893907977 0.387810416001795 0.722308489704029 0.518487790081359 0.990887012284537 0.596036039397733
0.133839032731879 0.318143041785386 0.0673616381191091 0.0970003472035592 0.748619586504483 0.00740088423977325 0.134636645128859 0.221845075507225 0.0288407132383767 0.515347494090298
0.628780807014991 0.689508039789338 0.484803452710444 0.975641160806864 0.998020474589957 0.366812062459427 0.747767607718658 0.530002136831175 0.984640706780681 0.601014607668548
0.143993885352462 0.310636116970962 0.0390208071502757 0.300426098213824 0.785666141076935 0.0276762754525837 0.319849630432214 0.379540304776359 0.427051350114557 0.522567874362573
0.563902698516941 0.20239636817648 0.215972404035291 0.920587753082114 0.99724332886088 0.140024321900262 0.644452062445682 0.476415816563659 0.858827018579805 0.588592774190087
0.882882533756956 0.315447016677222 0.0712137716800803 0.857876125831097 0.998639862229275 0.346160955587834 0.663563330143782 0.400941612680934 0.947018321421159 0.675127345721031
0.734727560290549 0.615656075043783 0.0855728493296984 0.885242691128019 0.990421208161395 0.158945328739673 0.448166373563508 0.374114753258004 0.843420208273952 0.574110227914976
0.341675508423209 0.411303975740238 0.0964352543696497 0.834940042950166 0.994920372011307 0.256364051794948 0.517680799916298 0.428152510678635 0.984046234421534 0.775512493070418
0.192553396320102 0.652289683386523 0.0860218479273325 0.764513797142061 0.942311570784044 0.0197420036837174 0.40032435650937 0.298079939792812 0.0713932886497003 0.596895591999557
0.291125497430198 0.491995606979991 0.274971655804885 0.944083033401861 0.991262932079245 0.151951388602495 0.594387446603753 0.374364648652795 0.374718866861324 0.607410820923812
0.0665568325258482 0.702891976367461 0.0578193172025289 0.439854890999602 0.974432770162103 0.0154852398955844 0.319988153714591 0.251171719755884 0.0708549398010086 0.473592199275116
0.828319835987497 0.993861699380016 0.252358917173026 0.987531806848364 0.998755121112811 0.531211011003047 0.657337446189464 0.416852988366038 0.960365745116974 0.60351754883592
0.449523906571927 0.512796026965462 0.0646260197848083 0.443429608815445 0.993459848348906 0.010620475215322 0.165501099354724 0.233834274980472 0.0946308295622724 0.37126325335269
0.66526962482029 0.910015356779744 0.286400902252158 0.837687520471371 0.997421931944758 0.151592076206823 0.671138536319133 0.503285684519444 0.830419381163785 0.725300712250083
0.990071112399359 0.34819504551768 0.355890816792571 0.885576077401391 0.999832490362024 0.533926313702384 0.816329250833647 0.531652352620453 0.994506910549838 0.687679818227611
0.695367990295555 0.492983031835392 0.152383474401721 0.939218369076917 0.990536247987511 0.149580575426878 0.614062598097471 0.530586346362765 0.953488829570471 0.643279238057668
0.417102784435692 0.0372825618622763 0.0941226056575661 0.980586800735344 0.962540196295411 0.133070291622045 0.371399611007246 0.300206077764649 0.719308634737107 0.646204674112701
0.046776787275838 0.911189515821656 0.0985351060568932 0.240304314946827 0.648151292600295 0.00182990075117675 0.183604101516963 0.246547579559322 0.00541422443438305 0.430564763058233
0.357441152333206 0.816479052265775 0.117182347455798 0.961924441329553 0.98474692293454 0.125884785736041 0.371511153901496 0.269628609330669 0.886981423755473 0.497702996391287
0.118481790845532 0.251950349657705 0.0521315876989805 0.678996398694714 0.932912970127313 0.010097675609654 0.256523281875046 0.30664137762139 0.0260317563019578 0.553966206457927
0.68391342129389 0.792081414463027 0.145565688530595 0.793113429335646 0.99334637255763 0.0925934512320525 0.446594364990936 0.359439707109723 0.408753185186455 0.476368733120575
0.354048055846874 0.476828052762261 0.166942274386187 0.94605243462687 0.988063498514422 0.162300604465558 0.532242894677336 0.25758128872128 0.103078366727622 0.558150423428987
0.708969227064471 0.125416041537936 0.102067168801959 0.669355783936721 0.989099176192548 0.141941862107552 0.445355130366632 0.457053102797911 0.611192977947579 0.65034419742698
0.858456244508095 0.405729461870299 0.618525152996271 0.884493771206379 0.999087785580559 0.357543855374478 0.73686488891884 0.447505804518232 0.986962250055532 0.686978801380754
0.946423264387686 0.629549352631231 0.0755160725390256 0.935101243839901 0.999387615870018 0.297959224783241 0.674529090815887 0.425267060919299 0.964126058507844 0.719535287725123
0.214519964697078 0.16975212613245 0.0722027958159261 0.407875560952807 0.99175824880999 0.0134615588910537 0.37732906455493 0.239851476418667 0.129917535638791 0.530117854687634
0.285799940725975 0.310300202253609 0.0917710829342263 0.806135701297153 0.810977720898886 0.0246266880930916 0.322000972426743 0.368347933762692 0.16983648849994 0.492847212404917
0.419765476659384 0.362194954159059 0.262508355295193 0.866407182813876 0.967916027150288 0.0500822775115297 0.399106881042497 0.4114190276259 0.435312585001784 0.47020632095712
0.084449790574237 0.0717067607334723 0.0755675584706911 0.529173705235244 0.796647756821973 0.0330415356679698 0.254093315267818 0.266412296031171 0.0481049590992526 0.349096450455626
0.725825634238514 0.734473181788429 0.28270633415894 0.606800250534947 0.993341413326589 0.243665470967973 0.410315195400692 0.352525884481733 0.82839590663213 0.581652279629797
0.944601727123654 0.831474509659142 0.216904009450994 0.989644070438687 0.999584585203024 0.566588105526755 0.689305166622314 0.551347981484748 0.996693203151899 0.701718138479243
0.402556138424005 0.612798299588294 0.233812313503228 0.787714518587201 0.935926782805887 0.0948740852016404 0.381895384125129 0.482073927731828 0.928609346218299 0.471160297226364
0.612926875113844 0.670093433650239 0.235565387298654 0.623167190455748 0.961339405577528 0.0249762601297019 0.388392836421905 0.342914146568135 0.303457744887267 0.501457327572436
0.75290402610448 0.714477523102496 0.288123968257847 0.771249972200513 0.994540925668901 0.129785885649431 0.495684689560931 0.279624172717949 0.970426932303747 0.645341500690965
0.619415226547471 0.986421509040988 0.446285854775731 0.693992299728113 0.996758497677363 0.147426863075448 0.57179222515679 0.407409523841945 0.631254408143099 0.534247737800498
0.834682138404948 0.940769402954156 0.178063039202467 0.976346635480943 0.999464180454102 0.693877164244647 0.738521845457319 0.564338248309687 0.99966272419778 0.695824103624295
0.681901642864817 0.785503397146912 0.262769420168544 0.730130124039864 0.995689750192309 0.1882001033765 0.356535352829317 0.376809388439668 0.841229226265349 0.52209436541187
0.518129440063657 0.0767350632293711 0.1543026969833 0.504531563515963 0.971793782987241 0.0168580720034525 0.246990648283091 0.289730919158379 0.504381172326594 0.604589034942596
0.742759188979652 0.844870011809337 0.292435093873965 0.871238824950753 0.992840805015705 0.15984677024206 0.536933141733992 0.44846946102159 0.75407230294296 0.642428987122208
0.828765578947479 0.552056826284881 0.315710164251038 0.988910798447638 0.990968091314276 0.112853942453761 0.482341200610959 0.34342537292936 0.874611438200551 0.514772711495638
0.710396409536513 0.832150034768562 0.102523230057701 0.905249965184262 0.996207565888771 0.129367218512982 0.678285644820423 0.426260691326216 0.839013397723043 0.469352356657566
0.0888902911196015 0.45232283479621 0.192376848109096 0.594558604909523 0.734796053873118 0.00648617229847282 0.117647044418701 0.207990770042419 0.0308779331839358 0.347895030903166
0.755317852584243 0.400326654824331 0.195175431494872 0.900464868075967 0.992230174330203 0.101731713352805 0.453103967910306 0.307134348375595 0.974517511739933 0.546499266965915
0.88828521717457 0.0799460388253648 0.237536905073716 0.696729214185354 0.9971719481349 0.146120443495129 0.545923505869858 0.408541301915562 0.724059055547087 0.565931855148181
0.752179890199258 0.732056741278889 0.106506891463633 0.633994106276587 0.852022019692582 0.023243045520404 0.162635658164213 0.359511960003227 0.116726952898974 0.536526770642922
0.883725618780311 0.846424469332746 0.370237767719831 0.982454366717539 0.998596126165264 0.448556184988122 0.596082872257571 0.39738017116073 0.961422085304065 0.746204765620394
0.514418764493049 0.472787212236966 0.114330412533633 0.583221730906639 0.985959861955464 0.0860460867770189 0.543292322644112 0.363484801997907 0.356180730680604 0.504096011403943
0.596019471166319 0.683651644628731 0.132332262036564 0.621434472107112 0.986830140675901 0.0996378362933575 0.342247866619729 0.335480863686453 0.765927005168829 0.639845450108935
0.496440549288059 0.914302700229462 0.196987140536047 0.939438046951609 0.993496920750075 0.0579076177183745 0.594150447007882 0.257547180989535 0.682118378310415 0.484955959334275
0.570117603127743 0.32116720648191 0.0998095825034361 0.436244529525339 0.994322254060156 0.254768212953043 0.544593537921191 0.401978312041691 0.523309352790875 0.516644306523189
0.600368021816184 0.14577566740099 0.300609241130395 0.340430576565725 0.990897557628789 0.0863226790021741 0.427244861375783 0.32842467575579 0.425993719573803 0.604583191135317
0.874027359591575 0.434558806679255 0.50698785171892 0.956597363450603 0.995202644352038 0.329499182965384 0.594037031479699 0.428034914059761 0.959767375914413 0.692281036848431
0.848744421712936 0.903554979761288 0.177084331489028 0.926608303981714 0.998019769683844 0.369602953095283 0.668149357720317 0.389589515506313 0.975924962484255 0.671401520941567
0.649268537413441 0.334560346756111 0.328688601510794 0.933293274185177 0.999058883380975 0.0949926390574964 0.569556713874192 0.510776681690998 0.981124004219049 0.678894456072713
0.22759225562627 0.314418434024225 0.147935881659789 0.960754044719261 0.995306585921735 0.0806311765792163 0.438159745588439 0.444062926868147 0.499651227479203 0.538410499018943
0.629065171499724 0.387933968420548 0.204567094142578 0.524602998531774 0.98969668554163 0.0912996270618064 0.598039855821471 0.396515762883855 0.711311114190643 0.7532829703694
0.754176272576879 0.904383342559493 0.170941866448491 0.981831386677417 0.976237408478768 0.267904057671158 0.47196582284291 0.478323684862148 0.818662768000898 0.576548187303953
0.669476623557067 0.812995744513872 0.108890737643707 0.590854840735486 0.979934013331553 0.0809920277226879 0.459099990867198 0.368636932545772 0.52765666452187 0.594205129411879
0.306080545652504 0.904500209468169 0.0604606962459539 0.6913198300606 0.993432697684907 0.0788042949634717 0.510356834954589 0.376811379121793 0.428738557920902 0.618057844913177
0.94642457476173 0.132882982981511 0.459484549880305 0.944301725039318 0.99987467008626 0.602122042521329 0.74686023222105 0.557460424024707 0.996645268929461 0.733766608855255
0.419008635629072 0.74301719219901 0.154875278368832 0.683267012931156 0.991325595895154 0.0951482614070357 0.36736986158104 0.347648755133893 0.310858999179495 0.507265286187043
0.386103181023547 0.198000949125449 0.247019439431401 0.611765371258574 0.987852845982824 0.0398444750615888 0.403346416600227 0.399750523363713 0.820837082675185 0.516764347518664
0.199251893566007 0.136069605398245 0.245766919843721 0.867040773905321 0.985555145548641 0.0191514341907499 0.476959373444932 0.317193683570604 0.434748160466834 0.501268324758189
0.351293984232003 0.917432051849705 0.0688545486299744 0.249523568300126 0.982992841058349 0.071867543245743 0.356491550265923 0.305957635484028 0.364049356816577 0.471208049629913
0.274442151277437 0.41989541553698 0.176596376766415 0.769951224422557 0.921821876049465 0.0371988894252313 0.362618387668954 0.313737254487651 0.417145785579522 0.5856266819705
0.360916051906093 0.138353502462674 0.148170497882291 0.420292763557142 0.866412693600794 0.0144310125808318 0.187572549457976 0.321526479739588 0.0446896985645321 0.501168163351244
0.919183988129301 0.440465098628811 0.385274054044656 0.989252405680596 0.999366940437999 0.624957917074437 0.661982032385247 0.446184345585518 0.992323489666074 0.695969006217809
0.624171930216484 0.232079802473186 0.070320519256749 0.727483482584194 0.922122054484063 0.0527063026775142 0.399702765115981 0.356184663029629 0.0924294180510375 0.601564167837664
0.242861922671476 0.136206614204645 0.159573377180683 0.117224348632839 0.928501507690247 0.0150448197676482 0.24039545734608 0.195925276413957 0.0335655470764486 0.411575998846291
0.427932810947896 0.296727603372869 0.120374805224749 0.867532405674608 0.978876764893453 0.0678590470461143 0.309821012978003 0.293479673835638 0.33541548073522 0.593652935087512
0.41182976961764 0.813468337226289 0.22711558008401 0.744655572857557 0.9952468545257 0.139128256270045 0.513920038878026 0.380409513496452 0.578187838071336 0.49344497302989
0.790283892074747 0.342945099495786 0.249434513697584 0.780303909954343 0.995201462143197 0.309803934607843 0.565305875127649 0.409467306444706 0.816764405505344 0.604146878806945
0.982573413230601 0.765273438506719 0.614801444782133 0.921434140722445 0.99842156025844 0.592388409872061 0.620411909144906 0.421958942268442 0.991634099522279 0.732846716128207
0.21132702947832 0.257194993354414 0.197076428924683 0.791859759180243 0.898818113610389 0.0126697986138929 0.276120431527733 0.254841105437265 0.5790059608004 0.497669900076727
0.985626534626368 0.948998669473381 0.446765953482419 0.974232754525512 0.999101543632358 0.423861046075482 0.811508463125504 0.594929357252075 0.995385577966149 0.775830770927952
0.912723711666827 0.548267050507083 0.29371728729677 0.731184847933999 0.994844529316236 0.0895219493790294 0.588870382184407 0.336425644603795 0.905314664392507 0.644938304785602
0.505548932851797 0.246689226331317 0.0696747505720691 0.210663064717575 0.982535021980072 0.0122801782724629 0.278042897784198 0.260198880729057 0.146895790571092 0.519769413229474
0.627685528849707 0.860163935053316 0.107946871291894 0.922344733606773 0.98695770495761 0.0402948709186252 0.573193507939181 0.309173237552723 0.305534542859586 0.594059051231267
0.819027440554381 0.705800528842343 0.385918556441495 0.797749720259041 0.997256065409784 0.652454104400571 0.697810079375616 0.388897786869222 0.996485242545808 0.709686482730673
0.438818211551707 0.218179076274748 0.132363287220411 0.925791378275559 0.996637335259276 0.110773870639036 0.471730180864386 0.254398198758827 0.777368007315104 0.608053420092034
0.726652734716258 0.883484237966187 0.0984395814397815 0.936787508367833 0.995686203476183 0.145652422995266 0.625467686938538 0.320518043392266 0.9729913256674 0.532896856692066
0.646255370150063 0.44144809184801 0.164936104460975 0.700429656711176 0.957781755626246 0.0364340968258364 0.333633513303897 0.202558153837305 0.0188757721657971 0.512769980959851
0.773621639822062 0.0850522777541836 0.186791239564244 0.659918326161725 0.991275808622236 0.17920841215007 0.621603759799133 0.384280757220169 0.988122457525122 0.662166815298413
0.64045618978063 0.614857962781577 0.110808424534184 0.849995246312581 0.950471742907858 0.027412777862007 0.326107196727435 0.257979234573054 0.108469288732762 0.502894696583461
0.793046391991758 0.323368771735084 0.158368610786437 0.943321761573161 0.998175291753127 0.116852425714953 0.713444039131734 0.525537319042332 0.853274766861437 0.670933523899824
0.894785509940303 0.349968276027088 0.0766363890104521 0.384433547219483 0.958989346380548 0.0105888291192207 0.456315990367139 0.337759237109574 0.0574716965365719 0.476924437755464
0.270607557543584 0.0906710404213013 0.0163163870349936 0.290004911679219 0.849494692783233 0.00408239752780665 0.195550164727591 0.264622647954609 0.00447166904657232 0.462088489287826
0.179227947291328 0.041703931087527 0.0405724676881819 0.590507601906287 0.950263357074947 0.0455519139589692 0.26764795558153 0.2941653975857 0.318399698191506 0.42371064179975
0.891590702259174 0.475368854021715 0.234269287912343 0.858567740109378 0.997156952642728 0.0867863562039258 0.618610310728834 0.42080748198676 0.916257849812358 0.563958456604561
0.516451785042563 0.638334839007473 0.0687258937718848 0.760323171209023 0.977406774046145 0.0760001240899379 0.355905607542222 0.330540623345558 0.533436942193123 0.390908264497608
0.643998186348441 0.491331151454968 0.279827411122848 0.904252058245146 0.996318029183562 0.249799505090276 0.546844856026641 0.360238393260106 0.810802802684355 0.645484541895076
0.0406265701404929 0.22454050381274 0.079783129414668 0.638910141490258 0.924589196328191 0.0239293530606245 0.234235860691607 0.278687876617149 0.0141126872019729 0.434406538368331
0.648576699465034 0.806306783151785 0.259248009849779 0.853612555042692 0.99789225491174 0.106667688708166 0.544023108283792 0.454224064520911 0.977796054922169 0.699110758093075
0.100375845846071 0.114825094652161 0.0958194855548393 0.702652838823619 0.855250118622902 0.0142353930925984 0.326761330454302 0.229874996849302 0.0820689920841605 0.516378975000752
0.113403263455796 0.176750331493745 0.0966508437086248 0.438513792868533 0.921876840434776 0.0184027483817244 0.253952571901447 0.250042172488004 0.0154474675829686 0.38732444184637
0.865191558862905 0.649889286011265 0.202391084809536 0.901722087904681 0.998015193040231 0.201247243619637 0.436848995030949 0.29892539686422 0.979018033327376 0.525206927338644
0.709849102927885 0.111341666646589 0.404890934029733 0.895652839024697 0.990683953216383 0.0746542322292491 0.475100085941703 0.410225125274762 0.512888769419175 0.556780288431279
0.101331144930413 0.864641690629525 0.193988390505374 0.548594121175445 0.910788209434285 0.0826417428991241 0.297082244314295 0.242781566746503 0.118048087958975 0.588532387273648
0.818245396392372 0.618457482693801 0.30070217235527 0.456790398599539 0.97468132342353 0.117761197321215 0.367693291083938 0.316527920368379 0.315066172759125 0.598677887403038
0.39041822828255 0.0829873115431689 0.083196866103952 0.960099916400099 0.994888677288498 0.0531094504243039 0.477793493222079 0.389258653207585 0.779467809684565 0.655733309171246
0.543083979304611 0.215397387991416 0.0666181810431361 0.452673855078977 0.995257690199917 0.12033466409591 0.585045013495146 0.327109723527144 0.60027613248893 0.543527221594952
0.519453720087362 0.637226162989961 0.211417785582105 0.90824729730279 0.996417992676056 0.535593223304647 0.69407358208858 0.521808992884524 0.9593771115603 0.645355645900157
0.0446243085095051 0.576870645003142 0.0849124161089875 0.312405435972517 0.89573792715534 0.00419260184124055 0.205267346781926 0.261711546723938 0.0282733356531686 0.450365019081737
0.593997708960103 0.244532113914556 0.222800879373975 0.317260059965282 0.995176838316671 0.0691406474605269 0.455924948051901 0.398874485054902 0.737757877776319 0.601356973470216
0.922036954865597 0.929976969858952 0.119203630861915 0.905551543412412 0.998994279092644 0.296588781993849 0.578133646284129 0.432280770904138 0.931973176755928 0.563937290741912
0.603722384431482 0.886800515198456 0.28071732181608 0.89021734732411 0.997294472730785 0.175021284260086 0.582971102403661 0.401185021515194 0.860083265933581 0.54095466285364
0.75585561893425 0.547146305694624 0.189806918498934 0.746742558201136 0.978185171937308 0.233842550546187 0.533136469239666 0.386062159154281 0.672539897668217 0.442258555113873
0.468195100378061 0.0430294332702972 0.129203780454954 0.492351509883543 0.972892291701048 0.106440227375839 0.383475033226878 0.359854539108445 0.33277766329988 0.588849490042021
0.621436160343286 0.110260317514129 0.181804504887666 0.833959589699234 0.999103700654845 0.207582072038586 0.57003818405832 0.411279631156783 0.700032795333273 0.622262136418305
0.38016961089143 0.213310640993548 0.0820123763299213 0.846869221008233 0.96753776056985 0.0522244415767735 0.424973923122422 0.347944219381366 0.787795693362986 0.479156281166506
0.0678439552066833 0.254623863262603 0.197091378427172 0.634713164012276 0.96482291612315 0.0238177352468296 0.252441933147328 0.351042269064599 0.276113762765891 0.507146486239708
0.702876182988701 0.563380589778707 0.315120640342998 0.619621364307009 0.992140870663311 0.159505565793804 0.424548202397501 0.441129565295211 0.81112493392142 0.591883005484958
0.850108072455466 0.0356316687926492 0.0536236350397979 0.833865604507724 0.965765875006013 0.0140418299974323 0.229276845132069 0.228891634383343 0.0270085322516753 0.382566421590105
0.576214826072899 0.397040609263898 0.108755225373504 0.437066752618369 0.966409757502122 0.0578547105936851 0.467549573794709 0.432955100928044 0.0890846406351296 0.608687873610573
0.82874615758571 0.154010984871192 0.175324542593841 0.760889044787824 0.981161860546532 0.0830538633086966 0.306927580277142 0.352631022868308 0.806790187339539 0.550857924459209
0.658281857828256 0.0568070438563276 0.575766976137421 0.90526902471826 0.996317888337643 0.226057643330468 0.309528627445274 0.34654349835052 0.4838931196428 0.707955718089925
0.0830069518629182 0.479424201555622 0.105968700821043 0.233480059372386 0.952546358965496 0.0720258725128724 0.33013318834289 0.369725975043452 0.0255528046629817 0.508629141140147
0.102229405876169 0.450942527024872 0.0405327551002513 0.260020895803005 0.940228601435497 0.0159679695096442 0.292571810329926 0.207431572270053 0.0210447953275732 0.425840386809066
0.843905696097513 0.797716890978488 0.267180003997036 0.984953451552466 0.992918028621369 0.0836942059813999 0.546244869055656 0.36338328164539 0.879459796249898 0.574174132165668
0.502134394881015 0.196001218464679 0.133935630969161 0.529384951960877 0.962839917084551 0.0396107615973991 0.328116428536817 0.312356688456214 0.150119264820373 0.477249512066951
0.508602865701963 0.266617721780727 0.486116830482085 0.580423159500029 0.998149179190611 0.239585769733481 0.514218156239772 0.459758460598079 0.923130560648309 0.642744055484161
0.47509332424899 0.687999226907396 0.375349297493517 0.494089597689415 0.980474595631807 0.0873133369445793 0.470374365203739 0.431094263890517 0.858715409616513 0.562672137371083
0.630397410454384 0.283102711514317 0.1132373183881 0.977188416352615 0.996465711058281 0.0541541021964971 0.336285517417073 0.320651003851151 0.288643725014667 0.529825517609053
0.287431790055617 0.0397849974936331 0.108149263627658 0.890530910867641 0.988313718509289 0.0761336384712546 0.373411496455651 0.346551952438042 0.332227845274525 0.601242358083816
0.616535122379134 0.704516921384926 0.0585062407814248 0.295233224801196 0.881108323052979 0.101791078717867 0.357053364800454 0.312369469020147 0.589358932026351 0.459595493190934
0.313178399923218 0.914793496753486 0.0347776132836866 0.752951433219993 0.964784972175191 0.0274289614627354 0.301780703899622 0.298957673598765 0.293580927295916 0.305629451132835
0.594368280850978 0.718331323792635 0.289856011896901 0.816013645518403 0.993382941829171 0.231837691270799 0.609988640957663 0.399212779466887 0.979371526206297 0.53757705085848
0.583293180444642 0.926907269429927 0.216187530426406 0.814382340338692 0.982853464943198 0.209672615838087 0.504255486408257 0.427063714113794 0.783704146731151 0.644645252582652
0.861492990064876 0.575056065190094 0.279296259895158 0.557632003386187 0.98492805686373 0.119789253198998 0.487455150324703 0.404650373776767 0.897433533578812 0.57059848508128
0.100981525079993 0.681343722058512 0.0320358986519095 0.339488298157795 0.726854099883722 0.010481712404304 0.390881153373299 0.217879252523449 0.0899274028473689 0.5982851210732
0.398856055404026 0.756560543972795 0.0817827013897132 0.38132420270548 0.956463449352994 0.0233457383626346 0.277999363930451 0.359192451133198 0.164353442300272 0.424679066240112
0.980567147749047 0.940474515740234 0.200663205625559 0.994914201621425 0.999824611252477 0.77385085429494 0.785976380986541 0.519246675351052 0.999083796753104 0.801041673733213
0.864121586418912 0.832132360599226 0.123803720636437 0.708946768138925 0.993782047016054 0.0609129351894147 0.357529427393574 0.340812957540123 0.872066994991718 0.475314115475091
0.527099063436554 0.0960842013890228 0.117621644352166 0.663242150516646 0.986820940815945 0.0221502512655931 0.425183217746431 0.286492338269419 0.235483896234611 0.518688151976599
0.582971165463828 0.274659905929856 0.453993946782012 0.694100347498624 0.998106666792784 0.389985498549931 0.606493640195981 0.400852071929585 0.912102294201406 0.7530931217851
0.679190744789146 0.746746921587639 0.112264329177998 0.969035807905735 0.999461608847245 0.333090404556901 0.71924401850556 0.577609131662958 0.990822096767996 0.600806286910782
0.283235646656974 0.0313478461840115 0.387454646971084 0.725079053652862 0.984126939716157 0.0201336090029204 0.328027474966477 0.322201593388313 0.713864299428278 0.410229062814903
0.419558223025199 0.339690157160499 0.121750624533029 0.880753363329217 0.958416830797954 0.0836601952315304 0.427690983850759 0.295178784411872 0.636564114302365 0.515608848647016
0.268252235785383 0.933875938380943 0.0950234893839645 0.559904567544171 0.994522310092513 0.159629360446737 0.438210563139357 0.375393246626331 0.895723659767099 0.619883245641619
0.80149779583828 0.864840195945814 0.110677550347693 0.781768464530124 0.981011535109765 0.067378280142454 0.341874708584746 0.295047113531968 0.369612968686124 0.629873128556877
0.53485660114533 0.31294202248647 0.103456230038296 0.865300279425239 0.995095510733637 0.368662644494368 0.483362788055442 0.394197359325145 0.764418727926674 0.502145357704514
0.179839508733036 0.880522365784942 0.0929610210183377 0.88392609227879 0.955568036981388 0.0572401310077411 0.524509293030604 0.391041964732307 0.383266892347584 0.552819777583251
0.433411731109256 0.534788162855085 0.0209775011079346 0.512313121636838 0.739436592290728 0.00954442687005323 0.139483097422715 0.185102804194809 0.00934544024105047 0.501791499403492
0.68843242585885 0.874412963556005 0.435527499708379 0.927763459887413 0.993922105077522 0.362705016623634 0.647567993191493 0.404383586259078 0.991396362228283 0.690919433329901
0.667981510881133 0.668727563395711 0.317991657821092 0.709323698099747 0.996094107083144 0.184086245117514 0.443553516900508 0.479634926728095 0.235616923650357 0.595705066723625
0.29949574020084 0.346218466336976 0.119106781959378 0.468879055830555 0.973036208518657 0.0487919664380408 0.326838514101234 0.388850072434637 0.0895622190922544 0.318676308280366
0.5218761150871 0.877202879746214 0.467768001966024 0.914502495017523 0.998041638398212 0.330686011059192 0.76895680778547 0.470125713385026 0.904298045926672 0.653713565270306
0.44976809308601 0.664995239809181 0.111036883028879 0.640022975737144 0.94135976092154 0.0695060005156864 0.336994228336075 0.253165836964743 0.0730386570991265 0.628656860720184
0.651171093695272 0.262196032376113 0.197947926945227 0.666975835526097 0.949383572053111 0.0572741208449202 0.504469072604329 0.229376744955759 0.803808392705634 0.50558370309494
0.303828208476009 0.740543784451667 0.195317285350372 0.868176032015702 0.967594866656517 0.0541900605021138 0.282321293800133 0.254704124218069 0.0268318402717814 0.555603632826161
0.821044881782557 0.689231562323641 0.128758888807859 0.956554243762918 0.997768302963723 0.22610798859109 0.583480953914191 0.387010713509812 0.728333545884185 0.549410629932401
0.413955476161164 0.860185876774963 0.261019548680416 0.909697874683325 0.985591226691797 0.195283013029779 0.380573448087349 0.425425104177098 0.699230206894248 0.526930540316045
0.579851886053615 0.715293400403033 0.0853293126213454 0.895926826398664 0.975170956274225 0.0758930612327461 0.338459925204392 0.335403273295814 0.0534624865900484 0.481835632440602
0.633309167768193 0.943722475465217 0.169439399673508 0.717211856655299 0.988837036174113 0.2866640642501 0.589518591576575 0.449907671588692 0.89800568041906 0.645736422508016
0.72126944440308 0.5606598783084 0.347618846680581 0.85157913057082 0.989651323944677 0.0501863444188335 0.557680401775545 0.46219426124793 0.712281490014042 0.65960088871093
0.610912998525356 0.945501918278102 0.718601822123109 0.937263989577089 0.996333303575071 0.104636622895892 0.615420493816966 0.407643835444689 0.854502234708506 0.728899245229884
0.0734639808613039 0.592902041311978 0.0480883114427246 0.244750160705876 0.489614672522028 0.00261570790553539 0.153481752884343 0.198949702910568 0.0047748435163703 0.371031036434229
0.182951142666606 0.303730285369309 0.0357958689034179 0.774499228738432 0.891439743222258 0.013538559673122 0.314059362272394 0.269760835305387 0.13630606523292 0.440631099362396
0.950319892753509 0.683059271493461 0.459240270098164 0.982671114938465 0.99995149191635 0.888448605654973 0.806210156454891 0.66961657490945 0.998494929589837 0.763031491019361
0.831738360061747 0.569776881413843 0.105988018459351 0.794362972601049 0.993930887247837 0.12883579344531 0.524052402864552 0.483282513096499 0.778512093491366 0.661325701919707
0.278160696871971 0.643240491399085 0.107002166372969 0.80945954843993 0.93061900868208 0.0263297484825675 0.345906862915878 0.414515091685516 0.318602862385337 0.587878251133608
0.501336624389017 0.31075351209877 0.128222002980437 0.498383931082667 0.939813149619076 0.0243292994183427 0.317356632383902 0.26995641207913 0.339213227280225 0.477219156392537
0.437311721072151 0.231668478055237 0.0969630856105803 0.228169505186721 0.974444384261309 0.0377138034512665 0.262958845727599 0.265498847748603 0.0246001149333748 0.506827504384572
0.261693359202617 0.93315335321731 0.406486089782325 0.853624032850089 0.996695970205656 0.113030480104136 0.420648867560132 0.373795488687623 0.865395110483439 0.553347088054911
0.477893977389242 0.10876024975614 0.100514200810446 0.829975032365236 0.98828010758516 0.110573633581378 0.58587596584911 0.373989479185305 0.459256252975211 0.53109485970975
0.424698262002085 0.581581361644475 0.192469802165988 0.754812626527822 0.992455784960142 0.241452287573684 0.364333675032432 0.422642522134253 0.297174735440645 0.587945291787025
0.151559801753896 0.232158123024675 0.0431163479278074 0.873930736657397 0.864993699015194 0.0145013991919477 0.262604298092443 0.28523491710517 0.00838339801088216 0.41442905946768
0.677046977450378 0.86007284903351 0.348796719753243 0.96018593632319 0.995002254879207 0.247916352619985 0.589917868088672 0.418036059955686 0.950242695333046 0.590345615708095
0.181077005063632 0.210869606702402 0.0385064596124712 0.839273013550693 0.976810511645106 0.00640717512682382 0.236391001721196 0.267368403929194 0.0855548624817561 0.398478721292617
0.616449135998755 0.285088792908119 0.223304081617235 0.7650782943381 0.97492634882261 0.0448311350197664 0.40835071997833 0.42105751751162 0.34277717796357 0.515009844424359
0.701172037895681 0.309412234627118 0.28912708002286 0.75720043034507 0.984957357590974 0.088518915940685 0.396958658275853 0.372999424549952 0.599852033369454 0.54818428800809
0.699628291140997 0.320649328306867 0.120062956230866 0.476498070632581 0.978590993644196 0.197735553428705 0.368352301171084 0.321677371718676 0.848251490616359 0.53717684219448
0.0777353315789519 0.158560542706783 0.286903429023711 0.745237557284703 0.982837123648284 0.0181607878544498 0.394666364148177 0.347458490093275 0.198511213219208 0.501153734633881
0.208730807842151 0.852848191098363 0.0615458364163422 0.490781615114282 0.574644618324444 0.0161741901088799 0.32244346955224 0.246433595541574 0.0124560523259877 0.372923190124243
0.605632918228522 0.63751026916665 0.0628816091109041 0.682412263660411 0.968390472052796 0.0158791792412992 0.342241137811052 0.306560209086863 0.0421494172564556 0.450371248662724
0.833816605157639 0.0321533721337105 0.233599749690791 0.474692716007346 0.966890998625688 0.0128365527039656 0.335303385605158 0.334665492021834 0.509668347649913 0.491044424156608
0.48176033758385 0.431108866699641 0.0843275678148579 0.286570207924595 0.967881752201531 0.037929897898686 0.346405547858274 0.278242195739172 0.0718331446128121 0.5615413288486
0.451636253693943 0.0367893975443589 0.185057127279446 0.220086245529697 0.911409177271556 0.0196852273496251 0.259518026327841 0.184928219322173 0.00771637458127538 0.42115485027639
0.845396588596221 0.240737663801562 0.144865222253698 0.70834366825323 0.994335426385299 0.422421079034565 0.489004953489625 0.473453800904227 0.814517542659169 0.588586927002762
0.206506302228672 0.339146690336061 0.177949000534527 0.681973355351515 0.967272065404296 0.0251954712435141 0.527150029686207 0.364153479464965 0.187591206489893 0.606022049224366
0.387003946278263 0.321313762886942 0.167269106315663 0.538509826035075 0.993625541511436 0.0592488486627488 0.709511604632291 0.458237141728071 0.914326256138992 0.565305811272063
0.741894304172834 0.347832555059894 0.0537599107553246 0.934053724287309 0.997278126477839 0.12440854673168 0.593470230022115 0.465618755391877 0.561049168070553 0.696078770351863
0.967392654668804 0.270074914692127 0.281322047716407 0.660887808688362 0.986056015711896 0.10003838280525 0.558093770947038 0.342482231329234 0.420414230536921 0.620753783354784
0.841141770686776 0.88977602317956 0.226402845705903 0.964851800629006 0.997679674805015 0.360101659541846 0.470998178428492 0.486993876932649 0.940798743340466 0.649167704852912
0.309237068268602 0.967649761118019 0.165950040745388 0.703875393706629 0.996795470075509 0.224765700575712 0.541489361586936 0.283923730422555 0.973559863809874 0.599124026409697
0.107724796393701 0.219639006787375 0.0454640738505406 0.939121185386972 0.995429986576598 0.128253289618078 0.466512447495572 0.343470912274292 0.618044050204291 0.574365192652578
0.909257957462334 0.400967135744064 0.300095260047253 0.868888722176113 0.976939325170253 0.0606368570454961 0.497624412231343 0.344350111156894 0.524846133437948 0.594475931906339
0.66584611735677 0.389606707256089 0.269512628114373 0.844804213654155 0.991773614329512 0.258341775010832 0.678607479675119 0.326455086835599 0.994693611086796 0.575664123986263
0.67932755142356 0.712755858999644 0.0453170062617647 0.441249730102288 0.66801038838602 0.0574495278060272 0.266558303983868 0.246501290655377 0.0580044654056377 0.523000471666409
0.379254361184452 0.716295891756655 0.148956955709101 0.59488677412822 0.972079369779296 0.112210635738232 0.434051372490906 0.362337939844366 0.435457084613179 0.550414147364999
0.96704392452994 0.92566639061793 0.296278464509239 0.928370277694892 0.998129587386232 0.129382431121618 0.685624689772089 0.568236816907837 0.970839066577746 0.641833091007193
0.670305672178123 0.378981565024234 0.0796185571887129 0.388950311882426 0.951934263213624 0.0476026790232939 0.273771865760036 0.265993138566759 0.030617807075591 0.507929050937901
0.369923139661711 0.509845496021363 0.158909889354702 0.646384839472384 0.975651630909725 0.0385537867627838 0.523715764785249 0.357506636523622 0.720634918630609 0.498820628113968
0.557155508218847 0.693227729078001 0.225901624755022 0.708223947926171 0.984810697000172 0.189685404855258 0.513913783446015 0.418065403230343 0.85913645909556 0.566191426335729
0.604175867710665 0.487924368232795 0.146821164068443 0.923422929274358 0.998260576115298 0.647335605928383 0.562466833369914 0.5148937544322 0.875216988083178 0.653716586083174
0.970825467546889 0.363007691960003 0.609685878828614 0.704948994215837 0.996039829795384 0.222710237744686 0.672968687308525 0.410615098549218 0.935710241188086 0.625907431078481
0.352008575264938 0.275337748545664 0.0272053488522089 0.864401253846142 0.986037728195112 0.0282188528987535 0.393731235245616 0.329910366225391 0.383490721416559 0.52149022476995
0.561122143303598 0.284396519019745 0.342128749668187 0.733841173996308 0.970940522599068 0.0325371484275154 0.401166331279838 0.376102252248606 0.629641508824142 0.561186851795099
0.6686840648472 0.300905594169189 0.122709615352453 0.868175185152449 0.999715122879031 0.807330967065953 0.692631120612637 0.474882160900619 0.984763635348756 0.592299758639639
0.556181884828679 0.0792792943809911 0.145063871703955 0.933920323027933 0.97949471106699 0.0895096198406318 0.373601429760045 0.365250732240885 0.0722343677341023 0.533481812583151
0.482215457894813 0.225536110088175 0.0502210059426077 0.501596408656929 0.895845712920933 0.0171498044150782 0.342995334364598 0.277756737366056 0.118357827861408 0.566252062911186
0.847216410018579 0.856752190610542 0.15361651806807 0.919210672807254 0.993929039403931 0.0828105822356926 0.568812499436033 0.406288039952862 0.288878823306651 0.668109037188666
0.502331887826835 0.656607679599118 0.133475482464829 0.683922146429123 0.953178752483146 0.0709000250011617 0.385721066902848 0.300248749598447 0.317728020816951 0.51723763521763
0.878078440604956 0.788349920199397 0.213240491493589 0.76056647834055 0.999484783578903 0.309280571788792 0.733190496101116 0.48552517181622 0.971890871745134 0.554823547689552
0.423295275744478 0.448301276779111 0.0874311628359322 0.350729570689102 0.605383617775273 0.00323209177561619 0.312440500263699 0.26415647443549 0.0101671910002992 0.486336643720044
0.962795412848216 0.590206669360587 0.521482258072467 0.927074696988599 0.998511746404186 0.293550795264407 0.703681790727182 0.512111414193299 0.993669354494313 0.697433701219602
0.657379936259955 0.171026047215174 0.126414678012047 0.310270781251792 0.979742841943232 0.0452969345613841 0.419629844417461 0.360470951182277 0.759358804335114 0.641084347339659
0.176160785300376 0.569660775153986 0.0699021513598726 0.722728518434939 0.987812038467764 0.21102410852381 0.504334965765526 0.360564979593722 0.485787423629989 0.477981603829939
0.528868847645532 0.380051961200502 0.347506756476093 0.76196381181842 0.982122475436664 0.0439941651179985 0.494548464214998 0.418484111667296 0.889576006705911 0.601177827301575
0.906462680157319 0.915901648757033 0.0972688132202173 0.903850109838666 0.998215960429012 0.330869073756588 0.509085386322136 0.51492800170994 0.925074553521913 0.720876985100889
0.457445386904087 0.961723940610808 0.462166723209708 0.960226092448299 0.99939132412418 0.200976377865422 0.56047463212855 0.50474040826396 0.954649971590314 0.620412085758179
0.525173289120089 0.976960503827895 0.105939747681434 0.777782012001515 0.989813598661282 0.0567823137560022 0.527448629851358 0.38167330200271 0.905534155421528 0.540875319451368
0.276304372679563 0.214634740248328 0.164848606513174 0.720256639152272 0.974257151682787 0.111161629568426 0.478937619292104 0.371706837014617 0.274856162085184 0.506571512677816
0.957545075339185 0.675096461849685 0.461267889403 0.975442253071993 0.997568513741793 0.25411603039573 0.657934273685955 0.513063755879091 0.972686181614389 0.700513224735098
0.078770928588734 0.143215997349027 0.211355306679664 0.860646964477509 0.973296865372515 0.0679143898182686 0.340148760498369 0.314245837079033 0.307503862318524 0.537510664491852
0.229538815709696 0.083120632255969 0.0286100367868855 0.729194342842135 0.975355632869081 0.0271644998764181 0.305105131889073 0.279609225420272 0.0562890961771981 0.530696891075545
0.00619306067621544 0.138940631141762 0.127577363882088 0.375799595006411 0.551656275085849 0.00295387250924632 0.154523371467251 0.264464372978813 0.00382155023714901 0.367446522694647
0.619281375328989 0.56802700137215 0.0852257739941971 0.915102029233025 0.989402231840213 0.0999968922637491 0.348501261746266 0.42192853647201 0.638553416650265 0.672346346365051
0.106008661935745 0.0478731658402179 0.0331314149086873 0.205333465387955 0.958308316550422 0.00890523792697329 0.21693694448872 0.231347814094365 0.0577416406548001 0.508618770574512
0.934755622059335 0.230399714242831 0.1849404807116 0.657998712844114 0.980079588738315 0.297136862723926 0.390542876158052 0.348301936045566 0.256146602585595 0.579182809698937
0.764145575948096 0.84436695893376 0.402156329646039 0.76514167747866 0.994070666485917 0.0403980559261493 0.457551947496256 0.398801975526278 0.745291536708132 0.599283268117037
0.641998915088083 0.986306929509965 0.385305738133553 0.582935017172461 0.999039293797661 0.192727454360847 0.537434158221198 0.518838814408272 0.926162571125349 0.665434377824418
0.279404759483169 0.846884546376516 0.354481229086566 0.878059093671169 0.992628591029304 0.329586918111139 0.482984691055973 0.409437438929981 0.898177463124793 0.53334347597044
0.957056626139329 0.195194675357857 0.0867010090475703 0.43617238603031 0.994681276957169 0.0260785883816615 0.499711437821629 0.458385868531924 0.69946433789256 0.541269504361637
0.0833788009893566 0.478891626757037 0.251783343934008 0.710514709947569 0.81968921461109 0.0148743846232144 0.398542042183657 0.281960889330532 0.00706435653860496 0.415837453413859
0.934544107303894 0.641154404833686 0.247498170249334 0.982113732812516 0.997790531201688 0.620958322632888 0.748682412712092 0.518135810585324 0.991358869535979 0.725322391323717
0.333939311553084 0.662443558776188 0.123188588497835 0.49544249633029 0.987368862178326 0.0341081805646121 0.447915613779042 0.415671810066741 0.686924669057474 0.580642280049325
0.626517965901423 0.850682221278379 0.125597892755574 0.777542950717006 0.9942119265075 0.0926484227626898 0.453645704960988 0.350625565490499 0.816605216315926 0.599072995151663
0.0773755277430635 0.269098655471468 0.0421603911709107 0.234899141124653 0.862186201947439 0.00545459333092585 0.269356363753312 0.312006816111115 0.0857307363041567 0.44916270323346
0.532596240067547 0.241374315492584 0.0519743086084358 0.535338970303151 0.917993915601265 0.010350753590522 0.380906251180227 0.325960810347276 0.0138069813117868 0.464797499756287
0.084685546076703 0.0789590334939651 0.118410065399079 0.868235103138129 0.867970290322644 0.00247073161378955 0.0956333773854047 0.180011792541573 0.0032278458009051 0.374868622706714
0.096104515312422 0.197842267436882 0.015551673098983 0.206606212669473 0.957629541652015 0.00407581664271396 0.220246443710844 0.269909305078896 0.0359618353664341 0.491408919554468
0.00740222340423942 0.130403735583239 0.282974436877318 0.297984837531024 0.655454271448633 0.00941723304745658 0.244932480421696 0.235323975215994 0.0217846857568979 0.448672321625474
0.907512129126003 0.220739466738883 0.0687308747534077 0.75076230605284 0.98698471632657 0.0980834329490965 0.48712667314541 0.348883670349564 0.619084310988537 0.594677962185329
0.864295149141804 0.49199256619928 0.208812652849871 0.838015206406561 0.978795451429394 0.0684313053823178 0.457419791224804 0.303052982869975 0.649738104356649 0.55928529354894
0.250385940121689 0.797266240488514 0.0671665178113963 0.590442542899109 0.9724386314721 0.0293007947658049 0.389450200783958 0.241764712338799 0.211601802356381 0.545149486949366
0.187966573092535 0.159631314344996 0.0680048759880162 0.601341553071568 0.995319585629967 0.107521223572092 0.410166911217181 0.237945006040033 0.684069553756779 0.562734096652947
0.808624631176133 0.39916679170845 0.371024544991998 0.890978551452291 0.991835879903557 0.176272439998786 0.553848253203162 0.400520758476114 0.860062351864627 0.672700836183256
0.946846678691205 0.847417056995909 0.45631394628128 0.958043056075583 0.999124428910271 0.409741397530536 0.658139199212934 0.510735063606518 0.997124058395419 0.70714151612303
0.915134925731801 0.038684898680515 0.482175706620858 0.91234297368858 0.991568698860142 0.27890221890419 0.61013553817312 0.405220648377764 0.94080054805301 0.654675430793193
0.402944345353023 0.0812361691015201 0.157189573903802 0.847317751653462 0.985217769918474 0.0166735044394085 0.39756002186491 0.210069466969862 0.224050465792403 0.509442232942786
0.549765214356042 0.687506304405075 0.224524519845796 0.460298914205414 0.996900641082875 0.363128590971113 0.595482621513137 0.307052338507182 0.963729805076363 0.634183133610383
0.952340418345739 0.213747393371038 0.383103119006396 0.947239745851937 0.995988235874305 0.2720059956499 0.621796021429358 0.478002923995455 0.987348397803602 0.631375764120806
0.494896020925982 0.350160004999926 0.182318175056887 0.748188162876805 0.941726288220519 0.0652318476920762 0.397208853306204 0.327742328535889 0.894595028049537 0.671779016327208
0.695055763280522 0.420203410667022 0.0449731698284595 0.917108199305206 0.988444151828665 0.180240548579959 0.472532937828455 0.357908456322812 0.856005525067756 0.597254270994843
0.725501768426274 0.86366680307589 0.428327305363729 0.868876461564706 0.995794179970527 0.091901536697827 0.387358123118692 0.413394434954891 0.689940910743769 0.49108949803455
0.486476708719639 0.168457774551696 0.10480058241879 0.945514914068131 0.938246886845538 0.0792406729945149 0.445954524681161 0.244865661607681 0.133401229997541 0.509939498840396
0.581219257751055 0.280817831141323 0.0809920202865867 0.590710823800018 0.948043525831706 0.00934282991808878 0.347862367920934 0.352755373322539 0.0955251734345682 0.456811881233024
0.269177729271832 0.359963303876765 0.234627553595728 0.924329305652191 0.983948633163145 0.0786006923831597 0.431067142369141 0.276090926679208 0.447489327492442 0.609897609816418
0.817394642498342 0.356456178671608 0.414294870360361 0.68687149562441 0.991038362017411 0.286749666994955 0.621293182107831 0.496159926798115 0.95611848045676 0.713726807317018
0.195355087198222 0.351146287834705 0.149362245574018 0.713680062706263 0.995818197829099 0.0445818998598264 0.563117670756062 0.332027689321532 0.82711059844229 0.693550142023527
0.760267397381755 0.605116708804322 0.365064610192529 0.950405782468267 0.99937166481546 0.22509925056332 0.622242495221956 0.371545639744435 0.916917885456222 0.700367920152012
0.433076218279403 0.238647480814838 0.0969857177878655 0.535504324724917 0.96278100838764 0.013162168241928 0.271811803539319 0.346405017457469 0.0241121576616013 0.52783772754561
0.63631026933832 0.828953676003491 0.0891559613041609 0.852308892402295 0.997423807071414 0.127147527055265 0.548799857890304 0.425213816959046 0.970492630821154 0.670884127101288
0.965766189902648 0.495805655864149 0.231337333006254 0.851583619880567 0.981418284289658 0.0636481958815652 0.410968748127263 0.388463027297301 0.179049736089679 0.466224922846984
0.918310856248393 0.673902657836353 0.163484012691962 0.938778318264159 0.997145169075693 0.348351491849123 0.697511360008108 0.40265788794294 0.947312208865101 0.684072561575086
0.27743337575157 0.840427618425434 0.119403693070509 0.685905710492633 0.985813588559518 0.0120233993403959 0.416014091111148 0.249673485442743 0.55492231121814 0.542985074578001
0.898768978601214 0.928562285650456 0.674328409848282 0.986371446303533 0.998857974217723 0.0895194035716805 0.705554345299865 0.476147151066819 0.973530635720971 0.605993507880058
0.801118790578577 0.915861165091243 0.313248468000806 0.886978818625164 0.997131257756894 0.190229485970822 0.704669538136325 0.445680657115344 0.984751605565944 0.652958275815873
0.08334305125172 0.244314729366781 0.0937929627277797 0.874026249067076 0.976105906226164 0.133512952340496 0.512432237159362 0.353775793326199 0.360622564780647 0.577883139212706
0.408906760560993 0.871463484821752 0.310195865108556 0.895198247715361 0.998096932915895 0.0782649142630369 0.483402850061329 0.45636230619509 0.59635797549038 0.612812020163169
0.934890026916339 0.836045316228388 0.27872005962366 0.848229846530938 0.968657144460492 0.204899667775509 0.463938213412302 0.338081850138971 0.946329242471023 0.616618082461129
0.583158961632634 0.367595243002469 0.0672861936870089 0.423190674233828 0.988950306412511 0.0130008760460664 0.351256985899312 0.421271017244811 0.0414683593646073 0.45667586669055
0.0754324416301945 0.0822864129311699 0.109427793035226 0.566129966379282 0.961290812458929 0.0165873653431268 0.263109995938515 0.28556991358609 0.445983515776534 0.338721126816624
0.831385236693758 0.115608090737915 0.105484092251046 0.714683094138247 0.987919849195215 0.0231369530279429 0.39771234303385 0.361649946209865 0.365299687487679 0.553868704202814
0.834014091437604 0.537853647787713 0.353605380835297 0.532673819863122 0.996709175861541 0.050848797341186 0.44398168063515 0.353285571891449 0.838358466672295 0.554190485667957
0.0434362082235217 0.534197904996267 0.108990653859474 0.231030143334122 0.916113249774666 0.00378764430396269 0.180691194020885 0.259442908981148 0.039459289487327 0.481381036857028
0.412642205239264 0.180320714857151 0.0425260829061045 0.546558622973492 0.996260503171677 0.117410895897587 0.505558844018211 0.369574236992666 0.441910733596555 0.528536320093137
0.458717128959714 0.292214395468085 0.0805337831402134 0.476774365812989 0.929875204418697 0.0617267305845448 0.424709178366618 0.338616775872554 0.700351528601906 0.569811620543435
0.126240991781269 0.541818383095653 0.0839311121069336 0.927896259164751 0.958695823759371 0.0926800363116955 0.423994712357174 0.351875752884627 0.690096759128006 0.563771879245438
0.898568950024043 0.737540390871206 0.0804602760476584 0.976096850154714 0.990866127705374 0.250929572515915 0.5491006114643 0.38609511394622 0.972632093850356 0.745670806337269
0.85701872439285 0.8578870526783 0.142295144847239 0.971758835675157 0.998957094457309 0.153158534422948 0.617503354269481 0.477667008341182 0.926348756319542 0.750398611716113
0.952626066720443 0.403965853329206 0.158230730247703 0.712613892527763 0.998791687640849 0.108237444887274 0.480045639628833 0.373040002279518 0.950409125292726 0.63264346822318
0.28641626057048 0.64726275105936 0.209332276158094 0.612326373124591 0.968007638587206 0.016485172442561 0.452206048349781 0.367393248293469 0.872924499173522 0.550797407299425
0.313046331761214 0.319117988484781 0.248252136970576 0.612845485115655 0.955967697739359 0.0447428190593361 0.306177079731 0.306246921442658 0.512135841803277 0.557447112278148
0.476472101296279 0.695098476680492 0.246109875934861 0.784073132415099 0.99382635649873 0.0765102143994732 0.528734223586133 0.375331303251467 0.611254547316127 0.637764133898656
0.426264663362242 0.101094901897541 0.15005281676525 0.659932867038985 0.986946982612425 0.101884335771481 0.424396592122189 0.365783865346304 0.974557910282531 0.531213214226565
0.83044566553847 0.0663160871137209 0.106183082454517 0.73011378438427 0.985020373761908 0.116717053445006 0.456995777901035 0.317542498902794 0.863367622776072 0.520957263263299
0.697749713620714 0.706512628429525 0.234073492759134 0.904730339220873 0.99613587990047 0.139224378752443 0.507440531795576 0.426190718874493 0.849320891296208 0.689898595788681
0.31688154711359 0.380388942113448 0.113739089174271 0.507372412100908 0.966761462672903 0.0125326787956885 0.378070257679108 0.253445906371333 0.48475971748113 0.470558416474183
0.303185579440624 0.954294585737779 0.169489922295632 0.690615520465964 0.992798692476769 0.0619479863435742 0.496558833889797 0.30700482689498 0.475720408255773 0.618864128848004
0.410163054340033 0.0456996417669377 0.0480478680593567 0.874387022143422 0.901615788006046 0.00514687086188394 0.282479358416797 0.290961941622198 0.0800325688377817 0.440409864010919
0.544142039214381 0.701667338546277 0.127389146900486 0.987499670676057 0.996057234915995 0.280654361779844 0.478805528842823 0.363612744204622 0.945353201705549 0.657007895662399
0.920616320650665 0.641904397481184 0.272810224422438 0.855005525855389 0.995590731980019 0.46921904448809 0.665486530685298 0.499461182855565 0.967188255666064 0.636336096698025
0.650327988565781 0.52837425616466 0.110136328852416 0.829441894873333 0.995236555575414 0.269795248242626 0.482013245327572 0.374349900721632 0.681750185907513 0.660608362007704
0.783623765688586 0.775227664322974 0.441806613894719 0.977719795414975 0.998691855556935 0.205884067054546 0.687611036359062 0.467448413658124 0.983661477906827 0.68498761163388
0.152917586965139 0.446399962069101 0.218263958919004 0.772477690177654 0.918134932049378 0.00792082076559802 0.244756668237718 0.239714908607872 0.170950957718444 0.452875408552185
0.203149425601331 0.761770941444863 0.195724386412273 0.903355824321977 0.985990777355808 0.0493479471239749 0.442551599621623 0.276880159308213 0.243962858008687 0.504602263641028
0.252873323792987 0.941822412855039 0.0741101543928531 0.647157022108097 0.929500390187004 0.0233332008044508 0.337481410745846 0.227189578412598 0.130305887197598 0.462203408657996
0.984825948991842 0.955010671309131 0.256414994934435 0.945266665749695 0.999541904107023 0.697477252549128 0.865048594299199 0.539262219730124 0.998675755472972 0.678832867005486
0.857038205456809 0.687915548547983 0.201423423588982 0.911764762606498 0.986566032940529 0.172220533741347 0.546012702670883 0.405766682492663 0.600969585649529 0.530668094232611
0.104311901812304 0.147839041854857 0.0268007520043447 0.193398643889299 0.829348486867512 0.00745378784644458 0.167684223543731 0.173578655077929 0.00061508205591832 0.398733980862556
0.756909450523446 0.963071154169974 0.153834639099342 0.942986209014929 0.995337961154754 0.271233954082782 0.66286233687851 0.494527191089448 0.986268393858285 0.738638645466292
0.661839090517417 0.847675752405518 0.481998395015098 0.985091913132811 0.998581929403695 0.255642308903892 0.539942784759752 0.479696605606917 0.995666454026137 0.687932035027381
0.294929450986937 0.950208749444761 0.0979689629338225 0.90720641035241 0.994251012962373 0.0837948227561435 0.451921459025337 0.380399006264793 0.347887009140722 0.521279620425542
0.854510252012989 0.105753437393861 0.258170824630609 0.941087176835435 0.991973478654889 0.191753979101443 0.47650545776 0.307977983370239 0.719943013451883 0.56371453167539
0.824429680981684 0.172921423654913 0.497157926067585 0.502080866637258 0.987734188646772 0.0368574594799198 0.372777541380073 0.449159709969995 0.505219770920075 0.550431053958984
0.423392938276872 0.948408896741958 0.0566843665447078 0.928223180179042 0.991981472905132 0.175266533511728 0.570323632163645 0.477628000232919 0.935242510848877 0.618779523403165
0.0811271512545837 0.121490839441475 0.0281363987742668 0.47795498113102 0.434752137681389 0.0210243991770727 0.206823306211816 0.219605759626989 0.0311905870482299 0.405220009240077
0.906706843180322 0.717765874839322 0.112974621025789 0.936714513367782 0.97969720609996 0.17314481332454 0.612410170380628 0.359021411469477 0.983205671167015 0.682306622123522
0.604501092909094 0.301521078347583 0.592026686282381 0.994926747307727 0.999535029893756 0.326322127197167 0.672743917612083 0.419810794950392 0.999081092027188 0.74109916632572
0.708096360439383 0.783210892653816 0.0480039615035443 0.804568725732323 0.956661109356272 0.0855523187225796 0.301894072750051 0.27354040965852 0.297317185764223 0.596900450049827
0.377459878363384 0.14484856740386 0.140582869210554 0.533362914911028 0.97855007858001 0.0312596055600046 0.536167809505077 0.366051630695194 0.611297442121679 0.527468091257643
0.462648568507676 0.617175930136646 0.324897615410958 0.780066808734768 0.990602978416643 0.149632040811359 0.521480679464669 0.349248654992664 0.991361432448771 0.610134827296668
0.136499291145236 0.234275131378097 0.0270481642189408 0.429191983974853 0.982700437052091 0.0150496525985783 0.193970872780862 0.20178632485702 0.0254361495381315 0.358717831061982
0.345986542782791 0.806085954162595 0.275465519049592 0.256839145514681 0.983730144195344 0.0256458278987917 0.316598675080267 0.299891490947352 0.302022025245247 0.503426650672247
0.596554560768543 0.941523738062788 0.214701179682752 0.63579001832948 0.978070687489093 0.0903571037580703 0.358262409604764 0.441021072469617 0.234259205790711 0.419469208081508
0.0986861134907512 0.391519844850141 0.24854011198968 0.609730471579242 0.995374213399998 0.0617374588950916 0.551482543567148 0.345500375832931 0.783182049852937 0.562085736584587
0.721667918198199 0.314197304541094 0.15290805503874 0.936924899776395 0.974586471596734 0.102845764766534 0.448378986929721 0.321759184785112 0.314573707031836 0.543556542489387
0.444344267809048 0.768930967555889 0.0683407931936681 0.39738443172804 0.865606087135195 0.014837537112944 0.343956770789425 0.272534707674065 0.0799425800294081 0.553070111026861
0.693911001607228 0.952158191245513 0.174330868106606 0.713757521549996 0.997338571839592 0.510417208785901 0.593239966271735 0.507203403303528 0.920817284800387 0.634337523858303
0.631540133162081 0.109669501634552 0.0374437103690483 0.32194661165144 0.927974732096387 0.0444848163052177 0.381421864379389 0.306623095800455 0.195754736444296 0.486633606283972
0.391778060561624 0.237680297808414 0.19075284155974 0.892474454147207 0.995174948315975 0.141070509823306 0.540610348320189 0.339943319735983 0.749103161988462 0.552594616285828
0.56769625005781 0.781410909038964 0.0887280985244831 0.532371880808 0.993458822103991 0.0414571489618743 0.45432921798227 0.359385142977503 0.291141563247777 0.573645847408338
0.29002733185026 0.0206492908981784 0.238610378490223 0.473970588514653 0.967626749779359 0.126974111215923 0.548928335113668 0.368762201362336 0.721365935572634 0.476756833428913
0.877325996475211 0.733365613879055 0.251371401822917 0.779056466259932 0.992751714226403 0.0779777126725685 0.534295378479509 0.339273413272574 0.126648603860767 0.612426158553403
0.977617314182921 0.878882222016534 0.461772543310968 0.948010828882987 0.996302036530253 0.271221874370376 0.526283199766823 0.458027698701493 0.959699418417122 0.594351541176306
0.747222941000883 0.929924542822197 0.295527977337016 0.857589696153994 0.999245947182148 0.563074087593375 0.671784325621336 0.421938243629469 0.994780940683164 0.633517082058248
0.477707273967599 0.689288702261343 0.346722514873276 0.7696854491081 0.969638756099819 0.0858334204982149 0.363079623669593 0.284386187640732 0.233112474711791 0.529902069690858
0.14287764239632 0.71516936394164 0.165089841038068 0.573173779315227 0.925756666245824 0.0230135798563265 0.304930736687686 0.317823570069179 0.419368309344588 0.523887178050564
0.919816327967799 0.791559866984782 0.590377487877664 0.758337289253984 0.998481576316418 0.132785351817007 0.574097593199969 0.4567724295243 0.916308008990845 0.638109403640497
0.946699534935594 0.892573775275042 0.324637729825596 0.494693810218392 0.998192600397208 0.269670442282581 0.658371146444763 0.37776696789117 0.990183917602934 0.595492601968196
0.488882687429672 0.433511822670414 0.173102455918311 0.263146618139836 0.986774160349377 0.0235603168189937 0.464515205798629 0.358051671162453 0.141258812686089 0.543612754418974
0.696634168434703 0.237668748972136 0.0914983769543642 0.50257810912657 0.924552782631255 0.0303779045208803 0.472429845453165 0.261007662159692 0.12939116228056 0.586275651158651
0.816698078162861 0.75782563113901 0.150514602758996 0.930693144261046 0.995188682204765 0.100556151692765 0.46476227453505 0.358846349889031 0.949730441738973 0.617552809363268
0.50427451857078 0.235906429309655 0.0494536395833376 0.526782984639654 0.889953585236759 0.0164165165706297 0.235411978639335 0.242222953353036 0.0958829670544459 0.557578806309444
0.665378342602382 0.245033954844762 0.14529543414285 0.249613383670046 0.984217960026866 0.0389946223840838 0.330435328882804 0.246418745576295 0.143449185534117 0.545541795417055
0.506829820721309 0.574002475078201 0.09251132746724 0.754107686568266 0.983380446915671 0.0485830410181881 0.412118790308111 0.383046280232803 0.0432242014993602 0.429239369518818
0.0538178148417942 0.503353538968667 0.0904710862453204 0.5826486644794 0.851919222260479 0.00987557678774183 0.23518844808562 0.252773066943386 0.124662855939647 0.443853486858285
0.300983289167477 0.408663711750395 0.066045496772119 0.804545447468673 0.95596408909689 0.0387521315352976 0.36324203274644 0.423380974628332 0.362680199130182 0.560763545211418
0.0202655672800927 0.330479637894975 0.0887986591414172 0.434232103738622 0.91306486416632 0.018528061069923 0.216266636083265 0.299121457750181 0.00566746359166471 0.440174997613632
0.594117520851938 0.286861384484314 0.0657700298333947 0.497338259158644 0.942570375636489 0.0184857915286334 0.279143455421347 0.274432765724618 0.0124830310294312 0.367556478288691
0.889185231843574 0.493476548362072 0.21227816932616 0.908658152321468 0.993622058702545 0.488472707675812 0.621029656829854 0.432031790204909 0.978684184101173 0.603274400691176
0.459516382317561 0.935660339899979 0.281547656228511 0.96622100218643 0.986948961119643 0.0424203534762482 0.350420243083303 0.283473645163004 0.511041011333486 0.642274619789351
0.12063398158065 0.216921364977283 0.0690303213836604 0.738894426300586 0.968695139531657 0.0245279579971925 0.281983640238674 0.265037157051017 0.146215229211586 0.477266914245689
0.359328188396201 0.566599010007359 0.044820670619431 0.554647537170917 0.879629951351169 0.0254249131507001 0.231794739470708 0.304390381563413 0.0785321852097766 0.509965112795876
0.596515912260907 0.674039285862014 0.131712097347835 0.911180320776465 0.980423755875434 0.172058155999742 0.635853633215561 0.473759007452944 0.726310220947179 0.645818059027476
0.354403464910253 0.896259441613254 0.159289285505574 0.520401259230913 0.989936361090699 0.0316221664026273 0.305482109427423 0.387593622847587 0.416402879071983 0.508762401599635
0.0480765465689431 0.337277749299058 0.161317309841922 0.632174949037666 0.954690896690326 0.0156532823507679 0.244055183120934 0.204791784812494 0.786929394787575 0.464207431075204
0.134883732629717 0.256419646402105 0.145749234541952 0.826475318188639 0.955595004087105 0.0253998869703355 0.438876018770496 0.366859311269242 0.869955460919381 0.541185540898041
0.707517090836333 0.267588518069758 0.0442142759136621 0.902003237812918 0.973369354035994 0.0676472042217572 0.374036735128174 0.323652895997375 0.625421008350343 0.47890298004562
0.97882714979841 0.724627353758017 0.178511919999632 0.981205482617641 0.999128397253518 0.53185077443487 0.533206313884429 0.374984733422505 0.984752682300896 0.648023231209985
