0.852476808976607 0.0639567228924416 0.734769442562516 0.515649832875901 0.442353051728186 0.0883410439325761 0.305030275708468 0.528983678962875 0.127350106968412 0.544771229319745
0.0237491242784181 0.290931371964606 0.0298904672576784 0.197505996097006 0.802282247276975 0.00873991716466432 0.074885580832997 0.461048597377102 0.022968776941528 0.199223860591478
0.913296740239931 0.13191751830393 0.999709477227092 0.698439522715658 0.98060905687755 0.269423470225061 0.311051301163716 0.560929376702011 0.284052938816569 0.671903288908156
0.867442263703265 0.917835774520607 0.944221805119567 0.68511331032971 0.989660908739706 0.389579083588414 0.149025996906127 0.549472505675152 0.139064075345331 0.518559854095952
0.659484701264807 0.98065634924115 0.979588380066324 0.536657428335158 0.543437840817433 0.182332752404667 0.0252744204106601 0.534031513477869 0.0685105674528993 0.5002352534062
0.582957356708463 0.625172297634119 0.432312333175931 0.356573278060105 0.981304186889123 0.0695240390520753 0.250972669253036 0.536607101190114 0.235171028365248 0.420488034275024
0.121293082633596 0.00418656789153891 0.911169746096596 0.24771226550777 0.713898316233938 0.0227599341533757 0.149369234699459 0.491680202019188 0.0331932316902821 0.490936523823825
0.998401675666349 0.617384732108845 0.721132420141016 0.370522371680275 0.752666518004888 0.00766180618646162 0.103596562540366 0.484766567225612 0.049576732615861 0.596595322923339
0.285208425108888 0.000828385155830984 0.990701073743349 0.171744748818284 0.615790694374596 0.0209801995485298 0.048175369160064 0.445889622085174 0.0528302204979271 0.23703316378493
0.997944953407012 0.331309106905083 0.9391550876827 0.533539528964323 0.987167708935519 0.193353179021973 0.117408778127817 0.579815979041053 0.202096022356739 0.576728647993835
0.956543167726337 0.568512341592272 0.992952165724725 0.61595105341752 0.970902782806046 0.432690967998869 0.427966058093436 0.558336980244657 0.121211665124593 0.616010580821707
0.0249900344100994 0.0882085552666189 0.958542443225768 0.462478569396797 0.692945545792435 0.0181658328420434 0.818295547615452 0.514351981917565 0.100389127701881 0.412254295432929
0.00608311152164571 0.440362399517913 0.350319070370076 0.45642436685913 0.983458911229039 0.047630417981586 0.158684863154592 0.535062041995413 0.0948930292748058 0.535755270135806
0.714176640826726 0.791867797241327 0.994458097878823 0.477405975737144 0.933565227836043 0.0251551014721851 0.170066045010664 0.500847770353375 0.105115790135874 0.574401265215527
0.997597934675739 0.896756077798501 0.963137989033005 0.611590921179358 0.997041234186368 0.0975361930436414 0.698765141499622 0.552001307703192 0.329042026147766 0.754027656028441
0.886238044438074 0.323426820446733 0.903400652562299 0.313841162196098 0.33213831588425 0.0267629486995063 0.136269834093408 0.508995451741391 0.0892887674565373 0.165649539672896
0.0578030365783135 0.926600155483578 0.994524450106393 0.731760091014162 0.987763960532686 0.551603374679993 0.828187896648205 0.59398564538215 0.648523194286114 0.708274333473558
0.586640403559861 0.449740294960727 0.99929050496748 0.677110913337776 0.989575470030927 0.195137002097426 0.51260027139754 0.585835330353406 0.431884149846258 0.581908881408495
0.10910753197679 0.000424829767366217 0.99530465565067 0.208776890867373 0.39119045717853 0.0151858239967966 0.0616663026321221 0.475012468216572 0.0162433064278059 0.382112210035342
0.135604053413223 0.863185915401861 0.95026700816434 0.570876669725852 0.990399473587656 0.443646938920631 0.20494385929652 0.549826037216048 0.221952102683967 0.656883880790033
0.00443406565281987 0.044464047895346 0.968308768748651 0.169449828985687 0.695727117912601 0.0196757729877301 0.205041463878361 0.492179722802583 0.147919654544186 0.378505544284945
0.194840633210766 0.0057250760168369 0.837077692394391 0.294074629998836 0.982125612668758 0.0122543121925471 0.370811878275711 0.498568509274502 0.0479082576505305 0.337377218848482
0.76981956211473 0.33476120678303 0.926069321242937 0.292120969479763 0.96311788536931 0.124138726244881 0.0975744565586742 0.51968823818815 0.0547875936354032 0.452699494744587
0.8940168914757 0.402081044947717 0.996199818197942 0.398428094460187 0.960529111971966 0.0174288297674073 0.298605267233448 0.529880270367506 0.0594837379874048 0.337914435794069
0.96809358617551 0.0953707346954133 0.858357184826728 0.549944034145254 0.994034736522058 0.0529153975970487 0.275739107579389 0.504360804887044 0.0571601424257912 0.297248894369999
0.958619097946136 0.372125166682518 0.98639064290473 0.428261431067433 0.754014954749411 0.0789551157693509 0.458167955178535 0.542477542714326 0.0579820746609651 0.599142077444155
0.409499830642787 0.0951648902346223 0.307451958804813 0.25282068449577 0.680681449134374 0.00844329240934339 0.222663172660519 0.467188936990398 0.0197148420782898 0.270656629887529
0.819408716213771 0.24820078918557 0.999965723759458 0.672733847396542 0.997573099220788 0.113891141872558 0.212892666501487 0.567554326219582 0.220935417190348 0.628604862598556
0.0549935425395421 0.0235096903093219 0.812391133150539 0.142034391197774 0.623348811257637 0.0236053535181116 0.116672174242289 0.498442594124779 0.0684524113636575 0.28462008427523
0.999586656288662 0.001339253749106 0.989029022306491 0.539481034416314 0.884412125301842 0.118792366100694 0.983070732390872 0.529841655047744 0.23614843353378 0.556220329482254
0.01022352759059 0.0271537499034307 0.999164863979701 0.484451527260621 0.944188953684184 0.299596194883271 0.756254704373482 0.541910103955053 0.0952341389321707 0.586808105752651
0.868858721502554 0.0514047854790144 0.997850329588444 0.360805415834403 0.923081420606605 0.0700348854662669 0.152109239160283 0.548240385139395 0.0576676408839978 0.532744079572376
0.249164749146316 0.776749495398955 0.95862119717206 0.470544639424777 0.991026257310784 0.240249368140036 0.195179682015 0.505638459298543 0.0646345891420795 0.573708051256077
0.0710515486501772 0.563347760415551 0.996918097053111 0.524379007538288 0.98307452166765 0.140484716972123 0.912377901996234 0.572112406057817 0.227760336505348 0.536831389422463
0.85790774185163 0.0196079925433159 0.93765764458145 0.249072093525023 0.967305039729748 0.0426392777427091 0.112515370762232 0.541771281933687 0.0606107479628028 0.48843596171914
0.968084545646059 0.691979652369084 0.940953243746117 0.51648480094155 0.96753137006565 0.115262542584218 0.335905118385375 0.561107808797467 0.0428158495602463 0.445511902742713
0.723982455444192 0.612906157226657 0.941243181079605 0.451114111743315 0.877725088577296 0.0315064237960967 0.337571180158357 0.494015913594348 0.0745806227516096 0.395704048484335
0.431091743910179 0.898291800735084 0.992506507544699 0.889866216572513 0.999638651912927 0.69273183368076 0.654375998786699 0.601057524005804 0.622101114894699 0.713745137941431
0.849580542010419 0.01697768890586 0.0107516713028174 0.198506572782034 0.444746553570945 0.104461944246708 0.0922874964886125 0.473619990595826 0.0668989943799067 0.326620272747593
0.904800510437194 0.215978250306393 0.913807186032295 0.511852617047353 0.996691613057392 0.0814203889320368 0.648816609016751 0.555587403000701 0.165616449235262 0.417660547344967
0.585695945726653 0.0170724056554218 0.031388672060866 0.285999548875575 0.928182343517509 0.0203138800621321 0.18218604119308 0.453154067123091 0.0296911953945464 0.290755178804306
0.650958158483217 0.755477815002053 0.131957471587051 0.547289802313393 0.925599225755724 0.0632441488405327 0.119490513098326 0.50780200242651 0.06837867542169 0.33890966821874
0.36290967123029 0.295687755959015 0.999825967113153 0.851867940238077 0.99955342321126 0.469286303609875 0.781683003343013 0.6103316711427 0.515262440185463 0.622440632992941
0.25015351187305 0.00862851950419411 0.11890701861251 0.328276431453765 0.470563292265788 0.0106517975886388 0.328595776002155 0.489614058578316 0.0242675562133661 0.330677502710487
0.324830048621229 0.572468036571574 0.950149552214493 0.507057568777738 0.96478949665396 0.0492633205376503 0.494034054730336 0.54988879964749 0.0570734208814335 0.595444884994078
0.307883212624305 0.0718306235976513 0.998659626047006 0.241469992288646 0.727446442225117 0.0809458377818127 0.398815105745007 0.499611286739881 0.104952494781492 0.499142043790691
0.114354719938852 0.189495779666878 0.994840553538316 0.679310548720163 0.999010196861751 0.0815197905253642 0.225121333528926 0.554097944265113 0.284769308041926 0.666954047489998
0.617611698280296 0.11642662035791 0.961040611893017 0.435957173153647 0.990224565012838 0.0507086894625734 0.372103747766428 0.520542383806541 0.388558307971154 0.517408508314466
0.0120891490944387 0.0236763951821861 0.887677169766542 0.351717662154505 0.841444450850816 0.0121934956256323 0.711636405846648 0.487133675569906 0.0594528291342515 0.508833387076014
0.217424747637854 0.575690617421924 0.807549609553882 0.41104429372555 0.999274880462738 0.0895118997516264 0.330618460069002 0.552076820603349 0.312987375798662 0.690636483116338
0.179175407373402 0.852823234426402 0.978271257258347 0.443330427485154 0.997180302036026 0.0369997131907679 0.787186884060042 0.556802023480172 0.171579133158965 0.650236269154152
0.00305231020860228 0.0297977031859004 0.217967259330766 0.108087733325843 0.881631265025691 0.0170879553592596 0.107824667148409 0.475346226872117 0.0103818691351693 0.260813223410058
0.263219075335638 0.836706538281999 0.713274824844556 0.401759898147166 0.985716243898943 0.0897933910360393 0.259879874031379 0.538662335422454 0.0370484178607832 0.410233755775487
0.998428344834094 0.845949601663619 0.994694919027846 0.573335321991412 0.930408624024405 0.107385189219708 0.307725599745741 0.555217156889875 0.155969541793298 0.566297495580559
0.66802126944263 0.0833107289046967 0.995797088173236 0.5781276184569 0.999243651205305 0.331121384987877 0.529782357135773 0.615583272595991 0.299416315553208 0.529015520498528
0.02056734932033 0.0160558556975898 0.614746523483373 0.422078476861338 0.987226255591334 0.107382049074107 0.731591898186964 0.519654900360077 0.0598511458216419 0.616070157935538
0.153125440190495 0.00597730767729035 0.346553974993313 0.221886822555952 0.411602772546756 0.00179165156445642 0.0450844673927921 0.48339011480713 0.0698536035291701 0.218195423141387
0.119708135658693 0.644082060928721 0.918763952920438 0.593320642783356 0.999780422417135 0.0559768012943957 0.632818041080138 0.575228122896026 0.203316414039446 0.608044532140071
0.866200128897396 0.434191986380185 0.999604570147536 0.821794668848962 0.995416284958493 0.484800562788234 0.0706337985173622 0.573203974200526 0.581662153500413 0.665631069631772
0.213926720148686 0.225030678786955 0.938789739481825 0.394522503923313 0.959662993774266 0.146933119694289 0.172154596256936 0.575029577557307 0.239628475525667 0.621783801942116
0.979195957478604 0.259284499922785 0.997218716461493 0.754016691396499 0.998050158208991 0.612253075765526 0.427531610359215 0.606786677913898 0.218346680826643 0.546702464032344
0.694960396652154 0.331643585031615 0.998323605494645 0.299001574558414 0.72085366749445 0.0100417908737807 0.275858477600917 0.540937884443861 0.0654017301924858 0.396965577961203
0.920989228702546 0.220765779014517 0.989111668413249 0.465677773206464 0.998648962802925 0.34978055863991 0.234152163929298 0.532504871312782 0.0570927366413361 0.524998368217154
0.21746551283107 0.00125060612281707 0.69863179235153 0.080029277370615 0.137638370266349 0.00150609334003697 0.0679158682875015 0.456317384310072 0.0121624054974129 0.350957781842934
0.486254821509945 0.185837407739971 0.990795088797177 0.652387071844369 0.998210821076522 0.0506596025223117 0.290542944247783 0.539563127339036 0.0526494434195363 0.549009878424223
0.963332357987874 0.364751772078164 0.950307951215196 0.518196163850869 0.98151064134927 0.295782557902018 0.557972126704913 0.548047843462519 0.13276449300754 0.714365054825079
0.0110153729448208 0.162409357891192 0.87030540623287 0.427835201935916 0.946939769486443 0.0103020780837498 0.0632428657312447 0.492721488937321 0.0341071215208477 0.287134771423538
0.0127093765894564 0.0102804194325895 0.931338295757598 0.228277367636791 0.556817744080584 0.0130098999914483 0.635507961408124 0.488228084291509 0.0225091687025644 0.306053422612052
0.660907380097474 0.0401419364281562 0.728316476610113 0.588011859044141 0.972464711543681 0.142285179035278 0.281223625775014 0.535275832612363 0.0604149988831231 0.63303895583735
0.350197544019964 0.0085389710231034 0.684344260236141 0.300620350831548 0.99124881569674 0.0479639502997121 0.525463847503211 0.519598094635982 0.0221905816209726 0.536230574104032
0.509198683212029 0.686926120503642 0.457080695090249 0.254602529004752 0.135354724640055 0.00897322154612237 0.107978962844927 0.470242448508826 0.0154405795925631 0.229058720856628
0.970348119719053 0.91701408002548 0.997881185236258 0.562470343857149 0.991268243933225 0.0748331916052803 0.173395905240815 0.565350575094639 0.198670388562353 0.58534222250768
0.469641899431023 0.00761157750129391 0.616247327766679 0.26237479821374 0.949474910786182 0.0760012281382172 0.154011413988818 0.470581716252742 0.0596184177596262 0.214790833475699
0.118568371901242 0.0267426376181698 0.275109470850293 0.228009653692105 0.872717757270368 0.0305034351603272 0.327365973942677 0.482347223208788 0.0587650754064173 0.450098631318837
0.23456016209889 0.271801238975255 0.562221813439308 0.429656716203684 0.821999945939834 0.0161573884553553 0.260218861440826 0.492769325024983 0.0114389347237839 0.47022132860677
0.0244318212420126 0.672147713544628 0.997841873755876 0.611899062617305 0.996933889895468 0.215539249745033 0.850892071593539 0.562967949180315 0.205617341853496 0.462728942335226
0.947928006227469 0.00652097545128214 0.601760961410961 0.59139714166105 0.984156145927182 0.352748242276094 0.145879895819945 0.550638820205618 0.378350360547148 0.431723582938829
0.346273448299146 0.683054558740215 0.995598241821243 0.692227933221848 0.860977632646698 0.112652598407984 0.0270165241471828 0.555773007120274 0.0525330578003256 0.625775666741964
0.889118382572093 0.533757832573176 0.984115539006182 0.550163561938538 0.993453337540573 0.128769761760025 0.60473250820157 0.573227848724664 0.132021930988011 0.685079129970659
0.538597938246298 0.00715665173312717 0.995887354985927 0.434990067492646 0.952566425908302 0.0667487946225485 0.152272141837276 0.516920491437185 0.12201440625423 0.61049656272561
0.303628573686222 0.00763809986085474 0.948395074793989 0.19714414054689 0.9681925591238 0.01107710858761 0.0473738512163465 0.450838045845135 0.102200399923304 0.284767482471401
0.34158233034066 0.840802303510388 0.998878655011462 0.539670230526723 0.993839650943052 0.0385339855946345 0.0344715554830799 0.530632222227432 0.147129164345456 0.46721635291409
0.26732303377014 0.757635940836284 0.930213257751657 0.623892470351096 0.650157628414406 0.255340805134422 0.601514130324159 0.551623548651453 0.138859981772474 0.612708518770217
0.0557758581146881 0.435403674785962 0.987840230800063 0.378807946314555 0.82973981327908 0.0131837661439833 0.415245002037735 0.508371070279955 0.0448999502107251 0.380129386463645
0.444045595015232 0.805826056558545 0.999292985594732 0.623234884720397 0.983696654276712 0.659172251079385 0.171248976065156 0.547522478271229 0.282055977112253 0.527399854785104
0.0610785324425664 0.172600919391983 0.992879174951861 0.621897313061164 0.982019383448706 0.351153015488077 0.105664154386492 0.625514359684191 0.374023207607769 0.493101634837488
0.0081532746684772 0.979888233042494 0.996027457026316 0.702798207900968 0.994197137240998 0.344275827263066 0.307044572503804 0.600349069705562 0.250157203896767 0.576245768215835
0.924602530463837 0.89274079417597 0.967012763495704 0.655983382705042 0.968150421506735 0.0906347440335845 0.0866198368716212 0.552931716050434 0.122247054400497 0.553718619605959
0.995091141283722 0.726303919513166 0.996501465137948 0.638243293338961 0.992336474056375 0.475498862638131 0.93897493951423 0.581967805398858 0.24993396936226 0.588885453403051
0.958107577242369 0.855566371386103 0.997663142029659 0.84841929241987 0.999808598065558 0.428370895454249 0.84571750926481 0.614788227747264 0.17287375041348 0.74905071369182
0.0192966557175906 0.165287961967935 0.994032742216436 0.407351348643688 0.769751601536819 0.0294477753182838 0.378661093509329 0.510619974929764 0.154553978545258 0.37550093377147
0.517987521579269 0.00185289619056898 0.810192562261846 0.15884286373673 0.750187245348151 0.00678282194605277 0.0132964112957409 0.467090911177774 0.0509482816851571 0.24844541501057
0.995011226654224 0.665886174360315 0.996905171405686 0.715755485477658 0.994462179030786 0.205069715536418 0.457773224870137 0.572802193608017 0.265595709247435 0.579521991317955
0.572907706734703 0.00272845230900347 0.0459321701585244 0.0904390702051907 0.103453274464113 0.0023170409078645 0.00397231787307463 0.368863122458396 0.00569325500016455 0.314233617170854
0.357664426277613 0.00298505247832273 0.906592060224585 0.387755508545435 0.89266021076502 0.0610694406082284 0.296205780871577 0.533001964717112 0.0342834813993951 0.373025020727704
0.139509817197427 0.856199236711086 0.997311089092401 0.840304466465314 0.999894101799068 0.558901198030379 0.837172326562996 0.604928999728759 0.286748674807304 0.691981026276838
0.310688507066888 0.273415147831185 0.99525794413267 0.359434481481569 0.985309534514051 0.0235189805081766 0.384917226428813 0.530559501854979 0.0971439255463882 0.428002091108404
0.112994873027131 0.987932710606129 0.941214196154335 0.547696642750655 0.828024592284787 0.0626605747453492 0.666271204445201 0.538385442085157 0.0745842213968475 0.637510093867844
0.79428298496597 0.127269540181348 0.954139536868008 0.500444199147352 0.99196824993783 0.231317069365483 0.36470625220372 0.533456525719077 0.0341295064688344 0.359993104071571
0.871568167159991 0.399006900672064 0.994259749988631 0.521576707403383 0.913287406044129 0.0480052574709297 0.712732045350272 0.548894648045445 0.168135915747471 0.573273327682627
