0.014538327720278 0.537148661698443 0.974916993124655 0.599130465051089 0.999107452195004 0.141326722538508 0.290050263458517 0.557032571927343 0.272829162638959 0.579310180245151
0.911563149432644 0.955909175218574 0.9626683328808 0.678148635804925 0.975700404462473 0.102088321643414 0.540583991344039 0.57763981272727 0.115880883165166 0.544562603355766
0.531177542150956 0.018113441470601 0.929757054887806 0.686224832810414 0.97549819836787 0.0181104280848998 0.0862074522712278 0.498351686900272 0.0926676184483758 0.376218383707792
0.981557141665748 0.533505791272632 0.981789142383752 0.469196169793902 0.986291824009037 0.215087917759731 0.39548174312358 0.534373058738909 0.268674674277033 0.348698833048007
0.983416346881034 0.0770982613959052 0.985963828876294 0.22565001896567 0.593963901637136 0.00602522379579262 0.480037035573552 0.475913326239008 0.0232737236364171 0.492694611204479
0.633736609496214 0.0927392309997152 0.290567673642146 0.426312242304206 0.956160748381773 0.071116874463372 0.167560260565539 0.504326409083244 0.0503858727888392 0.307549362002722
0.156539254704966 0.409868232453463 0.920337626146378 0.386157576038498 0.861757710255155 0.141940391116895 0.107740279732729 0.534138013658071 0.0333585066018558 0.42852144311143
0.244743363447748 0.793658794460905 0.989551233615673 0.792047060533648 0.998570069665722 0.134751812917754 0.341635182697168 0.588357394443824 0.259371140124023 0.535681573387374
0.65544275355644 0.00446848110273948 0.00913590488444142 0.204295184863731 0.226675764007471 0.00155524193019034 0.161390684277053 0.426466987695117 0.00659528653577629 0.190746487743993
0.197232381516761 0.878256031267521 0.998616594117056 0.616901689905039 0.990875943478987 0.0146248897985614 0.825272730299043 0.541692039774844 0.0934702640641478 0.321551426788788
0.233431307408505 0.413980743201121 0.680339265213786 0.494601589348572 0.95366346961696 0.0679471002563713 0.185221536125293 0.533785713235886 0.0498548144142257 0.558659353864294
0.997740885258974 0.466923491959323 0.987358023078249 0.552808967574583 0.998614774229864 0.0751875380504006 0.0638303309687277 0.535698804643652 0.19250737896985 0.261831308455572
0.976275374159841 0.879240299308771 0.998090499885713 0.655240835059838 0.986297583339141 0.108374269356622 0.044714356416279 0.517357657956259 0.262812210308562 0.500423081105496
0.441211412068187 0.0813114266697357 0.964979128347253 0.223871926243613 0.529437607856015 0.0165869761888412 0.246072822694079 0.44982124030849 0.057804427848586 0.395519428388252
0.980942758816097 0.854561533072849 0.983467876576428 0.54988781619669 0.470392021963539 0.0569383158334604 0.61948603445956 0.501888606491152 0.136785153115491 0.44844214932831
3.98694171211188e-05 1.70810226191858e-05 0.18870846058157 0.0760963415796533 0.174286069778341 0.00382403418948034 0.0283170121135458 0.438930433246242 0.00809372781195257 0.21206307021588
0.298294782455017 0.19130274845329 0.814446200991582 0.303394778392989 0.743551981541818 0.0316690789592905 0.0291911212504843 0.502722078590298 0.0824766821504877 0.424561166415997
0.909175424718045 0.862253654347245 0.999842324780645 0.802798909372072 0.999786344555692 0.709420748364499 0.607342731197391 0.604040930211399 0.42655207113415 0.714026421021639
0.302510440939363 0.176997862991991 0.978378937091869 0.570959310453101 0.961424082959533 0.0699783553135028 0.425033513381067 0.508016850777604 0.053395035943099 0.540954848763609
0.0352831676254758 0.209758016742576 0.986047023672839 0.418225353582403 0.995564987260713 0.104424694517781 0.0829178107898286 0.520434986440649 0.0937403155605148 0.423697205880894
0.0214657197737332 0.107317724756497 0.914312374589353 0.611557088869319 0.992513458930538 0.154337068414801 0.314899060706632 0.547220048247764 0.204272993167011 0.444152263137185
0.280446339950891 0.0106048373649636 0.220809829982448 0.143061154527036 0.672704885157861 0.00181875236460846 0.0497024836302658 0.455921463515991 0.00865228832740692 0.318341001278859
0.710078454300839 0.982908257920322 0.997359473410549 0.838712731582375 0.999959166088123 0.926515515608369 0.471662556455058 0.624406919803228 0.49829261296031 0.871951104274446
0.855740148804019 0.995420486266061 0.999373416089278 0.436626639588979 0.85003293068529 0.13063847859147 0.0359210084415169 0.52425683617399 0.232963567139574 0.592143173621135
0.00690148611870951 0.00480930305442205 0.552312746557053 0.428360145125713 0.869492264205019 0.0306870068870903 0.5129956956857 0.506189315711992 0.0750296539467553 0.600925385368144
0.923148353009938 0.0571215434496925 0.993687884423935 0.255652767450712 0.877018888793666 0.0567308792653739 0.10508198098007 0.546493477074196 0.0168059386021856 0.594420412208599
0.509325939310154 0.0334694526895913 0.453395402461276 0.26174914867177 0.996035024511958 0.034437919198484 0.0506078409363252 0.493080868823193 0.0896766309738695 0.534519633421352
0.822541550623567 0.246551343247603 0.239769195147412 0.482843349783408 0.975279310298325 0.0239874005529362 0.214360742565084 0.543755701116859 0.111678006927232 0.362432578631945
0.0289972474674525 0.0951593768647859 0.723086488393988 0.267929913397116 0.987710092915551 0.0226353758788022 0.370993332146721 0.504454153754329 0.0663020941362069 0.272518675131414
0.94590870964011 0.217191724446623 0.996566978135155 0.761101321662 0.947986546291936 0.0423778043571043 0.597952651357177 0.548445084526129 0.220500326699907 0.414167808737693
0.675654021943743 0.970377945775802 0.987146982850446 0.60384162957046 0.999670475896032 0.20509306144969 0.513143208167902 0.57993292556525 0.267879378373795 0.57636523016342
0.0744142304252307 0.00108354616751632 0.999894864789145 0.649435174923049 0.829407161818845 0.4558371752274 0.122767420544494 0.563231478550919 0.181485375723757 0.502344447649558
0.68000796242055 0.00188939693567528 0.999891161185198 0.447246998859473 0.977957255968438 0.0162248715763492 0.0892831374750824 0.518538255898431 0.0678860922911091 0.494584154845886
0.334085087925256 0.331832383246443 0.996416325423024 0.806684437202583 0.999907079794702 0.453331270082454 0.535572508258007 0.582620403918228 0.078069038565207 0.590120073717686
0.391652131852463 0.369010931764083 0.979548817210211 0.475068045089579 0.883071947649105 0.0647025934356265 0.138885022199011 0.528479452919466 0.303262757788557 0.499225460674267
0.657964860218057 0.520592013988052 0.754130270345472 0.621305272917058 0.993067435417452 0.0770039669729064 0.30760727719793 0.572550109686215 0.0442554062099003 0.610044132137313
0.169752142368836 0.999772643328584 0.996879217236559 0.623376423577229 0.999528646768304 0.338978588127846 0.740854698221469 0.556991086953521 0.461675743072176 0.696934547222301
0.18153970620537 0.1758312061208 0.694915096406533 0.379889929149532 0.939258834244315 0.0358140017160034 0.0102193317441134 0.499780340016239 0.0294489507349552 0.315503541013712
0.0245833773616475 0.372174729725608 0.980635808686844 0.597842025474405 0.964761240719495 0.106078115539277 0.362729766826985 0.498084859229095 0.0922859395877359 0.498110587664846
0.910196302278143 0.147977205574078 0.811235418539724 0.632536829774927 0.999512476085752 0.35049617231755 0.578653604147739 0.608423907073357 0.342981166617526 0.710385890222081
0.960896975326779 0.420947495452119 0.621154312688166 0.754326680361805 0.995644584806677 0.0658689032056666 0.170326234697587 0.569536198137596 0.268216020772934 0.568753840445626
0.930469860371375 0.732370612878249 0.920305406590856 0.450533765284562 0.987185511353195 0.3738913237979 0.0336709819800437 0.552622350567247 0.183901765939113 0.503115531395167
0.257226976408385 0.152203133152264 0.304140140231438 0.196152053691876 0.625559474799703 0.0763270725820586 0.382890404728714 0.468614691961777 0.0470858026860191 0.444832671537871
9.20214618546886e-05 0.0870612847318426 0.965036988420905 0.346391331809763 0.90251535615292 0.017846145589517 0.0920616024499118 0.512842736154367 0.0836050940647996 0.290675293751864
0.542404268173261 0.877479504273669 0.999532034354724 0.625252847267727 0.998930303970973 0.632888431799522 0.332873503851567 0.604490927238485 0.291836260613294 0.633262198603708
0.640839003589693 0.00587129342862464 0.0288128362380413 0.207359110097224 0.11566774255495 0.00361918250978868 0.133597818022753 0.439207892940405 0.0125312858389277 0.253337616598703
0.989777968278001 0.0399260383793879 0.999386815454391 0.649492472047146 0.991185645314939 0.078837718608837 0.385444462979688 0.562261464231527 0.249017779279661 0.644601223665538
0.0358967090096373 0.0220382679702091 0.967151573029843 0.681486788749269 0.976028512994069 0.050231028265918 0.107428865256403 0.57275287341355 0.100783469509221 0.605904275216824
0.816119969449808 0.170507367528036 0.977902063654665 0.23320181692181 0.892873617412167 0.0588499287226914 0.119337120688258 0.524450741964645 0.0932802390652317 0.550747957734216
0.953139639529186 0.0317812389485935 0.990633233842313 0.334227561818494 0.915388613293628 0.0181368972506377 0.0315602725461128 0.496634074697711 0.0462814376362294 0.439364967034571
0.904386754319265 0.254093134916368 0.126966235218384 0.139618269510894 0.730624221004093 0.0238562531733858 0.119108973861093 0.478777654875878 0.0314646601271083 0.339914579377605
0.24404164447554 0.698719771371877 0.89875472957892 0.486067488101999 0.996103564832038 0.16170890098753 0.607711374849218 0.53675289997498 0.15550713405867 0.709031433270167
0.658186903028607 0.573639483385775 0.99463445997257 0.636352953603556 0.992151622489266 0.162465886843476 0.084411185984659 0.543863607124785 0.289071126687504 0.67583142629188
0.174330119424346 0.0302174102899189 0.970166892893369 0.447437144885232 0.808228393625442 0.00796909060549092 0.176367601530445 0.518992075661924 0.0299310343307314 0.532721559115615
0.275768036077725 0.300437327311033 0.977017154834858 0.644083449616855 0.982163381655895 0.0224551652360994 0.303496150154833 0.555016867687281 0.128190129814978 0.640926405013894
0.871162480765276 0.000721411270479416 0.945750620896164 0.192663177642948 0.715275087718374 0.0453779672051893 0.397156900634681 0.470079298802101 0.129723067577325 0.343075710131555
0.924053859315624 0.128381303497057 0.937364031603598 0.538539520898262 0.999743997480164 0.216189243535931 0.287858559681196 0.522809916223358 0.149203539559558 0.587688601013871
0.414001886275624 0.174021903634534 0.989755124336728 0.337060232049999 0.945853554371912 0.0667240853167251 0.0782356163620531 0.529051425236794 0.064176808429333 0.553204889930955
0.997763774536948 0.808244574809682 0.972294072550277 0.450110140314595 0.997116659909525 0.0877725023040374 0.315570594606395 0.56144489265815 0.0816072797871772 0.620810622062953
0.908573399735726 0.638399822363069 0.892341189188925 0.606933030085578 0.960516933756404 0.0736636668245098 0.0811445960625848 0.540938021258384 0.145845465919659 0.419537956319587
0.093705257764637 0.667401559803899 0.999807783255479 0.430188557389399 0.998686779450313 0.0100944232122305 0.364199986468372 0.532594826744255 0.349700970576644 0.412167266736754
0.0750331670702929 0.261295934761369 0.277463216361082 0.184322453648323 0.129598790629651 0.00507218202462684 0.027887349489772 0.466723416465805 0.0134883175923548 0.110221075646436
0.163550885620741 0.000392693699668141 0.169011263427095 0.0671601205836611 0.0971148208038354 0.0173741892797027 0.066562033737667 0.429055718824161 0.00492156655371261 0.325397517293837
0.467645112863587 0.614633787542579 0.989149861064699 0.578437143854041 0.989346669252242 0.149774955256951 0.0584947546830952 0.540821341721359 0.235477906481458 0.438780516107588
0.697869939307437 0.0513887248261376 0.988018009153111 0.384792538966949 0.882690789130345 0.197864301678563 0.546955592400329 0.540182784266605 0.0807555884661803 0.445662054658287
0.917355415513807 0.432325076338124 0.995965366768497 0.470586099026266 0.970866546883824 0.0921490245655402 0.171966137941699 0.522822887117491 0.115291796322507 0.462031868186821
0.049399030457558 0.924505071886204 0.997000242450789 0.685891394512417 0.985033736397343 0.20430933846342 0.299065236596483 0.563598165717823 0.301247776283883 0.445367675150234
0.257121982410438 0.071767728748115 0.792880514046543 0.21041267052048 0.976905254238343 0.0420454133535651 0.223422631796697 0.520003321681929 0.0458442267768294 0.402145927017649
0.817772746826406 0.609589978314172 0.997631576553175 0.593092260465553 0.982036233257742 0.101345325777879 0.0237505069423621 0.5652039710473 0.319227311968046 0.654365592747991
0.0892994798447796 0.139289829903596 0.495738883220347 0.117553287979864 0.340484856843133 0.0132750902991596 0.303767389678913 0.461081347095484 0.0713360638944407 0.516400707207792
0.647011459973617 0.00524468201904424 0.999189888839736 0.895975048153512 0.999915026293814 0.396234700846971 0.547131457480316 0.643904057019881 0.573096926927901 0.687705739738213
0.658155294926394 0.588576435532553 0.998914729999904 0.650829824481373 0.986738483447771 0.0909684058174999 0.166348873384093 0.545590644618273 0.271319480720906 0.730856188186786
0.0148189869733988 0.478362499025988 0.925585032057508 0.41526474072242 0.935497455118334 0.219461535180209 0.407310121019029 0.543724463317492 0.13585898331369 0.664478055948324
0.0051260993960267 0.0120601718405365 0.244633239466935 0.239047334517378 0.331799425794259 0.0148606239177331 0.0375962537542092 0.497463387981192 0.0862429074940368 0.242617113306738
0.229137148474571 0.390506158233375 0.906333434016564 0.707058120641212 0.998047927358717 0.393509883681711 0.803014783790181 0.595434390127785 0.227258684674965 0.519724214787706
0.169868457953513 0.00217681156320495 0.971089888450974 0.0995937897237935 0.45659999333422 0.00659361344323394 0.134063856730327 0.442234228470497 0.00503327501261711 0.271032388045992
0.066555474525658 0.936334193968959 0.991263436798632 0.226662169800399 0.91660098746336 0.00883001591051868 0.433992951609229 0.511722214589337 0.0263043924074604 0.209193079254515
0.946041383175039 0.106833151154054 0.615510689172602 0.181071124887647 0.712530122030271 0.0204024424429446 0.239131627384205 0.483838159511505 0.0236384734221421 0.313587827098868
0.88704172270675 0.892035424591127 0.996997166861696 0.689066402099138 0.998259553975038 0.528167717221511 0.795315795187207 0.596255612119249 0.135722075314981 0.432531804163472
0.817314538533685 0.986998813619824 0.998868114973385 0.830215575955347 0.99967392503725 0.305038203080508 0.212888696574302 0.598008061666743 0.365785007577476 0.722451637910439
0.00954749754084423 0.188429382620055 0.706321593925025 0.232181397974113 0.554189426640233 0.14318593731132 0.146205148637168 0.480432837693464 0.0755174151406744 0.585974868964697
0.793980440257393 0.0249705436806588 0.985709640665216 0.525314644676125 0.993880358689509 0.0973961057036731 0.36820206917231 0.537109294226027 0.32554513022974 0.624915752340163
0.387255112794816 0.0115039126461996 0.616084088413918 0.141247096952572 0.528720856065981 0.00346723541429015 0.00542836668992076 0.466300946239093 0.00552827904064558 0.444823245901137
0.0239692225303465 0.000720125621290447 0.0516081086717711 0.0956431332443723 0.187785922042831 0.0120869701705267 0.0213638826881093 0.48019328439413 0.0165805681050871 0.129510813950433
0.0182688515505695 0.105011993431797 0.998917803690263 0.360131418517544 0.963485399334876 0.0487333253088791 0.141458075100267 0.49721412452026 0.0582226172316515 0.533072324314473
0.980776040191771 0.979308110829428 0.99157015917847 0.867469223678713 0.999663835676428 0.61375298510649 0.733228583775187 0.620801329211279 0.575535560311821 0.70298173014162
0.838279931091542 0.0435162451419743 0.999896678422135 0.601292879752777 0.999062752288026 0.102193914147279 0.216175556837128 0.555985389697353 0.264220220424619 0.461701626497846
0.775405950011021 0.0786184846412418 0.103085851592352 0.53596277009392 0.712782848511855 0.0523797682185043 0.158770788011792 0.539280817407322 0.263206664823443 0.273351451464886
0.446679450324041 0.611368201424862 0.666875074444616 0.400808840183216 0.965501411864532 0.033672102621573 0.161158759666515 0.515320885914332 0.11910913786534 0.392905433916653
0.338570401743519 0.0102726144780829 0.882362747463693 0.62625404468745 0.951176974049051 0.0245578909499446 0.0788415682783279 0.547549869281271 0.0926847325991256 0.455368064200654
0.801193255892622 0.084996950623352 0.951350449449039 0.570658595505298 0.990965135508411 0.115814919218548 0.405543713192851 0.547131379853976 0.17304799056004 0.652327496018753
0.375204393045811 0.00802892756357912 0.725537188594094 0.233029356739465 0.888225159293821 0.00276073655934759 0.159288538614423 0.493150974584179 0.0028694003750133 0.311170854939283
0.83049869026906 0.806950714006466 0.999969746357749 0.882374255180039 0.998308217159734 0.471062149234249 0.11045639339892 0.633334703079247 0.620303045872811 0.803108497304833
0.120912476186415 0.136510683356848 0.0630873383499309 0.337985094211293 0.822924466776091 0.0231079586490283 0.22232953134573 0.483145689912398 0.0426948276727209 0.370292221574262
0.417122269846671 5.43410002332828e-05 0.163166247057107 0.136335754791102 0.0772763724448424 0.000734458021100551 0.207427527246693 0.422310877455065 0.0475189585155793 0.175684902530471
0.352451682682041 0.213068142726178 0.997210810010962 0.814650188017352 0.991415180823993 0.416217844956811 0.908794685620345 0.58586960523171 0.442283419936748 0.583676704517856
0.385561280309181 0.221912843625465 0.992570474983035 0.8022151634627 0.997751199640777 0.39831046947528 0.369928330363119 0.578516849421866 0.0876771834781419 0.532759464104364
0.993082975283527 0.893432836977474 0.583185666038419 0.533976340641445 0.985070389104137 0.219228331204506 0.629947444210113 0.571597580574558 0.200548145946662 0.626629583482038
0.165440059926914 0.746942007146128 0.947104332295161 0.487027298833025 0.753992559313818 0.0498638143445681 0.132978224506782 0.549945782908228 0.130939406606453 0.494343552402348
0.964333908482454 0.699857284041988 0.99904791435998 0.84348237340357 0.99987129644953 0.518195907483171 0.214130453964834 0.589653769893989 0.28228005046864 0.757267542651152
