0.997216504188694 0.944825084505821 0.999920930498622 0.965751969595694 0.999979285775129 0.868344683162356 0.858847590273165 0.655988135164919 0.937268352488402 0.771446502164659
0.078601861956845 0.0480446726118521 0.127988513040624 0.473238147278263 0.944217045121392 0.0324761471655617 0.60126641881809 0.487007976282636 0.0253097752609474 0.458582336808042
0.993927037037686 0.937846844093731 0.997475595937408 0.831125968196779 0.999897550871968 0.546094108300797 0.647984349124017 0.622092264221116 0.464098360057032 0.749743321214949
0.994732313261085 0.0178174849800919 0.985004858726102 0.375645667148856 0.999590813416753 0.0743976646773152 0.249753467527078 0.555319207937269 0.264692415997287 0.640403267503844
0.801420875511063 0.00627350931417998 0.97573818073997 0.270587450262274 0.847159893974253 0.0341965316414549 0.0651218463390848 0.504930623325204 0.029382183617378 0.256103363124819
0.99997397318167 0.74120578777092 0.262998643254345 0.585157659914182 0.998056668710511 0.0518583342617224 0.199405979226159 0.522870019824551 0.0251030984038668 0.4548507986275
0.889509485866144 0.255774460379182 0.28026783635936 0.201498726745464 0.966734639247288 0.0447579957198619 0.283449361240647 0.495558523601147 0.158858874016594 0.516462219189302
0.996464711338492 0.00820684346320341 0.997018826815028 0.269763240713391 0.993275197605104 0.0243221148961655 0.273743688351818 0.502516336864475 0.0278080941220077 0.352303605896316
0.883887441252231 0.797279697973044 0.999220274008376 0.742746730903686 0.999219362998825 0.136261955224808 0.0493001086128641 0.561760504767391 0.214081121583051 0.622818339594341
0.00779155777874322 0.0252513710380459 0.9991368053248 0.390089194179193 0.991681034000381 0.0247829905298923 0.228037674882693 0.539732339846307 0.167563519251337 0.515184559021933
0.885266075401535 0.0354265181115858 0.0436278467588134 0.308683989576304 0.529167087767085 0.0292065734320324 0.144981496806788 0.511654360911131 0.0251883832911778 0.250713431192862
0.956706755405091 0.937023215648269 0.991538759606245 0.643561031639712 0.999769537029976 0.547220213877939 0.273071271511419 0.600864495870737 0.434174875789184 0.82982520454401
0.91458494947884 0.18779763355456 0.977902295678623 0.784822802074044 0.998141573806346 0.515445817618897 0.773675116361388 0.604538641300701 0.502535133421067 0.788914925550284
0.607808550874185 0.0708258180605734 0.926397759596829 0.413327729888596 0.991805299744881 0.0221000231788563 0.531736937275075 0.554113481885417 0.245124137270152 0.447222319722989
0.971548343770323 0.319274206155579 0.983604025943033 0.720072732878795 0.999108416266298 0.620144929772241 0.458021392449912 0.590789290912407 0.417366784357559 0.569737133326838
0.045010182990807 0.000146926581334098 0.997524533630312 0.320263378562507 0.938260489616799 0.0138382912630689 0.340718612475348 0.500758038453173 0.0654027352956167 0.332683769040494
0.9029678119046 0.777941915561733 0.404008419774417 0.698152165790191 0.996543063780549 0.351399786688197 0.443931901542138 0.547956040538691 0.110475426613153 0.570602196348204
0.153301119328079 0.953547345263098 0.997465800749618 0.490134103764124 0.985460422941641 0.0649572656976791 0.152465279259927 0.55370648191639 0.0731962539613305 0.573640859020615
0.101613985499273 0.0497924662151803 0.962716260231881 0.572078934978753 0.997325760129518 0.0983790299844815 0.0788533123531113 0.546330471203728 0.201192230891647 0.467504962477075
0.633234541340558 0.939640980257226 0.984317851787175 0.391015098925842 0.992456539793297 0.204373220672486 0.151881257664354 0.566730727172432 0.159981329860962 0.416099320003816
0.284972980748302 0.00527034202499984 0.595355904096468 0.261234212032461 0.447533946991769 0.0229021233983977 0.0396836304947037 0.447732080748747 0.00280984669276966 0.471465179561363
0.527855960601627 0.0206755764869753 0.996708942795362 0.41254826457249 0.971671194766146 0.0737517214277043 0.306388813108247 0.524677591382314 0.0518009547315809 0.479356749793228
0.0720639624161075 0.821419512945472 0.999076926899346 0.83256045560811 0.999583615746978 0.303356304153334 0.7797259700134 0.585541646414286 0.134630931834099 0.698077913748932
0.78256745680768 0.653934063380298 0.939324104561593 0.902189631606569 0.990767074823074 0.523984042002345 0.860931900207595 0.589018610724278 0.472752570062897 0.479795984961539
0.202462315829041 0.534260360155174 0.97853807233296 0.441935150769496 0.992689756893985 0.0218243333960407 0.661498116388535 0.536459372390039 0.0280984919571275 0.466208400184075
0.984867934826421 0.871617261812497 0.999803581078364 0.764857888718901 0.999562553308582 0.0937891515479924 0.214437218183225 0.572947480457547 0.501952370279004 0.700620866656377
0.194192042605067 0.15735913681618 0.934065043849082 0.338933406517394 0.94621615376686 0.0181023825984306 0.623385144737912 0.53425117168658 0.0564273838868351 0.330267880850631
0.80001813574933 0.0132346894091542 0.797776668401618 0.436754551602088 0.98178999447583 0.189096348861361 0.284733923403 0.53714743850918 0.109318110366143 0.477683519803398
0.0146827240150861 0.150707569465655 0.918315853555671 0.43367809440683 0.724318649693765 0.0412026768452279 0.260983293948368 0.499257998835432 0.0552024416187665 0.399088854134603
0.299432576328817 0.101212109814209 0.93905562064756 0.338049361708527 0.999684118875236 0.153122731961919 0.713321811187802 0.54387132641687 0.18171141280258 0.437863616267915
0.757971024654274 0.938080455366342 0.999234527489395 0.96365224738325 0.999887329410846 0.413147368227439 0.375155461644183 0.661561697552398 0.541516301896213 0.701761072745683
0.0500288024157951 0.269088276055054 0.997978841491807 0.707786914699621 0.961591548358433 0.223499493961556 0.405078908741611 0.520487488322065 0.0691103281512275 0.562004701387412
0.756409797093619 0.00485135047706814 0.957901304648174 0.151882550500684 0.763919848115144 0.00682314894773316 0.189180959845698 0.471478176202241 0.0562215555099272 0.247135110182555
0.323373396211779 0.724257385470684 0.951613086177706 0.524587424480796 0.979758284447802 0.354879215745242 0.557760340923431 0.586590914834805 0.460900682312985 0.546259585638705
0.239072790042184 0.996504841701563 0.939803906987103 0.631983447468515 0.988561949165604 0.444661547437002 0.638033049836005 0.602489876213852 0.297038392651943 0.614827612552643
0.160948404077749 0.30409964808317 0.291861296521512 0.463519018005697 0.902104624810304 0.0096565128437554 0.0492491424433475 0.522497978534371 0.137755640963005 0.448482293653794
0.313023132612167 0.0345740518417448 0.762401850693037 0.298008217415016 0.436448692841869 0.0430523106131471 0.496985408849422 0.46616128085307 0.0206233546307056 0.438866084445774
0.418223209124163 0.184899950753411 0.989594208294631 0.406667221957234 0.987030573485074 0.0545146734039328 0.174915151089053 0.503092332399588 0.0354853589847171 0.411861850490748
0.292529541039198 0.231405227397673 0.936660654703413 0.445418705379924 0.962734130537104 0.21774026123825 0.446002218545609 0.516174696837429 0.0741050919512444 0.455915444026958
0.0201635909026083 0.000106460381510476 0.14144212760878 0.0738805155239441 0.174214934371258 0.000651455749306936 0.0268488230573509 0.395244013321664 0.0041170248057438 0.351039948143314
0.974317696006266 0.159012053639705 0.897831668114004 0.506219524199496 0.268196832030574 0.00407872036619816 0.170362470428588 0.485697117480152 0.0221843783342087 0.311656573698281
0.0095964745963067 0.066344339216637 0.404426142219574 0.431317269394598 0.49321969780945 0.00746125939470331 0.0523775714192675 0.514089538177268 0.0295162006989507 0.230659515141286
0.0588932721722469 0.643709950983383 0.850800328873674 0.277097155502049 0.996174689714107 0.034673969690038 0.624781600696854 0.539335601271284 0.276610770285964 0.258806197189966
0.619530102917809 0.998786629513897 0.994896865482782 0.758588275415386 0.999778545247694 0.446620603366053 0.669694939277806 0.54152310982247 0.414330617121714 0.501529615495828
0.946056660606533 0.14729818491376 0.988124153087057 0.511812499911864 0.998609649795649 0.0621707515810474 0.337549875899732 0.564684488113954 0.275093079029898 0.463531240441573
0.663750075055787 0.00742907292189602 0.982653398262811 0.473425361398552 0.951593596822439 0.056422234106082 0.539363450560699 0.548080479507815 0.0844904473686584 0.398598800646999
0.231431858355853 0.00137973905439455 0.99748395995324 0.32134791264217 0.966540625326529 0.105341250842324 0.162083698759377 0.510084241016615 0.0396904090801549 0.414619914670972
0.415606979116982 0.905872188931155 0.998840128843902 0.471809182890911 0.977373710451367 0.288592758927616 0.583896531609938 0.545559530421657 0.220035833766203 0.616559151910113
0.541239807489154 0.0237861251822269 0.770940451954854 0.433234738796931 0.541009233187015 0.0220973606961642 0.347143129460205 0.537101516486144 0.0225138942023444 0.545116312182767
0.262401355239675 0.213366293311422 0.161168361958162 0.540048287878714 0.955708640390381 0.0671552588125354 0.490370813675924 0.528089576294498 0.114382659824251 0.394669403492746
0.959187074035575 0.228470295397788 0.999738017870444 0.689885832315635 0.999648401627629 0.352418162869716 0.488519627742368 0.58018897204651 0.596125616717175 0.781933260922494
0.62791119059863 0.0343042234573927 0.995360737317455 0.558075066134722 0.997314344775068 0.0540076816975468 0.179459057081177 0.545405372638728 0.223402695764753 0.531081627061396
0.964889134130975 0.477702155957775 0.900037518413976 0.818258562632496 0.998563129421572 0.626966397723266 0.796589078990499 0.551245950446931 0.240706921582211 0.534563109919232
0.869457744210835 0.0393648818505365 0.938403798872417 0.146859368317577 0.624864807729983 0.016263291100452 0.0589749946546487 0.486238696101388 0.0398764030313178 0.234617541555557
0.0838690362355827 0.0485954224198884 0.993592135810814 0.579933505843025 0.987317963347538 0.291184361255388 0.322397465895722 0.530995091166374 0.167139069323899 0.550651408642553
0.170166276656734 0.639183112354738 0.92509636124985 0.369425713170247 0.99089346701779 0.0503292137528455 0.365664712071797 0.547913969049623 0.0757387172630681 0.421155291432201
0.289134546880113 0.0456778364869176 0.980380690218392 0.416876502822686 0.246106911931269 0.00124480293120748 0.399481477067838 0.469630431335251 0.0134145515587262 0.274335455234353
0.950616707334637 0.274265944982644 0.0916992271601722 0.634364055609152 0.610669365956077 0.011432253792825 0.117458190278319 0.51745806551977 0.0234530110972359 0.568522473331026
0.678359997106776 0.0644250045669833 0.999724015581624 0.335906145341744 0.990938468252977 0.147212438696722 0.0699626629660595 0.568042328901213 0.399959688103771 0.69596560108131
0.438031706119465 0.42626143604956 0.992207230272931 0.3642247128461 0.96993829920803 0.0120853813741851 0.363115315600538 0.528996593849519 0.0623963904286641 0.522485904351369
0.247405944700315 0.0480695409235413 0.982094416576785 0.165813567968576 0.962776956634456 0.0333236855617848 0.206892236990658 0.495812255966454 0.0603141248240428 0.329898559947442
0.8245787739733 0.242952471592193 0.994865998572044 0.554170813971722 0.972719465070919 0.638708042743684 0.451754789376765 0.603074825516866 0.502299695936611 0.80447168669857
0.0304733340136548 0.122027073009825 0.293408597959365 0.473624387442326 0.786141308122137 0.0244743373173005 0.027240173967359 0.494324854445221 0.0194039330600957 0.481780060601126
0.0370599956399545 0.11053827167789 0.421323776381787 0.60935509777159 0.998367095952901 0.360957471006604 0.802723078148073 0.529611768124025 0.088812225851294 0.265995222780289
0.170298114323917 0.304578873417625 0.994062508838392 0.557432659852395 0.99574402780613 0.0470612086087257 0.893425542454601 0.529175983027212 0.103550542479635 0.583442247360453
0.89733648950184 0.373632630858014 0.873513655427599 0.521513731100636 0.984024026085226 0.226153766011852 0.342194783152115 0.541344423751551 0.0752732121733051 0.560865701656625
0.0248117306129518 0.0392921752081979 0.802018144267334 0.322734940483662 0.940171210491353 0.0130621249774339 0.696019389147771 0.513263967563884 0.0421467248028694 0.393763976288281
0.0762835656931528 0.0599614233108272 0.542868761227202 0.165911079331734 0.517511879426176 0.00602051478235299 0.0511352276485452 0.489628179679585 0.0200946131292726 0.452489979794298
0.954410803438091 0.91873050037511 0.999980205992284 0.721631414510363 0.998955959055632 0.163330846363168 0.732270869517224 0.597202775238351 0.503910905401207 0.652329058883695
0.644234877542198 0.550533230696344 0.999195361403617 0.842202014974133 0.993663595645598 0.170003295665654 0.179939742358946 0.568403151753851 0.406172053372584 0.411787458303348
0.386816345163077 0.742992633864262 0.987603038083673 0.405270547837308 0.996343690543078 0.101726815116747 0.608508196985797 0.542187303833285 0.0466218680921702 0.643367592101779
0.991792884552731 0.0219263480091656 0.89342972744727 0.413268780558133 0.925467574399876 0.0747042728306932 0.389025187384648 0.495011349170348 0.0444051174430369 0.687121441235983
0.957803937411956 0.830313601797569 0.900755051770849 0.528771411784639 0.978512733871914 0.109802167825083 0.388795847582047 0.550471447676303 0.239347423243652 0.55400020575908
0.0544125343142658 0.0256731205297721 0.88418542384588 0.164846690147899 0.499804041057305 0.00977152202368044 0.0826543398025062 0.462973365470366 0.0105583733493647 0.256333734862824
0.0755168301427021 6.37555835459717e-05 0.0904773543810631 0.121210440237838 0.0281389346576937 0.000463133917555281 0.0252076435055009 0.407816744835897 0.0109993519502384 0.134627194676653
0.97884627255866 0.800536042959852 0.984252772238329 0.478495187832969 0.987759330193521 0.299614053339568 0.0659089031518929 0.5549534532368 0.479859515707374 0.404577343638145
0.965250347678792 0.115018661457395 0.998103793879572 0.548632519331154 0.978694368540844 0.0224515182040144 0.067556084499103 0.544059612235734 0.152095727995828 0.465684021384579
0.696996349204441 0.169746505097154 0.895475696569015 0.556550067823743 0.991504983543358 0.0720594990024996 0.824306195373766 0.546488137620683 0.0956895982089517 0.449088503998901
0.194251931238886 0.0505925196737397 0.98010611369682 0.499736574626005 0.564669081884469 0.0142633690213253 0.429084668391393 0.497463351596369 0.103196539067626 0.335779433966484
0.00265539912254416 0.00601375161946172 0.899987757661445 0.160012202360485 0.861440796833743 0.0043981969473585 0.465445469260706 0.45111725356897 0.0370132240031684 0.267052435414662
0.996244500217623 0.986521978860698 0.999504269871787 0.582496183971235 0.998125077935173 0.198540895527932 0.117059686859844 0.557760615938667 0.313065711441994 0.712132300138551
0.810076595134286 0.952382231322889 0.999926599172113 0.766305117329171 0.997229567110841 0.511388385392958 0.354978333189234 0.599050462833822 0.364835483611067 0.513850705324902
0.022290476954659 0.486206170406824 0.966965232852714 0.45872948797492 0.995428830712647 0.0390602702835192 0.279327460128883 0.564453408900652 0.143333988377103 0.432375987657681
0.940588958965803 0.141908313504368 0.999897151158914 0.856309243396169 0.999402046719764 0.158917785260417 0.372019298697053 0.610668332798843 0.418560105855907 0.700501573427471
0.0101351165503756 0.0258184026551015 0.517548532567124 0.1530257478848 0.513940509055599 0.00895045654303055 0.223000192510879 0.512708453778279 0.0147505808342385 0.436595201912852
0.686986520422894 0.660906466434178 0.998768170215974 0.636818543053595 0.999758679403608 0.509987443274614 0.233873346678761 0.564799411352678 0.196946969423721 0.280022797967755
0.00993797808139788 0.0290326529806127 0.443172462210559 0.466401179692582 0.959401300007845 0.0114526511397923 0.265769637580863 0.495226457488127 0.0184188952142313 0.391147906996888
0.489175176149295 0.890264525810201 0.982422287421745 0.507963038285886 0.951482054150892 0.0805350177542449 0.00465128313610166 0.519417352766069 0.0314882682634827 0.432200876630239
0.999486974194341 0.153587673456575 0.792926181690916 0.293486912181428 0.878918499274807 0.0207720933053908 0.739573300376479 0.52271173336525 0.139469642124756 0.716493148408254
0.222547890396245 4.97213523412161e-05 0.845686457453572 0.173219753226025 0.527826121112908 0.0357420264483418 0.0364680341539833 0.443976876090324 0.00312631038112794 0.166653154690524
0.997176510067329 0.975333174108131 0.999857333540799 0.773339287273617 0.997587943796816 0.548343610890173 0.388300108219641 0.604442522107801 0.424321752884661 0.796410417195713
0.935244128091625 0.998236085150408 0.987725279750754 0.539838264232134 0.996164804196031 0.0761312827547046 0.251756333210906 0.564972105210964 0.245490480362699 0.620235833051211
0.261424109230231 0.998552140954698 0.999529266621684 0.761443354732295 0.99992975420441 0.542492657797945 0.294534056990975 0.621205449981767 0.682457546099952 0.721452874069669
0.292513279434359 0.926023605237709 0.965404422792102 0.649402903560148 0.991793957984228 0.370928326719837 0.407509531280537 0.565379321509173 0.114182967448251 0.675871706013437
0.215323126048556 0.0946683358891899 0.998288022933321 0.552439980214089 0.943923198432029 0.0441778774059161 0.582108518658008 0.520878880062343 0.176425478356117 0.429770526593645
0.991346660110098 0.222722308308647 0.780015022892673 0.695918034641983 0.995662070935917 0.203957407962534 0.23725636502262 0.549133096932434 0.350571227515543 0.432721785312695
0.880411115310241 0.795307696360348 0.995778058213039 0.618434546064378 0.996992617003894 0.179425558589392 0.378448167272751 0.554683840919147 0.37533121028628 0.595470876805721
0.31239534679042 0.856212745629927 0.986447566477528 0.319139567103266 0.910356406083729 0.0101565261655722 0.251587628727713 0.547770517016815 0.122046221593655 0.309131169264982
0.0334395420331752 0.91232535002142 0.898292833549312 0.625717164009059 0.994944183902044 0.0644872994464831 0.513670932632834 0.586653501138078 0.13750981256179 0.684513379001086
0.73768505957188 0.0890450283791456 0.998882182890981 0.743588197940467 0.999658278132406 0.141015786170051 0.732757148621333 0.558827410516399 0.284320923172572 0.533005298890007
