0.609344403451726 0.902727941907389 0.71086244136645 0.666969586850322 0.998747467096294 0.045979372199504 0.923955944876833 0.607333377708387 0.423795251182287 0.715080215791415
0.902591867787955 0.782880178991152 0.933762916357931 0.574695694207452 0.999656688362567 0.188491476748397 0.609392340467249 0.555753685249648 0.191805188312416 0.602082205394841
0.979045375972778 0.913163340519759 0.515220864380176 0.643788455485232 0.996625787702806 0.247495901099043 0.442918250398882 0.557165139478985 0.0833113817665345 0.587581077564726
0.0227041696006325 0.00514312625721091 0.999273295792626 0.48293755102231 0.952831064634124 0.160617753631999 0.513660438847514 0.507354851848816 0.043218566684951 0.432328893900966
0.991169586201891 0.608431715267369 0.933421194704717 0.561451710775386 0.988857403862894 0.0506316272385495 0.684354220918721 0.54858265336977 0.0878597784756408 0.610508050819388
0.340433176200681 0.000193931140711442 0.426177736867028 0.420828018272821 0.918620481977855 0.0724947178794104 0.450572283213881 0.485173768425541 0.0671749093354501 0.271120328968507
0.511380292636387 0.00384274376863501 0.988711902792224 0.275574000888098 0.889565325387116 0.00536288234005367 0.0435367190449024 0.45414202858435 0.0642935476206892 0.41220856916971
0.658982336930057 0.942784447452125 0.580270870161211 0.705780821623588 0.999894334910826 0.463778752901233 0.314753724505382 0.580231549444979 0.329152319402994 0.552328751504385
0.818170547913808 0.655678831273762 0.971975479004969 0.659539022296531 0.995912370613816 0.332791444639071 0.410743708957446 0.595597712932492 0.0896729890457838 0.715843449075466
0.988127244558898 0.972927638677354 0.996568125379453 0.865218492610676 0.999096335556082 0.210919287053312 0.33291047120096 0.618859721559805 0.247637451534069 0.694620280533722
0.29167431114131 0.893504243095849 0.993284359848083 0.766105144300538 0.998066564237946 0.123935262282894 0.444157539230446 0.588017313742013 0.661395469790471 0.58566529361879
0.877587962432178 0.76986432957793 0.150217653550249 0.219611952553083 0.375536679701047 0.00707597661213069 0.0417053985559568 0.499655318337336 0.0372075609386468 0.375565775396934
0.599108343294605 0.687039060348228 0.971550700541405 0.556108414218375 0.988733680787981 0.137292046751122 0.137701259537751 0.552642741308342 0.289768968725464 0.610830406442496
0.899493894179929 0.99568032461101 0.880279659696386 0.304560326214969 0.840735873590447 0.023472625640259 0.225594131486201 0.524160462954289 0.0228464295494682 0.402594286345396
0.885426909680157 0.315485015984813 0.999514511743208 0.295672382039733 0.826003290782898 0.0281389776658275 0.797079936824268 0.493082568722821 0.0370853614737232 0.262713003882447
0.710946877642727 0.0418070090249526 0.998322223583081 0.544094649423948 0.958661735157416 0.131760897868519 0.605366560111229 0.542581971429961 0.143383786061449 0.512512353804612
0.45269873381005 0.646425339905629 0.906279209581885 0.668024647690245 0.999398716474463 0.22745821520353 0.601402385943764 0.568120625209815 0.172702233752178 0.546780089727113
0.995146278084655 0.159091423277413 0.999487168993226 0.865800680100649 0.999601793110866 0.315520369592001 0.132733372057827 0.586487174321055 0.347801962503737 0.71635930697161
0.977337166001129 0.0584551394087262 0.999078863264154 0.570575178153665 0.908417904077953 0.264448471230275 0.877333198214063 0.56763602243008 0.0887339583503013 0.615445706177766
0.829114332566022 0.973410915785906 0.99998139573593 0.674687538142312 0.999138385597146 0.337485915588301 0.172525531431908 0.585007266253687 0.301455089878824 0.530263290556178
0.97772322401836 0.415866941997468 0.977398697067112 0.460902669923829 0.993258706218681 0.0773333427354114 0.0908923265958366 0.522845547816514 0.162435350852869 0.529820977625755
0.193605619781772 0.0203580283845857 0.893583145568435 0.367152602203222 0.910047647196904 0.0777343844087402 0.206202462377336 0.496462258725399 0.0286204716680701 0.324055758474162
0.339772624684156 1.76405498440246e-05 0.0776395586770139 0.0508234419478627 0.50029892166118 0.00451535886252966 0.142869898898711 0.447094807291594 0.00457052980645491 0.185965777676304
0.818945434651089 0.735605683002643 0.99770622320714 0.879642766354672 0.9915567374083 0.614703718183618 0.0765006606190605 0.653954066765252 0.513525707402223 0.785523645882957
0.855192454847959 0.000297389563562972 0.691077366133494 0.408602997149902 0.820281026276859 0.036882807273287 0.0908605380854535 0.498222692772744 0.0716059855615592 0.363639710193874
0.591280780264287 0.341571438448341 0.580598027269761 0.579084679161558 0.979313674202739 0.0975767127755306 0.171392098253548 0.522771719888552 0.1322073472245 0.413817271616839
0.00239736893627947 0.00178584829806937 0.0022245613041643 0.0736749644834284 0.0525554396743934 0.0110629239455378 0.0633108825371354 0.434239690913004 0.0103561213994908 0.164190332011625
0.985111758202898 0.595819090871649 0.988408132336917 0.624956436757013 0.98761705964583 0.391152605876548 0.290417537764364 0.616586339119147 0.491783808513358 0.850994367492361
0.120642350485445 0.338018703126876 0.937030702263501 0.228838220430728 0.921891677867028 0.0340720723624853 0.0356561093562289 0.501441350105536 0.0641416292426707 0.366927561810952
0.658325842844659 0.973574951643419 0.99995648277799 0.718316022850138 0.967106436997202 0.218540953838203 0.618214883605029 0.583306613489159 0.127171920531836 0.648118824764975
0.0813893716052238 0.147685520265429 0.436796790051253 0.424690209948597 0.997453235383875 0.0702512798501236 0.0157583720150399 0.498994185896715 0.0270177860000749 0.424966764922317
0.849148598189463 0.00626426921990926 0.999116027097031 0.641573542220487 0.969307926846357 0.0312635011053857 0.212840214200872 0.482193260045164 0.0467786928865873 0.481870080620363
0.484143627521556 0.355827573804653 0.999432254511636 0.540822838712217 0.998574810244308 0.302462271092296 0.701281254752408 0.571005319740546 0.438732858756541 0.470213008816488
0.925058422517107 0.510993130746527 0.979596023221397 0.570585148316366 0.99610066290992 0.143185842774607 0.824129982721702 0.523898956412978 0.0958138439842053 0.524091392185635
0.995513330829359 0.302770917374731 0.997314294152625 0.512226371679514 0.912580131699866 0.103905534078747 0.189036042312265 0.558463520353631 0.120413892693278 0.446635770415601
0.689606631545459 0.0738689505994297 0.849333203080923 0.424703779606309 0.985232777524463 0.0513399829015776 0.530121375207193 0.556298601585127 0.0858412576421971 0.420658664468635
0.989759228937326 0.0395325079686626 0.998224484628549 0.890911320960062 0.995948279064838 0.259071174500508 0.956884517529786 0.588992649708393 0.435489473969249 0.814164092305683
0.0562683651399581 0.0177428257501293 0.979469738793784 0.703210326066431 0.997009253451275 0.0513556526980775 0.520849385389515 0.503854273918746 0.147715651952178 0.41321877205556
0.994348612258587 0.988732043861226 0.999046335361289 0.89094748158515 0.999996079081081 0.280999942157174 0.543472368071851 0.631023105988998 0.443717768027498 0.754788253252973
0.0298690743407517 0.143342604035222 0.434052926805173 0.187206541150696 0.969937483200093 0.00784156735533439 0.0635419448435888 0.516988357323991 0.0313330910959532 0.329799628579606
0.411458786168023 0.052288706420404 0.892404641944899 0.175050928094874 0.915237034468101 0.00867985227456036 0.503954081101776 0.482706079159625 0.0574650747579886 0.248326578716005
0.333641963703811 0.594118649251769 0.99253136830503 0.472585943139914 0.982361920081391 0.072573650806913 0.350555744301012 0.55988168010754 0.0713446222246976 0.530525318201662
0.00131191561156021 0.350693394817701 0.796595532912154 0.351626280773413 0.72265244431737 0.0758734594860835 0.437163396533189 0.562567668750144 0.145676804584363 0.297958347652273
0.0335204372747685 0.0513635507514689 0.988360640833903 0.478691980465586 0.188271351703126 0.0354472120958772 0.213800884758745 0.506982117460711 0.094487685868875 0.411158593329938
0.980910443271757 0.747209331550897 0.995364854069907 0.51725639123543 0.995757488704887 0.0510661087471584 0.119835874339482 0.534717877652026 0.152234630113028 0.450773291346812
0.0724677392370698 0.186497299282325 0.691999969446486 0.448040153451106 0.891251698646698 0.018513340993938 0.115120670307748 0.512390462276493 0.0472754556707637 0.396265281828534
0.973138972921879 0.0184523344296516 0.995572601609709 0.475717043996158 0.998244845388887 0.247260107992751 0.282153565381037 0.588850454145212 0.155412137324087 0.727404481066655
0.628770561521427 0.0289675136342216 0.729978091254859 0.361994533635282 0.95737912874649 0.0343561253009035 0.128798383368645 0.528104609926203 0.0524598698170803 0.338964720661503
0.3906035570848 0.927450919315843 0.99688703431738 0.630212519932407 0.993194469838621 0.182724614933585 0.238639516505081 0.559997774465758 0.149492841750469 0.57030696079312
0.0936323594519856 0.512244501627256 0.999838724521262 0.802855254419461 0.998761834696007 0.211854156053968 0.69358505141272 0.563644009110964 0.48050906439515 0.495832880109953
0.0739095018705825 0.617758665630864 0.999528048185917 0.695471790476238 0.988474034309271 0.108788787769533 0.571035776116164 0.529859544111337 0.129246903639469 0.473182993883449
0.830233738418873 0.0154807695534658 0.991701795425263 0.581630037104993 0.978368053960863 0.00678447330187073 0.875953277725651 0.502785542773639 0.0808254379776937 0.336055766120385
0.99581797279332 0.982178470091871 0.981387992577906 0.777695769719066 0.998934293310477 0.35192621778429 0.247764398890604 0.582688726411473 0.437345996478088 0.61141634414911
0.242265796456225 0.350766811227419 0.518442183646331 0.133499844510775 0.305335395914656 0.0154927435520569 0.302643905191496 0.497334663605759 0.0219307226944107 0.440996473393294
0.000725492456393048 0.15086015313406 0.9763931186935 0.543358554774066 0.990486244097282 0.156743508122133 0.4858870652464 0.525780328424162 0.0754123508993964 0.341425238491611
0.0909559278279344 0.648270854063386 0.997331030351318 0.309506917230693 0.991312402739762 0.141644247352309 0.398064116008453 0.55764179679916 0.0995457170693701 0.566396565963387
0.0330070112665409 0.803507112629837 0.00263631871098756 0.572514209694611 0.99327979746896 0.0436228427119611 0.459078868134091 0.548388371291255 0.0956446061866421 0.441263987318059
0.0394434527847042 0.00863937149442331 0.737146331433478 0.0814518293603926 0.0336006920833125 0.00366728689839989 0.101801934990111 0.445025855280287 0.00221972384720445 0.319479990515084
0.25452184874312 0.456888505692185 0.989667157011881 0.523108173809593 0.981074647906576 0.0497184401840714 0.151268522100679 0.536083031390854 0.0667259621978061 0.660815232231327
0.00549596909196193 0.205651654712639 0.61382157806655 0.614435642965014 0.981274616010476 0.0357158775346014 0.289855477200361 0.485953161385046 0.0366259800930193 0.375453512053196
0.965652039985878 0.998967232867253 0.994868669117973 0.911312441359746 0.999954230842791 0.74748069419483 0.803059383091886 0.663803639742414 0.930319255706427 0.864353494757563
0.910230718723116 0.110535609946755 0.940787534887587 0.44325885558625 0.901468382109497 0.0715108786455723 0.417342988320834 0.583825273190912 0.0949655773365289 0.419282815691706
0.158744576414147 0.00157837910413783 0.81684206514343 0.16660214275157 0.0416988605930407 0.00577508500466167 0.0128387879701535 0.466976538377126 0.0105518897717769 0.249215082602049
0.985708797272884 0.904537125483206 0.913716484724326 0.78096484839709 0.999642196126698 0.124163117585694 0.567740624894632 0.595682616335712 0.270530290468663 0.864766894238209
0.85485553416106 0.268295985814544 0.176589413582835 0.293973611675319 0.931617859137628 0.0308737822444486 0.119165958528676 0.517091010721242 0.0546597132550198 0.484288211842649
0.380275124941199 0.553292500527151 0.993270163503345 0.582465486676419 0.992641942115925 0.361066578039635 0.140867573801424 0.584119274587342 0.243707732215594 0.504454622514911
0.700602473055723 0.0316961798550929 0.973863753862572 0.59134684405887 0.961525756219342 0.0779587271710187 0.697519718535281 0.534978223703768 0.0418395888166306 0.395114138989947
0.892773629315859 0.0122423802532237 0.16847857309547 0.272058108893383 0.951799517039386 0.137873948092783 0.150145806516451 0.506411048972157 0.0606223522726534 0.450854191339033
0.272377342514697 0.0292841018370036 0.971361902262264 0.604325827590652 0.754817240605994 0.0259680570066771 0.536363344975075 0.533638542139031 0.0793793397057344 0.62634756219189
0.990251719646379 0.00224618084957654 0.99091180955587 0.341440476153481 0.888902238845805 0.0344670065632895 0.0656855534991359 0.493617761982693 0.0789042312701238 0.309401956583975
0.991852051779744 0.889295855457419 0.981174590726057 0.732263132259695 0.973318868886322 0.224576129217923 0.0820437582535496 0.568761329142894 0.229571802268259 0.376934334273184
0.996264928890057 0.918869286133373 0.997870862784419 0.919545634066769 0.999917924885013 0.956892237720035 0.884165713863154 0.631946814217235 0.646222816687057 0.885281090746316
0.262990562282913 0.243371483331314 0.995379991592619 0.473883665814764 0.993676086170821 0.129523239299359 0.0742989127163021 0.561268188467409 0.209247784473589 0.53325317788166
0.159736204547559 0.00332996405477775 0.314905551074798 0.112408229440902 0.220581751153682 0.000786506100564875 0.256607105469707 0.458164150495478 0.00501125757347974 0.0799698510984569
0.0500995883271895 0.515260059580851 0.968926007352338 0.263550432541913 0.366694451760472 0.019334900375862 0.408122443977497 0.525524821485301 0.175691265167541 0.380037477627199
0.304234424307475 0.121990373713856 0.534064867566711 0.775033684295185 0.996647153161761 0.0520540385122057 0.421611968053394 0.565188565996747 0.196028177914865 0.455773577845502
0.00772965004177719 0.606134642277084 0.996152497101486 0.426967796844738 0.990482534556271 0.0235466987401977 0.270499909422557 0.532920585146542 0.173086048358354 0.408575465914165
0.079691208980874 0.0138750303254264 0.975821990145691 0.482938549529433 0.875510482713857 0.00763014350222341 0.0107730054681321 0.494580492022782 0.0325968646635561 0.267000427661121
0.895850169841021 0.0234551365730325 0.6795558912734 0.564752049174373 0.999731892497079 0.0232279100741199 0.113199158897447 0.510965830569578 0.0492724365673781 0.573008261480186
0.81684626253573 0.048700723219664 0.987561397478075 0.3013469538444 0.989428310865576 0.0798029523066151 0.416671744640902 0.520326445254987 0.0531709673406203 0.465261721049355
0.0781855103708605 0.720579488927689 0.822773308010556 0.495188302333883 0.897379797836489 0.248001012096526 0.212454223296085 0.531985167606822 0.175474738427568 0.287011953186789
0.761955507435004 0.201685799517748 0.999908648098438 0.471634417969462 0.937488039670893 0.0459813514881978 0.201288095994603 0.550022320254937 0.0623075461733366 0.448544991203392
0.119642242472715 0.115219123669704 0.976430404441538 0.649683172869394 0.990316743716853 0.241438123126135 0.319873842068848 0.548285213127325 0.187270525810879 0.665745918047709
0.710449574043741 0.0036748691796874 0.981685225889428 0.573874491573501 0.901755815998966 0.173873679128843 0.802948520732125 0.557362104119488 0.247758779521523 0.494162239693634
0.90581777458476 0.921263829296992 0.999100202100151 0.618388903695527 0.992157912450541 0.844450501208245 0.577643415518699 0.583118820496499 0.309952713505682 0.736038106600846
0.0545954623087875 0.00330480160610849 0.26684463059431 0.302322723029048 0.932311667654066 0.0528163384338246 0.240184456976508 0.495247487519045 0.0303486830510135 0.320301370134607
0.230658113912315 0.57185522114135 0.998382036394776 0.793477015819588 0.998800181236183 0.245171770311605 0.188337476485647 0.532814693682178 0.275323838901182 0.65283781094637
0.0502607649978558 0.316650660021024 0.995955803474765 0.472238972581813 0.980760443840125 0.315143680316828 0.295988814193644 0.515217542647092 0.281951297222794 0.590116758053928
0.897953492934515 0.261873152655987 0.994747181579025 0.826304024150689 0.997886201826227 0.61635873058149 0.156723742874463 0.561085058183951 0.209868014323657 0.703824540427375
0.986517790411724 0.848339733233661 0.493081420847105 0.644088541363282 0.985564221558923 0.0937554729809919 0.224740710791862 0.542611527675699 0.0929806016855191 0.441880257297797
0.973550629506117 0.144588395597241 0.979794044637843 0.471459297939614 0.9997158067336 0.168087489679792 0.684577219603651 0.561039977745011 0.221504154191708 0.523393365669761
0.904502757401014 0.0330283597904557 0.996045977449518 0.352853708084379 0.972279335943635 0.0504899821387334 0.526068173629288 0.491867133736925 0.0451695974890309 0.414506238512954
0.158892242983407 0.99879988380141 0.990434944878323 0.891320782577216 0.999984724334338 0.426409123069162 0.619085944513934 0.612559096526603 0.511054662910721 0.719453950597837
0.813323140667232 0.102860255348379 0.979160733976943 0.565724091001733 0.994468243341943 0.389020364435162 0.24631677808159 0.555794388656784 0.142201802525805 0.482640643267265
0.651084506123276 0.00123265712426955 0.00159931193587758 0.40679444340064 0.665256384820841 0.011338680343284 0.242041254988598 0.501742668820927 0.0321824941396165 0.54356413602014
0.95854392013293 0.961380555483004 0.999937857007622 0.864628515075262 0.99980218811604 0.770831196309939 0.940957934573487 0.61935130271068 0.79105056326488 0.69792104402745
0.906920135100034 0.859352642503806 0.634909490574954 0.802827642580805 0.987790302567006 0.11283903538522 0.647225245376166 0.593435812403456 0.293910727092321 0.624462506890731
0.348121593946503 0.7394084874241 0.842390247442377 0.358659361975956 0.73558509655433 0.0234592356359911 0.583829485142578 0.515336965457836 0.0445797453129858 0.374412602345538
0.758947044567908 0.33148137214346 0.999787968222718 0.423264339435161 0.990573708704066 0.103432305787053 0.329344029798166 0.525934892958929 0.143603739690811 0.607748399023588
0.654002561737221 0.0127720232488022 0.998406412938344 0.534194942526274 0.983819316203773 0.0260343807135387 0.386255265060176 0.522872833993953 0.0229871921977644 0.424713267690301
