0.99311996997817 0.488437414169148 0.975354923439331 0.652648372639085 0.959033556647702 0.268785267116211 0.258051178900341 0.575820200016688 0.158576628819871 0.546836119603456
0.990035194983108 0.954244534098956 0.997765740822544 0.924785419674054 0.999918936650647 0.912931989742121 0.305997840631562 0.616248590286241 0.735568580894306 0.665973267511716
0.616300382881786 0.0914714197458348 0.37166198147726 0.280891964665815 0.987865262522632 0.0684962114406192 0.131769043446733 0.512056886949786 0.0882877816893362 0.246347804946321
0.176449633446194 0.0565649671569591 0.991504036766164 0.401301366931838 0.975243839484227 0.0515888095622333 0.217501144038232 0.526781719105818 0.185202833207425 0.362970674616714
0.0134530385205602 0.0110215461392626 0.113770635696743 0.0808756021506374 0.0283179298438559 0.00130861883771379 0.00457995860465093 0.464504647839496 0.0267855278340494 0.239681991786551
0.113544411813546 0.0306655378717217 0.912139293109466 0.454084659401536 0.732354246287838 0.138725338766198 0.301040293600276 0.496342950422252 0.0941542030127724 0.36109635138712
0.0189967124454741 0.926310597944233 0.973966618818591 0.794939314263422 0.998802230049159 0.73314169009772 0.700281470298505 0.628567441919725 0.306862867924952 0.683185756394799
0.11285898972025 0.219123624332669 0.994645260962494 0.672024022717058 0.999832312006136 0.149024991608445 0.423235122013515 0.567708089481081 0.216478425692446 0.568786571980099
0.00123094647725654 0.408467492600188 0.677397269058753 0.161661657147079 0.111270101811105 0.00649092148345239 0.263142101942821 0.452826093617596 0.0710090466512735 0.288776187893258
0.958097886686142 0.00259329920667505 0.636566587945876 0.328070061809368 0.431570069894955 0.00755003286477762 0.0515452545426348 0.441221294912458 0.0302434543714229 0.316283133961496
0.975834926927372 0.587538688502146 0.474736267018431 0.215330841786856 0.742574011659026 0.024119954031581 0.594677140569866 0.478213660171292 0.090500948594834 0.438243461583873
0.211744977810886 0.176747139325368 0.622466488433585 0.383783066299557 0.996882791331227 0.0349997277247488 0.493600406111441 0.523789921966858 0.0664693920774238 0.428383056741072
0.983101472087686 0.573378788863263 0.987188479526139 0.352633797196693 0.461721574439165 0.0422305047490244 0.0671536899551253 0.509638657662136 0.0949321152471034 0.339103025818085
0.998227564093206 0.958489244083772 0.99486314762477 0.824166737676793 0.999778612987098 0.729838505893583 0.647363623497709 0.610361477295601 0.664559720728514 0.864066786292784
0.0355700113729542 0.0165095036698045 0.25844154274503 0.262900848880181 0.800642840377127 0.0951079937022866 0.0631072612514301 0.51014518273393 0.0219067339231854 0.354375900124948
0.913903326624522 0.769106031369608 0.997969927529766 0.658401743124986 0.999053919709276 0.330301206166739 0.357981690426427 0.58069127900222 0.0818152563929874 0.63778198524334
0.38001999468343 0.376754497158895 0.984773997238006 0.501072635367225 0.992442125155032 0.0502364683926174 0.0675326513460919 0.557757091524552 0.0188885612304962 0.447633292614513
0.0323641981745003 0.832141847977869 0.222065137044222 0.349727709632624 0.858839938727067 0.00911170168193961 0.0600100571773734 0.487357594071414 0.0807037721012555 0.454460802769845
0.0932385794699541 0.939658077900331 0.966655374643092 0.670472931256679 0.998899012358682 0.167319839709186 0.56928324063213 0.573866650869724 0.446977447692092 0.629465272479557
0.102181708060074 0.0730958735305651 0.813072070946306 0.413485409711131 0.972119987663113 0.0037684338778196 0.146123013515356 0.47137710977106 0.0233444515620218 0.299519074360713
0.00854195338468322 0.993112746483487 0.143111804765897 0.538503229044297 0.992692853657628 0.0226791835666964 0.0732205170776062 0.491932286716463 0.111623155125183 0.57102521834955
0.985471580052477 0.259213958526616 0.998790555582334 0.660529474487044 0.993073008189063 0.56976546421722 0.429223165233111 0.58138652936173 0.137306258770204 0.550532713658173
0.980375938346232 0.628008426124398 0.924807598600793 0.505014571145405 0.995306776459608 0.0338766343985674 0.131654603062856 0.5227028431423 0.0624546414652346 0.551825951915074
0.933209003093648 0.231338878293091 0.955241914731623 0.562739042055722 0.504465513822181 0.267271526123184 0.205366091947105 0.548682445514936 0.181170966370808 0.428420563000994
0.937919643900894 0.0161572419987778 0.999869448041166 0.582003137567141 0.965914459551264 0.535355869980828 0.309925844006991 0.545149115997455 0.210578741916973 0.673440502896121
0.820414709304877 0.0103222803428806 0.496856526083798 0.347634116969134 0.896805683484538 0.0752345109491185 0.234506781278441 0.523590450138849 0.0398322747520643 0.407243659026777
0.990469882881854 0.619607646843868 0.945200148906185 0.536921973517556 0.994879095043536 0.152994389760206 0.366445149788249 0.559673805155638 0.110814101748237 0.493594463756758
0.837274036227362 0.684029569454787 0.957486250622762 0.44454566005323 0.822940639049692 0.0475188953255329 0.189081993488732 0.526666014035946 0.0982530191286057 0.294007874791437
0.0203943008883829 0.0170141472330239 0.765654667521384 0.151497320415213 0.986722220302583 0.0153524062468477 0.141518678805008 0.522878844579646 0.0330971976484771 0.212608576805118
0.562540346580183 0.465930517636175 0.846691505574389 0.436688305228909 0.949168597450304 0.109650238976495 0.016541877617529 0.527592473498776 0.153573604621335 0.290116163615263
0.00214108887779797 0.127212553160938 0.977540891867634 0.3122130152016 0.994861571243968 0.00260626210290133 0.425303321544245 0.502381336014498 0.0343410377241607 0.361474458402508
0.370040234946233 0.154502570462305 0.672845098909861 0.227369841429857 0.965296957062315 0.0170425842523987 0.0196029453875351 0.495885131298252 0.0453287927964104 0.335156483829203
0.0651948229414793 0.0790014342289618 0.995122117340209 0.365541083658667 0.989876237270937 0.0981765223130609 0.21548383156316 0.517332338805323 0.0447463972764645 0.412771583208176
0.138418208204111 0.0369626337507874 0.990777096254939 0.697117252312098 0.984246857096553 0.0978662519630777 0.115256305251373 0.54740008368075 0.259630806639555 0.63963880101495
0.30920701589379 0.55165562416157 0.914964320672458 0.157073458520557 0.402466145299319 0.0217502546277817 0.267502092811523 0.450934071916511 0.0171713924089395 0.282632843129743
0.667667263798802 0.117160721539406 0.999103346464823 0.683438469232486 0.997676855181337 0.419623748514637 0.484067077310415 0.568093979087146 0.36001124889739 0.565915518049229
0.569658292053684 0.00599698333173517 0.595787124164909 0.243651806787468 0.90694416167767 0.00439843845122849 0.671957070491543 0.499887338599818 0.049682407609601 0.553674637434349
0.787105244172413 0.0099645378009828 0.959457280878055 0.433604178894641 0.723884810068837 0.0952074214162803 0.137053443956936 0.495349034737607 0.104034764639721 0.369761655008644
0.663316998400941 0.294690833919808 0.99989347929454 0.803802642881346 0.998629333585377 0.356709681458539 0.368624971298773 0.615479300698516 0.0726907115095047 0.71525191804692
0.222768834701681 0.176569960913339 0.958871614199889 0.782395691775619 0.963174250572613 0.371717468031659 0.426693025791005 0.555487624750463 0.0972210244700275 0.569193629278558
0.983833758522657 0.887977837548268 0.994528821965505 0.335277552212023 0.949872479316442 0.0252890219840315 0.0738142444348009 0.495697627502318 0.0305923794480574 0.303667841570971
0.0185238365306997 0.00190074555536791 0.868207679620227 0.127354330689133 0.980275506806193 0.00769885496866034 0.0964612483806863 0.456911161453557 0.0324832278419172 0.43281133177807
0.809569602406146 0.055826547137832 0.875979335971731 0.671605051104032 0.987927304241992 0.105906735679189 0.329063596773599 0.585216232076288 0.339672299069097 0.558945328622935
0.815613374275278 0.0179208441267255 0.994827171411169 0.689122865398119 0.99962026333607 0.468382978052233 0.522190238465971 0.581715532411302 0.173572259536091 0.648763829391326
0.510899891073396 0.121871134535902 0.991970490127521 0.544006982496675 0.987350187882257 0.0975600156414418 0.475676958779684 0.54978567469111 0.273538178218094 0.687317679469182
0.545188901091946 0.0144692681293802 0.996813319516474 0.120031207160075 0.921983514612174 0.00371474799925934 0.0357389230060906 0.454937788640287 0.0274921489803476 0.433792323639124
0.597647912352651 0.708108128292803 0.997374213585604 0.5728822657956 0.968453128840359 0.0358252978041342 0.409853198817152 0.537475810410726 0.314465370131626 0.383116410363114
0.58447297079532 0.821721085419076 0.913434100176075 0.382708628378185 0.999255166516025 0.0189976150030774 0.1060309205308 0.531675378865471 0.0549949453220325 0.4488184541716
0.841589535567481 0.125011956562499 0.997685528722331 0.487420827201984 0.99751577955767 0.169302204301461 0.416832607978777 0.562089826670567 0.173931450679169 0.453776063712096
0.991574850909262 0.0204306082350769 0.945690000615076 0.256025439349864 0.914375905365072 0.0775128777448709 0.824358627567206 0.492938361577176 0.0646173750312438 0.524819701439306
0.456530033354569 0.731007250537247 0.99887118204129 0.732859602655417 0.986439926292837 0.0291881605353238 0.535129089943992 0.557285828807992 0.295501224034908 0.458169039195267
0.153358882935231 0.340699431144069 0.997842097014821 0.876945982760428 0.999923939132676 0.542212765800336 0.785763618152425 0.623361684945916 0.546737296248949 0.808013777432672
0.0158976778331843 0.00302602897659821 0.801103231165328 0.229566362147121 0.964720551629235 0.00358419895060612 0.133316404309618 0.449889033339116 0.0378105648911215 0.284610065296119
0.968891680029663 0.709744116636549 0.996322259747001 0.60552826486472 0.997725102268779 0.115302114923835 0.153286681182606 0.556405407003275 0.0844055654715176 0.633978105892766
0.734558080491002 0.522167264969008 0.260842392754387 0.60713972393399 0.904558071431669 0.309285459070608 0.540886338574927 0.570456685675715 0.23351850771582 0.400530422636549
0.988848486151666 0.166125607021082 0.999016617287916 0.516946764069187 0.992175172261099 0.0365656567829249 0.466352405828121 0.498773705041759 0.0150307955512552 0.37271786123348
0.127657686427995 0.776589333329873 0.999583520277456 0.575802587182934 0.997048382916459 0.0789050348285201 0.718227247885857 0.553526508264567 0.290635420416186 0.52307030898713
0.0349394522908449 0.0614099067426916 0.974653569617852 0.513402934279244 0.951049520744237 0.0118738394626306 0.266318272141207 0.534443095909534 0.0682463880626843 0.589229462876618
0.403820914312474 0.00846771863978715 0.930291199833561 0.671856984980145 0.997591405865194 0.352732486584063 0.555205491889681 0.578720871090627 0.487765547159449 0.732733183743123
0.00252105539953206 0.271319330358192 0.993771735709762 0.268223568919213 0.968277505907991 0.00497340387159053 0.609522067815682 0.502757152633925 0.0206434104815215 0.428212336174819
0.151358949765225 0.994187615947917 0.213535082416136 0.429776755813228 0.921302732616481 0.0232001950263701 0.164719425214345 0.514612671134652 0.110756089376537 0.594913518623347
0.0471138679094767 0.773185921462607 0.98338228152824 0.602362148985808 0.969100398347199 0.307283402268924 0.627479515140885 0.54746464867549 0.0481241535426661 0.620483979063879
0.80934826416513 0.401585615219226 0.482448030152588 0.637439811527704 0.975395800071489 0.042326994986293 0.667919331857481 0.549743275858913 0.0977784615845207 0.516249644910618
0.020404727678867 0.171647200376122 0.95530082695385 0.393340740709999 0.997040211823889 0.482620463270103 0.154819233746742 0.555918514614976 0.19008747817568 0.604223927397085
0.994959631138824 0.999903424935162 0.999741117705228 0.853521337961969 0.999543619272569 0.721340404194529 0.779723653921924 0.622791131450767 0.752025598889777 0.574210981999333
0.813891865901444 0.356085746215666 0.988865602995049 0.507633897916299 0.994342049245278 0.0824039516196864 0.106160543763726 0.531524535993561 0.0830577006014171 0.627423134163607
0.647121815841024 0.00357887427866444 0.995447469528061 0.281728709628068 0.819157696831655 0.0824767805397226 0.0659295225906715 0.503973916339573 0.0323521390445068 0.503462572847823
0.856658956687163 0.36478469035171 0.982566762428672 0.66073501262921 0.972795433250284 0.0722977231681495 0.176307247643518 0.57690899258944 0.166088364339033 0.465712678414877
0.927261866814317 0.981514174296972 0.99975075498104 0.809857883121135 0.993708396097949 0.400191388425911 0.439593391610862 0.583387559777243 0.23703602923932 0.514335967117399
0.853299358362256 0.0179717291526942 0.159047526224863 0.263922021335366 0.921124989948671 0.0011862683167394 0.052211931245534 0.474374914065835 0.00797609257228927 0.141775524853638
0.989389662656906 0.145665714446184 0.997405876530248 0.519647232641094 0.896761916134287 0.0780921815579361 0.146405445125868 0.574378898846557 0.229990143827065 0.546845625516498
0.196342043851877 0.00372947578285634 0.828274328882409 0.164260791696133 0.113811449207628 0.00608519647777473 0.060288800332757 0.454099256867555 0.0412691217041386 0.147884603362325
0.286247142621678 0.110031235146229 0.950957444256555 0.357366546101144 0.990026754753502 0.0243949531593368 0.0703537086818024 0.500106831428994 0.116810919126622 0.393079421968973
0.214279436146234 0.00172640551651328 0.483961600159608 0.100763344653644 0.485711967840203 0.00322607450051293 0.0576776878205301 0.458610524241717 0.0147030199608399 0.277123771747187
0.21329481673402 0.00546440810330912 0.937504230928222 0.397497981581078 0.884507399048881 0.046441348071644 0.0439319328173941 0.493660202471356 0.0251013163580767 0.261382696693163
0.23485734253975 0.946432706829431 0.984741331198367 0.341126751300937 0.973276544192804 0.0548955684680602 0.0468514585759882 0.506913979959502 0.0625660289132798 0.281169770810096
0.973827318094106 0.0488676111222628 0.99976040622605 0.79009754910147 0.999429601467507 0.562076485345909 0.785736402921308 0.606856657022092 0.398055414131889 0.498161779877536
0.00583721639264236 0.30110289914333 0.986364556527948 0.611104733238174 0.98984360554025 0.0278214643703625 0.514255823765275 0.533811122402365 0.134179790092961 0.546444450157436
0.711789573565137 0.312873473497302 0.999135070384323 0.469345581852293 0.999050510085356 0.242943999313656 0.318239700949234 0.559889995992389 0.273555358545019 0.517667823261509
0.278840267380749 0.989825742154255 0.96373517110571 0.726198579328643 0.999285555811292 0.0287363082804413 0.308902687345673 0.566046970755375 0.184283902154097 0.545851079068854
0.884586165185666 0.0345749299249532 0.994524674372321 0.660100334946684 0.994804208119243 0.239418508607672 0.341394732846389 0.553760845442097 0.207002919483457 0.402667529944778
0.979216816269298 0.912416303268483 0.999520095928281 0.661843856560839 0.999927527357313 0.250563326695473 0.12171869574755 0.591306528230595 0.194248727698202 0.694389934826393
0.377293853790849 0.00586937991140536 0.88765683577228 0.121023427894343 0.941388342129044 0.00932203511089249 0.135426569579243 0.477744038001608 0.0259498684491391 0.335267170358623
0.519916066980302 0.857254970538342 0.99813553641027 0.561285773664365 0.982076654570451 0.0534235938972723 0.702006253220147 0.559086368006231 0.121411080829295 0.465724127567608
0.936868095090213 0.00955943826576985 0.999816288352905 0.72226218348916 0.91896647550307 0.0933466330988558 0.444008953771417 0.543773249550485 0.106068754781545 0.354477522428123
0.527941371808792 0.0474532322280681 0.905804658315657 0.352796775850296 0.972707693930705 0.0200474759911832 0.481379983233001 0.46900866433957 0.100159573058382 0.353452767136932
0.00186204742517042 0.00584751184644655 0.0413542524297646 0.0554321357191363 0.0120287133056638 0.000609628433727734 0.0827687251018749 0.396071413179257 0.00484382820494876 0.208524997522155
0.0288461452072286 0.5505605360752 0.432376784813983 0.36344226313972 0.952459006177188 0.0432924640936189 0.0710224596018123 0.534208389873475 0.226336199126369 0.355350048568313
0.00348810178170903 0.0002303217540343 0.0351397285031948 0.157632120287953 0.271225403947792 0.0170259750833887 0.0429604052709524 0.471765288297328 0.00938559863379016 0.126122606478912
0.985648341713379 0.154081368600495 0.972432842564817 0.441556694650996 0.789834319122192 0.0152311580103412 0.123328277062535 0.519063968879287 0.0362503399717054 0.341828358177422
0.975201588353423 0.993497301283077 0.999010854370979 0.93132576084338 0.999797053487658 0.862011364054828 0.982950876222418 0.655621385570967 0.852173552575389 0.792101459374911
0.0625865129208679 0.865740204606956 0.881240026158934 0.576740842755165 0.99682412830699 0.326348377225805 0.332242139416941 0.554593778766633 0.265008111273398 0.569637398141664
0.976881170745491 0.991307289214278 0.99962569224085 0.722533036203202 0.999915748255565 0.55165099063237 0.94418430557292 0.558923625379434 0.481426544970374 0.635779686408995
0.318680787756045 0.0132261186789951 0.762827347452621 0.592320749607459 0.999503102819557 0.110264933848532 0.545193460863647 0.574198665066314 0.211672286213032 0.644204119259769
0.843366536831915 0.322223421210982 0.592334651160626 0.393970558262474 0.975310166080165 0.0567687631383583 0.0781458342654476 0.533013491002047 0.0678644465914365 0.442434049599464
0.90205464571603 0.0250183443977862 0.914546555136455 0.197931426023337 0.877360336649984 0.0131181996271712 0.0579374287831036 0.456961987764242 0.0186411204914312 0.180147583239003
0.0739904511216048 0.219636424256163 0.994696078237489 0.714302662328804 0.995764599900943 0.0395934842767611 0.18650868410063 0.542248859946782 0.164324580397125 0.494427819662238
0.21959974237709 0.0195266761146134 0.987806778371691 0.417871113751507 0.943516219887021 0.0174218031410713 0.0351249428777777 0.48509740820694 0.014001348908316 0.288186144307977
0.965041956682137 0.00352218583396255 0.991241443712333 0.162458248405275 0.871895923427588 0.00284328695649696 0.0299803015088104 0.495808836752096 0.0150267290693181 0.260701980097648
0.29596353363706 0.993336376379619 0.984937001817334 0.819332777466124 0.980758135851257 0.333611444966301 0.60743955858619 0.572229898132976 0.26425631043437 0.486256458714512
