0.0229161052839589 0.339486445732597 0.996627358802446 0.822505429295436 0.991242707234317 0.320732718859592 0.921271713682062 0.59278881897887 0.33004472453791 0.587046548619658
0.944605934718017 0.661566493299759 0.878149837184547 0.638394006776203 0.953821942122877 0.262313324272613 0.8142820323658 0.579708487563779 0.0615238222676158 0.478880019863036
0.384147657673695 0.280208651821862 0.999567030799188 0.526537613925198 0.997528937595922 0.0876766079690336 0.568664404753634 0.525812532280817 0.214968728304292 0.536017719981324
0.988376826016558 0.551792546970857 0.420633610311986 0.132289136691196 0.720852740488896 0.0301786128715372 0.560128450877705 0.488746954481219 0.0656550250752454 0.384557374983389
0.0574006387736278 0.00142044011919824 0.285258224901341 0.142875444384301 0.147660219576828 0.00534009896779604 0.0751134015437806 0.464059181032611 0.00770438275239842 0.415682270336494
0.162139205804184 0.904846670194063 0.999828319108768 0.458797273481823 0.92527574323782 0.21940244029688 0.449766292383624 0.52706008417867 0.139930782550005 0.309894545056772
0.483595402241487 0.689267421651134 0.949116061366216 0.712912873857649 0.999971029302294 0.676244531241312 0.774517197644699 0.588871422479323 0.709648777253408 0.795477588140246
0.582557723215263 0.91624866423661 0.999978744299716 0.903689564645329 0.999383648667401 0.82401446376954 0.938550605816814 0.642790051865786 0.608476688844763 0.731553741342968
0.76300750155768 0.0890531179725349 0.999224845079035 0.784498864651153 0.996965866084716 0.632235899296299 0.837917975219246 0.600129408562702 0.387887411672827 0.432440055906519
0.150965855776791 0.250732271566561 0.950164304784047 0.36256065355147 0.939552714784952 0.0625007697806466 0.314537254749245 0.531428635049031 0.0774469272088655 0.452755289362482
0.938160337258069 0.00772416539099651 0.999626226300115 0.67049436682111 0.999960701808598 0.394313447790049 0.573466509649471 0.559708406306589 0.470446425286055 0.734909112459884
0.1328687223194 0.147524813780753 0.999300583316254 0.18256321878179 0.990555750325937 0.107507367596489 0.111803875656417 0.523762680795017 0.0452552063719342 0.3805979105654
0.0118107839251555 0.399179172121271 0.998806217715636 0.606538092946245 0.996519616138576 0.0505079419234025 0.184428577044395 0.49319421554164 0.336496008966871 0.456112215867001
0.087307602191427 0.172980445283892 0.993568444805919 0.391176012690108 0.962286319401006 0.0406818269342053 0.384481229141581 0.547094944751508 0.105044604072083 0.543750321513937
0.00369666263323301 0.000187660835987362 0.000666820680629799 0.0576603354915491 0.100920026830659 0.00128361206083718 0.00266744362532188 0.428717931214063 0.00342190129408785 0.239164727573411
0.233670919323938 0.0067114959587319 0.88008450957704 0.274401773240701 0.953811330064061 0.00673927536429002 0.059154898966648 0.479268106400314 0.0578994389214947 0.322620442467191
0.820743742041591 0.000696392891759342 0.829018976181244 0.471463820860133 0.993940998998622 0.00749350273565361 0.0954984889175184 0.528764126044747 0.0922701488119768 0.504890790940754
0.50486998624031 0.000844636488764152 0.395545927556453 0.304345968311461 0.593742831519073 0.0136743276269427 0.0584766733785806 0.483280162931778 0.0199138110424094 0.202703504462163
0.0443201788164203 4.08614107611657e-05 0.825388085645397 0.127174912104464 0.116830083858486 0.00156717958101823 0.010437847326128 0.422628443715366 0.0169604821610805 0.238307667437709
0.438082713989798 0.155903856334173 0.624628738056257 0.413875653599193 0.983022250736663 0.0711830900989571 0.236664375607333 0.513562294726883 0.0512117960809764 0.466569532803912
0.519771823691949 0.150553098961546 0.558340532291762 0.44987876665482 0.830783291478095 0.0321815038679092 0.0734577466183886 0.480834178066312 0.044261789914103 0.493440242835036
0.742574766057372 0.0132946459425592 0.354003021111438 0.32030965101541 0.966408144503984 0.0294785729854333 0.444956334079027 0.547048556636931 0.077041684288719 0.518916460523059
0.992394502461138 0.0637049550303821 0.885977288434605 0.214253791081095 0.778351532230334 0.00526256941765254 0.210202909249131 0.443903543885131 0.0408293218658201 0.344872686303459
0.555391320235539 0.603380128940342 0.977122397751263 0.681583771630304 0.990714490524448 0.081955322312238 0.789625431275339 0.597698181372792 0.0919237800435717 0.560703749092334
0.145369476745043 0.000686882762510657 0.993042511836787 0.170465636051116 0.966572571328128 0.00662712190198153 0.0719057346918636 0.499946106951761 0.0297871793407448 0.64725120263148
0.995170557500479 0.295365057245618 0.995341889188202 0.769202715208237 0.999363469003523 0.959437632216952 0.824182440679278 0.633062645085228 0.347956363639561 0.571398132042122
0.160007661148263 0.0231068683005609 0.985787081890029 0.264497812376626 0.779168846682468 0.0870455179903824 0.0607584602465967 0.5042716913032 0.0293268334157782 0.500199920264209
0.778093088782801 0.254687164342952 0.93622430216271 0.71175061851615 0.979196654635293 0.23527638509824 0.241198937638365 0.562076762879273 0.329923356156552 0.685308880057462
0.908268322953299 0.406909351334998 0.999394027176182 0.595917228482019 0.997957290711854 0.131090061621602 0.193899774186161 0.564857363346738 0.200043653172466 0.634590620559248
0.792851957126051 0.418675256921657 0.996853688584692 0.807206808074338 0.994821153124981 0.404764619690278 0.810930896789381 0.573694978092571 0.137844347168013 0.685580707753488
0.0257259961339542 0.0388036897115238 0.992839383413305 0.8677732623818 0.967198016295634 0.137029124878335 0.66322909743229 0.570642511089629 0.0851890349714032 0.715129651272604
0.985235208317593 0.0218283364077452 0.743903100380208 0.684001334304555 0.999474464226645 0.34762053378814 0.643735438473502 0.583208335538184 0.208360415109511 0.607440999226244
0.924470066589872 0.905867803901681 0.999208920572833 0.889213504046511 0.999960053443719 0.351131283066399 0.497199661656143 0.619833286498719 0.279191381045701 0.844694940139349
0.117825935464321 0.354181126779501 0.992516055807108 0.606377166383357 0.993450139941851 0.121405647169052 0.20305580005956 0.577696642653406 0.227498718385494 0.656564629083889
0.557323357898541 0.710095518437825 0.395644808077498 0.376995917433284 0.992797530840717 0.0314510911626465 0.0278500359528659 0.542592924332981 0.217162744799042 0.541296537299894
0.0557974790949781 0.0326175921650404 0.986078334392764 0.351956695895684 0.382374888980932 0.0328056891561311 0.675379701909986 0.550130132123498 0.0427965064801556 0.340491805748553
0.88023197074074 0.206784996539005 0.875879116868346 0.135807485453951 0.128752707285518 0.00339895490747474 0.0831075266630878 0.440117159016384 0.0147734375583773 0.535517320469861
0.175116784375008 0.00425644204960033 0.459482128894074 0.101124759623287 0.101105632206547 0.000901142368539127 0.0436406574814202 0.417220086314049 0.00409356879036541 0.3275456425097
0.374344078471715 0.156100095074071 0.517510342055018 0.514683133878643 0.506097667982253 0.0383857790452075 0.126164306731515 0.471118744543133 0.0631714893827481 0.38505193707769
0.0180288034920529 0.888608023561843 0.998214800333854 0.81057314159998 0.998786693579891 0.317867794232236 0.535782279157785 0.620951433419415 0.480222618913721 0.474690459033174
0.958481957892622 0.211756592238456 0.999961771982821 0.903034753821237 0.999514959391957 0.852965605865368 0.558130986569158 0.626077146413808 0.59305685990824 0.822271033513912
0.999631235234038 0.954716895924673 0.982628904979821 0.64541525620629 0.996315622954412 0.219848092800965 0.54081414536502 0.588539384161983 0.375079126988991 0.713656376727045
0.671713516393001 0.115232579917569 0.965721291070179 0.714367952433047 0.912908428292333 0.220208314279176 0.186405916518095 0.557777450594579 0.144878916476301 0.575263866256343
0.0247277955185483 0.700295091682122 0.996922894348591 0.604280594939003 0.974500350698655 0.306679921398549 0.656768445323054 0.556778411322156 0.106444532026199 0.393237353959497
0.9461074728988 0.569411665829977 0.78076807604538 0.625668746996461 0.996954719614532 0.257016172395262 0.753727579082161 0.547607895441437 0.181636802100049 0.599510961644103
0.352924646390426 0.396694439924248 0.942966761300669 0.481400426606387 0.97445144340447 0.0408265258227601 0.145389639174747 0.497365738043742 0.135169307887174 0.472824558386345
0.828174197551943 0.431934389417893 0.992754282499168 0.816278047761067 0.997263086639705 0.458100032554449 0.650581180950011 0.620865056044866 0.195137665700191 0.628880401564052
0.398720476903184 0.974519994538688 0.999031089929822 0.927929654745633 0.998019218393205 0.726425135468898 0.904930720573146 0.633089054171911 0.640837586106575 0.884902954426006
0.857355468317196 0.0268120594941942 0.66948463400184 0.391040320208149 0.988458685635223 0.069245129884958 0.025078703573473 0.524595085000144 0.0612421839419226 0.415760855128075
0.00420124003466254 0.90358172157593 0.637738397048083 0.374856819947577 0.954521265621795 0.104626584489499 0.391206396888205 0.538328879459006 0.0801313897198481 0.21454095736964
0.0958557898197093 0.388709547775658 0.935721615774409 0.462976738140734 0.989525536015842 0.0247518912950826 0.0200391838068892 0.536558999599097 0.0922392526265325 0.631165024309852
0.210758190045038 2.27798924732139e-05 0.930020852114479 0.316441000710997 0.984370313593422 0.0186190151977374 0.596849723853208 0.49720036360832 0.0603189601655597 0.384532660145685
0.998028543676734 0.00152273991084143 0.939781168634111 0.428289727432768 0.976543436735115 0.181612715758417 0.199314295093445 0.516438485617458 0.0894986041610593 0.371053891082423
0.511834760245996 0.000517286641420903 0.993389249097182 0.458881686299064 0.975601051814191 0.131571830148419 0.713971323239304 0.537680591460304 0.0277172397273113 0.376903313695546
0.756108673116449 0.867676938800454 0.956752513030071 0.684794611506806 0.994005986680376 0.249819322230135 0.475216540472777 0.574443105583655 0.408502436860995 0.379988697865059
0.0410965850309267 0.423563814567313 0.741078653485971 0.554037147451685 0.796780293844902 0.0996328013535808 0.244851783295795 0.545853334783751 0.463787806690991 0.464644280469923
0.30443469116976 0.532376287882429 0.609323564934088 0.498445529612699 0.993400924314058 0.103415274656402 0.372572177342772 0.520976746311862 0.106256265372747 0.453367995421846
0.991390500619296 0.959329031589478 0.999643789201957 0.576343539690325 0.965667292484065 0.0890050405264053 0.230915010088866 0.586674118397444 0.0427061111952629 0.632917586894489
0.165677553118861 0.562989468843412 0.823375606403766 0.386115229990802 0.331309215585831 0.0200613882256029 0.0381556152733529 0.497303965032739 0.0327110442814367 0.424901761607615
0.885081694855417 0.010898891846236 0.939384855464142 0.393979509160012 0.982819291926801 0.181490384998806 0.599326055006733 0.550108211804746 0.146164320784898 0.411533296485249
0.96748943072893 0.597388633918537 0.931291433202193 0.786883143536453 0.99461826756939 0.411480344099056 0.0738409804154988 0.569173884717348 0.214580792942506 0.567535427219024
0.439209971082775 0.315331533217528 0.00907528299537983 0.291371207804914 0.961950375351836 0.0162541624189478 0.0270695153920946 0.479392756015418 0.0597087375331964 0.360889491657611
0.16277184627191 0.310190482545172 0.992058008183377 0.787778872953022 0.999030066637136 0.40630705544761 0.692232089979079 0.619692901945731 0.399490605874549 0.69396690105362
0.0443071572536155 0.000783298545063264 0.97421444023825 0.363688652011868 0.825583985746688 0.0836101329831612 0.427762048362679 0.494997873002391 0.0350692028158688 0.318206946420915
0.819338120088992 0.723337655296604 0.99688967613151 0.218665359745367 0.767472792072551 0.0266868630624869 0.0683363112689055 0.484343724167923 0.0183641794548824 0.302706155724997
0.348639738357371 0.16603529969772 0.984196542209259 0.46018350036633 0.580695927785499 0.0370738567387631 0.00688190746757368 0.535702425817687 0.0499720880944664 0.547426414573234
0.163163785817091 0.999028867908915 0.995408203250416 0.917563176398903 0.999359686572634 0.160543806853341 0.589403087917563 0.593723937200712 0.412027367932683 0.463200025543208
0.80806757358968 0.831807944396952 0.998385059497282 0.259072028319146 0.95452049277495 0.025367931267243 0.0787573860809449 0.475979381830278 0.102397315917286 0.473990689799787
0.947650447431239 0.146691221106005 0.978933727487864 0.214624945492685 0.904308231905568 0.0193152886102851 0.561026172491568 0.484081121214915 0.0299989600351894 0.374076147392804
0.525717922781718 0.00154958276581606 0.50059105652107 0.213548431125179 0.67603203324563 0.030984415948246 0.0632505245467836 0.511696301045633 0.0630737812415592 0.496551631646308
0.289098720730256 0.629354025470675 0.999987292569028 0.688483552979424 0.998085685228755 0.240598224250895 0.508587979571942 0.553629450481719 0.563112014471416 0.710775860964346
0.194785312325133 0.115610252245993 0.200960732015286 0.307966024127017 0.994747479851944 0.0199696621147369 0.494901547622558 0.525207999297282 0.0131192201923372 0.350505682848635
0.11712664245014 0.0321936072015473 0.998364618376945 0.580188148822865 0.871972377585499 0.0379123722008439 0.120688097223133 0.483882936290858 0.0521809681762315 0.386069787949072
0.549103539732208 0.0613094158020511 0.994956614463815 0.642043754184575 0.959407893102801 0.162974595915565 0.155574270999962 0.540017202300538 0.0979754949193405 0.594794819034579
0.798366320211837 0.427725973375202 0.847725151636412 0.622176513520464 0.998794547062302 0.38364740889863 0.768965700295137 0.618399277202028 0.226758486892324 0.840275006221911
0.00761630852133672 0.000438339032836612 0.00104269737414307 0.143554549644907 0.869723825086528 0.0841512875094728 0.437200202517911 0.497925024686498 0.0202352576997141 0.326426786209097
0.924356561188691 0.65188199957506 0.999288767045049 0.639034538172371 0.996443709516624 0.250696619936453 0.458104133434759 0.572480888168053 0.180201543172066 0.515025469379735
0.942637340626328 0.000185308238965088 0.66771546129725 0.450055602230295 0.990305797400012 0.153297073211573 0.103896435507021 0.508156280235626 0.0452019327981319 0.529590107726898
0.751132415433025 0.298097316027635 0.9997598688308 0.745003653343306 0.99915890418452 0.142332747499388 0.31501389664183 0.570874145705132 0.273346010025747 0.618620452987864
0.994592581583439 0.484626127731846 0.98048434602533 0.623396290336985 0.985136301468968 0.0344238848811627 0.786210586624147 0.51185665403408 0.243186730951062 0.326665205626844
0.29476959656673 0.00149363668887074 0.98718940227403 0.577082262769467 0.99535283918152 0.0908882802679039 0.0283914991792566 0.513793116693155 0.0674780301682494 0.35890268564657
0.0522723345938054 0.86709003346801 0.927917479398563 0.732875207976168 0.998919940380551 0.124868568658235 0.26071607515946 0.562087112625478 0.193306262440785 0.471949007081577
0.142281657621473 0.176374992832836 0.931066944005495 0.466492770650832 0.947755054011012 0.141437053893199 0.382474500759763 0.53877081710898 0.0920412465451733 0.51159455553437
0.0229475106563726 0.23174334827417 0.983802133181638 0.415256664384203 0.966154539037387 0.0726327931593784 0.707357978974669 0.547178496040748 0.0864385982621877 0.515057844171677
0.0427783526161444 0.053034583510918 0.571527853841463 0.279757841840458 0.984703677344274 0.118202695777389 0.120817236680285 0.512660104114569 0.054721978362036 0.269334347584071
0.775935389486829 0.764396256659985 0.999641265773362 0.875771334258539 0.999864260295348 0.919295533962921 0.69522460730501 0.601228790012872 0.551709235429268 0.766703270375473
0.693651204277979 0.761377627603206 0.994713943719241 0.581145590460583 0.935201274297715 0.073883278274891 0.0880301215816284 0.55481180710779 0.253767571363435 0.496393367654737
0.84390559923231 0.150380840295825 0.967655854075067 0.442070741070331 0.766033947028907 0.174583204947513 0.151069908606087 0.533490976442055 0.0484046560932875 0.446605711783102
0.859805761411254 0.982187903283493 0.966929136873879 0.710802355910133 0.994704470425791 0.0894173334225052 0.593868305231382 0.576010513040238 0.465786653099278 0.583519736888666
0.824444623048617 0.0288570757560366 0.870019415881358 0.537153507250179 0.857590798183959 0.114102009880761 0.362447527912066 0.50583256202081 0.0699534798961876 0.383724395285095
0.998051791943334 0.0863668180192506 0.978476345627613 0.59460162015313 0.913389309096495 0.177942119879178 0.171797976543066 0.52599053437583 0.263820935052703 0.440562805348324
0.755877584227924 0.00240350294744285 0.631771275764192 0.372668761090821 0.961761746578424 0.126871836848543 0.226977820235718 0.50209216976963 0.0277068327009702 0.46815707608195
0.491014690519187 0.0433306461443208 0.997053084087407 0.58693805292917 0.997442393260948 0.293761219513554 0.276647755770957 0.574193185573439 0.141697029878658 0.656487859095061
0.559721592619388 0.0263019471431891 0.91647594520221 0.47063174854313 0.168021546173641 0.0423111545099493 0.434078183177158 0.47410578152829 0.0166921177941765 0.344899928965247
0.985727197481896 0.0919556964466226 0.995313339764319 0.648151090055352 0.982633637370159 0.104187570847158 0.372385339008573 0.557508574436791 0.346726334577263 0.51164755967899
0.998540250368344 0.560435439541048 0.998417113414541 0.551613475066471 0.959391800987639 0.364111913355238 0.844050616448331 0.573805800650077 0.202909324033667 0.716639508365154
0.988671084360863 0.0239962989345013 0.720630406514323 0.80736577384026 0.995527290118801 0.341327875393021 0.150989224075242 0.569794942281713 0.30529078792225 0.64438403177416
0.0564680226626908 0.1194275158679 0.944825696562848 0.648068371458122 0.995729533298845 0.232453802935007 0.207242038226044 0.572809084257389 0.148361120764553 0.421997458434815
0.1147440602947 0.199322705847993 0.261401180976483 0.269018026733207 0.774538943774712 0.017693827219475 0.028206307348352 0.505195632850702 0.0647002781565998 0.237947448738584
0.593001682392518 0.0056807215063575 0.999284835427321 0.132530792055209 0.0715708103029003 0.00337546764749605 0.0526060111171249 0.470379871454045 0.024278591576301 0.418978660674192
